2025.00000	   0.00000	   0.00000	   0.00000	
  11.34945	 622.49701	 131.28037	        P1	
  31.52625	 660.35650	 607.49346	        P1	
 624.21974	 934.10954	 839.67957	        P1	
 621.69764	 887.51330	 269.25345	        P1	
 776.80679	 889.69750	 485.47994	        P1	
 823.46564	 443.39261	 427.81956	        P1	
 211.85640	 968.32870	 570.42606	        P1	
 339.22245	 223.51649	  45.30458	        P1	
 242.12160	 866.39934	 326.91389	        P1	
  31.52625	 401.16473	 152.38822	        P1	
 518.29154	  18.20168	 213.65235	        P1	
1002.53474	 712.77730	 255.35317	        P1	
 424.97385	 323.98969	 782.01913	        P1	
 204.29010	 445.57681	 784.59328	        P1	
 259.77630	 340.73521	 543.65519	        P1	
 983.61899	 650.89161	 131.28037	        P1	
 100.88400	 806.69790	 162.68468	        P1	
 977.31374	 642.88290	  96.27225	        P1	
 796.98359	 697.48790	 193.57417	        P1	
 477.93794	1006.91622	   6.17790	        P1	
 953.35379	 812.52242	 809.30488	        P1	
 486.76529	 152.89400	 798.49355	        P1	
 678.44489	1022.20562	 976.10817	        P1	
 282.47520	1000.36362	 779.95985	        P1	
 489.28739	 901.34654	 926.17017	        P1	
 475.41584	 839.46090	 916.38846	        P1	
 498.11474	 817.61890	 460.76834	        P1	
 466.58849	 891.15362	  32.43397	        P1	
 109.71135	 524.93609	 687.80616	        P1	
 820.94354	  54.60500	 389.20769	        P1	
 540.99044	 408.44541	 854.09465	        P1	
 824.72669	 712.04922	 654.85738	        P1	
1030.27784	 396.79633	 839.67957	        P1	
 736.45319	 636.33030	 652.28324	        P1	
 750.32474	 711.32113	  47.36392	        P1	
 588.91034	 469.60301	 988.46397	        P1	
 585.12719	  24.75428	 609.03794	        P1	
 658.26809	 470.33109	 948.82243	        P1	
 311.47935	 428.83129	  65.38275	        P1	
 582.60509	 221.33229	  39.12668	        P1	
 327.87300	 934.83762	 160.62540	        P1	
 630.52499	 630.50573	  42.73049	        P1	
 728.88689	  80.08732	 918.44780	        P1	
 244.64370	 885.32910	 201.29655	        P1	
1047.93254	 376.41049	 880.86553	        P1	
 517.03049	 674.18973	 936.98150	        P1	
 688.53329	 827.08374	1000.30497	        P1	
  63.05250	 452.85749	 156.50678	        P1	
 641.87444	 104.11352	 864.39117	        P1	
 756.62999	 419.36641	 210.04859	        P1	
 568.73354	 351.65621	 457.16459	        P1	
 696.09959	 553.33069	 706.33986	        P1	
 928.13279	  18.92972	  42.73049	        P1	
 663.31229	 228.61292	   5.66310	        P1	
 834.81509	 327.63001	 580.72258	        P1	
 663.31229	  94.64868	 571.97054	        P1	
 602.78189	  69.89440	 261.01627	        P1	
 756.62999	 977.06550	 201.29655	        P1	
 896.60654	 235.16552	 296.02439	        P1	
1034.06099	 837.27670	 448.41254	        P1	
 615.39239	   7.28068	 646.10534	        P1	
 384.62025	  51.69272	 802.61217	        P1	
 562.42829	 132.50812	1006.48287	        P1	
 721.32059	 803.78562	 421.64166	        P1	
 654.48494	 989.44262	 518.94359	        P1	
 909.21704	 386.60341	 205.41517	        P1	
 366.96555	  54.60500	 766.05958	        P1	
 790.67834	 922.46050	 633.74954	        P1	
 727.62584	 955.95154	 901.45857	        P1	
 147.54285	 653.07581	 903.51785	        P1	
 741.49739	 490.71693	 845.85747	        P1	
 360.66030	 808.15402	 352.14029	        P1	
 268.60365	 926.82890	 936.46663	        P1	
1046.67149	 474.69949	 343.38825	        P1	
 419.92965	 670.54941	 679.56898	        P1	
 764.19629	1007.64430	 131.79518	        P1	
 506.94209	 562.06749	 948.82243	        P1	
 973.53059	 333.45453	 654.34258	        P1	
 564.95039	 310.15641	 556.01099	        P1	
 431.27910	 671.27750	 107.08358	        P1	
 503.15894	 380.77889	 477.75757	        P1	
 467.84954	 622.49701	 858.72808	        P1	
 948.30959	 675.64590	 417.52304	        P1	
 820.94354	 944.30250	 466.94624	        P1	
 523.33574	  86.63992	 300.65781	        P1	
 678.44489	 971.24094	 518.42878	        P1	
 969.74744	 746.26834	 733.11080	        P1	
 876.42974	 236.62169	 936.46663	        P1	
 569.99459	  26.21040	 996.18635	        P1	
 653.22389	 608.66373	  65.89762	        P1	
1031.53889	 496.54149	1015.23485	        P1	
1005.05684	 750.63674	 611.09728	        P1	
 383.35920	 206.77092	 992.58259	        P1	
 585.12719	 736.80350	 701.70644	        P1	
 595.21559	 645.06710	 281.60925	        P1	
 172.76385	 469.60301	 568.36679	        P1	
1000.01264	 875.86422	 736.71456	        P1	
 653.22389	 464.50653	 658.97600	        P1	
 918.04439	 404.80509	  94.72778	        P1	
 732.67004	 267.20049	 355.74404	        P1	
 182.85225	 622.49701	 100.39087	        P1	
 733.93109	 323.26161	 333.60659	        P1	
1015.14524	 693.84753	 251.23461	        P1	
 453.97799	 211.13932	 764.00030	        P1	
  45.39780	 349.47201	 427.81956	        P1	
   0.00000	1026.57402	 335.15107	        P1	
 446.41170	 139.78880	 648.67948	        P1	
 749.06369	  42.22788	 899.39923	        P1	
 431.27910	  84.45572	 438.11608	        P1	
 160.15335	 345.83169	 775.84123	        P1	
 500.63684	 990.89874	 351.62549	        P1	
 465.32744	 424.46289	  15.95955	        P1	
 287.51940	 262.10401	 759.88168	        P1	
 673.40069	 550.41841	 415.46376	        P1	
 409.84125	 878.77650	 782.01913	        P1	
 129.88815	 130.32392	  96.78712	        P1	
 165.19755	 513.28701	 390.75216	        P1	
 890.30129	 726.61053	 456.64978	        P1	
 493.07054	 363.30529	 267.70897	        P1	
 814.63829	 131.05200	 889.61758	        P1	
 894.08444	 928.28502	 946.76315	        P1	
 534.68519	  84.45572	 936.98150	        P1	
 191.67960	 585.36561	 784.59328	        P1	
 146.28180	  84.45572	  35.00812	        P1	
 847.42559	 841.64510	 329.48797	        P1	
 162.67545	 150.70980	 767.60405	        P1	
 686.01119	 359.66493	 382.51499	        P1	
 170.24175	 744.81222	 668.75766	        P1	
 950.83169	 324.71773	  16.47442	        P1	
 834.81509	 352.38429	 615.21584	        P1	
 793.20044	 954.49542	 463.34249	        P1	
 708.71009	 151.43788	 516.36944	        P1	
 110.97240	 240.26201	 667.21318	        P1	
 486.76529	 112.12228	 238.36395	        P1	
 366.96555	  73.53472	  61.26419	        P1	
  61.79145	 415.72609	  70.01618	        P1	
 952.09274	 709.86502	 247.11599	        P1	
 971.00849	 359.66493	 523.06221	        P1	
 952.09274	 421.55061	 230.12677	        P1	
 867.60239	 653.80390	  14.41508	        P1	
 519.55259	 308.70029	 862.33183	        P1	
 622.95869	 870.76774	 604.91938	        P1	
 769.24049	 875.13614	 129.22109	        P1	
 441.36750	 499.45373	 123.04319	        P1	
 346.78875	  76.44700	 495.77646	        P1	
 303.91305	 374.95433	 456.64978	        P1	
 624.21974	 641.42673	 424.21581	        P1	
 356.87715	 645.79513	 672.87628	        P1	
 670.87859	 371.31401	 926.68498	        P1	
 326.61195	 471.05913	 926.17017	        P1	
 641.87444	 645.79513	1043.55027	        P1	
 408.58020	 764.47002	 909.69575	        P1	
 161.41440	 346.55973	  53.54182	        P1	
 595.21559	 860.57482	 149.81407	        P1	
 645.65759	 468.87493	 277.49069	        P1	
1005.05684	 791.40850	 843.79813	        P1	
 445.15065	 296.32313	 813.42350	        P1	
 629.26394	 201.67449	 615.21584	        P1	
 692.31644	1030.21434	 418.03791	        P1	
 800.76674	 361.84913	 424.21581	        P1	
 535.94624	 784.12782	 681.11346	        P1	
 749.06369	 436.84001	 450.98669	        P1	
  29.00415	 638.51450	 800.55283	        P1	
 423.71280	 313.06869	 731.05146	        P1	
 390.92550	 546.05001	 971.47475	        P1	
 205.55115	 913.72370	1010.60143	        P1	
 732.67004	 452.12941	 210.04859	        P1	
 307.69620	 744.08414	 932.34807	        P1	
  55.48620	 532.94481	 358.31819	        P1	
 762.93524	 536.58513	 170.92192	        P1	
 337.96140	 784.85590	 904.03266	        P1	
 542.25149	1017.83722	 259.47179	        P1	
 663.31229	  40.77172	 127.67662	        P1	
 643.13549	 867.85550	 317.13217	        P1	
 192.94065	 666.18101	 963.75237	        P1	
 841.12034	 141.97300	 463.34249	        P1	
 480.46004	 810.33822	 149.81407	        P1	
 540.99044	 508.91861	 186.88147	        P1	
  65.57460	 617.40053	  79.79789	        P1	
  12.61050	  39.31560	 866.45045	        P1	
 634.30814	 398.25249	 652.28324	        P1	
 445.15065	 465.23461	 469.52039	        P1	
 203.02905	 808.88210	 238.36395	        P1	
 393.44760	 663.99681	 284.18339	        P1	
 104.66715	 114.30648	 287.78715	        P1	
 220.68375	 593.37433	 314.55809	        P1	
 810.85514	 763.74194	 930.80360	        P1	
 900.38969	 572.26041	 131.28037	        P1	
 350.57190	 886.78522	1037.88717	        P1	
 406.05810	 709.13693	  28.83022	        P1	
 979.83584	 108.48192	 214.16722	        P1	
 373.27080	 530.03253	 611.09728	        P1	
 838.59824	 864.21514	  92.15369	        P1	
 419.92965	 934.10954	 320.73599	        P1	
 751.58579	 953.76734	 733.11080	        P1	
1040.36624	 714.23342	 674.93556	        P1	
 856.25294	 240.99009	 372.73327	        P1	
 726.36479	 709.13693	 634.26440	        P1	
 573.77774	  41.49980	 852.55018	        P1	
 779.32889	 873.68002	 613.15656	        P1	
  61.79145	 658.90033	1006.48287	        P1	
 699.88274	 788.49622	 982.28607	        P1	
 417.40755	 293.41089	 559.61474	        P1	
 395.96970	  91.73640	 421.64166	        P1	
 167.71965	 810.33822	 413.91929	        P1	
 157.63125	 446.30489	 714.06224	        P1	
  29.00415	  26.93848	 238.36395	        P1	
 133.67130	 349.47201	 724.35876	        P1	
 688.53329	 508.19053	 320.73599	        P1	
 315.26250	 567.89201	 174.52567	        P1	
 793.20044	 377.86661	 674.93556	        P1	
 117.27765	 801.60142	 223.94887	        P1	
 923.08859	  85.91188	 527.18077	        P1	
 636.83024	 690.93530	 687.80616	        P1	
 722.58164	 567.16393	 523.06221	        P1	
 378.31500	 442.66453	 170.92192	        P1	
 861.29714	 195.84992	 895.28067	        P1	
 380.83710	 286.85829	 973.53403	        P1	
 103.40610	 537.31321	 568.36679	        P1	
 366.96555	 404.07701	 574.54468	        P1	
 934.43804	 176.92020	 242.48257	        P1	
 800.76674	1025.84594	 609.55280	        P1	
 368.22660	 123.77132	 232.70091	        P1	
  41.61465	 941.39022	 278.00549	        P1	
 480.46004	 750.63674	 930.80360	        P1	
1044.14939	   1.45612	  98.33159	        P1	
 914.26124	1043.31954	 308.38019	        P1	
1035.32204	1034.58274	 926.17017	        P1	
 833.55404	  60.42952	 265.13489	        P1	
 543.51254	 878.77650	 761.94096	        P1	
 451.45589	1003.27590	 899.39923	        P1	
 209.33430	 192.20960	 111.20220	        P1	
 113.49450	 438.29613	 586.38568	        P1	
 998.75159	 971.24094	 751.64450	        P1	
 692.31644	 753.54902	 506.58779	        P1	
 799.50569	 784.85590	  82.37198	        P1	
 759.15209	 714.96150	 707.88434	        P1	
  36.57045	 131.78008	 205.92997	        P1	
 907.95599	  87.36800	 149.81407	        P1	
 479.19899	 974.15322	 840.19438	        P1	
 257.25420	 407.71733	 665.15390	        P1	
1015.14524	 903.53074	 598.74148	        P1	
 909.21704	 513.28701	 959.11895	        P1	
 630.52499	 927.55694	1029.64999	        P1	
 689.79434	  67.71020	 543.65519	        P1	
 950.83169	 254.82332	 597.19701	        P1	
 907.95599	 685.83882	 450.98669	        P1	
 534.68519	 244.63041	 248.66047	        P1	
 490.54844	 746.26834	 598.74148	        P1	
1025.23364	 315.25289	 454.59044	        P1	
 116.01660	 611.57601	1000.81977	        P1	
 208.07325	 548.23421	 222.40439	        P1	
 208.07325	 763.74194	 876.74697	        P1	
 655.74599	 588.27789	 984.34535	        P1	
 988.66319	 222.78840	 457.16459	        P1	
 127.36605	 655.98810	 874.68763	        P1	
 598.99874	 976.33742	 407.74139	        P1	
 230.77215	 738.98770	 794.37493	        P1	
 254.73210	 653.80390	 168.86258	        P1	
  79.44615	 564.25169	1016.77933	        P1	
 645.65759	 733.89122	 236.30467	        P1	
 118.53870	 250.45492	 314.55809	        P1	
 110.97240	  74.26280	 211.59307	        P1	
 595.21559	 237.34972	 566.30751	        P1	
 433.80120	  29.12268	 201.29655	        P1	
 142.49865	 931.19730	 378.91117	        P1	
 886.51814	 820.53114	 628.08650	        P1	
 103.40610	 528.57641	 926.68498	        P1	
 654.48494	 970.51290	 955.00033	        P1	
 684.75014	 555.51489	 385.08907	        P1	
 479.19899	1012.01270	 615.21584	        P1	
 387.14235	 462.32233	 671.33180	        P1	
 928.13279	  17.47360	  74.13480	        P1	
  13.87155	 883.14490	 502.46917	        P1	
 969.74744	 900.61850	 689.35064	        P1	
 229.51110	   7.28068	 324.85455	        P1	
 179.06910	 631.96190	  76.19408	        P1	
 498.11474	 543.86581	 531.29939	        P1	
 372.00975	 757.91742	 557.55546	        P1	
 815.89934	 257.00752	 709.94368	        P1	
 696.09959	 864.94322	  81.85717	        P1	
 295.08570	 352.38429	 267.70897	        P1	
 582.60509	 945.03054	 448.92741	        P1	
 411.10230	 149.98172	 955.51520	        P1	
  26.48205	 345.83169	 916.38846	        P1	
  13.87155	 130.32392	 325.36941	        P1	
 165.19755	 529.30449	 479.30204	        P1	
 321.56775	 494.35729	 510.19154	        P1	
1007.57894	1047.68794	 957.05967	        P1	
 576.29984	1005.46010	 151.87335	        P1	
 363.18240	  88.82412	 658.97600	        P1	
1030.27784	   5.09648	 724.87356	        P1	
 633.04709	 659.62841	 359.86267	        P1	
1047.93254	 554.05873	 728.47738	        P1	
 103.40610	 288.31441	 376.85189	        P1	
 237.07740	 422.27869	 454.59044	        P1	
 365.70450	 882.41682	 531.29939	        P1	
 836.07614	 715.68953	 411.86001	        P1	
 604.04294	 875.86422	 724.35876	        P1	
 923.08859	  78.63120	 464.88696	        P1	
1026.49469	 912.99562	 699.64716	        P1	
 688.53329	 407.71733	 561.67408	        P1	
 670.87859	 681.47042	 562.18889	        P1	
 568.73354	 556.97101	 469.52039	        P1	
 322.82880	 487.80469	 188.94075	        P1	
 996.22949	 132.50812	 621.90860	        P1	
 438.84540	 199.49029	 508.64707	        P1	
  17.65470	 532.94481	 389.20769	        P1	
 688.53329	1017.83722	 568.36679	        P1	
 496.85369	 876.59230	 738.77383	        P1	
 789.41729	 962.50414	 189.45562	        P1	
 248.42685	 382.23501	 160.62540	        P1	
 631.78604	 417.18221	 179.15910	        P1	
 880.21289	 911.53950	 516.36944	        P1	
 720.05954	 517.65541	 488.05409	        P1	
 778.06784	1034.58274	 485.99481	        P1	
 870.12449	 969.78482	 168.34777	        P1	
 269.86470	 171.82372	  16.47442	        P1	
 876.42974	 463.77849	 743.40726	        P1	
 795.72254	  22.57008	 843.79813	        P1	
 412.36335	 201.67449	 120.98385	        P1	
 933.17699	 206.77092	 839.67957	        P1	
 668.35649	1036.76694	 974.04890	        P1	
 103.40610	 767.38230	 805.18626	        P1	
 568.73354	 900.61850	 595.13766	        P1	
  98.36190	 674.18973	 109.14292	        P1	
 335.43930	 755.73322	 871.08388	        P1	
 484.24319	 891.15362	 815.48278	        P1	
1035.32204	 287.58632	 720.75500	        P1	
1021.45049	 550.41841	  63.32347	        P1	
 598.99874	 890.42554	 399.50421	        P1	
 697.36064	 130.32392	 776.35610	        P1	
 326.61195	 459.41009	 504.01364	        P1	
 865.08029	  64.06988	 504.01364	        P1	
 863.81924	 227.88489	 794.37493	        P1	
 456.50009	 183.47280	 945.21868	        P1	
 509.46419	 665.45293	 740.83318	        P1	
 283.73625	 798.68914	 584.84121	        P1	
 950.83169	 774.66294	 957.05967	        P1	
  21.43785	 338.55101	  12.35580	        P1	
 645.65759	 330.54229	 780.47466	        P1	
  99.62295	 513.28701	 396.93006	        P1	
1032.79994	 695.30370	 860.78736	        P1	
  26.48205	 473.97141	 582.26706	        P1	
 604.04294	 807.42594	 597.19701	        P1	
 815.89934	 520.56769	 775.84123	        P1	
 952.09274	 127.41168	 385.08907	        P1	
 213.11745	 159.44660	 302.71709	        P1	
 184.11330	 481.98013	 475.18348	        P1	
 485.50424	  58.97340	  55.60110	        P1	
 506.94209	 963.96030	 385.08907	        P1	
 858.77504	  77.90312	 689.86550	        P1	
 981.09689	 311.61253	 930.80360	        P1	
 817.16039	  40.77172	 961.69310	        P1	
  89.53455	 489.98889	 201.29655	        P1	
 110.97240	 279.57761	  24.71160	        P1	
 158.89230	1023.66174	 127.67662	        P1	
 417.40755	 599.19889	 415.97857	        P1	
 136.19340	 767.38230	 700.16196	        P1	
 237.07740	 447.03293	 300.65781	        P1	
 841.12034	 935.56570	 187.39627	        P1	
 802.02779	 250.45492	 825.77930	        P1	
 446.41170	 892.60974	 245.05671	        P1	
 278.69205	 883.14490	 757.30753	        P1	
 643.13549	 160.17469	 310.95427	        P1	
  95.83980	 866.39934	 901.45857	        P1	
 938.22119	 484.89241	 718.18086	        P1	
 340.48350	 519.83961	 642.50158	        P1	
 272.38680	 270.84081	 803.12698	        P1	
 947.04854	 475.42753	 399.50421	        P1	
 170.24175	 571.53233	 950.88177	        P1	
 993.70739	 128.13972	 641.98678	        P1	
 433.80120	 445.57681	 821.66068	        P1	
 780.58994	 251.18301	 710.45848	        P1	
 571.25564	 392.42793	  73.61999	        P1	
  80.70720	 765.92614	 269.76831	        P1	
 108.45030	 499.45373	1042.00579	        P1	
 171.50280	 257.73561	 772.23748	        P1	
 548.55674	 523.47993	 152.38822	        P1	
  21.43785	 259.91981	 952.94105	        P1	
 174.02490	 562.06749	 786.65256	        P1	
1011.36209	 483.43629	 465.40177	        P1	
  11.34945	 721.51410	  70.01618	        P1	
 197.98485	 191.48152	 733.11080	        P1	
 757.89104	 955.95154	 671.33180	        P1	
 412.36335	 939.93410	 255.35317	        P1	
 446.41170	 278.12149	 967.35613	        P1	
 509.46419	 512.55893	 207.98932	        P1	
1007.57894	 223.51649	 368.09984	        P1	
  83.22930	 238.80589	 695.52854	        P1	
 737.71424	 559.88329	 514.82497	        P1	
 498.11474	 440.48033	 864.39117	        P1	
 626.74184	 912.26754	 479.81691	        P1	
 909.21704	 188.56929	 819.08653	        P1	
 778.06784	 811.79434	 246.60119	        P1	
 952.09274	 187.11312	 660.52048	        P1	
 687.27224	 444.84873	 215.71169	        P1	
 348.04980	 514.01509	 459.22387	        P1	
 702.40484	 206.04289	1022.95723	        P1	
 326.61195	 273.02501	 525.12149	        P1	
 430.01805	 104.11352	 413.40448	        P1	
  79.44615	 433.19969	 601.31556	        P1	
1037.84414	  51.69272	 245.05671	        P1	
 133.67130	 904.25882	  98.84640	        P1	
 292.56360	 398.98053	 648.16468	        P1	
 953.35379	  62.61372	 808.79007	        P1	
 677.18384	 945.75862	 222.40439	        P1	
 964.70324	 925.37274	1029.64999	        P1	
 374.53185	 830.72410	 428.33437	        P1	
 895.34549	 186.38509	 880.86553	        P1	
 431.27910	 438.29613	 245.05671	        P1	
  71.87985	 396.79633	 240.42329	        P1	
 397.23075	 689.47913	 807.24560	        P1	
 269.86470	 128.13972	 893.73620	        P1	
  61.79145	 773.93490	 880.86553	        P1	
 408.58020	 243.17429	 275.43135	        P1	
 417.40755	 637.05833	 319.19151	        P1	
 571.25564	 641.42673	 436.57161	        P1	
 369.48765	 765.19810	 176.58495	        P1	
 905.43389	 186.38509	  15.95955	        P1	
 892.82339	 147.06948	 238.36395	        P1	
 435.06225	 672.00553	 325.36941	        P1	
 136.19340	 595.55853	 574.02988	        P1	
 301.39095	 648.70741	1019.35347	        P1	
 732.67004	 720.05793	 376.33709	        P1	
 409.84125	 995.26714	 777.90058	        P1	
 148.80390	 503.82213	   4.11862	        P1	
 177.80805	 321.07741	 817.02725	        P1	
 736.45319	 604.29533	  10.29652	        P1	
 295.08570	 937.74990	 181.21837	        P1	
 716.27639	 180.56052	 658.97600	        P1	
 165.19755	 127.41168	  71.56065	        P1	
 882.73499	 496.54149	 570.42606	        P1	
 369.48765	 945.75862	 463.34249	        P1	
  39.09255	 838.00474	 226.52302	        P1	
 934.43804	 872.95194	 300.65781	        P1	
 641.87444	 820.53114	  98.33159	        P1	
1036.58309	 493.62921	 359.86267	        P1	
1042.88834	 121.58712	 697.58788	        P1	
 707.44904	  26.93848	 150.32888	        P1	
 947.04854	 137.60460	 106.56877	        P1	
  61.79145	 883.14490	 737.22936	        P1	
 197.98485	 433.19969	 502.46917	        P1	
 631.78604	 849.65382	 172.98120	        P1	
 278.69205	 526.39221	 753.70378	        P1	
1000.01264	1020.02142	 716.63638	        P1	
 857.51399	 588.27789	 996.70115	        P1	
 407.31915	 520.56769	 780.47466	        P1	
 824.72669	 375.68241	 168.34777	        P1	
 746.54159	  48.05240	 203.87069	        P1	
 765.45734	 367.67369	 811.36416	        P1	
 663.31229	  81.54348	 454.59044	        P1	
 764.19629	 129.59588	 528.72524	        P1	
 430.01805	 417.18221	 420.09719	        P1	
 240.86055	 587.54981	 508.13226	        P1	
 209.33430	1012.01270	 782.01913	        P1	
 626.74184	 593.37433	 461.28321	        P1	
 281.21415	 182.74472	 641.98678	        P1	
  98.36190	 831.45214	 936.98150	        P1	
 123.58290	 297.05121	 427.81956	        P1	
 271.12575	 874.40810	 496.29127	        P1	
 742.75844	 622.49701	 488.05409	        P1	
 645.65759	 773.20682	  67.95690	        P1	
 312.74040	 917.36402	 426.27509	        P1	
1021.45049	 668.36521	 562.18889	        P1	
 530.90204	 755.00514	   5.66310	        P1	
 252.21000	 961.04802	 681.11346	        P1	
 668.35649	1039.67922	  18.53370	        P1	
 114.75555	 118.67488	 385.08907	        P1	
 213.11745	 131.78008	 774.29676	        P1	
 773.02364	 810.33822	 345.96239	        P1	
 825.98774	 430.28741	 834.01648	        P1	
 179.06910	 971.24094	 333.09179	        P1	
 388.40340	 627.59350	 880.86553	        P1	
 910.47809	 107.75388	 238.36395	        P1	
 947.04854	 970.51290	 193.57417	        P1	
 991.18529	 321.80549	 916.38846	        P1	
 552.33989	 856.20642	 971.47475	        P1	
 349.31085	 762.28582	 172.98120	        P1	
 778.06784	 810.33822	  26.25607	        P1	
 977.31374	1046.23182	 444.80879	        P1	
 336.70035	 564.25169	 479.30204	        P1	
 262.29840	 866.39934	 856.66880	        P1	
 619.17554	 162.35888	 955.00033	        P1	
 412.36335	 639.97061	 821.66068	        P1	
 837.33719	 298.50733	1025.01657	        P1	
 577.56089	 387.33149	 114.80595	        P1	
 238.33845	 744.81222	 372.21847	        P1	
1020.18944	 938.47794	 296.02439	        P1	
 883.99604	1021.47754	 560.12961	        P1	
 424.97385	 556.97101	 162.16987	        P1	
 205.55115	 307.97221	 518.94359	        P1	
 573.77774	 120.13100	 440.17536	        P1	
 150.06495	 235.16552	 535.41801	        P1	
 629.26394	  18.20168	 590.50424	        P1	
 630.52499	 620.31281	 469.52039	        P1	
 708.71009	 564.97973	 893.73620	        P1	
 228.25005	  83.72768	 825.26443	        P1	
 872.64659	 995.99522	 390.75216	        P1	
 168.98070	 471.78721	 216.22649	        P1	
 894.08444	 283.21792	 640.44230	        P1	
  32.78730	 562.06749	  63.83828	        P1	
 639.35234	  89.55220	 909.69575	        P1	
 741.49739	 908.62722	 648.67948	        P1	
 470.37164	  91.00832	 794.88980	        P1	
  41.61465	 283.21792	 529.24011	        P1	
 659.52914	 275.93729	 508.64707	        P1	
 943.26539	 358.20881	 691.92478	        P1	
 466.58849	 639.24253	 845.85747	        P1	
 585.12719	1029.48630	 812.90863	        P1	
 651.96284	 101.20128	  59.20485	        P1	
 890.30129	 291.22669	 768.11886	        P1	
 779.32889	 800.87334	 591.01911	        P1	
 861.29714	 388.05953	  18.01890	        P1	
 588.91034	  82.27152	 889.10277	        P1	
 481.72109	 107.75388	 485.47994	        P1	
 109.71135	1046.23182	 650.22396	        P1	
 615.39239	 396.06829	 751.12963	        P1	
 757.89104	 763.74194	 889.10277	        P1	
 399.75285	 800.14530	 100.90568	        P1	
 728.88689	  18.92972	 753.18898	        P1	
 866.34134	 430.28741	 135.91380	        P1	
 485.50424	 986.53034	 258.95699	        P1	
  98.36190	 256.27949	1029.13513	        P1	
  79.44615	 441.93649	 269.25345	        P1	
 123.58290	 358.20881	 815.48278	        P1	
 402.27495	 489.98889	 182.76285	        P1	
 947.04854	 865.67130	 448.41254	        P1	
 977.31374	 165.27112	 380.97051	        P1	
 479.19899	 553.33069	 985.88983	        P1	
 388.40340	 173.27989	 483.93547	        P1	
 343.00560	 496.54149	 893.22133	        P1	
 696.09959	 984.34614	 703.76578	        P1	
  11.34945	 626.86541	 580.72258	        P1	
 131.14920	 452.85749	 811.36416	        P1	
  73.14090	  74.26280	 514.31016	        P1	
 622.95869	 317.43709	 485.47994	        P1	
 818.42144	 635.60221	 137.45827	        P1	
 133.67130	 473.24333	 197.17799	        P1	
 414.88545	 945.75862	 884.98415	        P1	
 610.34819	 696.03173	 770.17820	        P1	
1031.53889	 103.38548	 170.40705	        P1	
 853.73084	 390.97181	 284.18339	        P1	
 643.13549	 295.59509	 663.09456	        P1	
 505.68104	 226.42872	 621.90860	        P1	
  99.62295	 622.49701	  57.14557	        P1	
 266.08155	 663.26873	 666.69838	        P1	
 201.76800	 725.15442	 897.33995	        P1	
 363.18240	 348.01589	  51.48248	        P1	
 142.49865	 734.61930	  59.20485	        P1	
 262.29840	 729.52282	 291.90577	        P1	
 237.07740	 770.29454	 726.93290	        P1	
 358.13820	 154.35012	 195.63352	        P1	
1021.45049	 359.66493	 444.29398	        P1	
 116.01660	 305.78801	 827.83858	        P1	
1044.14939	 818.34694	 790.25637	        P1	
 514.50839	 647.97933	 722.29948	        P1	
 846.16454	 648.70741	 155.99197	        P1	
 498.11474	 294.86701	 736.71456	        P1	
 554.86199	 733.89122	 123.55800	        P1	
 211.85640	 129.59588	 755.76306	        P1	
 568.73354	  98.28900	 203.87069	        P1	
 641.87444	 736.07542	 378.39637	        P1	
  49.18095	 811.79434	 770.17820	        P1	
 756.62999	 406.26121	 285.72787	        P1	
 351.83295	 705.49662	 261.01627	        P1	
 544.77359	 904.25882	 883.43968	        P1	
 796.98359	 666.90910	 213.65235	        P1	
 411.10230	1025.11790	 669.27246	        P1	
 779.32889	 872.22390	 201.29655	        P1	
 767.97944	 335.63873	 129.22109	        P1	
  35.30940	 548.96229	 615.21584	        P1	
 785.63414	 491.44501	 432.45299	        P1	
 191.67960	 364.03333	 597.19701	        P1	
   8.82735	 807.42594	 913.81437	        P1	
 460.28324	 642.88290	 619.84926	        P1	
 235.81635	 123.04328	 947.27795	        P1	
 655.74599	 690.20722	 619.33446	        P1	
 315.26250	 813.97854	 628.08650	        P1	
 583.86614	 111.39420	 247.11599	        P1	
 988.66319	 250.45492	 788.71190	        P1	
 948.30959	 819.80310	 794.37493	        P1	
 466.58849	 862.03094	 776.35610	        P1	
 650.70179	 745.54030	 100.90568	        P1	
  42.87570	 564.97973	 839.67957	        P1	
 650.70179	 848.92574	 407.22658	        P1	
 718.79849	 575.17269	 436.05674	        P1	
 506.94209	 998.90750	 409.80067	        P1	
 929.39384	 265.74432	 598.74148	        P1	
 186.63540	 286.85829	1010.60143	        P1	
 281.21415	 440.48033	 481.36138	        P1	
 948.30959	 870.76774	 751.64450	        P1	
 694.83854	 414.26993	 745.46660	        P1	
  30.26520	 626.13733	 351.62549	        P1	
 291.30255	 190.02540	 617.78998	        P1	
 559.90619	 479.06789	 757.30753	        P1	
  56.74725	 603.56729	 911.75503	        P1	
 378.31500	 515.47121	  30.88950	        P1	
 469.11059	 674.18973	 450.47188	        P1	
 883.99604	  10.92100	 562.18889	        P1	
 119.79975	 705.49662	 623.96788	        P1	
 624.21974	 337.09489	 837.62023	        P1	
1035.32204	1034.58274	 586.38568	        P1	
  47.91990	1010.55654	 277.49069	        P1	
 696.09959	 666.90910	 650.73876	        P1	
 784.37309	 256.27949	 737.22936	        P1	
 583.86614	 658.90033	 234.24539	        P1	
 398.49180	1044.04762	 495.77646	        P1	
 252.21000	 602.83921	 432.45299	        P1	
 151.32600	  96.10480	 878.80625	        P1	
  75.66300	 228.61292	 912.26990	        P1	
 378.31500	 562.06749	 187.39627	        P1	
 774.28469	 714.96150	 904.03266	        P1	
 689.79434	1004.00394	 936.98150	        P1	
 900.38969	 345.10361	 908.15128	        P1	
   7.56630	  68.43828	 409.80067	        P1	
 972.26954	 514.74313	 228.06749	        P1	
 791.93939	 339.27909	 565.79264	        P1	
 284.99730	 614.48830	 212.10787	        P1	
 223.20585	 460.86621	 594.62286	        P1	
 911.73914	 134.69232	 875.20250	        P1	
 979.83584	 235.16552	 158.56612	        P1	
1022.71154	 555.51489	 281.60925	        P1	
 708.71009	 348.01589	 273.88687	        P1	
 482.98214	 568.62009	 695.52854	        P1	
 959.65904	 921.00434	 987.94917	        P1	
 229.51110	 470.33109	 695.52854	        P1	
  35.30940	1023.66174	 493.71718	        P1	
 858.77504	 744.81222	 389.20769	        P1	
 687.27224	 584.63753	 184.82219	        P1	
 683.48909	 378.59469	 917.93293	        P1	
 909.21704	 536.58513	 665.15390	        P1	
 143.75970	1023.66174	 869.02460	        P1	
 963.44219	 918.82014	  78.25342	        P1	
 606.56504	 130.32392	 845.85747	        P1	
  49.18095	 377.86661	 823.20515	        P1	
1003.79579	 934.83762	 469.52039	        P1	
 799.50569	 749.90870	 720.24014	        P1	
 422.45175	 654.53193	 102.96502	        P1	
 243.38265	 638.51450	1035.31303	        P1	
 281.21415	 584.63753	 957.05967	        P1	
 635.56919	 248.99881	 798.49355	        P1	
 882.73499	 958.13574	 856.66880	        P1	
 894.08444	 653.07581	 148.26960	        P1	
 402.27495	 271.56889	 108.62805	        P1	
 598.99874	 258.46369	 916.38846	        P1	
 272.38680	  96.10480	 823.20515	        P1	
  85.75140	 618.85670	 230.64157	        P1	
 174.02490	 680.01430	 849.97603	        P1	
 542.25149	 407.71733	  78.25342	        P1	
 728.88689	  27.66652	 387.14841	        P1	
 390.92550	 979.97774	 566.30751	        P1	
 858.77504	 115.76260	 704.28058	        P1	
 761.67419	 946.48670	 471.57967	        P1	
 476.67689	 378.59469	  82.37198	        P1	
 493.07054	 760.82970	 168.86258	        P1	
 175.28595	 830.72410	 545.71447	        P1	
 906.69494	 539.49741	 710.45848	        P1	
  41.61465	 172.55180	 835.56095	        P1	
1002.53474	 654.53193	 252.77909	        P1	
 513.24734	 232.25329	 823.71996	        P1	
  41.61465	 200.21832	 450.47188	        P1	
 110.97240	 307.24413	 889.10277	        P1	
 113.49450	 843.10122	 506.58779	        P1	
 669.61754	 262.83209	 504.01364	        P1	
 767.97944	 893.33782	 990.00845	        P1	
 644.39654	  12.37712	 802.61217	        P1	
 663.31229	 471.78721	 716.63638	        P1	
 988.66319	 678.55813	  61.26419	        P1	
 644.39654	 532.21673	 831.95720	        P1	
 436.32330	 866.39934	 714.57710	        P1	
 716.27639	 901.34654	 975.59337	        P1	
 886.51814	  21.11392	 424.21581	        P1	
 854.99189	 125.22748	1029.13513	        P1	
  83.22930	 323.26161	 370.67399	        P1	
 649.44074	 939.93410	 337.21035	        P1	
 926.87174	 102.65740	 191.51489	        P1	
 136.19340	 892.60974	 524.60668	        P1	
1044.14939	 891.15362	   7.72237	        P1	
 776.80679	 971.24094	 801.06770	        P1	
 272.38680	 827.08374	 455.10531	        P1	
 947.04854	 839.46090	 236.81947	        P1	
 873.90764	   8.00872	 634.26440	        P1	
  11.34945	  57.51728	 306.32085	        P1	
1030.27784	 954.49542	 111.20220	        P1	
 113.49450	 809.61014	 271.31279	        P1	
 414.88545	1038.95114	  16.47442	        P1	
 886.51814	 861.30290	 732.59593	        P1	
 361.92135	 843.82930	 224.46367	        P1	
 460.28324	 312.34061	 625.51236	        P1	
 219.42270	  42.22788	 168.86258	        P1	
 229.51110	 429.55933	 510.70641	        P1	
 971.00849	   2.91228	 738.77383	        P1	
  42.87570	 840.18894	 833.50167	        P1	
1015.14524	  89.55220	 118.92457	        P1	
 129.88815	1038.95114	 147.75479	        P1	
 161.41440	 758.64550	 250.71975	        P1	
 237.07740	 477.61173	 152.38822	        P1	
  66.83565	 570.07621	 761.42615	        P1	
 187.89645	 115.76260	 951.39657	        P1	
 971.00849	 728.06670	 533.35867	        P1	
  61.79145	 245.35849	 761.94096	        P1	
 549.81779	 585.36561	 926.68498	        P1	
 110.97240	 955.22350	 973.53403	        P1	
 293.82465	 788.49622	 736.71456	        P1	
 477.93794	 561.33941	 254.83837	        P1	
 211.85640	 687.29493	1012.66077	        P1	
 249.68790	 911.53950	 150.32888	        P1	
 892.82339	 179.10440	  88.03507	        P1	
1018.92839	 781.94362	 273.37207	        P1	
 868.86344	 449.21713	 289.84649	        P1	
  78.18510	 193.66572	 177.09982	        P1	
 548.55674	 334.18261	   7.72237	        P1	
 657.00704	 903.53074	 838.13510	        P1	
 786.89519	  74.26280	 539.02176	        P1	
 865.08029	 639.24253	 450.47188	        P1	
 824.72669	 359.66493	 733.11080	        P1	
 432.54015	 609.39181	 469.52039	        P1	
 324.08985	 730.25090	 965.81165	        P1	
 553.60094	 836.54862	1014.72005	        P1	
 271.12575	  16.74552	 553.95171	        P1	
 781.85099	 828.53990	 392.81144	        P1	
 702.40484	1018.56530	 700.16196	        P1	
1021.45049	 709.13693	 487.53928	        P1	
 496.85369	 509.64669	 971.98955	        P1	
 372.00975	 673.46170	1033.76855	        P1	
 897.86759	  24.75428	 670.81694	        P1	
 276.16995	 211.86740	 494.23199	        P1	
 643.13549	 311.61253	 431.93818	        P1	
 107.18925	 907.89914	  61.26419	        P1	
 561.16724	 570.07621	  43.24530	        P1	
1045.41044	 970.51290	 584.32634	        P1	
 189.15750	 677.10202	1039.43165	        P1	
 697.36064	 411.35769	1010.60143	        P1	
 245.90475	 431.74353	 703.76578	        P1	
 880.21289	 206.77092	 765.54478	        P1	
1046.67149	 945.03054	 473.63901	        P1	
  26.48205	 937.02182	 415.46376	        P1	
 655.74599	 455.76973	  42.73049	        P1	
 619.17554	 434.65581	 728.99218	        P1	
 575.03879	 744.08414	 913.81437	        P1	
 220.68375	 398.25249	 510.19154	        P1	
 817.16039	 813.97854	 294.47991	        P1	
  74.40195	  91.00832	 431.93818	        P1	
  46.65885	 264.28821	 580.72258	        P1	
 107.18925	 506.00633	 380.97051	        P1	
 906.69494	 548.23421	 915.87365	        P1	
 248.42685	 909.35530	 405.16724	        P1	
1029.01679	 988.71454	 104.50949	        P1	
 498.11474	 724.42633	 424.21581	        P1	
 675.92279	 554.78681	 291.90577	        P1	
 481.72109	  61.15760	 983.83055	        P1	
 206.81220	 557.69909	 207.47445	        P1	
 628.00289	 575.17269	 125.61728	        P1	
 495.59264	 305.05993	 994.12707	        P1	
 918.04439	 763.01390	 632.20506	        P1	
 827.24879	 846.01350	 528.72524	        P1	
 611.60924	 216.23580	 396.93006	        P1	
 716.27639	1000.36362	 656.40186	        P1	
 547.29569	 952.31122	 409.28586	        P1	
 177.80805	 223.51649	 924.11083	        P1	
 949.57064	 724.42633	 116.86529	        P1	
 123.58290	 117.94680	 996.18635	        P1	
 310.21830	 398.98053	 586.38568	        P1	
 224.46690	 681.47042	 656.40186	        P1	
 638.09129	 346.55973	 189.45562	        P1	
 210.59535	 462.32233	 294.47991	        P1	
 890.30129	  82.99960	 951.39657	        P1	
 247.16580	 701.85630	 910.21056	        P1	
 337.96140	 407.71733	 950.88177	        P1	
 501.89789	 659.62841	1013.17557	        P1	
 948.30959	 789.22430	 701.70644	        P1	
 315.26250	 512.55893	 438.11608	        P1	
  47.91990	 297.05121	 685.74688	        P1	
 168.98070	 183.47280	 673.39108	        P1	
   5.04420	 620.31281	 475.69829	        P1	
 253.47105	 427.37513	 949.33730	        P1	
 820.94354	 909.35530	 799.00836	        P1	
 813.37724	 176.92020	 685.74688	        P1	
  39.09255	  67.71020	 685.74688	        P1	
 374.53185	 174.00792	 407.22658	        P1	
 272.38680	 591.19013	 819.60140	        P1	
 529.64099	 796.50494	 833.50167	        P1	
 795.72254	  95.37672	 560.12961	        P1	
   5.04420	 907.17110	 998.24563	        P1	
 844.90349	 371.31401	 395.38559	        P1	
 411.10230	 783.39974	 560.12961	        P1	
  79.44615	 610.84793	 807.24560	        P1	
  71.87985	 169.63952	 333.09179	        P1	
 819.68249	 975.60934	 387.14841	        P1	
 617.91449	 123.77132	  10.29652	        P1	
 945.78749	 717.87373	 658.97600	        P1	
 788.15624	 312.34061	 977.65265	        P1	
 978.57479	 589.73401	 333.60659	        P1	
 377.05395	 420.09449	 720.24014	        P1	
 765.45734	 759.37354	 456.64978	        P1	
 160.15335	 787.04010	 397.44487	        P1	
 663.31229	 231.52521	 994.64187	        P1	
 614.13134	 628.32153	1043.55027	        P1	
 350.57190	  17.47360	 432.45299	        P1	
 471.63269	 307.24413	 467.46111	        P1	
 480.46004	 506.00633	 623.45308	        P1	
  83.22930	 345.10361	 253.29389	        P1	
 238.33845	 858.39062	 353.68477	        P1	
  23.95995	 414.26993	 462.82768	        P1	
 537.20729	 744.08414	 899.91410	        P1	
 514.50839	 547.50613	 969.41547	        P1	
 156.37020	 694.57562	 932.86288	        P1	
 281.21415	 440.48033	  24.19679	        P1	
 268.60365	 307.97221	 450.98669	        P1	
 976.05269	 461.59429	 366.55537	        P1	
 633.04709	  72.80668	  22.13745	        P1	
 161.41440	 470.33109	 175.04047	        P1	
 208.07325	 843.82930	 477.75757	        P1	
 119.79975	 737.53153	 524.60668	        P1	
 929.39384	 999.63554	 313.01361	        P1	
  65.57460	 279.57761	 494.23199	        P1	
 775.54574	 519.11153	 604.91938	        P1	
 121.06080	1039.67922	 854.09465	        P1	
 815.89934	  77.90312	 858.21327	        P1	
 774.28469	 528.57641	 185.33700	        P1	
 161.41440	 508.19053	 652.79810	        P1	
 923.08859	 872.22390	 483.93547	        P1	
 781.85099	 809.61014	  92.15369	        P1	
 187.89645	 519.11153	 127.67662	        P1	
 698.62169	 203.85869	 992.06773	        P1	
 658.26809	 779.03134	  53.54182	        P1	
 919.30544	 760.82970	 965.81165	        P1	
 505.68104	 188.56929	 218.28577	        P1	
 232.03320	 828.53990	 811.36416	        P1	
 723.84269	 126.68360	 284.18339	        P1	
 317.78460	 738.25962	 679.56898	        P1	
 292.56360	 502.36601	 105.02430	        P1	
 635.56919	 650.89161	 421.64166	        P1	
 641.87444	 389.51569	 712.51776	        P1	
 640.61339	 720.78602	 304.26157	        P1	
 812.11619	 730.97894	 876.74697	        P1	
 509.46419	 101.92932	 716.12158	        P1	
 180.33015	1041.86342	 539.02176	        P1	
 605.30399	 479.06789	 576.60396	        P1	
 544.77359	 135.42040	 335.15107	        P1	
 709.97114	 955.95154	 782.53400	        P1	
 496.85369	 684.38270	 533.35867	        P1	
 809.59409	 926.10082	 605.43418	        P1	
 774.28469	 540.22549	 663.09456	        P1	
 682.22804	 348.74393	 553.95171	        P1	
 436.32330	 315.98093	  22.65232	        P1	
 414.88545	 878.77650	 812.90863	        P1	
 296.34675	 891.88170	   2.05928	        P1	
 136.19340	 522.75189	 626.02716	        P1	
 515.76944	 872.95194	 388.69289	        P1	
 306.43515	 787.04010	 219.83025	        P1	
 954.61484	1028.75822	 654.85738	        P1	
  89.53455	 900.61850	 348.02167	        P1	
 582.60509	 270.84081	 860.27255	        P1	
 247.16580	 295.59509	 768.11886	        P1	
 426.23490	  50.96468	 199.75207	        P1	
 143.75970	 846.01350	 856.15393	        P1	
 540.99044	 136.14848	 477.75757	        P1	
 379.57605	 884.60102	 174.52567	        P1	
 929.39384	 589.00593	 870.56907	        P1	
 651.96284	 655.98810	 738.77383	        P1	
 767.97944	 517.65541	 563.73336	        P1	
   7.56630	  94.64868	 201.29655	        P1	
 832.29299	 966.87254	 543.14038	        P1	
 601.52084	1024.38982	  74.13480	        P1	
 722.58164	  35.67528	 201.29655	        P1	
  98.36190	 888.24134	 561.67408	        P1	
 744.01949	 477.61173	 450.47188	        P1	
 837.33719	 474.69949	 755.76306	        P1	
 902.91179	 195.12189	 732.59593	        P1	
 732.67004	 701.12822	 637.86816	        P1	
 913.00019	 267.92852	 368.61471	        P1	
 675.92279	 327.63001	 809.30488	        P1	
  52.96410	 985.80230	 936.46663	        P1	
 712.49324	 865.67130	 930.28873	        P1	
 290.04150	 907.17110	 676.99484	        P1	
  69.35775	 688.02302	  86.49060	        P1	
 548.55674	 163.81500	 421.64166	        P1	
1022.71154	1036.03890	 434.51227	        P1	
 121.06080	 171.82372	 652.79810	        P1	
 625.48079	 645.06710	 541.08104	        P1	
1029.01679	  91.73640	  67.95690	        P1	
1045.41044	 872.95194	  92.15369	        P1	
 129.88815	 315.25289	 510.19154	        P1	
  73.14090	 741.17190	 656.91666	        P1	
 368.22660	 375.68241	1014.72005	        P1	
 432.54015	 178.37632	 153.93269	        P1	
 436.32330	 921.73242	 668.75766	        P1	
 814.63829	 745.54030	 238.36395	        P1	
 240.86055	1043.31954	  65.89762	        P1	
 984.88004	 312.34061	 749.07036	        P1	
 402.27495	 418.63833	 170.92192	        P1	
 716.27639	 652.34773	 140.03242	        P1	
 650.70179	 927.55694	 578.66331	        P1	
 575.03879	 700.40013	 498.35061	        P1	
 475.41584	  79.35928	 609.03794	        P1	
 442.62855	 564.25169	 205.92997	        P1	
 277.43100	 393.15601	 716.63638	        P1	
 433.80120	 138.33268	 656.91666	        P1	
 105.92820	 579.54109	 743.40726	        P1	
 696.09959	 508.19053	 499.89508	        P1	
  30.26520	  23.29812	 974.04890	        P1	
 325.35090	  13.10520	   7.72237	        P1	
 504.41999	 133.96428	 324.85455	        P1	
 441.36750	1022.20562	 568.36679	        P1	
 609.08714	 318.16513	 899.91410	        P1	
 733.93109	 107.75388	 812.90863	        P1	
 276.16995	 460.86621	 594.62286	        P1	
  59.26935	  72.07860	 135.91380	        P1	
 895.34549	 585.36561	 969.93027	        P1	
 902.91179	 530.03253	 728.47738	        P1	
 735.19214	 717.14570	 811.36416	        P1	
 849.94769	 262.10401	  24.71160	        P1	
1029.01679	 853.29414	 257.41251	        P1	
 994.96844	  61.88568	 897.85476	        P1	
 906.69494	 906.44302	 778.41538	        P1	
 315.26250	1007.64430	 429.87884	        P1	
 851.20874	 305.05993	 512.25088	        P1	
 372.00975	 408.44541	 378.39637	        P1	
1022.71154	 725.88250	 768.11886	        P1	
 988.66319	 827.08374	 152.38822	        P1	
 718.79849	 929.01310	 744.95173	        P1	
 626.74184	1008.37234	 907.63647	        P1	
 620.43659	 663.99681	 673.39108	        P1	
 210.59535	 444.84873	 635.80888	        P1	
 771.76259	 703.31242	  43.24530	        P1	
 264.82050	 544.59389	  88.54988	        P1	
 813.37724	  86.63992	 813.42350	        P1	
1006.31789	 776.11910	 683.17274	        P1	
 561.16724	 960.31994	 963.23757	        P1	
 300.12990	 403.34893	 751.64450	        P1	
 452.71694	  34.21912	 770.17820	        P1	
 335.43930	 580.99721	 273.37207	        P1	
 490.54844	1041.86342	1006.99767	        P1	
 576.29984	 146.34140	 606.97866	        P1	
 457.76114	 155.07820	 718.18086	        P1	
 934.43804	  74.99088	 683.17274	        P1	
 615.39239	1020.74950	 551.89236	        P1	
  65.57460	 173.27989	 201.29655	        P1	
 165.19755	1037.49502	 650.22396	        P1	
1034.06099	 305.78801	 884.98415	        P1	
 723.84269	 441.20841	 135.91380	        P1	
1017.66734	 273.02501	 278.00549	        P1	
 295.08570	 736.80350	  76.19408	        P1	
 394.70865	 663.26873	  59.71972	        P1	
 798.24464	 907.89914	 961.69310	        P1	
 754.10789	 428.10321	 469.52039	        P1	
 385.88130	 484.89241	 606.97866	        P1	
 517.03049	 573.71653	 456.64978	        P1	
 437.58435	 195.84992	 512.25088	        P1	
 416.14650	1000.36362	 860.27255	        P1	
 730.14794	 657.44421	 339.78449	        P1	
 355.61610	1022.20562	 539.02176	        P1	
 168.98070	 843.10122	 211.59307	        P1	
 631.78604	 115.76260	 784.59328	        P1	
 336.70035	 488.53273	 584.84121	        P1	
 559.90619	 777.57522	 957.57447	        P1	
 657.00704	 747.72450	 595.13766	        P1	
 327.87300	 623.22510	 817.54206	        P1	
 139.97655	 672.00553	 936.98150	        P1	
 143.75970	 100.47320	   1.54447	        P1	
 725.10374	 915.17982	 383.02979	        P1	
1010.10104	 344.37553	 679.05418	        P1	
 933.17699	 618.85670	 238.36395	        P1	
 890.30129	 275.20921	 679.56898	        P1	
 726.36479	 799.41722	 952.94105	        P1	
 243.38265	 934.10954	 172.46639	        P1	
 503.15894	 979.24970	 879.32106	        P1	
 542.25149	  40.77172	 887.55830	        P1	
 958.39799	 458.68201	 129.73590	        P1	
 905.43389	 956.67962	 990.00845	        P1	
1022.71154	 651.61970	 545.71447	        P1	
 431.27910	  75.71892	 703.76578	        P1	
 147.54285	 255.55141	 469.52039	        P1	
 746.54159	  85.91188	 354.19957	        P1	
 726.36479	  23.29812	 560.12961	        P1	
 413.62440	 979.97774	 794.88980	        P1	
 390.92550	 937.74990	  96.27225	        P1	
  11.34945	 108.48192	 703.76578	        P1	
 165.19755	 836.54862	 877.26178	        P1	
 906.69494	 782.67170	 941.10005	        P1	
 514.50839	 730.97894	 975.59337	        P1	
 175.28595	 935.56570	 298.59847	        P1	
 368.22660	 684.38270	  57.66038	        P1	
1018.92839	 784.85590	 842.25366	        P1	
 631.78604	 840.91702	 803.12698	        P1	
 568.73354	 421.55061	1008.54215	        P1	
 952.09274	 623.95313	 411.86001	        P1	
 771.76259	 493.62921	 698.10268	        P1	
 860.03609	 519.83961	 823.20515	        P1	
 863.81924	 864.21514	 320.73599	        P1	
 954.61484	 650.16353	 177.09982	        P1	
  52.96410	 822.71534	 232.70091	        P1	
  88.27350	 995.99522	 946.76315	        P1	
 118.53870	 530.03253	 388.69289	        P1	
 723.84269	 626.13733	 672.87628	        P1	
1006.31789	 547.50613	 907.63647	        P1	
 822.20459	 190.75349	 695.52854	        P1	
 819.68249	 246.08652	 963.23757	        P1	
 356.87715	 274.48112	 697.58788	        P1	
 262.29840	 215.50772	 827.32377	        P1	
 629.26394	 955.95154	1029.64999	        P1	
 823.46564	 385.14729	 496.29127	        P1	
  12.61050	 608.66373	 481.36138	        P1	
 417.40755	 572.98849	 508.64707	        P1	
 184.11330	 933.38150	  15.95955	        P1	
1006.31789	 183.47280	 100.39087	        P1	
 972.26954	 427.37513	 325.36941	        P1	
 422.45175	 489.98889	 483.93547	        P1	
  56.74725	  35.67528	 570.42606	        P1	
 245.90475	 210.41129	  90.09435	        P1	
 138.71550	 723.69830	 162.68468	        P1	
 962.18114	 816.16274	 628.08650	        P1	
1044.14939	 592.64629	 564.24816	        P1	
 807.07199	 548.96229	 477.75757	        P1	
 272.38680	 512.55893	 547.77381	        P1	
 978.57479	 420.82253	 790.25637	        P1	
 351.83295	 698.21593	 875.20250	        P1	
 359.39925	 842.37314	  78.25342	        P1	
 409.84125	 552.60261	 248.66047	        P1	
 387.14235	 603.56729	 979.71193	        P1	
 571.25564	 452.12941	 648.67948	        P1	
 593.95454	 219.14809	  39.12668	        P1	
 914.26124	 264.28821	 580.72258	        P1	
 711.23219	 260.64789	 595.13766	        P1	
 926.87174	 880.23262	 636.32368	        P1	
 335.43930	 374.22629	 843.79813	        P1	
 914.26124	 479.79593	  79.79789	        P1	
  20.17680	 802.32950	 837.62023	        P1	
 549.81779	 958.13574	 913.81437	        P1	
 466.58849	  81.54348	 114.80595	        P1	
 680.96699	 883.87294	 641.98678	        P1	
 295.08570	1029.48630	   3.60375	        P1	
 466.58849	 761.55774	 313.01361	        P1	
 930.65489	 109.21000	  12.35580	        P1	
 788.15624	 682.19850	 687.80616	        P1	
 721.32059	  78.63120	 396.93006	        P1	
1007.57894	 178.37632	 221.88959	        P1	
   3.78315	   0.72808	 706.33986	        P1	
 247.16580	 631.96190	 329.48797	        P1	
 767.97944	 888.96942	 123.55800	        P1	
  59.26935	 388.05953	 121.49872	        P1	
 298.86885	 405.53313	 543.14038	        P1	
 664.57334	  99.74512	 313.01361	        P1	
  46.65885	 789.95234	 919.99227	        P1	
 143.75970	 615.94441	 909.69575	        P1	
 322.82880	 567.89201	 358.31819	        P1	
 626.74184	 449.21713	 747.01108	        P1	
 733.93109	 991.62682	 569.91126	        P1	
 715.01534	 264.28821	 551.37756	        P1	
 631.78604	 747.72450	 732.59593	        P1	
1023.97259	 524.20801	 168.34777	        P1	
 847.42559	 974.15322	 217.77097	        P1	
  97.10085	 572.98849	 905.57713	        P1	
 337.96140	 953.76734	 740.83318	        P1	
 132.41025	 762.28582	 952.94105	        P1	
 484.24319	  14.56132	 127.67662	        P1	
  83.22930	 706.22470	 936.46663	        P1	
 868.86344	 104.11352	 487.53928	        P1	
 950.83169	 671.27750	 701.70644	        P1	
 143.75970	 282.48989	  90.09435	        P1	
 424.97385	 271.56889	 615.21584	        P1	
 866.34134	 258.46369	  32.94878	        P1	
 580.08299	 425.19093	 123.04319	        P1	
 268.60365	 242.44621	 920.50708	        P1	
  75.66300	 508.19053	 228.06749	        P1	
 682.22804	  99.74512	 184.82219	        P1	
  51.70305	 124.49940	1020.89795	        P1	
 849.94769	 125.22748	 879.32106	        P1	
 195.46275	 878.77650	1004.42353	        P1	
1008.83999	1044.04762	 228.58229	        P1	
 465.32744	 481.25209	 491.65784	        P1	
 902.91179	 331.99841	 932.86288	        P1	
 715.01534	 291.95473	 530.78458	        P1	
 215.63955	  57.51728	 545.71447	        P1	
 976.05269	 666.90910	 238.36395	        P1	
  15.13260	 390.24373	 374.79261	        P1	
 776.80679	 680.01430	 985.88983	        P1	
  32.78730	 380.05081	 611.61208	        P1	
 563.68934	 944.30250	 584.32634	        P1	
 437.58435	 813.25050	 187.39627	        P1	
 622.95869	 975.60934	 907.63647	        P1	
1017.66734	 223.51649	1015.23485	        P1	
1042.88834	 823.44342	 792.31565	        P1	
 187.89645	 589.00593	 796.43427	        P1	
 615.39239	  78.63120	 858.72808	        P1	
 411.10230	 668.36521	 945.21868	        P1	
 156.37020	 518.38349	 417.52304	        P1	
 697.36064	  98.28900	 705.82506	        P1	
 238.33845	 334.18261	 199.23727	        P1	
 887.77919	 211.13932	 665.15390	        P1	
 977.31374	 341.46329	 139.51755	        P1	
 248.42685	 864.21514	 306.83571	        P1	
 254.73210	  75.71892	 380.97051	        P1	
 508.20314	 971.96902	 185.33700	        P1	
 877.69079	 286.85829	 724.87356	        P1	
 224.46690	 374.22629	 510.19154	        P1	
 771.76259	 883.87294	 401.04869	        P1	
 944.52644	 290.49861	 772.23748	        P1	
 131.14920	 397.52441	 858.72808	        P1	
 538.46834	 128.86780	 903.51785	        P1	
 838.59824	 254.09529	 570.42606	        P1	
 194.20170	 579.54109	 145.69545	        P1	
 529.64099	 292.68281	 705.82506	        P1	
 677.18384	 118.67488	  88.54988	        P1	
 539.72939	 396.06829	 917.93293	        P1	
 804.54989	 597.01469	 726.41804	        P1	
 542.25149	 333.45453	 475.18348	        P1	
 200.50695	 149.25368	 786.65256	        P1	
   2.52210	 180.56052	 844.31300	        P1	
 475.41584	 813.25050	 899.39923	        P1	
 955.87589	1010.55654	 430.39371	        P1	
 368.22660	 278.12149	 761.94096	        P1	
 453.97799	 179.10440	 137.45827	        P1	
 895.34549	 117.94680	 352.14029	        P1	
 788.15624	 638.51450	  15.95955	        P1	
 678.44489	 966.87254	 802.61217	        P1	
 842.38139	 838.73282	 823.20515	        P1	
 191.67960	 655.26001	 518.94359	        P1	
 321.56775	 819.07502	  80.31270	        P1	
 307.69620	 295.59509	 755.76306	        P1	
  32.78730	 790.68042	 959.11895	        P1	
 518.29154	 446.30489	 139.51755	        P1	
  69.35775	 738.98770	 125.61728	        P1	
 363.18240	 694.57562	 710.45848	        P1	
 389.66445	 143.42912	 115.32082	        P1	
1010.10104	 768.11034	 275.94621	        P1	
 581.34404	 246.81461	 648.67948	        P1	
 851.20874	 388.05953	 493.71718	        P1	
 181.59120	 554.78681	 971.47475	        P1	
 108.45030	 819.80310	 224.46367	        P1	
 726.36479	 410.62961	 965.29685	        P1	
1022.71154	 554.05873	 697.58788	        P1	
 181.59120	 339.27909	 267.70897	        P1	
 968.48639	 468.87493	 296.02439	        P1	
 631.78604	 348.74393	 852.03537	        P1	
 868.86344	 334.18261	 556.01099	        P1	
 871.38554	 393.88409	 429.87884	        P1	
 694.83854	 960.31994	 641.98678	        P1	
 293.82465	 644.33901	 834.01648	        P1	
 633.04709	 123.77132	 827.32377	        P1	
 239.59950	 419.36641	 228.58229	        P1	
  90.79560	 365.48949	 539.53657	        P1	
 209.33430	 518.38349	 868.50973	        P1	
 802.02779	  29.12268	 737.22936	        P1	
 266.08155	 392.42793	 263.59041	        P1	
 704.92694	 704.04050	 391.26697	        P1	
 440.10645	 198.76220	 248.66047	        P1	
 746.54159	 631.96190	 187.39627	        P1	
 919.30544	 951.58314	 802.61217	        P1	
 636.83024	 867.12742	 551.37756	        P1	
 862.55819	 797.96110	  14.41508	        P1	
 720.05954	 316.70901	 698.10268	        P1	
 881.47394	 290.49861	 823.20515	        P1	
 759.15209	 465.96269	 687.80616	        P1	
 195.46275	 303.60381	 631.69026	        P1	
 817.16039	 821.25922	 216.22649	        P1	
 145.02075	 280.30569	 934.92215	        P1	
 158.89230	 281.03373	 702.22130	        P1	
 219.42270	 771.75070	 522.54734	        P1	
1021.45049	 374.22629	 564.24816	        P1	
 981.09689	  10.19292	 831.95720	        P1	
 228.25005	  12.37712	 796.43427	        P1	
 943.26539	 463.05041	 457.16459	        P1	
 847.42559	 372.77013	 265.13489	        P1	
 996.22949	 589.73401	 477.24276	        P1	
  66.83565	 506.00633	 893.73620	        P1	
 573.77774	 401.16473	 709.94368	        P1	
 245.90475	 813.25050	 930.28873	        P1	
 441.36750	 733.89122	 969.93027	        P1	
 393.44760	 267.92852	 882.92487	        P1	
 722.58164	 591.91821	 884.98415	        P1	
 843.64244	1006.91622	 619.33446	        P1	
 568.73354	 424.46289	 687.80616	        P1	
 837.33719	 880.96070	   3.60375	        P1	
 767.97944	1043.31954	   5.66310	        P1	
 940.74329	 623.22510	  82.37198	        P1	
 153.84810	 725.15442	 691.92478	        P1	
 809.59409	 547.50613	 462.82768	        P1	
 867.60239	 371.31401	 827.83858	        P1	
 764.19629	  87.36800	 407.74139	        P1	
 533.42414	 254.09529	 434.51227	        P1	
 117.27765	 607.93569	 534.90314	        P1	
 983.61899	 966.87254	 469.00558	        P1	
  99.62295	 323.98969	 236.81947	        P1	
 740.23634	 765.19810	 397.44487	        P1	
 259.77630	 572.26041	1031.70927	        P1	
 721.32059	 690.20722	 821.66068	        P1	
 595.21559	 471.78721	 543.65519	        P1	
 272.38680	 455.76973	 930.80360	        P1	
 287.51940	 297.05121	 815.48278	        P1	
 810.85514	 533.67289	 354.19957	        P1	
 480.46004	 455.04169	  94.72778	        P1	
  51.70305	 131.78008	 714.06224	        P1	
  36.57045	 310.88449	 664.63904	        P1	
 403.53600	 200.94640	 736.71456	        P1	
 278.69205	 152.16592	 209.53379	        P1	
 503.15894	 506.00633	 263.59041	        P1	
 677.18384	 482.70821	 261.01627	        P1	
 949.57064	 538.04129	 825.26443	        P1	
 437.58435	 519.11153	 419.58238	        P1	
 694.83854	 220.60420	 240.93809	        P1	
 800.76674	 696.75982	 946.76315	        P1	
   1.26105	1030.21434	 146.21032	        P1	
  89.53455	 596.28661	 606.97866	        P1	
 293.82465	 966.14450	 497.83574	        P1	
1011.36209	 666.90910	 372.73327	        P1	
 471.63269	 580.99721	  55.60110	        P1	
 617.91449	 923.18854	 932.34807	        P1	
   8.82735	 497.26953	1004.93839	        P1	
 751.58579	 168.91149	 199.75207	        P1	
 709.97114	 647.25130	 275.43135	        P1	
 849.94769	 949.39894	 827.32377	        P1	
 557.38409	 149.98172	 807.24560	        P1	
 983.61899	 936.29374	 547.77381	        P1	
 424.97385	 335.63873	 986.40470	        P1	
 813.37724	 540.95353	 617.27518	        P1	
 617.91449	 550.41841	 654.85738	        P1	
 269.86470	 474.69949	 331.03245	        P1	
 505.68104	 884.60102	 773.78195	        P1	
 146.28180	1036.76694	  47.36392	        P1	
 752.84684	 957.40770	 837.62023	        P1	
  10.08840	 541.68161	 401.56349	        P1	
 500.63684	 300.69153	 864.39117	        P1	
 600.25979	 243.17429	 751.12963	        P1	
 203.02905	   5.09648	 108.62805	        P1	
 166.45860	 732.43510	 372.73327	        P1	
 913.00019	  71.35052	 672.87628	        P1	
 179.06910	 149.98172	 232.70091	        P1	
 810.85514	 396.79633	 788.71190	        P1	
1003.79579	 613.03213	 331.54731	        P1	
 184.11330	 224.24452	 382.51499	        P1	
 897.86759	 244.63041	 539.02176	        P1	
  32.78730	  93.19252	 523.06221	        P1	
 733.93109	 781.94362	 656.40186	        P1	
 974.79164	 434.65581	 619.33446	        P1	
 587.64929	 749.90870	 626.02716	        P1	
  92.05665	 374.95433	 998.76049	        P1	
 891.56234	 660.35650	 423.70094	        P1	
 837.33719	 732.43510	 164.22915	        P1	
 829.77089	 605.75149	 873.14316	        P1	
 118.53870	 768.83842	1033.25375	        P1	
 829.77089	1017.83722	 605.43418	        P1	
 725.10374	 309.42833	 875.20250	        P1	
 817.16039	 390.24373	  61.26419	        P1	
 986.14109	 559.15521	 432.45299	        P1	
 453.97799	 331.99841	1033.25375	        P1	
 277.43100	  52.42080	 982.28607	        P1	
 692.31644	 326.90193	 424.21581	        P1	
 547.29569	1014.92494	 319.19151	        P1	
1025.23364	 993.81102	 630.14578	        P1	
 426.23490	  84.45572	1017.29419	        P1	
 976.05269	 141.24492	1037.37237	        P1	
 750.32474	 971.96902	 469.52039	        P1	
 760.41314	1025.84594	 864.39117	        P1	
 311.47935	 105.56968	 514.82497	        P1	
 974.79164	 386.60341	 741.34798	        P1	
 363.18240	 184.92892	 813.42350	        P1	
 518.29154	 820.53114	 838.13510	        P1	
 977.31374	 819.07502	 990.00845	        P1	
 865.08029	 594.10241	 298.08367	        P1	
 430.01805	 757.91742	 223.94887	        P1	
 905.43389	 907.17110	 545.71447	        P1	
 926.87174	 168.18340	 341.32897	        P1	
 645.65759	 649.43550	 891.67686	        P1	
 832.29299	 870.76774	 357.80339	        P1	
 493.07054	 312.34061	 366.04057	        P1	
 389.66445	 868.58354	 172.46639	        P1	
 919.30544	 906.44302	 389.20769	        P1	
 230.77215	 947.21474	 350.08101	        P1	
 372.00975	 702.58433	 141.57689	        P1	
1005.05684	 941.39022	 889.61758	        P1	
 629.26394	  82.27152	 308.38019	        P1	
 827.24879	 765.92614	 567.85198	        P1	
 948.30959	 929.01310	 409.80067	        P1	
 219.42270	 850.38190	 905.57713	        P1	
 721.32059	  72.80668	 551.89236	        P1	
 350.57190	 132.50812	 858.21327	        P1	
 145.02075	 954.49542	 378.39637	        P1	
 890.30129	  18.92972	 418.03791	        P1	
 711.23219	1044.04762	 191.51489	        P1	
 789.41729	 703.31242	 452.53116	        P1	
 881.47394	 907.89914	 191.00009	        P1	
   8.82735	 672.00553	 166.28849	        P1	
 662.05124	 998.17942	 623.96788	        P1	
 353.09400	 872.22390	 930.28873	        P1	
 561.16724	 159.44660	 248.66047	        P1	
 533.42414	 162.35888	 854.60946	        P1	
 262.29840	 474.69949	 293.96505	        P1	
 485.50424	 296.32313	 345.44759	        P1	
1044.14939	 500.90989	  77.73855	        P1	
 532.16309	 736.80350	  94.72778	        P1	
 443.88960	 566.43589	 281.60925	        P1	
 640.61339	 429.55933	 448.92741	        P1	
 616.65344	 197.30609	 714.06224	        P1	
 680.96699	 601.38309	 150.32888	        P1	
  55.48620	 295.59509	  57.66038	        P1	
1029.01679	 404.80509	1041.49093	        P1	
 114.75555	 651.61970	 683.17274	        P1	
 968.48639	 793.59270	 602.86004	        P1	
 296.34675	 501.63793	 263.59041	        P1	
 861.29714	 686.56690	 114.80595	        P1	
 905.43389	 741.17190	 775.84123	        P1	
 564.95039	 251.91109	 485.47994	        P1	
  29.00415	 666.18101	 390.75216	        P1	
 844.90349	 822.71534	 980.22680	        P1	
 626.74184	 759.37354	 862.84670	        P1	
 546.03464	 947.21474	 121.49872	        P1	
 544.77359	  59.70148	 693.98406	        P1	
 230.77215	 348.74393	 784.07847	        P1	
 973.53059	 442.66453	 228.06749	        P1	
 384.62025	 610.84793	  59.71972	        P1	
 928.13279	 764.47002	 308.89499	        P1	
 643.13549	 816.89082	 681.11346	        P1	
 542.25149	  34.94720	 969.93027	        P1	
  35.30940	  11.64908	1035.31303	        P1	
 944.52644	  79.35928	 930.28873	        P1	
 416.14650	 822.71534	 374.79261	        P1	
 616.65344	 918.09210	 207.47445	        P1	
 456.50009	 231.52521	 724.35876	        P1	
 542.25149	 926.10082	 698.10268	        P1	
 730.14794	 808.88210	 521.00287	        P1	
 559.90619	 179.10440	 440.17536	        P1	
 177.80805	 650.16353	 586.38568	        P1	
 925.61069	 930.46922	 125.10247	        P1	
 148.80390	  43.68400	 296.53919	        P1	
 407.31915	1020.02142	 296.53919	        P1	
 659.52914	 888.96942	 854.09465	        P1	
 605.30399	 470.33109	 633.74954	        P1	
 407.31915	 369.12981	 648.67948	        P1	
 554.86199	  32.03492	 609.55280	        P1	
 957.13694	 235.16552	 666.69838	        P1	
 997.49054	 714.23342	   7.72237	        P1	
 259.77630	 720.78602	 296.53919	        P1	
 172.76385	 165.27112	 536.96248	        P1	
 800.76674	 425.91901	 586.90048	        P1	
 192.94065	 842.37314	 899.91410	        P1	
 210.59535	 883.14490	 749.58516	        P1	
1031.53889	 117.94680	 878.80625	        P1	
 775.54574	 651.61970	  28.31535	        P1	
 435.06225	 907.89914	 370.15919	        P1	
 243.38265	 523.47993	 510.70641	        P1	
 238.33845	 556.97101	 154.44750	        P1	
 592.69349	 598.47081	 724.35876	        P1	
1018.92839	 910.08334	 672.87628	        P1	
 402.27495	 791.40850	 948.82243	        P1	
 194.20170	 952.31122	1013.17557	        P1	
 950.83169	 908.62722	 240.93809	        P1	
 717.53744	 471.05913	 170.92192	        P1	
 105.92820	 112.12228	 280.06477	        P1	
 431.27910	 215.50772	 734.65528	        P1	
 356.87715	 789.95234	 734.65528	        P1	
 919.30544	 335.63873	 191.00009	        P1	
 481.72109	 633.41801	 193.05937	        P1	
 722.58164	1006.91622	 823.20515	        P1	
 672.13964	 848.19770	 403.62277	        P1	
 486.76529	 777.57522	 174.52567	        P1	
 262.29840	 997.45134	 481.36138	        P1	
 450.19484	 912.26754	 580.20778	        P1	
  13.87155	 112.85032	1025.01657	        P1	
 844.90349	 490.71693	 123.04319	        P1	
 481.72109	 624.68121	  74.13480	        P1	
 857.51399	 892.60974	 862.84670	        P1	
 184.11330	 758.64550	 917.93293	        P1	
 605.30399	 988.71454	 275.94621	        P1	
 722.58164	  72.07860	 580.72258	        P1	
 252.21000	 592.64629	 286.24267	        P1	
 271.12575	 421.55061	 810.84935	        P1	
 890.30129	 741.17190	 411.34514	        P1	
 566.21144	 494.35729	 922.56636	        P1	
 228.25005	 242.44621	 483.42066	        P1	
 760.41314	1033.12662	 891.16205	        P1	
 657.00704	 478.33981	 446.35326	        P1	
 841.12034	 152.16592	 745.46660	        P1	
 499.37579	 835.82054	  65.89762	        P1	
 267.34260	 572.26041	 909.69575	        P1	
 142.49865	 408.44541	1033.25375	        P1	
 287.51940	  18.92972	 790.25637	        P1	
 201.76800	1035.31082	 817.02725	        P1	
 414.88545	  72.07860	 580.72258	        P1	
 662.05124	 149.25368	 317.13217	        P1	
 909.21704	 436.11193	 411.86001	        P1	
 909.21704	 500.18181	 525.12149	        P1	
 272.38680	 828.53990	  77.73855	        P1	
 476.67689	 573.71653	 646.62020	        P1	
 625.48079	 988.71454	 393.32631	        P1	
 152.58705	 600.65501	 809.30488	        P1	
 166.45860	 132.50812	   5.66310	        P1	
 476.67689	 129.59588	 856.15393	        P1	
 717.53744	 880.23262	 755.24826	        P1	
 803.28884	 363.30529	 720.24014	        P1	
 720.05954	 350.20009	 275.43135	        P1	
 496.85369	 196.57800	 847.91675	        P1	
1036.58309	 668.36521	 724.35876	        P1	
1007.57894	 605.02341	 699.64716	        P1	
 752.84684	 572.98849	   2.05928	        P1	
 540.99044	 574.44461	 328.97317	        P1	
  99.62295	  38.58752	1011.11629	        P1	
 767.97944	   3.64032	 269.76831	        P1	
 340.48350	 580.99721	 699.64716	        P1	
 472.89374	 147.79752	 319.19151	        P1	
 267.34260	 369.85789	 588.95976	        P1	
 139.97655	 934.10954	 777.90058	        P1	
 206.81220	 764.47002	 390.75216	        P1	
 659.52914	 236.62169	 714.06224	        P1	
 460.28324	 647.25130	 226.00815	        P1	
 494.33159	1023.66174	 265.13489	        P1	
 457.76114	 651.61970	 446.86807	        P1	
 674.66174	 283.21792	 345.44759	        P1	
 107.18925	 495.81341	 166.80330	        P1	
 237.07740	 921.73242	 915.87365	        P1	
 960.92009	 173.27989	 799.00836	        P1	
 597.73769	 971.24094	 257.41251	        P1	
1025.23364	 826.35570	 224.46367	        P1	
1020.18944	 476.88369	 979.71193	        P1	
 446.41170	   2.91228	  14.41508	        P1	
 206.81220	1035.31082	 901.97338	        P1	
 471.63269	 927.55694	 672.87628	        P1	
 712.49324	 964.68834	 580.20778	        P1	
 158.89230	 212.59549	1041.49093	        P1	
 853.73084	 896.25010	1041.49093	        P1	
 715.01534	 165.27112	 739.28870	        P1	
 907.95599	 940.66214	 689.86550	        P1	
 604.04294	 549.69033	 776.35610	        P1	
 167.71965	 430.28741	 413.91929	        P1	
 317.78460	 691.66333	 473.63901	        P1	
 749.06369	 515.47121	 920.50708	        P1	
 593.95454	 996.72330	 483.93547	        P1	
 443.88960	 846.01350	 510.19154	        P1	
 552.33989	 553.33069	 724.87356	        P1	
 861.29714	 689.47913	 535.41801	        P1	
 831.03194	 249.72689	 880.86553	        P1	
 601.52084	 561.33941	 852.55018	        P1	
 688.53329	 343.64749	 131.79518	        P1	
  95.83980	 771.75070	 224.46367	        P1	
 477.93794	 491.44501	 767.60405	        P1	
 878.95184	 667.63713	 265.13489	        P1	
 161.41440	1028.03014	 275.94621	        P1	
 206.81220	 295.59509	 119.43938	        P1	
 689.79434	 144.88528	 366.55537	        P1	
 128.62710	 678.55813	 691.40998	        P1	
 915.52229	 356.75269	 361.92194	        P1	
 189.15750	 429.55933	 368.61471	        P1	
 645.65759	 317.43709	 181.21837	        P1	
 665.83439	 375.68241	 222.40439	        P1	
 904.17284	  57.51728	  76.19408	        P1	
 472.89374	 203.13060	 304.26157	        P1	
 441.36750	 384.41921	 390.75216	        P1	
 601.52084	  13.83328	1016.77933	        P1	
 272.38680	 678.55813	 961.69310	        P1	
 315.26250	  65.52600	 834.01648	        P1	
 373.27080	 655.26001	 446.35326	        P1	
 793.20044	 392.42793	 912.26990	        P1	
 765.45734	 328.35809	 380.45564	        P1	
  47.91990	 776.11910	 928.74426	        P1	
1000.01264	 296.32313	 747.01108	        P1	
 330.39510	 808.15402	 525.12149	        P1	
 344.26665	 747.72450	 454.59044	        P1	
 558.64514	 688.02302	 790.77118	        P1	
  32.78730	 176.19212	 172.46639	        P1	
 686.01119	 511.10281	 722.81428	        P1	
 566.21144	 206.04289	 366.55537	        P1	
 933.17699	 947.94282	 971.47475	        P1	
 105.92820	 904.25882	 271.82759	        P1	
 186.63540	 199.49029	 670.81694	        P1	
 877.69079	 447.03293	 153.93269	        P1	
 765.45734	1001.09170	 825.26443	        P1	
 780.58994	 657.44421	 390.75216	        P1	
 278.69205	 789.95234	 722.29948	        P1	
 315.26250	 544.59389	1027.59065	        P1	
 993.70739	 633.41801	 897.33995	        P1	
 482.98214	 782.67170	 899.39923	        P1	
 127.36605	 648.70741	 333.60659	        P1	
 337.96140	 550.41841	  67.95690	        P1	
 442.62855	 923.91662	 223.94887	        P1	
 813.37724	 412.81381	 475.69829	        P1	
  52.96410	 547.50613	 438.11608	        P1	
  32.78730	 532.94481	 125.10247	        P1	
 554.86199	 499.45373	 277.49069	        P1	
  10.08840	 832.90830	 460.76834	        P1	
 127.36605	 925.37274	 615.73070	        P1	
 924.34964	 715.68953	  84.43132	        P1	
 576.29984	 427.37513	 240.42329	        P1	
 284.99730	 614.48830	 780.47466	        P1	
 958.39799	 512.55893	 870.56907	        P1	
1006.31789	 206.77092	 776.35610	        P1	
 991.18529	1010.55654	 623.45308	        P1	
 171.50280	 738.25962	 279.54997	        P1	
  81.96825	 722.97022	 539.02176	        P1	
 774.28469	 433.92773	 955.51520	        P1	
 494.33159	 531.48869	 885.49896	        P1	
 620.43659	 875.13614	 442.74951	        P1	
 849.94769	 885.32910	 590.50424	        P1	
 841.12034	 951.58314	 827.32377	        P1	
 549.81779	 844.55734	 734.65528	        P1	
 257.25420	 786.31202	  38.61187	        P1	
 726.36479	 511.10281	 106.56877	        P1	
 484.24319	 614.48830	 453.04597	        P1	
 288.78045	 402.62089	 768.11886	        P1	
 610.34819	 103.38548	  45.30458	        P1	
  20.17680	 809.61014	 617.27518	        P1	
 839.85929	 888.24134	1011.11629	        P1	
 494.33159	1001.81974	 302.20229	        P1	
 148.80390	 100.47320	 735.17008	        P1	
 390.92550	 726.61053	 252.77909	        P1	
 617.91449	 800.87334	 331.54731	        P1	
 325.35090	 138.33268	  14.41508	        P1	
 480.46004	  64.79792	 986.40470	        P1	
 185.37435	1006.91622	 100.39087	        P1	
 370.74870	 991.62682	 871.08388	        P1	
 725.10374	 469.60301	 302.71709	        P1	
 683.48909	  17.47360	1039.43165	        P1	
  22.69890	 640.69870	 348.02167	        P1	
 809.59409	 774.66294	 536.96248	        P1	
 511.98629	 467.41881	 580.72258	        P1	
 895.34549	 112.12228	 842.25366	        P1	
1022.71154	  95.37672	 455.10531	        P1	
 557.38409	 126.68360	 784.59328	        P1	
 257.25420	 945.03054	   5.66310	        P1	
 984.88004	 594.83049	 941.10005	        P1	
 566.21144	 492.90113	 740.83318	        P1	
 262.29840	 570.80429	 119.43938	        P1	
 684.75014	 916.63594	 203.35589	        P1	
 452.71694	 111.39420	 821.66068	        P1	
 770.50154	 820.53114	 104.50949	        P1	
 923.08859	 613.03213	 967.87100	        P1	
 556.12304	 634.14610	 761.94096	        P1	
 960.92009	 262.10401	  94.21297	        P1	
 938.22119	 238.80589	 483.93547	        P1	
 741.49739	  43.68400	 290.36129	        P1	
 133.67130	 662.54070	 639.92744	        P1	
 638.09129	 682.92653	 411.86001	        P1	
  92.05665	 900.61850	 769.66333	        P1	
 634.30814	  22.57008	 669.27246	        P1	
  30.26520	 364.03333	 652.79810	        P1	
 122.32185	 821.98730	 318.67665	        P1	
 779.32889	1012.01270	 403.62277	        P1	
 991.18529	 241.71812	 438.11608	        P1	
 844.90349	 846.01350	  40.67115	        P1	
 538.46834	 903.53074	 771.72268	        P1	
 189.15750	 537.31321	 328.97317	        P1	
 446.41170	 981.43390	 483.93547	        P1	
 775.54574	 676.37393	 129.22109	        P1	
 794.46149	 586.82173	 419.58238	        P1	
 865.08029	 812.52242	1002.36425	        P1	
 132.41025	   9.46488	 164.22915	        P1	
 950.83169	 167.45532	 147.75479	        P1	
 456.50009	 158.71852	 635.80888	        P1	
 996.22949	 698.94402	 457.16459	        P1	
 520.81364	 386.60341	1014.72005	        P1	
 600.25979	1030.94242	 427.81956	        P1	
 895.34549	 643.61093	 726.93290	        P1	
 291.30255	 109.93808	 304.77637	        P1	
 693.57749	 117.94680	 372.21847	        P1	
1032.79994	 888.96942	 384.57426	        P1	
 837.33719	 272.29692	  10.29652	        P1	
  45.39780	 914.45174	 918.44780	        P1	
 890.30129	 321.80549	 423.70094	        P1	
 166.45860	 821.25922	 440.17536	        P1	
 203.02905	 880.23262	 401.56349	        P1	
1012.62314	  89.55220	 691.92478	        P1	
 701.14379	 364.03333	 300.65781	        P1	
 317.78460	 671.27750	 570.42606	        P1	
 918.04439	 658.17230	 324.85455	        P1	
 727.62584	   2.18420	 179.15910	        P1	
  79.44615	 446.30489	 436.05674	        P1	
 746.54159	 317.43709	  51.48248	        P1	
   1.26105	 388.05953	 506.07298	        P1	
 350.57190	 562.06749	 763.48543	        P1	
 388.40340	 346.55973	 987.94917	        P1	
 785.63414	 257.00752	 499.89508	        P1	
 566.21144	  93.92060	1019.35347	        P1	
 561.16724	 896.25010	 823.71996	        P1	
  81.96825	  66.25408	 201.29655	        P1	
 446.41170	 864.94322	 982.28607	        P1	
1026.49469	 270.84081	  43.24530	        P1	
1007.57894	 227.88489	 761.94096	        P1	
 384.62025	 757.91742	 359.86267	        P1	
 326.61195	 500.18181	 464.88696	        P1	
 424.97385	 599.19889	 843.79813	        P1	
 238.33845	 785.58394	 858.21327	        P1	
 606.56504	 335.63873	 135.39899	        P1	
 335.43930	 703.31242	 915.87365	        P1	
 621.69764	 492.90113	 845.85747	        P1	
 221.94480	 824.17150	 782.01913	        P1	
 421.19070	 103.38548	   3.60375	        P1	
 600.25979	 907.17110	 199.75207	        P1	
 398.49180	 626.13733	 844.31300	        P1	
 650.70179	 292.68281	 129.73590	        P1	
 230.77215	 626.86541	 778.41538	        P1	
  40.35360	 819.80310	 582.78186	        P1	
 765.45734	   5.09648	 508.64707	        P1	
 916.78334	  48.78048	 990.52325	        P1	
 674.66174	 568.62009	  53.02695	        P1	
 650.70179	1025.11790	 862.33183	        P1	
 274.90890	 473.24333	 374.79261	        P1	
 137.45445	 449.21713	  55.08629	        P1	
  12.61050	 458.68201	 322.79527	        P1	
 153.84810	 758.64550	 453.04597	        P1	
 337.96140	 784.85590	 558.07026	        P1	
 567.47249	 758.64550	 156.50678	        P1	
 818.42144	 999.63554	1031.19447	        P1	
  80.70720	 725.15442	 551.37756	        P1	
 625.48079	  59.70148	 584.32634	        P1	
 707.44904	 992.35490	 280.06477	        P1	
 554.86199	 720.78602	 687.29136	        P1	
 915.52229	 265.01629	 955.00033	        P1	
 455.23904	 753.54902	 463.34249	        P1	
 359.39925	 108.48192	 413.40448	        P1	
 669.61754	 527.84833	 479.81691	        P1	
 576.29984	 294.86701	 230.12677	        P1	
 218.16165	 923.91662	 240.93809	        P1	
1037.84414	 367.67369	 329.48797	        P1	
 340.48350	 455.76973	  61.26419	        P1	
 669.61754	 380.77889	 701.70644	        P1	
 232.03320	 474.69949	 230.64157	        P1	
 145.02075	 108.48192	 380.97051	        P1	
 450.19484	1030.21434	 771.72268	        P1	
 332.91720	  94.64868	 497.83574	        P1	
 484.24319	 563.52361	 395.38559	        P1	
 665.83439	1045.50374	 172.46639	        P1	
 108.45030	 784.85590	 349.56614	        P1	
 206.81220	 662.54070	 885.49896	        P1	
 639.35234	 257.00752	 141.57689	        P1	
 988.66319	1017.83722	 568.36679	        P1	
 674.66174	 171.09569	 670.81694	        P1	
 403.53600	 531.48869	 961.17823	        P1	
 849.94769	 851.83802	 736.71456	        P1	
 247.16580	 406.26121	 193.05937	        P1	
 938.22119	 349.47201	 401.56349	        P1	
 827.24879	  39.31560	  18.53370	        P1	
 284.99730	 993.08294	 666.69838	        P1	
 737.71424	 449.21713	 288.30201	        P1	
 678.44489	 471.78721	 630.14578	        P1	
 440.10645	 216.23580	  24.71160	        P1	
 890.30129	 666.90910	 287.78715	        P1	
1044.14939	 931.92534	  42.73049	        P1	
 539.72939	 230.06909	 965.81165	        P1	
 542.25149	 838.73282	1008.54215	        P1	
 925.61069	 977.06550	 477.75757	        P1	
 566.21144	 341.46329	 984.34535	        P1	
 535.94624	 558.42713	 362.43681	        P1	
 889.04024	  41.49980	 383.02979	        P1	
 298.86885	 570.07621	 679.56898	        P1	
 345.52770	 196.57800	 230.12677	        P1	
 733.93109	 738.25962	 506.58779	        P1	
 498.11474	 947.21474	 969.41547	        P1	
 204.29010	 629.04961	 747.52588	        P1	
 963.44219	 846.01350	 911.75503	        P1	
 471.63269	 947.94282	 642.50158	        P1	
 340.48350	 921.73242	 525.12149	        P1	
 476.67689	 240.26201	 914.32918	        P1	
 189.15750	 448.48909	 434.51227	        P1	
 991.18529	 668.36521	 586.90048	        P1	
 205.55115	 302.14769	 763.48543	        P1	
 141.23760	 342.19133	 648.16468	        P1	
 814.63829	 350.92813	 955.51520	        P1	
 590.17139	 273.75309	 866.96526	        P1	
 733.93109	 349.47201	 834.01648	        P1	
 407.31915	 951.58314	 831.95720	        P1	
 885.25709	 933.38150	 971.98955	        P1	
 730.14794	1009.82850	 812.90863	        P1	
  97.10085	 449.21713	 739.28870	        P1	
 107.18925	1033.12662	 846.37228	        P1	
 733.93109	 693.11950	 811.36416	        P1	
1027.75574	 466.69073	 368.61471	        P1	
 427.49595	1015.65302	1039.43165	        P1	
 529.64099	 800.87334	 184.82219	        P1	
 274.90890	 697.48790	 113.26148	        P1	
   2.52210	  52.42080	 922.05155	        P1	
 345.52770	 470.33109	 652.28324	        P1	
 680.96699	 299.96349	 973.53403	        P1	
 779.32889	 439.75229	 941.10005	        P1	
1020.18944	 489.98889	 137.97308	        P1	
 519.55259	 527.12029	 639.92744	        P1	
 771.76259	 136.87652	 282.12411	        P1	
 762.93524	 501.63793	  72.07552	        P1	
 895.34549	 599.92693	 170.92192	        P1	
 452.71694	 104.11352	 899.91410	        P1	
 964.70324	 572.98849	 891.67686	        P1	
 121.06080	 382.96309	 632.20506	        P1	
 424.97385	 578.81301	 308.89499	        P1	
 881.47394	  64.79792	 510.70641	        P1	
 389.66445	 779.75942	 772.23748	        P1	
 694.83854	 657.44421	  81.85717	        P1	
 974.79164	 654.53193	 473.63901	        P1	
 456.50009	 620.31281	  80.31270	        P1	
 500.63684	  42.95592	 987.94917	        P1	
  95.83980	 417.91029	 193.57417	        P1	
 196.72380	 945.03054	 232.70091	        P1	
 708.71009	  90.28028	 267.70897	        P1	
 882.73499	 698.94402	 749.07036	        P1	
 451.45589	 377.13853	 574.02988	        P1	
 896.60654	 408.44541	 952.94105	        P1	
 403.53600	 803.78562	 858.72808	        P1	
   1.26105	 208.95512	 510.70641	        P1	
 329.13405	 989.44262	 796.94908	        P1	
 494.33159	 212.59549	1004.42353	        P1	
 332.91720	  97.56092	 918.44780	        P1	
 247.16580	 508.19053	 407.22658	        P1	
1001.27369	  88.82412	  35.00812	        P1	
 510.72524	 734.61930	 656.91666	        P1	
 595.21559	 352.38429	 304.77637	        P1	
 549.81779	 912.99562	 889.61758	        P1	
 663.31229	 406.26121	 582.26706	        P1	
 127.36605	 868.58354	 456.64978	        P1	
 239.59950	 685.83882	 135.91380	        P1	
 765.45734	 131.78008	 775.84123	        P1	
 388.40340	 923.18854	 740.83318	        P1	
 911.73914	 240.99009	 737.22936	        P1	
 870.12449	1029.48630	1004.42353	        P1	
 131.14920	 463.05041	 494.23199	        P1	
 667.09544	 605.02341	 792.31565	        P1	
 605.30399	1009.10042	 779.95985	        P1	
 746.54159	 179.10440	  38.61187	        P1	
 658.26809	 929.01310	 947.27795	        P1	
  87.01245	 473.97141	 710.45848	        P1	
 722.58164	 409.90153	 529.24011	        P1	
 846.16454	1021.47754	 444.29398	        P1	
 901.65074	  86.63992	 246.60119	        P1	
 779.32889	 222.78840	 191.51489	        P1	
 372.00975	 453.58553	   5.66310	        P1	
 605.30399	 687.29493	  78.25342	        P1	
  79.44615	 792.86462	 520.48806	        P1	
 572.51669	 448.48909	 792.83046	        P1	
 749.06369	 192.20960	 372.21847	        P1	
 161.41440	 662.54070	 170.40705	        P1	
 152.58705	1001.09170	 366.55537	        P1	
 715.01534	 915.17982	 957.57447	        P1	
 847.42559	 330.54229	 706.33986	        P1	
 675.92279	 777.57522	 457.16459	        P1	
 924.34964	 970.51290	 757.30753	        P1	
 472.89374	 872.95194	 252.77909	        P1	
 938.22119	 548.96229	   2.05928	        P1	
 269.86470	 503.82213	 702.22130	        P1	
1045.41044	 721.51410	 341.84377	        P1	
 780.58994	1012.74074	 380.97051	        P1	
 177.80805	 166.72728	 837.62023	        P1	
 757.89104	 960.31994	 821.14587	        P1	
 421.19070	 200.94640	 142.09170	        P1	
   3.78315	 392.42793	 609.55280	        P1	
 561.16724	 326.90193	 641.98678	        P1	
 197.98485	 976.33742	 228.58229	        P1	
 210.59535	1020.02142	 495.77646	        P1	
 389.66445	 724.42633	 529.24011	        P1	
 905.43389	 831.45214	 697.58788	        P1	
 107.18925	  29.85072	 479.81691	        P1	
 199.24590	 218.42000	 549.83309	        P1	
 673.40069	 862.03094	 147.75479	        P1	
  97.10085	 207.49900	1019.35347	        P1	
 860.03609	  87.36800	 105.02430	        P1	
 896.60654	 814.70662	 934.40735	        P1	
  36.57045	 874.40810	 848.43156	        P1	
 482.98214	 350.20009	 916.38846	        P1	
 330.39510	 212.59549	 693.98406	        P1	
 747.80264	 284.67409	 170.40705	        P1	
 882.73499	 784.85590	 545.71447	        P1	
 238.33845	 510.37473	 485.99481	        P1	
  35.30940	 947.94282	 284.18339	        P1	
  10.08840	 669.82133	 825.77930	        P1	
 704.92694	 309.42833	 376.33709	        P1	
 388.40340	 384.41921	 234.76019	        P1	
 334.17825	 663.26873	 961.69310	        P1	
 359.39925	1008.37234	 376.33709	        P1	
 957.13694	 877.32034	 306.83571	        P1	
 416.14650	 562.06749	 613.67136	        P1	
 684.75014	 881.68874	 343.90311	        P1	
 622.95869	 196.57800	 149.81407	        P1	
 273.64785	 484.16433	 899.91410	        P1	
 771.76259	 115.03452	 467.46111	        P1	
 363.18240	 879.50454	 518.42878	        P1	
 543.51254	 443.39261	  18.53370	        P1	
 981.09689	 943.57442	 180.70357	        P1	
 762.93524	 420.09449	 195.11865	        P1	
 747.80264	 605.02341	  38.61187	        P1	
 736.45319	 218.42000	  69.50137	        P1	
 756.62999	 326.17389	 749.58516	        P1	
 537.20729	  26.21040	 549.83309	        P1	
 123.58290	 624.68121	 551.37756	        P1	
 965.96429	 200.94640	 710.45848	        P1	
 994.96844	 845.28542	 327.42869	        P1	
   3.78315	 602.11113	 784.07847	        P1	
 490.54844	 507.46249	 175.04047	        P1	
 113.49450	  49.50852	 974.04890	        P1	
 204.29010	 203.85869	  63.83828	        P1	
 896.60654	 931.19730	  83.91645	        P1	
 810.85514	 961.77610	 372.73327	        P1	
 288.78045	 511.83089	 471.57967	        P1	
 783.11204	  92.46448	 510.19154	        P1	
 913.00019	  11.64908	 763.48543	        P1	
 119.79975	 463.77849	 948.82243	        P1	
 993.70739	1014.92494	 543.14038	        P1	
 314.00145	 370.58593	 615.73070	        P1	
 374.53185	 523.47993	 413.40448	        P1	
 107.18925	1034.58274	1012.66077	        P1	
 544.77359	 416.45413	 634.26440	        P1	
 196.72380	 959.59190	 564.24816	        P1	
 264.82050	 597.01469	 454.59044	        P1	
 773.02364	 112.85032	 949.33730	        P1	
 947.04854	 475.42753	  92.15369	        P1	
  30.26520	 196.57800	 413.91929	        P1	
 662.05124	 443.39261	 773.78195	        P1	
 644.39654	 618.12861	 271.82759	        P1	
 965.96429	 853.29414	 461.28321	        P1	
 672.13964	 283.21792	  53.54182	        P1	
  85.75140	 548.96229	 751.12963	        P1	
 920.56649	 352.38429	 862.33183	        P1	
 601.52084	  77.90312	 652.79810	        P1	
 712.49324	 430.28741	 773.78195	        P1	
 735.19214	 123.04328	 144.15098	        P1	
 575.03879	 601.38309	 170.40705	        P1	
 706.18799	 333.45453	 549.31828	        P1	
 380.83710	 202.40252	1011.11629	        P1	
 375.79290	 380.05081	 854.09465	        P1	
 191.67960	 831.45214	 399.50421	        P1	
 153.84810	 388.78761	1008.54215	        P1	
 148.80390	  58.24532	 801.06770	        P1	
 622.95869	  39.31560	 199.23727	        P1	
 549.81779	 729.52282	 977.65265	        P1	
 704.92694	 104.11352	 524.60668	        P1	
 377.05395	 862.75902	 549.83309	        P1	
1010.10104	 928.28502	 105.02430	        P1	
 684.75014	 596.28661	 759.88168	        P1	
 552.33989	 515.47121	 946.76315	        P1	
 383.35920	 828.53990	 664.63904	        P1	
 833.55404	1021.47754	 271.31279	        P1	
 866.34134	 523.47993	 814.96797	        P1	
 725.10374	   6.55260	 444.80879	        P1	
 634.30814	 155.07820	  67.95690	        P1	
  74.40195	1001.09170	 267.70897	        P1	
 360.66030	 797.96110	1015.23485	        P1	
 786.89519	 308.70029	 595.13766	        P1	
 344.26665	 619.58473	 969.41547	        P1	
 808.33304	 146.34140	 230.12677	        P1	
1045.41044	 200.21832	 919.99227	        P1	
 361.92135	 810.33822	  86.49060	        P1	
 795.72254	 589.00593	 782.53400	        P1	
 612.87029	 313.06869	 817.54206	        P1	
 554.86199	 656.71613	 387.14841	        P1	
 116.01660	 493.62921	 773.78195	        P1	
 332.91720	 862.03094	 969.41547	        P1	
 306.43515	 976.33742	 650.22396	        P1	
 940.74329	 841.64510	  94.72778	        P1	
 648.17969	 998.90750	 695.52854	        P1	
 721.32059	 562.06749	 650.73876	        P1	
 918.04439	 694.57562	 792.31565	        P1	
 631.78604	 433.19969	 800.55283	        P1	
 949.57064	 737.53153	 529.24011	        P1	
 147.54285	 706.95273	 492.17271	        P1	
 820.94354	 296.32313	 166.28849	        P1	
 345.52770	 573.71653	 147.75479	        P1	
 528.37994	 306.51609	 774.29676	        P1	
 225.72795	 893.33782	 963.75237	        P1	
 610.34819	 559.15521	 574.54468	        P1	
 259.77630	 393.15601	 483.42066	        P1	
 837.33719	 851.83802	 370.67399	        P1	
 711.23219	 451.40133	 214.16722	        P1	
 600.25979	 165.99920	 840.19438	        P1	
 992.44634	  37.13140	 718.18086	        P1	
 687.27224	1040.40730	1016.77933	        P1	
 397.23075	 891.88170	 817.54206	        P1	
 375.79290	  56.78920	 290.36129	        P1	
  13.87155	 801.60142	 884.98415	        P1	
 796.98359	 499.45373	 654.34258	        P1	
 563.68934	 688.02302	 673.39108	        P1	
1013.88419	 779.03134	 980.22680	        P1	
 963.44219	  29.12268	 695.52854	        P1	
 953.35379	  43.68400	 426.27509	        P1	
 839.85929	 907.17110	  83.91645	        P1	
 899.12864	 922.46050	 979.71193	        P1	
 851.20874	 190.02540	 129.73590	        P1	
 126.10500	 585.36561	  20.07817	        P1	
 402.27495	 286.13021	 525.12149	        P1	
 871.38554	  31.30688	 312.49875	        P1	
 486.76529	 623.22510	 510.19154	        P1	
 182.85225	 223.51649	 644.56086	        P1	
 943.26539	 701.85630	 578.14844	        P1	
 457.76114	1011.28462	 716.63638	        P1	
 484.24319	 350.92813	 164.74402	        P1	
 341.74455	  19.65780	 939.04078	        P1	
 437.58435	 136.14848	   9.78165	        P1	
 936.96014	 778.30330	 806.73073	        P1	
  65.57460	   7.28068	 774.29676	        P1	
 977.31374	 484.16433	 319.19151	        P1	
 905.43389	 544.59389	 646.10534	        P1	
 738.97529	1013.46882	 563.73336	        P1	
 757.89104	  35.67528	 639.92744	        P1	
 540.99044	 508.91861	 625.51236	        P1	
   8.82735	 966.14450	 150.32888	        P1	
 488.02634	 814.70662	 588.44496	        P1	
 267.34260	 161.63080	 574.54468	        P1	
 629.26394	 982.16194	 251.23461	        P1	
 929.39384	 868.58354	 759.36688	        P1	
 100.88400	  13.10520	 475.69829	        P1	
 573.77774	 635.60221	  20.07817	        P1	
 504.41999	 672.73361	 532.84386	        P1	
1040.36624	 506.00633	 944.70387	        P1	
 395.96970	 795.04882	 568.36679	        P1	
 759.15209	 894.06590	 961.17823	        P1	
 129.88815	 261.37592	 777.90058	        P1	
 176.54700	 835.82054	 436.57161	        P1	
 462.80534	 115.76260	 298.08367	        P1	
 769.24049	 483.43629	 423.70094	        P1	
 979.83584	1037.49502	  50.96767	        P1	
 856.25294	 335.63873	 794.88980	        P1	
 440.10645	 629.77770	 854.60946	        P1	
 136.19340	 627.59350	 176.58495	        P1	
 800.76674	1002.54782	 512.76569	        P1	
1007.57894	 224.97260	 296.53919	        P1	
 226.98900	  37.85948	 224.46367	        P1	
 346.78875	 881.68874	 450.47188	        P1	
 329.13405	 795.77690	 819.08653	        P1	
 691.05539	 387.33149	 638.38296	        P1	
 219.42270	 631.96190	 712.51776	        P1	
 411.10230	 816.89082	 994.64187	        P1	
 505.68104	 755.00514	 289.84649	        P1	
 860.03609	 445.57681	 679.56898	        P1	
 569.99459	 978.52162	 594.62286	        P1	
 657.00704	 821.98730	 250.71975	        P1	
 205.55115	 838.00474	 654.34258	        P1	
 462.80534	 546.77809	 897.85476	        P1	
 902.91179	   2.91228	 965.81165	        P1	
 955.87589	 953.76734	 913.81437	        P1	
 677.18384	 921.00434	 294.47991	        P1	
 728.88689	 653.80390	 551.89236	        P1	
 163.93650	 840.18894	 510.70641	        P1	
1040.36624	 772.47874	 271.31279	        P1	
  98.36190	 618.85670	1039.94645	        P1	
 216.90060	 145.61332	 598.74148	        P1	
 150.06495	 894.79394	 739.28870	        P1	
 578.82194	 575.90073	 394.87079	        P1	
 437.58435	 849.65382	 932.86288	        P1	
 837.33719	 298.50733	 906.09200	        P1	
1026.49469	 189.29732	 926.17017	        P1	
 404.79705	 960.31994	 183.27772	        P1	
 132.41025	 123.04328	 226.00815	        P1	
 582.60509	 993.08294	 177.09982	        P1	
 706.18799	   4.36840	 389.20769	        P1	
 779.32889	 706.22470	 318.67665	        P1	
 899.12864	 835.09250	 392.81144	        P1	
 720.05954	 421.55061	 185.33700	        P1	
 837.33719	 730.97894	 679.05418	        P1	
 916.78334	 961.77610	 868.50973	        P1	
 264.82050	 208.22709	 164.22915	        P1	
 197.98485	 561.33941	 328.97317	        P1	
 726.36479	 793.59270	 466.94624	        P1	
 815.89934	 395.34021	 673.39108	        P1	
1037.84414	 271.56889	 337.21035	        P1	
 484.24319	 950.85510	1021.41275	        P1	
  13.87155	 855.47834	 850.49090	        P1	
 890.30129	1030.94242	 366.04057	        P1	
 411.10230	 739.71574	 158.56612	        P1	
 480.46004	 213.32352	 683.68760	        P1	
  29.00415	 750.63674	 697.58788	        P1	
 701.14379	 441.20841	 914.32918	        P1	
 831.03194	 957.40770	  90.09435	        P1	
  23.95995	 963.23222	 180.70357	        P1	
 525.85784	 206.04289	 386.63354	        P1	
 336.70035	  67.71020	 784.59328	        P1	
  74.40195	 615.21633	 475.18348	        P1	
 517.03049	 394.61213	 461.28321	        P1	
 895.34549	 560.61133	 116.86529	        P1	
 314.00145	 741.89994	 574.02988	        P1	
 577.56089	 470.33109	 947.27795	        P1	
1006.31789	 305.78801	 977.65265	        P1	
 730.14794	1009.82850	 627.57164	        P1	
 680.96699	1041.13534	 121.49872	        P1	
 670.87859	 416.45413	 808.79007	        P1	
 986.14109	 445.57681	 396.93006	        P1	
 471.63269	 426.64709	 162.68468	        P1	
 419.92965	 618.12861	 897.33995	        P1	
 398.49180	   1.45612	 232.70091	        P1	
 414.88545	 115.76260	 291.90577	        P1	
 760.41314	 484.16433	 963.23757	        P1	
 453.97799	 988.71454	 831.95720	        P1	
1008.83999	 136.87652	 604.91938	        P1	
 904.17284	 415.72609	 343.38825	        P1	
 860.03609	 816.89082	 562.18889	        P1	
  31.52625	 289.04249	 280.06477	        P1	
   2.52210	1042.59150	   2.05928	        P1	
 834.81509	 551.87453	 926.17017	        P1	
 271.12575	 468.14689	 514.82497	        P1	
 112.23345	 539.49741	 370.67399	        P1	
1035.32204	 500.18181	 990.00845	        P1	
 192.94065	 220.60420	1027.07585	        P1	
 906.69494	 388.05953	 759.36688	        P1	
 718.79849	 263.56012	 499.89508	        P1	
 992.44634	 989.44262	 679.56898	        P1	
 934.43804	 824.89954	 974.04890	        P1	
 446.41170	1041.13534	 980.22680	        P1	
 525.85784	 473.97141	 996.18635	        P1	
 703.66589	 199.49029	  34.49325	        P1	
 136.19340	 407.71733	 356.25891	        P1	
 911.73914	 404.07701	 654.85738	        P1	
 668.35649	 298.50733	1035.82789	        P1	
 935.69909	 452.85749	 348.02167	        P1	
1018.92839	 796.50494	 448.92741	        P1	
 360.66030	 910.08334	1018.83867	        P1	
 279.95310	  52.42080	 160.62540	        P1	
 547.29569	 685.83882	 290.36129	        P1	
 181.59120	 283.94601	 426.27509	        P1	
 286.25835	 843.82930	 133.33965	        P1	
 800.76674	 923.91662	 903.51785	        P1	
 517.03049	1023.66174	 949.33730	        P1	
1013.88419	 755.73322	 773.78195	        P1	
 760.41314	 459.41009	 786.65256	        P1	
 397.23075	 409.90153	1025.01657	        P1	
 622.95869	 279.57761	 644.04606	        P1	
  98.36190	 155.80628	 669.27246	        P1	
 389.66445	 220.60420	   7.72237	        P1	
 831.03194	 760.82970	 825.26443	        P1	
 778.06784	 913.72370	 780.47466	        P1	
 196.72380	 796.50494	 702.22130	        P1	
 548.55674	 128.86780	 154.44750	        P1	
 696.09959	 924.64470	 405.16724	        P1	
  35.30940	 538.76933	 172.46639	        P1	
 746.54159	 744.08414	 343.90311	        P1	
 731.40899	 540.22549	 712.51776	        P1	
 769.24049	 548.96229	 971.98955	        P1	
 397.23075	 194.39380	 525.12149	        P1	
 378.31500	 627.59350	 269.25345	        P1	
 962.18114	  66.25408	 916.38846	        P1	
 933.17699	 477.61173	  78.25342	        P1	
