2025.00000	   0.00000	   0.00000	   0.00000	
  34.04835	 609.39181	  69.50137	        P1	
 226.98900	 757.18934	 654.34258	        P1	
 620.43659	 963.96030	 868.50973	        P1	
 728.88689	 870.76774	   4.11862	        P1	
 625.48079	 953.76734	  53.54182	        P1	
 119.79975	  50.23660	 650.22396	        P1	
 522.07469	 547.50613	 504.52851	        P1	
 445.15065	 516.19929	 700.16196	        P1	
 738.97529	  81.54348	 354.19957	        P1	
 793.20044	 867.12742	  63.32347	        P1	
  39.09255	 150.70980	 291.90577	        P1	
 960.92009	 604.29533	 418.03791	        P1	
 925.61069	 199.49029	 584.32634	        P1	
  36.57045	 302.14769	 539.53657	        P1	
 605.30399	 889.69750	  15.95955	        P1	
 500.63684	 136.14848	 528.72524	        P1	
 176.54700	 774.66294	 493.71718	        P1	
 651.96284	 152.16592	 856.66880	        P1	
 822.20459	 613.03213	 462.82768	        P1	
 997.49054	 356.02461	 296.53919	        P1	
  50.44200	 516.92733	 326.91389	        P1	
 337.96140	 968.32870	 442.23464	        P1	
 872.64659	 170.36760	 545.19966	        P1	
 775.54574	 954.49542	 205.41517	        P1	
 947.04854	 488.53273	  78.25342	        P1	
 664.57334	 345.83169	 360.37747	        P1	
  50.44200	 349.47201	  55.60110	        P1	
 808.33304	 179.83249	 582.78186	        P1	
 819.68249	 262.10401	 854.09465	        P1	
 462.80534	 302.14769	 392.81144	        P1	
 957.13694	  12.37712	 269.76831	        P1	
 226.98900	 315.98093	 302.20229	        P1	
 693.57749	  24.75428	 887.04343	        P1	
 447.67274	  47.32432	 195.63352	        P1	
1029.01679	 843.10122	  24.71160	        P1	
 252.21000	 811.06630	 942.64453	        P1	
 680.96699	 428.10321	 767.60405	        P1	
 131.14920	 265.01629	  77.73855	        P1	
 873.90764	 733.16313	 912.26990	        P1	
 273.64785	 427.37513	 314.55809	        P1	
 126.10500	  39.31560	 345.96239	        P1	
  59.26935	1022.93370	 551.89236	        P1	
 310.21830	 540.22549	  70.01618	        P1	
 184.11330	1032.39854	 586.38568	        P1	
 498.11474	1021.47754	 604.91938	        P1	
 998.75159	 771.75070	 263.07555	        P1	
 915.52229	 489.26081	 920.50708	        P1	
 378.31500	 238.80589	 887.04343	        P1	
 379.57605	  13.83328	 584.32634	        P1	
 783.11204	 629.77770	 151.87335	        P1	
 800.76674	 593.37433	 252.77909	        P1	
 836.07614	 784.12782	 563.73336	        P1	
 604.04294	 599.19889	 473.12414	        P1	
 519.55259	 658.17230	  57.66038	        P1	
 573.77774	 411.35769	 626.02716	        P1	
 600.25979	 662.54070	 119.43938	        P1	
 456.50009	 572.26041	  94.21297	        P1	
 197.98485	 275.93729	 936.46663	        P1	
1016.40629	 923.18854	 994.12707	        P1	
 645.65759	 714.96150	 842.25366	        P1	
 508.20314	 125.95552	 288.30201	        P1	
 238.33845	 326.90193	  59.71972	        P1	
 514.50839	 511.10281	 166.80330	        P1	
 928.13279	 272.29692	  47.36392	        P1	
 104.66715	 424.46289	 205.92997	        P1	
 544.77359	 576.62881	 834.01648	        P1	
1021.45049	 514.01509	 397.44487	        P1	
 764.19629	 216.96389	  57.66038	        P1	
 157.63125	  32.76300	 767.60405	        P1	
 699.88274	 373.49821	 186.88147	        P1	
  99.62295	 181.28860	 767.60405	        P1	
 435.06225	 937.02182	 667.21318	        P1	
 833.55404	 773.93490	 961.17823	        P1	
 583.86614	 208.95512	 566.30751	        P1	
 735.19214	  86.63992	 326.91389	        P1	
  84.49035	 878.77650	 998.24563	        P1	
 488.02634	 229.34101	 588.44496	        P1	
  59.26935	 733.16313	 393.32631	        P1	
 303.91305	 634.14610	 539.53657	        P1	
  65.57460	 115.03452	 666.69838	        P1	
  20.17680	 228.61292	 289.84649	        P1	
 240.86055	 331.27033	 957.05967	        P1	
 586.38824	 328.35809	 751.12963	        P1	
 733.93109	 580.99721	 611.61208	        P1	
 680.96699	 508.19053	 345.44759	        P1	
 320.30670	 707.68082	 210.04859	        P1	
 761.67419	  90.28028	1027.59065	        P1	
 427.49595	 772.47874	 660.52048	        P1	
 228.25005	 788.49622	 172.98120	        P1	
1042.88834	 852.56610	 428.33437	        P1	
 104.66715	 899.16234	 115.32082	        P1	
 969.74744	 332.72649	 627.57164	        P1	
 311.47935	 300.69153	 226.52302	        P1	
 481.72109	  17.47360	1037.88717	        P1	
 447.67274	 354.56849	 428.33437	        P1	
 571.25564	1038.95114	 844.31300	        P1	
 329.13405	 201.67449	 521.00287	        P1	
 446.41170	  42.22788	 985.88983	        P1	
 802.02779	 535.85709	 885.49896	        P1	
 206.81220	 176.19212	 987.94917	        P1	
  10.08840	 738.25962	 112.74667	        P1	
 133.67130	 219.87612	 572.48541	        P1	
 372.00975	 364.76141	1006.99767	        P1	
 168.98070	 995.99522	 784.59328	        P1	
 209.33430	 412.08573	1017.29419	        P1	
 870.12449	 531.48869	 897.85476	        P1	
 382.09815	 810.33822	 718.18086	        P1	
   3.78315	 626.86541	 131.28037	        P1	
  17.65470	 275.20921	 872.62835	        P1	
1045.41044	 506.00633	 399.50421	        P1	
 104.66715	 159.44660	 383.02979	        P1	
 800.76674	  57.51728	 267.70897	        P1	
 137.45445	 153.62208	 415.97857	        P1	
 341.74455	 969.05674	 957.05967	        P1	
 418.66860	 218.42000	  88.03507	        P1	
 625.48079	 106.29772	 320.73599	        P1	
 206.81220	 115.03452	 555.49618	        P1	
1011.36209	 594.10241	 932.86288	        P1	
  52.96410	 247.54269	 516.36944	        P1	
  40.35360	  80.08732	  24.19679	        P1	
1040.36624	1024.38982	 494.23199	        P1	
 916.78334	 190.02540	 724.35876	        P1	
 928.13279	 859.11870	 459.22387	        P1	
 157.63125	 214.77969	 360.37747	        P1	
 752.84684	 440.48033	 708.39920	        P1	
 253.47105	  51.69272	 926.17017	        P1	
 479.19899	 298.50733	 183.27772	        P1	
1012.62314	 157.99048	 701.70644	        P1	
 913.00019	 894.06590	  34.49325	        P1	
 116.01660	 827.08374	 424.21581	        P1	
 813.37724	 554.05873	1006.48287	        P1	
1037.84414	 388.05953	 518.42878	        P1	
 546.03464	 782.67170	 269.25345	        P1	
 210.59535	 503.09409	 133.33965	        P1	
 506.94209	 733.89122	 495.77646	        P1	
 421.19070	 742.62802	 915.87365	        P1	
 646.91864	 533.67289	 324.85455	        P1	
 513.24734	  66.25408	 786.65256	        P1	
 575.03879	 281.03373	 998.76049	        P1	
 119.79975	1008.37234	 306.83571	        P1	
 778.06784	 603.56729	 275.43135	        P1	
 418.66860	 548.96229	  88.54988	        P1	
 216.90060	 381.50693	  61.26419	        P1	
 232.03320	 479.06789	 508.64707	        P1	
1032.79994	 388.05953	 314.55809	        P1	
 968.48639	 144.15720	 934.40735	        P1	
 302.65200	 636.33030	 893.22133	        P1	
 596.47664	1024.38982	 278.00549	        P1	
 987.40214	 961.77610	 331.03245	        P1	
 851.20874	 658.90033	 376.33709	        P1	
 750.32474	 171.09569	 360.37747	        P1	
 431.27910	 500.90989	 448.41254	        P1	
  92.05665	 233.70941	 378.39637	        P1	
 617.91449	 364.03333	 561.67408	        P1	
 223.20585	 417.18221	  92.66850	        P1	
 387.14235	 910.81142	 742.89246	        P1	
  92.05665	 112.85032	 158.56612	        P1	
 192.94065	 358.93689	 232.18605	        P1	
 760.41314	 294.86701	 228.58229	        P1	
 471.63269	 946.48670	 429.87884	        P1	
 281.21415	 363.30529	 403.62277	        P1	
 730.14794	 277.39341	 969.93027	        P1	
 392.18655	   2.18420	 199.23727	        P1	
  71.87985	 685.11073	 350.08101	        P1	
 799.50569	 208.22709	 385.08907	        P1	
 614.13134	  42.95592	 961.69310	        P1	
 437.58435	 923.91662	 284.18339	        P1	
 924.34964	 941.39022	 438.63089	        P1	
 305.17410	  55.33308	 615.21584	        P1	
 316.52355	 900.61850	 269.25345	        P1	
 609.08714	  88.09608	 854.60946	        P1	
 723.84269	 343.64749	1041.49093	        P1	
  23.95995	 702.58433	1025.01657	        P1	
 764.19629	 850.38190	 286.24267	        P1	
1005.05684	 210.41129	 551.89236	        P1	
 735.19214	1046.23182	 835.56095	        P1	
 863.81924	 609.39181	 636.32368	        P1	
 271.12575	 779.75942	 871.08388	        P1	
 979.83584	 858.39062	 988.46397	        P1	
 686.01119	  68.43828	 479.30204	        P1	
 293.82465	1034.58274	 987.94917	        P1	
  69.35775	 839.46090	 978.16745	        P1	
 909.21704	 750.63674	 654.34258	        P1	
 141.23760	 199.49029	1021.41275	        P1	
 794.46149	 203.85869	 263.07555	        P1	
 407.31915	 938.47794	 127.67662	        P1	
  45.39780	 878.04842	  86.49060	        P1	
 268.60365	 475.42753	 283.66859	        P1	
1031.53889	 112.12228	 675.45036	        P1	
 678.44489	 838.73282	 630.14578	        P1	
  30.26520	 464.50653	 541.59591	        P1	
 670.87859	  27.66652	 325.36941	        P1	
 871.38554	 811.79434	 628.08650	        P1	
 201.76800	 895.52202	 736.71456	        P1	
 537.20729	 598.47081	 786.13775	        P1	
 803.28884	 685.11073	 553.95171	        P1	
 733.93109	 580.99721	 728.99218	        P1	
 987.40214	 773.93490	 337.21035	        P1	
 161.41440	 912.99562	  63.32347	        P1	
 588.91034	 896.25010	 304.77637	        P1	
 809.59409	 566.43589	 355.74404	        P1	
 619.17554	 738.98770	 564.24816	        P1	
 484.24319	 853.29414	 184.82219	        P1	
 203.02905	 728.79473	 492.17271	        P1	
 490.54844	 797.23302	 685.74688	        P1	
 479.19899	 416.45413	 566.30751	        P1	
 493.07054	 144.88528	 298.59847	        P1	
 286.25835	1025.84594	 265.13489	        P1	
 609.08714	 690.93530	 663.09456	        P1	
 129.88815	 820.53114	  28.83022	        P1	
 290.04150	 113.57840	 341.32897	        P1	
 491.80949	 101.92932	 709.94368	        P1	
 741.49739	  30.57880	 353.68477	        P1	
 147.54285	 612.30409	 335.66587	        P1	
 906.69494	  44.41208	 973.53403	        P1	
 397.23075	 227.88489	 829.89786	        P1	
  84.49035	 273.02501	 858.72808	        P1	
 274.90890	  29.12268	 335.66587	        P1	
 915.52229	 961.04802	 370.67399	        P1	
 110.97240	 154.35012	 512.25088	        P1	
 712.49324	 532.21673	 442.74951	        P1	
 602.78189	 610.11989	 170.40705	        P1	
 167.71965	 174.00792	 981.77127	        P1	
 105.92820	 314.52481	 557.55546	        P1	
 878.95184	  19.65780	  55.60110	        P1	
 798.24464	 466.69073	 283.66859	        P1	
 127.36605	 797.23302	 977.65265	        P1	
 682.22804	 462.32233	  28.83022	        P1	
 931.91594	1030.21434	 257.41251	        P1	
 102.14505	 203.13060	 549.83309	        P1	
 926.87174	 648.70741	 364.49609	        P1	
 310.21830	 508.19053	  78.25342	        P1	
 881.47394	 999.63554	 893.73620	        P1	
 837.33719	  42.22788	1016.77933	        P1	
 379.57605	 683.65462	 166.80330	        P1	
 404.79705	 181.28860	 279.54997	        P1	
 798.24464	 305.05993	 467.46111	        P1	
  29.00415	 591.91821	 576.08916	        P1	
 968.48639	 910.08334	 506.07298	        P1	
 587.64929	 425.19093	 467.46111	        P1	
1012.62314	 120.13100	 271.82759	        P1	
 360.66030	 522.75189	 897.85476	        P1	
1023.97259	 867.85550	 576.60396	        P1	
 717.53744	 516.19929	 992.06773	        P1	
 593.95454	 840.91702	 143.63617	        P1	
1031.53889	 407.71733	 506.07298	        P1	
 176.54700	   0.00000	 358.31819	        P1	
 112.23345	  85.18380	 421.64166	        P1	
1030.27784	 622.49701	   1.54447	        P1	
 257.25420	 898.43430	 609.03794	        P1	
  66.83565	  83.72768	 664.63904	        P1	
 143.75970	 155.80628	 743.40726	        P1	
 653.22389	1045.50374	 257.41251	        P1	
 836.07614	 781.21554	 351.62549	        P1	
 833.55404	 609.39181	 230.12677	        P1	
 363.18240	1032.39854	 825.77930	        P1	
  21.43785	 293.41089	 689.35064	        P1	
 172.76385	 970.51290	 737.22936	        P1	
 271.12575	 787.04010	 891.67686	        P1	
 730.14794	  13.83328	 693.98406	        P1	
 861.29714	 143.42912	 523.06221	        P1	
  63.05250	 348.01589	 836.07576	        P1	
 994.96844	 409.90153	 882.92487	        P1	
 619.17554	  76.44700	 230.12677	        P1	
 147.54285	 519.11153	 326.91389	        P1	
  18.91575	 436.11193	 337.72521	        P1	
 157.63125	 638.51450	 471.57967	        P1	
 421.19070	  94.64868	 145.69545	        P1	
 597.73769	 723.69830	 324.85455	        P1	
 514.50839	 735.34734	 864.39117	        P1	
 433.80120	 691.66333	 603.37491	        P1	
 854.99189	 101.92932	 635.80888	        P1	
  40.35360	  72.80668	 545.71447	        P1	
 578.82194	 881.68874	 549.31828	        P1	
 909.21704	 708.40890	 175.04047	        P1	
 255.99315	 880.23262	 872.62835	        P1	
1002.53474	 418.63833	 431.93818	        P1	
  27.74310	 385.87533	 265.13489	        P1	
 678.44489	 193.66572	 969.41547	        P1	
 549.81779	 704.76853	 726.93290	        P1	
 218.16165	 427.37513	1042.00579	        P1	
 939.48224	 564.25169	 510.19154	        P1	
 174.02490	 524.20801	1006.99767	        P1	
 602.78189	  64.06988	 749.58516	        P1	
 989.92424	 424.46289	 502.46917	        P1	
 645.65759	 892.60974	 634.26440	        P1	
 857.51399	 436.84001	 897.33995	        P1	
 494.33159	 626.13733	 924.62570	        P1	
 515.76944	 950.12702	 574.54468	        P1	
 684.75014	 669.09330	 465.40177	        P1	
 993.70739	  17.47360	 901.97338	        P1	
 920.56649	 790.68042	 500.40989	        P1	
 557.38409	1026.57402	 952.94105	        P1	
 660.79019	 636.33030	 724.87356	        P1	
 680.96699	 554.78681	 747.52588	        P1	
 973.53059	 327.63001	 545.19966	        P1	
 298.86885	 980.70582	 452.53116	        P1	
 394.70865	 121.58712	 166.28849	        P1	
 219.42270	 468.87493	 529.24011	        P1	
 583.86614	 235.16552	  72.07552	        P1	
 139.97655	 682.19850	 256.89765	        P1	
 152.58705	 536.58513	 444.29398	        P1	
 738.97529	 979.97774	 957.05967	        P1	
 989.92424	 214.77969	 971.98955	        P1	
 949.57064	  69.16632	 597.19701	        P1	
 373.27080	 528.57641	 376.85189	        P1	
 181.59120	 269.38469	 232.18605	        P1	
 356.87715	 485.62049	 144.15098	        P1	
1046.67149	  34.94720	   7.72237	        P1	
 889.04024	 143.42912	 444.29398	        P1	
 223.20585	   8.00872	 382.51499	        P1	
 491.80949	 672.73361	 755.24826	        P1	
 223.20585	 220.60420	1039.43165	        P1	
1047.93254	 165.27112	 975.59337	        P1	
 783.11204	 175.46409	 343.38825	        P1	
 736.45319	 364.03333	 870.56907	        P1	
 343.00560	 152.89400	 432.45299	        P1	
 867.60239	 585.36561	 897.33995	        P1	
 187.89645	 449.21713	 543.14038	        P1	
 331.65615	 433.19969	 380.45564	        P1	
 481.72109	 480.52401	 674.93556	        P1	
 147.54285	 340.00713	 652.79810	        P1	
 641.87444	 733.16313	 123.04319	        P1	
 324.08985	  25.48232	 245.05671	        P1	
 268.60365	  22.57008	1009.05695	        P1	
 453.97799	 192.20960	 426.27509	        P1	
  27.74310	 569.34813	 598.74148	        P1	
 969.74744	 261.37592	 201.81142	        P1	
 674.66174	 708.40890	 508.64707	        P1	
 481.72109	 331.99841	1002.36425	        P1	
 654.48494	 356.02461	 718.18086	        P1	
 601.52084	 338.55101	 932.86288	        P1	
 349.31085	 787.04010	 695.52854	        P1	
 291.30255	 147.79752	 462.82768	        P1	
 942.00434	1005.46010	   2.05928	        P1	
 249.68790	 704.76853	 133.85452	        P1	
 654.48494	 232.25329	 448.41254	        P1	
 118.53870	 128.13972	 394.87079	        P1	
 281.21415	 605.02341	 796.94908	        P1	
 895.34549	 221.33229	 582.78186	        P1	
 298.86885	 321.07741	 111.20220	        P1	
 650.70179	 196.57800	 475.69829	        P1	
 491.80949	 837.27670	 769.66333	        P1	
 926.87174	  15.28940	 593.07838	        P1	
1031.53889	 420.82253	1025.01657	        P1	
 658.26809	 883.87294	  65.89762	        P1	
 499.37579	 812.52242	 866.45045	        P1	
 148.80390	  62.61372	 425.76028	        P1	
 419.92965	  92.46448	  45.30458	        P1	
 485.50424	 203.13060	 341.32897	        P1	
  64.31355	   9.46488	 837.62023	        P1	
 366.96555	 262.83209	 868.50973	        P1	
 843.64244	 794.32074	 709.94368	        P1	
1017.66734	 168.18340	1019.35347	        P1	
 548.55674	 657.44421	 142.09170	        P1	
 377.05395	  91.00832	 689.86550	        P1	
 471.63269	 765.92614	 852.03537	        P1	
 977.31374	 382.23501	 926.68498	        P1	
  61.79145	 452.12941	 378.39637	        P1	
 848.68664	 845.28542	 217.77097	        P1	
 329.13405	  60.42952	  73.61999	        P1	
 175.28595	 354.56849	 706.33986	        P1	
 752.84684	 934.10954	 733.11080	        P1	
 204.29010	 110.66612	 974.04890	        P1	
  88.27350	 576.62881	 376.85189	        P1	
 311.47935	 369.12981	  94.21297	        P1	
 504.41999	 540.22549	 744.95173	        P1	
 794.46149	 251.91109	 182.76285	        P1	
 730.14794	 705.49662	 673.39108	        P1	
 848.68664	 874.40810	 700.16196	        P1	
1006.31789	 350.92813	 598.74148	        P1	
 163.93650	 560.61133	 300.65781	        P1	
 953.35379	 117.94680	 730.53666	        P1	
 533.42414	 111.39420	 378.39637	        P1	
 426.23490	 333.45453	 152.38822	        P1	
 364.44345	 581.72529	 436.05674	        P1	
 331.65615	 540.95353	 887.55830	        P1	
 480.46004	 677.83010	 479.30204	        P1	
 443.88960	 304.33189	1016.77933	        P1	
 686.01119	  17.47360	 704.28058	        P1	
 988.66319	 991.62682	 489.59856	        P1	
  92.05665	 606.47953	  96.78712	        P1	
 744.01949	 796.50494	 257.41251	        P1	
 733.93109	1009.10042	 308.89499	        P1	
 650.70179	 556.24293	  79.79789	        P1	
1034.06099	 748.45254	 184.82219	        P1	
 255.99315	 644.33901	 705.82506	        P1	
 916.78334	 420.09449	 984.34535	        P1	
 638.09129	 707.68082	1027.07585	        P1	
  17.65470	 878.04842	 390.75216	        P1	
 765.45734	 730.25090	 837.62023	        P1	
 857.51399	 129.59588	 102.45015	        P1	
 110.97240	 417.91029	 917.93293	        P1	
 788.15624	 913.72370	 193.57417	        P1	
 134.93235	 208.95512	  78.25342	        P1	
 641.87444	 104.11352	 467.46111	        P1	
 838.59824	 935.56570	 113.26148	        P1	
 225.72795	 554.05873	1042.00579	        P1	
 136.19340	 160.17469	 646.10534	        P1	
 889.04024	 219.14809	 403.62277	        P1	
 528.37994	1001.09170	  46.84905	        P1	
 543.51254	 369.12981	 945.21868	        P1	
 171.50280	 977.06550	  63.83828	        P1	
 959.65904	 254.09529	  46.84905	        P1	
  42.87570	 923.18854	 215.71169	        P1	
 591.43244	 190.02540	 588.44496	        P1	
 460.28324	 572.98849	 601.31556	        P1	
 808.33304	 561.33941	 674.93556	        P1	
 890.30129	 428.10321	 994.64187	        P1	
1012.62314	  79.35928	 737.22936	        P1	
 165.19755	 143.42912	 234.24539	        P1	
 673.40069	 998.90750	 646.10534	        P1	
 148.80390	 129.59588	  45.30458	        P1	
 567.47249	  39.31560	 160.62540	        P1	
 972.26954	 492.90113	 363.98129	        P1	
 582.60509	 812.52242	 290.36129	        P1	
 124.84395	  98.28900	 792.31565	        P1	
 754.10789	 934.83762	 619.33446	        P1	
  73.14090	 192.20960	 747.52588	        P1	
 556.12304	 338.55101	 316.61737	        P1	
 524.59679	 193.66572	 289.84649	        P1	
 139.97655	  34.21912	 566.30751	        P1	
 620.43659	 221.33229	 343.38825	        P1	
 686.01119	 908.62722	 166.80330	        P1	
 958.39799	1001.81974	 271.31279	        P1	
 832.29299	 423.73481	 772.23748	        P1	
 518.29154	 455.04169	 477.75757	        P1	
  89.53455	 217.69192	 510.70641	        P1	
 155.10915	 194.39380	 458.70906	        P1	
 606.56504	 465.23461	  44.78977	        P1	
 107.18925	 843.82930	1035.31303	        P1	
  36.57045	  25.48232	 603.37491	        P1	
 480.46004	 657.44421	 339.78449	        P1	
 171.50280	 208.22709	1022.95723	        P1	
 935.69909	 595.55853	  78.25342	        P1	
 509.46419	 343.64749	 473.12414	        P1	
 824.72669	 265.01629	  26.77088	        P1	
 221.94480	 620.31281	 994.64187	        P1	
 622.95869	 378.59469	 263.07555	        P1	
 611.60924	 153.62208	 996.70115	        P1	
 722.58164	 641.42673	   4.11862	        P1	
 958.39799	 666.90910	 676.99484	        P1	
 759.15209	 452.85749	 242.99737	        P1	
 359.39925	 242.44621	  69.50137	        P1	
 223.20585	 370.58593	 833.50167	        P1	
 771.76259	 378.59469	 644.56086	        P1	
 655.74599	  72.80668	 683.17274	        P1	
1023.97259	 200.94640	 803.12698	        P1	
 174.02490	  77.17508	 366.55537	        P1	
 215.63955	 810.33822	 661.03528	        P1	
 472.89374	 615.21633	 166.28849	        P1	
 240.86055	 811.79434	 943.15940	        P1	
  47.91990	 112.12228	 114.80595	        P1	
 973.53059	 340.73521	 155.99197	        P1	
 742.75844	 724.42633	 677.50970	        P1	
 490.54844	 881.68874	 629.63098	        P1	
 880.21289	 837.27670	1016.77933	        P1	
 749.06369	 250.45492	 821.14587	        P1	
 622.95869	 297.05121	 285.72787	        P1	
 113.49450	 260.64789	 213.65235	        P1	
 192.94065	 642.88290	 953.45585	        P1	
 878.95184	 826.35570	 899.39923	        P1	
 206.81220	 326.17389	 465.40177	        P1	
 511.98629	 995.99522	  63.32347	        P1	
 823.46564	 979.24970	 411.34514	        P1	
  97.10085	 401.16473	 411.86001	        P1	
 744.01949	 956.67962	 588.44496	        P1	
 902.91179	 668.36521	 926.68498	        P1	
 915.52229	 864.94322	 216.22649	        P1	
 300.12990	 613.03213	 862.84670	        P1	
 128.62710	 154.35012	1004.93839	        P1	
 498.11474	1024.38982	 296.53919	        P1	
 684.75014	 894.79394	 158.56612	        P1	
 889.04024	 849.65382	 259.47179	        P1	
 619.17554	  51.69272	 331.54731	        P1	
  44.13675	  91.00832	 776.35610	        P1	
 921.82754	 337.09489	  59.20485	        P1	
 317.78460	 460.13813	 825.77930	        P1	
 307.69620	  37.85948	 812.90863	        P1	
1025.23364	 880.23262	 322.79527	        P1	
  71.87985	 406.98929	 805.18626	        P1	
 368.22660	 251.91109	 411.34514	        P1	
 224.46690	 649.43550	 374.27774	        P1	
 706.18799	 537.31321	 446.35326	        P1	
 731.40899	 620.31281	 432.45299	        P1	
 436.32330	 503.82213	 152.38822	        P1	
 878.95184	 516.19929	 125.61728	        P1	
 181.59120	 902.80270	 812.90863	        P1	
 942.00434	 897.70622	 230.12677	        P1	
 708.71009	 299.96349	 720.24014	        P1	
 590.17139	 512.55893	 518.42878	        P1	
 856.25294	 621.04089	1002.87905	        P1	
 976.05269	 276.66532	 345.44759	        P1	
 195.46275	 587.54981	 549.83309	        P1	
  79.44615	   8.00872	 461.28321	        P1	
 408.58020	 384.41921	 396.93006	        P1	
  12.61050	 253.36721	 129.73590	        P1	
  68.09670	 525.66413	  72.07552	        P1	
 902.91179	 591.19013	 912.26990	        P1	
 918.04439	 570.80429	 158.05125	        P1	
 419.92965	  82.27152	 516.88431	        P1	
  99.62295	 360.39301	 778.41538	        P1	
 551.07884	 431.74353	 845.85747	        P1	
 295.08570	 352.38429	 273.88687	        P1	
 871.38554	 233.70941	 298.08367	        P1	
 854.99189	 610.11989	 491.65784	        P1	
 901.65074	 114.30648	 874.68763	        P1	
 117.27765	 644.33901	 254.83837	        P1	
 668.35649	 592.64629	 829.89786	        P1	
 179.06910	 978.52162	 932.86288	        P1	
 930.65489	 378.59469	 324.85455	        P1	
 121.06080	 827.08374	1025.01657	        P1	
 944.52644	 507.46249	  46.84905	        P1	
  61.79145	 811.79434	 368.61471	        P1	
 244.64370	 633.41801	 117.38010	        P1	
 728.88689	 668.36521	 631.69026	        P1	
 279.95310	 726.61053	 177.09982	        P1	
 404.79705	 705.49662	 494.23199	        P1	
 389.66445	 711.32113	1004.93839	        P1	
 929.39384	 249.72689	 504.01364	        P1	
 336.70035	 252.63912	 697.58788	        P1	
 378.31500	 461.59429	 361.92194	        P1	
 692.31644	 621.04089	 565.79264	        P1	
 134.93235	 382.23501	 310.43947	        P1	
 471.63269	 279.57761	 413.91929	        P1	
 650.70179	  36.40332	  53.54182	        P1	
 590.17139	 824.17150	  82.37198	        P1	
 971.00849	 158.71852	 850.49090	        P1	
 540.99044	 639.97061	 915.87365	        P1	
 974.79164	 136.14848	 521.00287	        P1	
 854.99189	  96.10480	 143.63617	        P1	
 648.17969	 623.22510	 374.27774	        P1	
 489.28739	 527.12029	 836.07576	        P1	
 847.42559	 720.78602	 458.70906	        P1	
  52.96410	 509.64669	 448.41254	        P1	
 524.59679	 629.04961	 298.08367	        P1	
 416.14650	 682.92653	  78.25342	        P1	
 509.46419	 921.73242	 562.18889	        P1	
 307.69620	  68.43828	 267.70897	        P1	
 411.10230	 267.92852	 257.41251	        P1	
 820.94354	 554.05873	 325.36941	        P1	
 523.33574	 642.88290	 831.44233	        P1	
 525.85784	 884.60102	 945.21868	        P1	
  13.87155	 373.49821	 501.95436	        P1	
 194.20170	 496.54149	 372.73327	        P1	
 214.37850	 728.06670	 343.38825	        P1	
  97.10085	  26.93848	 324.85455	        P1	
 670.87859	  75.71892	 294.47991	        P1	
 271.12575	 880.23262	 742.89246	        P1	
 854.99189	 946.48670	 973.53403	        P1	
 383.35920	  58.24532	 115.32082	        P1	
 960.92009	 417.91029	 417.52304	        P1	
 575.03879	 963.96030	 794.37493	        P1	
 242.12160	  91.73640	 247.11599	        P1	
 170.24175	1021.47754	 337.72521	        P1	
 128.62710	 621.76893	  36.55259	        P1	
1046.67149	 397.52441	 792.31565	        P1	
 180.33015	  41.49980	 514.31016	        P1	
 978.57479	  10.19292	 448.92741	        P1	
 673.40069	 595.55853	 296.02439	        P1	
 933.17699	  52.42080	 779.95985	        P1	
 365.70450	 442.66453	 992.58259	        P1	
 762.93524	 500.18181	 835.56095	        P1	
 828.50984	 827.81182	 872.62835	        P1	
 277.43100	 476.15561	 500.40989	        P1	
 880.21289	 516.92733	 912.26990	        P1	
 529.64099	 167.45532	 858.21327	        P1	
 561.16724	 661.81261	 415.46376	        P1	
 617.91449	 811.06630	 707.88434	        P1	
 383.35920	 627.59350	 978.16745	        P1	
 122.32185	 670.54941	 304.26157	        P1	
 287.51940	  65.52600	 328.97317	        P1	
 402.27495	 446.30489	 899.39923	        P1	
 953.35379	 714.96150	 590.50424	        P1	
 440.10645	 440.48033	 685.23208	        P1	
 107.18925	 179.83249	 731.05146	        P1	
  54.22515	1030.21434	 461.28321	        P1	
 883.99604	 485.62049	 744.95173	        P1	
1031.53889	 905.71494	 893.73620	        P1	
  85.75140	 831.45214	 629.63098	        P1	
 958.39799	   8.73680	 421.64166	        P1	
 464.06639	 232.98132	 455.10531	        P1	
 266.08155	 195.84992	 232.70091	        P1	
 306.43515	  67.71020	 298.08367	        P1	
 430.01805	 730.25090	 355.74404	        P1	
 746.54159	 589.73401	 446.35326	        P1	
 982.35794	 344.37553	 102.96502	        P1	
 571.25564	 827.81182	 679.56898	        P1	
 311.47935	 717.14570	 323.31007	        P1	
 955.87589	 304.33189	1033.76855	        P1	
 355.61610	 953.76734	 912.26990	        P1	
 894.08444	 661.81261	  30.88950	        P1	
 660.79019	 955.22350	 397.44487	        P1	
  93.31770	 551.87453	 302.20229	        P1	
 356.87715	 909.35530	 992.06773	        P1	
  17.65470	 923.18854	 578.66331	        P1	
 622.95869	 990.17070	 819.08653	        P1	
 731.40899	 195.12189	  88.54988	        P1	
 885.25709	 583.90949	 732.59593	        P1	
 751.58579	 789.22430	 442.23464	        P1	
 694.83854	 134.69232	 553.95171	        P1	
 904.17284	 398.25249	 751.12963	        P1	
 211.85640	 330.54229	 942.64453	        P1	
 360.66030	 154.35012	 899.91410	        P1	
 282.47520	 294.13893	 413.40448	        P1	
 128.62710	 259.19172	 326.91389	        P1	
  41.61465	 552.60261	 650.22396	        P1	
 988.66319	 262.10401	 352.14029	        P1	
 696.09959	 706.22470	 621.39374	        P1	
 539.72939	 214.05160	  30.88950	        P1	
  47.91990	  49.50852	 115.32082	        P1	
   7.56630	 348.01589	 868.50973	        P1	
 897.86759	 428.10321	 273.37207	        P1	
 496.85369	 802.32950	 201.29655	        P1	
 503.15894	 800.14530	 156.50678	        P1	
 544.77359	 978.52162	1006.99767	        P1	
 320.30670	 995.99522	 111.20220	        P1	
 841.12034	 450.67329	 596.68214	        P1	
 142.49865	 877.32034	 839.67957	        P1	
 805.81094	 386.60341	 210.04859	        P1	
 157.63125	 558.42713	  18.01890	        P1	
 258.51525	 194.39380	 230.12677	        P1	
  85.75140	 438.29613	 696.04340	        P1	
 209.33430	 477.61173	 326.91389	        P1	
 252.21000	  13.10520	 834.01648	        P1	
 411.10230	   2.91228	 658.46114	        P1	
  89.53455	 664.72490	 188.94075	        P1	
 436.32330	 783.39974	 697.58788	        P1	
 873.90764	 305.05993	 356.25891	        P1	
 464.06639	 993.08294	 411.86001	        P1	
 832.29299	 993.08294	 257.41251	        P1	
 885.25709	 773.20682	  80.31270	        P1	
 872.64659	 767.38230	  34.49325	        P1	
 239.59950	  14.56132	 623.45308	        P1	
  95.83980	 591.19013	 987.94917	        P1	
 612.87029	 744.08414	 586.38568	        P1	
 823.46564	 472.51529	 250.71975	        P1	
 843.64244	 961.77610	 176.58495	        P1	
 628.00289	 109.21000	 834.01648	        P1	
 274.90890	 610.11989	 578.14844	        P1	
 701.14379	 104.84160	 458.70906	        P1	
 592.69349	 642.15481	 304.26157	        P1	
 712.49324	 373.49821	 767.60405	        P1	
 474.15479	 241.71812	 203.35589	        P1	
  22.69890	 422.27869	 656.91666	        P1	
 667.09544	 881.68874	  35.00812	        P1	
  36.57045	 577.35689	 403.62277	        P1	
 131.14920	 198.03412	 790.25637	        P1	
 416.14650	 824.17150	 763.48543	        P1	
 730.14794	   8.00872	 586.38568	        P1	
 472.89374	 791.40850	 595.13766	        P1	
1034.06099	 378.59469	 652.28324	        P1	
 447.67274	 340.00713	  48.90839	        P1	
 628.00289	 837.27670	 360.37747	        P1	
 576.29984	 744.81222	 946.76315	        P1	
 326.61195	 998.17942	 291.90577	        P1	
 971.00849	 468.87493	 306.83571	        P1	
 602.78189	 982.89002	 673.39108	        P1	
 919.30544	 587.54981	 753.70378	        P1	
 496.85369	 348.01589	 213.65235	        P1	
 427.49595	 322.53353	 201.81142	        P1	
 767.97944	 538.04129	 349.56614	        P1	
 336.70035	 191.48152	 654.34258	        P1	
 303.91305	  66.25408	 226.00815	        P1	
 244.64370	 107.75388	 737.22936	        P1	
1036.58309	 211.13932	 782.53400	        P1	
 883.99604	 820.53114	 438.11608	        P1	
 906.69494	  29.85072	 467.46111	        P1	
 419.92965	 201.67449	 226.00815	        P1	
 877.69079	 190.75349	 361.92194	        P1	
 577.56089	 116.49068	1002.87905	        P1	
 646.91864	 897.70622	 172.98120	        P1	
 180.33015	 171.09569	1035.31303	        P1	
 105.92820	 822.71534	 671.33180	        P1	
 716.27639	1016.38110	 473.12414	        P1	
 189.15750	 442.66453	 862.84670	        P1	
 934.43804	 207.49900	 920.50708	        P1	
1016.40629	 691.66333	 574.02988	        P1	
 520.81364	 543.86581	 359.86267	        P1	
 725.10374	  70.62248	 897.85476	        P1	
 702.40484	 766.65422	 557.55546	        P1	
 428.75700	 385.87533	 462.82768	        P1	
 495.59264	  99.74512	 555.49618	        P1	
 385.88130	1019.29334	 536.96248	        P1	
 831.03194	1001.09170	 429.87884	        P1	
 812.11619	 259.19172	 777.90058	        P1	
 953.35379	 872.22390	 397.44487	        P1	
  99.62295	 194.39380	 304.26157	        P1	
 339.22245	  95.37672	 127.67662	        P1	
 683.48909	 291.22669	 823.71996	        P1	
 182.85225	 328.35809	 292.42057	        P1	
 718.79849	 218.42000	 679.56898	        P1	
  47.91990	 294.13893	 166.28849	        P1	
 659.52914	 356.02461	 426.27509	        P1	
 440.10645	 206.04289	 780.47466	        P1	
   3.78315	 249.72689	 732.59593	        P1	
 268.60365	 548.23421	 852.55018	        P1	
 687.27224	1043.31954	 461.28321	        P1	
 112.23345	 967.60062	 427.81956	        P1	
 910.47809	1032.39854	 374.79261	        P1	
 967.22534	1047.68794	 814.96797	        P1	
 288.78045	 787.04010	 675.45036	        P1	
 959.65904	 489.98889	 757.30753	        P1	
1010.10104	 404.07701	 321.25079	        P1	
 553.60094	 945.75862	 501.95436	        P1	
 522.07469	 738.25962	  61.77900	        P1	
 297.60780	 685.83882	 946.76315	        P1	
 438.84540	 748.45254	 726.93290	        P1	
  27.74310	 417.91029	 212.10787	        P1	
  23.95995	 921.00434	  16.47442	        P1	
 564.95039	 502.36601	 347.50687	        P1	
 844.90349	 144.15720	 526.66596	        P1	
  23.95995	 903.53074	  30.37469	        P1	
  22.69890	 792.13654	 677.50970	        P1	
 878.95184	 251.18301	 477.24276	        P1	
 547.29569	 234.43749	 768.11886	        P1	
 214.37850	 429.55933	 672.87628	        P1	
 556.12304	 629.77770	 312.49875	        P1	
 736.45319	 666.90910	 133.33965	        P1	
 171.50280	 818.34694	 308.38019	        P1	
 742.75844	 712.77730	 454.59044	        P1	
 942.00434	 131.78008	 582.78186	        P1	
  56.74725	 756.46130	 429.87884	        P1	
 730.14794	 248.27072	  24.19679	        P1	
 761.67419	 926.10082	 753.70378	        P1	
 293.82465	 635.60221	 407.74139	        P1	
 992.44634	  28.39460	 866.45045	        P1	
 923.08859	 163.08692	 887.55830	        P1	
 691.05539	 487.80469	 775.84123	        P1	
 522.07469	 385.87533	 135.39899	        P1	
 945.78749	1041.13534	 252.77909	        P1	
  50.44200	  81.54348	 732.59593	        P1	
 968.48639	 438.29613	 350.08101	        P1	
 421.19070	 969.78482	1039.43165	        P1	
 868.86344	  63.34180	 413.91929	        P1	
 230.77215	 580.26913	 221.88959	        P1	
   0.00000	 503.82213	 543.14038	        P1	
 259.77630	 484.89241	 556.01099	        P1	
 749.06369	 843.10122	 464.88696	        P1	
 505.68104	 217.69192	 197.17799	        P1	
 199.24590	 112.12228	 866.96526	        P1	
  93.31770	 857.66254	1006.48287	        P1	
 378.31500	 182.01669	1029.13513	        P1	
 809.59409	 490.71693	 523.06221	        P1	
 981.09689	  49.50852	 912.26990	        P1	
1005.05684	 232.25329	 584.32634	        P1	
 281.21415	 685.11073	 523.06221	        P1	
 936.96014	 970.51290	 168.86258	        P1	
 394.70865	 449.21713	 510.70641	        P1	
 998.75159	 120.85908	 485.47994	        P1	
 689.79434	 785.58394	 658.97600	        P1	
 827.24879	 493.62921	 254.83837	        P1	
 397.23075	 273.02501	 168.34777	        P1	
  63.05250	 206.77092	 702.22130	        P1	
 499.37579	 530.03253	 456.64978	        P1	
  70.61880	 952.31122	 131.28037	        P1	
 655.74599	 387.33149	 187.39627	        P1	
 384.62025	 801.60142	 205.41517	        P1	
 471.63269	 802.32950	 491.65784	        P1	
 684.75014	  22.57008	 281.60925	        P1	
 274.90890	 265.01629	 928.74426	        P1	
 448.93379	  88.82412	 424.21581	        P1	
 443.88960	  21.84200	 895.79548	        P1	
 286.25835	 402.62089	 446.86807	        P1	
 461.54429	 930.46922	 613.15656	        P1	
 235.81635	 695.30370	 434.51227	        P1	
 848.68664	 663.26873	 183.27772	        P1	
 862.55819	 847.46962	 483.42066	        P1	
 838.59824	 353.11233	 906.09200	        P1	
 653.22389	 180.56052	 609.55280	        P1	
 641.87444	 507.46249	 817.54206	        P1	
 514.50839	 286.85829	 639.92744	        P1	
  36.57045	 341.46329	 312.49875	        P1	
1047.93254	 591.91821	 452.53116	        P1	
 851.20874	  34.21912	 265.13489	        P1	
 914.26124	 683.65462	 718.18086	        P1	
 504.41999	 409.17349	  90.09435	        P1	
 571.25564	 564.25169	 275.43135	        P1	
 372.00975	 217.69192	 974.04890	        P1	
 631.78604	 353.11233	 586.38568	        P1	
 206.81220	1000.36362	  13.90027	        P1	
 234.55530	 822.71534	  67.44209	        P1	
  60.53040	 946.48670	 349.56614	        P1	
 519.55259	 189.29732	  11.84100	        P1	
 686.01119	 206.77092	 102.96502	        P1	
 862.55819	 589.73401	 106.56877	        P1	
 455.23904	  31.30688	1016.77933	        P1	
 602.78189	 923.18854	 320.73599	        P1	
 959.65904	 120.13100	1006.99767	        P1	
  70.61880	 824.17150	 391.26697	        P1	
 783.11204	  45.86820	 889.61758	        P1	
 379.57605	 382.23501	 154.44750	        P1	
  32.78730	 259.19172	 862.84670	        P1	
 491.80949	 113.57840	 574.54468	        P1	
1012.62314	 526.39221	 908.15128	        P1	
 586.38824	 159.44660	 469.52039	        P1	
 938.22119	 374.22629	 812.90863	        P1	
 302.65200	 254.82332	  67.44209	        P1	
 476.67689	 417.91029	 843.79813	        P1	
 857.51399	1023.66174	 709.94368	        P1	
 733.93109	 760.10162	 829.38305	        P1	
 300.12990	  78.63120	 539.02176	        P1	
 728.88689	 784.85590	 806.73073	        P1	
 751.58579	 516.92733	 350.08101	        P1	
 118.53870	 230.06909	  59.20485	        P1	
1029.01679	 364.03333	  78.25342	        P1	
 553.60094	 376.41049	 941.10005	        P1	
 295.08570	 272.29692	 207.98932	        P1	
 127.36605	 524.93609	 541.08104	        P1	
 559.90619	 681.47042	 562.18889	        P1	
 117.27765	 475.42753	 345.44759	        P1	
 509.46419	 479.06789	 293.96505	        P1	
 325.35090	 998.90750	 996.70115	        P1	
 432.54015	 465.23461	 945.21868	        P1	
 364.44345	 273.02501	  88.03507	        P1	
 261.03735	 208.95512	 393.32631	        P1	
 547.29569	 135.42040	 463.34249	        P1	
 684.75014	 743.35610	 836.07576	        P1	
 815.89934	 890.42554	 380.97051	        P1	
  61.79145	 663.26873	 745.46660	        P1	
 278.69205	 804.51370	 158.05125	        P1	
 648.17969	 837.27670	 533.35867	        P1	
 615.39239	   0.00000	 508.13226	        P1	
 416.14650	 263.56012	1000.30497	        P1	
1046.67149	 461.59429	 576.60396	        P1	
 588.91034	  83.72768	 162.68468	        P1	
 827.24879	 806.69790	 102.45015	        P1	
  11.34945	 206.04289	 120.98385	        P1	
 696.09959	 643.61093	 115.32082	        P1	
 691.05539	 497.99761	 613.15656	        P1	
 771.76259	 725.15442	 427.81956	        P1	
 175.28595	 612.30409	  70.01618	        P1	
 751.58579	 311.61253	 831.95720	        P1	
 360.66030	 911.53950	 578.14844	        P1	
 354.35505	  22.57008	 465.40177	        P1	
 740.23634	 753.54902	 186.88147	        P1	
 899.12864	 112.85032	 160.11059	        P1	
 186.63540	 484.89241	 327.42869	        P1	
 141.23760	 400.43669	 527.18077	        P1	
 348.04980	 313.06869	 459.22387	        P1	
 718.79849	 532.94481	 389.20769	        P1	
 307.69620	 981.43390	 712.51776	        P1	
  42.87570	 860.57482	 747.52588	        P1	
 356.87715	1021.47754	 350.08101	        P1	
 543.51254	   0.72808	 312.49875	        P1	
 954.61484	 312.34061	 705.82506	        P1	
 906.69494	 854.02222	 495.77646	        P1	
 180.33015	 720.05793	 102.96502	        P1	
 631.78604	 280.30569	 207.47445	        P1	
 389.66445	 144.88528	 417.52304	        P1	
 134.93235	 852.56610	 343.38825	        P1	
 696.09959	 936.29374	 345.44759	        P1	
 930.65489	 892.60974	 461.28321	        P1	
  66.83565	  91.00832	 485.99481	        P1	
 442.62855	 452.12941	 222.40439	        P1	
 438.84540	 193.66572	 195.63352	        P1	
 587.64929	  36.40332	  36.55259	        P1	
 982.35794	 622.49701	 736.71456	        P1	
 800.76674	 437.56809	1010.60143	        P1	
 206.81220	 457.22589	 145.69545	        P1	
 716.27639	 846.01350	 652.28324	        P1	
 773.02364	 807.42594	 221.88959	        P1	
1041.62729	 672.73361	 741.34798	        P1	
 798.24464	  86.63992	 949.33730	        P1	
  39.09255	 519.11153	 635.80888	        P1	
  61.79145	  56.06112	   4.11862	        P1	
 102.14505	 801.60142	 827.83858	        P1	
 464.06639	 356.75269	 281.60925	        P1	
 703.66589	 559.15521	 804.67145	        P1	
 243.38265	 506.00633	 555.49618	        P1	
 370.74870	 634.87413	1004.93839	        P1	
 832.29299	 688.75110	 120.98385	        P1	
 882.73499	 458.68201	1008.54215	        P1	
1025.23364	 669.09330	 354.19957	        P1	
 804.54989	 203.85869	 256.89765	        P1	
 330.39510	 943.57442	  30.88950	        P1	
1013.88419	 479.06789	 329.48797	        P1	
 346.78875	 706.95273	1000.30497	        P1	
 245.90475	 912.26754	  55.08629	        P1	
 928.13279	 582.45333	 387.14841	        P1	
 335.43930	 809.61014	 856.66880	        P1	
 503.15894	 896.25010	 996.70115	        P1	
 974.79164	 157.99048	 310.95427	        P1	
 583.86614	 963.23222	 211.59307	        P1	
 779.32889	 589.73401	   6.17790	        P1	
 436.32330	 292.68281	 217.77097	        P1	
1044.14939	 479.06789	 187.39627	        P1	
 780.58994	 334.18261	 637.86816	        P1	
 587.64929	 844.55734	 949.33730	        P1	
 728.88689	 902.80270	 720.24014	        P1	
 679.70594	 877.32034	 221.88959	        P1	
 588.91034	 791.40850	 392.81144	        P1	
  69.35775	  57.51728	 465.40177	        P1	
 692.31644	 969.05674	 961.69310	        P1	
  31.52625	  50.23660	 179.15910	        P1	
 426.23490	 982.89002	 415.46376	        P1	
 717.53744	 591.91821	 421.64166	        P1	
 404.79705	 724.42633	 221.88959	        P1	
 712.49324	 291.95473	 481.36138	        P1	
 134.93235	 951.58314	 333.09179	        P1	
 540.99044	 578.81301	 841.73885	        P1	
 643.13549	 917.36402	1008.54215	        P1	
 226.98900	  50.96468	 108.62805	        P1	
 596.47664	 143.42912	 343.90311	        P1	
 383.35920	 617.40053	 133.85452	        P1	
 409.84125	 594.83049	 595.13766	        P1	
 315.26250	1030.94242	  81.85717	        P1	
 210.59535	 268.65661	 389.20769	        P1	
 622.95869	 824.17150	 602.86004	        P1	
 631.78604	 133.23620	 247.11599	        P1	
 598.99874	 843.82930	  71.56065	        P1	
 219.42270	1042.59150	 893.22133	        P1	
 556.12304	 345.83169	 380.45564	        P1	
 325.35090	 329.08613	 164.74402	        P1	
 709.97114	 814.70662	 932.86288	        P1	
 366.96555	 594.83049	  46.84905	        P1	
   8.82735	  83.72768	 164.22915	        P1	
  55.48620	 269.38469	 590.50424	        P1	
 575.03879	 221.33229	 354.19957	        P1	
 349.31085	 698.21593	 246.60119	        P1	
  55.48620	 495.08533	  90.60922	        P1	
 853.73084	 219.14809	 551.89236	        P1	
  13.87155	 916.63594	 862.84670	        P1	
 346.78875	 906.44302	 166.80330	        P1	
 645.65759	 972.69710	 565.79264	        P1	
 909.21704	 379.32273	 745.46660	        P1	
 331.65615	 593.37433	 485.99481	        P1	
 529.64099	 867.85550	 341.84377	        P1	
 987.40214	 718.60182	 432.45299	        P1	
 809.59409	 717.87373	1031.19447	        P1	
 112.23345	  37.13140	 963.75237	        P1	
 733.93109	 713.50533	 442.74951	        P1	
 175.28595	  56.06112	   5.66310	        P1	
 176.54700	 366.94561	 285.72787	        P1	
 660.79019	 963.96030	 849.97603	        P1	
 829.77089	 321.80549	 948.82243	        P1	
  32.78730	 795.04882	 298.08367	        P1	
  44.13675	 926.82890	 992.06773	        P1	
 122.32185	 705.49662	 433.99746	        P1	
 800.76674	 159.44660	 569.91126	        P1	
 780.58994	1041.86342	 339.78449	        P1	
 117.27765	 123.04328	 368.09984	        P1	
 110.97240	 305.78801	 803.12698	        P1	
 440.10645	 708.40890	   9.78165	        P1	
  31.52625	 450.67329	 576.60396	        P1	
 780.58994	  83.72768	 811.36416	        P1	
 311.47935	 666.18101	 197.69279	        P1	
 530.90204	 275.93729	 205.92997	        P1	
 210.59535	1012.74074	 899.91410	        P1	
 363.18240	 428.10321	 767.60405	        P1	
 218.16165	 948.67090	   3.60375	        P1	
 310.21830	 429.55933	 764.00030	        P1	
 688.53329	 850.38190	 521.00287	        P1	
 232.03320	 384.41921	 599.25628	        P1	
 388.40340	 334.91069	 965.81165	        P1	
 426.23490	 461.59429	 731.05146	        P1	
 711.23219	 652.34773	 140.03242	        P1	
 672.13964	 179.83249	 984.34535	        P1	
  95.83980	 138.33268	 497.83574	        P1	
 335.43930	 384.41921	 969.93027	        P1	
 388.40340	   2.91228	 973.53403	        P1	
 989.92424	 867.12742	 718.18086	        P1	
 102.14505	 401.16473	 461.28321	        P1	
 139.97655	 741.89994	1017.29419	        P1	
 863.81924	 989.44262	 693.46926	        P1	
 757.89104	 960.31994	 802.61217	        P1	
 480.46004	   5.09648	 113.26148	        P1	
 813.37724	 995.26714	 487.53928	        P1	
 332.91720	   7.28068	 236.81947	        P1	
  36.57045	 498.72569	 955.00033	        P1	
 266.08155	 444.84873	  36.55259	        P1	
 308.95725	 227.88489	 236.81947	        P1	
 373.27080	 410.62961	 712.00296	        P1	
1032.79994	 255.55141	 562.18889	        P1	
 742.75844	 798.68914	 776.35610	        P1	
 759.15209	 663.99681	 817.02725	        P1	
 179.06910	  33.49108	 226.00815	        P1	
 759.15209	 685.83882	 630.14578	        P1	
 964.70324	 787.04010	 119.43938	        P1	
 921.82754	  12.37712	 969.41547	        P1	
 427.49595	 993.81102	 508.13226	        P1	
 161.41440	 310.15641	 988.46397	        P1	
 305.17410	 398.98053	  53.54182	        P1	
  27.74310	 243.17429	 158.05125	        P1	
 655.74599	  64.06988	 205.92997	        P1	
 813.37724	 229.34101	 957.57447	        P1	
 819.68249	 394.61213	  41.18602	        P1	
1005.05684	  22.57008	 626.02716	        P1	
 187.89645	  50.23660	 353.68477	        P1	
  89.53455	 252.63912	 889.10277	        P1	
 517.03049	 787.76814	  30.37469	        P1	
 754.10789	 822.71534	 852.03537	        P1	
 773.02364	 466.69073	 523.06221	        P1	
 795.72254	 526.39221	 753.70378	        P1	
 726.36479	  36.40332	 759.36688	        P1	
 150.06495	 267.20049	 168.86258	        P1	
 296.34675	 702.58433	 969.41547	        P1	
 451.45589	 417.91029	 805.18626	        P1	
 197.98485	 554.05873	 147.75479	        P1	
 330.39510	1029.48630	 860.78736	        P1	
 706.18799	 219.87612	 850.49090	        P1	
1017.66734	 771.02262	 668.75766	        P1	
 182.85225	 259.91981	 722.81428	        P1	
 895.34549	 642.15481	 481.87619	        P1	
 335.43930	1032.39854	 560.12961	        P1	
 740.23634	 839.46090	 269.25345	        P1	
 533.42414	 338.55101	 100.39087	        P1	
 692.31644	 159.44660	 483.42066	        P1	
 374.53185	 326.90193	 969.41547	        P1	
 451.45589	 493.62921	  12.35580	        P1	
 372.00975	  86.63992	 739.28870	        P1	
 493.07054	 273.02501	 889.61758	        P1	
 902.91179	 314.52481	 278.00549	        P1	
 470.37164	 567.16393	 115.32082	        P1	
  84.49035	 995.26714	 362.43681	        P1	
 757.89104	 527.84833	1017.29419	        P1	
 712.49324	 753.54902	 569.91126	        P1	
  59.26935	   6.55260	 846.37228	        P1	
 722.58164	 201.67449	 385.08907	        P1	
 336.70035	 440.48033	 666.69838	        P1	
 122.32185	 396.79633	 895.28067	        P1	
 310.21830	 112.12228	 866.96526	        P1	
 180.33015	 571.53233	 839.67957	        P1	
 190.41855	 894.79394	  90.60922	        P1	
 176.54700	1028.03014	 331.54731	        P1	
 602.78189	 160.17469	   8.23718	        P1	
 401.01390	 403.34893	 258.95699	        P1	
 945.78749	 182.01669	 170.40705	        P1	
 393.44760	 365.48949	 689.35064	        P1	
   0.00000	 413.54189	 329.48797	        P1	
 348.04980	 779.03134	 733.11080	        P1	
 192.94065	 637.05833	  16.47442	        P1	
 633.04709	 844.55734	 634.26440	        P1	
 994.96844	  56.06112	 238.87881	        P1	
 187.89645	 672.00553	 401.04869	        P1	
1022.71154	 463.77849	 601.31556	        P1	
 557.38409	 691.66333	 967.87100	        P1	
 742.75844	 479.79593	 481.36138	        P1	
  94.57875	 672.00553	 197.17799	        P1	
 730.14794	 653.07581	 803.12698	        P1	
 629.26394	 141.97300	  50.96767	        P1	
  88.27350	 647.97933	 510.70641	        P1	
 208.07325	  74.99088	 656.91666	        P1	
 611.60924	 899.16234	 485.99481	        P1	
1021.45049	 837.27670	  51.48248	        P1	
 428.75700	  62.61372	 450.47188	        P1	
 219.42270	 247.54269	 114.80595	        P1	
 131.14920	 250.45492	 814.96797	        P1	
 412.36335	 479.79593	 955.51520	        P1	
 295.08570	 380.05081	 969.93027	        P1	
 993.70739	  33.49108	  76.19408	        P1	
 693.57749	 142.70108	 114.80595	        P1	
 546.03464	 768.11034	  41.18602	        P1	
 588.91034	 577.35689	  39.12668	        P1	
 670.87859	 406.26121	 463.34249	        P1	
 505.68104	 543.86581	 699.64716	        P1	
 629.26394	 599.19889	 854.60946	        P1	
 170.24175	 559.88329	 961.17823	        P1	
 254.73210	 248.99881	 699.64716	        P1	
 423.71280	 763.01390	  82.37198	        P1	
 184.11330	 780.48750	1027.59065	        P1	
 817.16039	 116.49068	 195.11865	        P1	
 404.79705	 162.35888	 689.35064	        P1	
  51.70305	 291.95473	 547.77381	        P1	
 707.44904	 865.67130	 607.49346	        P1	
 755.36894	 369.12981	 574.54468	        P1	
 895.34549	 247.54269	 263.07555	        P1	
 124.84395	 190.02540	 390.75216	        P1	
 740.23634	  18.20168	 539.53657	        P1	
 221.94480	1017.83722	 444.80879	        P1	
 107.18925	 993.81102	 821.66068	        P1	
 509.46419	 355.29653	 209.53379	        P1	
 486.76529	 331.99841	 129.73590	        P1	
 450.19484	 899.16234	 116.86529	        P1	
 433.80120	 243.17429	 249.17527	        P1	
   6.30525	 440.48033	 363.98129	        P1	
   8.82735	 966.14450	  88.54988	        P1	
 377.05395	 185.65700	 753.70378	        P1	
 402.27495	 887.51330	 133.33965	        P1	
 441.36750	 768.83842	 501.95436	        P1	
 209.33430	  39.31560	 520.48806	        P1	
 910.47809	 844.55734	 683.68760	        P1	
 844.90349	 633.41801	 240.93809	        P1	
 571.25564	 590.46209	 621.39374	        P1	
 123.58290	  36.40332	 597.19701	        P1	
 911.73914	 612.30409	 811.36416	        P1	
  64.31355	 610.84793	 555.49618	        P1	
 459.02219	 630.50573	 362.43681	        P1	
 800.76674	 243.90232	 350.08101	        P1	
 751.58579	 765.92614	 455.10531	        P1	
 327.87300	 997.45134	 547.77381	        P1	
 760.41314	 162.35888	 959.63375	        P1	
 522.07469	 799.41722	 316.61737	        P1	
 244.64370	 305.78801	 298.08367	        P1	
 457.76114	 939.93410	 293.96505	        P1	
 466.58849	 499.45373	 263.59041	        P1	
 523.33574	 756.46130	 731.05146	        P1	
 459.02219	 371.31401	 240.93809	        P1	
1039.10519	 149.98172	 912.26990	        P1	
 469.11059	 736.80350	 368.09984	        P1	
 346.78875	 430.28741	 668.75766	        P1	
 314.00145	 728.79473	 387.14841	        P1	
 186.63540	 454.31361	1025.53137	        P1	
 353.09400	 630.50573	 808.79007	        P1	
 708.71009	 597.01469	 720.24014	        P1	
  20.17680	 286.85829	 428.33437	        P1	
 274.90890	 977.06550	 676.99484	        P1	
 747.80264	 966.14450	1035.31303	        P1	
  39.09255	 206.04289	 212.10787	        P1	
 192.94065	 852.56610	 249.17527	        P1	
 489.28739	 406.26121	 920.50708	        P1	
 984.88004	 645.79513	 269.76831	        P1	
 809.59409	 333.45453	 912.26990	        P1	
 762.93524	 977.79354	 967.87100	        P1	
 394.70865	 810.33822	 520.48806	        P1	
 767.97944	 912.26754	 728.47738	        P1	
 765.45734	 800.14530	 286.24267	        P1	
 243.38265	 136.14848	 732.59593	        P1	
 646.91864	 602.11113	 442.74951	        P1	
 622.95869	  16.01748	 689.35064	        P1	
 590.17139	 566.43589	 429.87884	        P1	
 919.30544	1024.38982	  86.49060	        P1	
 648.17969	 447.03293	 813.42350	        P1	
 558.64514	 239.53392	 418.03791	        P1	
 455.23904	 223.51649	 775.84123	        P1	
 363.18240	 484.89241	   0.00000	        P1	
 255.99315	  40.04368	 100.90568	        P1	
 331.65615	 532.21673	 388.69289	        P1	
 163.93650	 629.04961	 790.77118	        P1	
 504.41999	 506.73441	 884.98415	        P1	
 575.03879	 192.20960	 464.88696	        P1	
 861.29714	 328.35809	 638.38296	        P1	
 925.61069	 819.80310	 985.88983	        P1	
 104.66715	 105.56968	  76.19408	        P1	
 568.73354	 682.19850	 849.97603	        P1	
 755.36894	 672.00553	1017.29419	        P1	
 989.92424	 294.86701	 761.42615	        P1	
 146.28180	 314.52481	 339.78449	        P1	
  27.74310	 212.59549	 436.05674	        P1	
 375.79290	 149.98172	1011.11629	        P1	
 161.41440	  20.38588	 366.55537	        P1	
 324.08985	   2.18420	 920.50708	        P1	
 471.63269	 677.10202	  12.35580	        P1	
 366.96555	 896.25010	 170.40705	        P1	
 109.71135	 206.04289	  45.30458	        P1	
 226.98900	 396.06829	 551.89236	        P1	
 709.97114	 749.18062	  57.14557	        P1	
 102.14505	1028.75822	 168.34777	        P1	
   5.04420	 825.62762	 623.96788	        P1	
  58.00830	 298.50733	 388.69289	        P1	
 166.45860	1036.76694	 394.87079	        P1	
 615.39239	 211.13932	 850.49090	        P1	
 363.18240	 624.68121	 236.30467	        P1	
 812.11619	 624.68121	 895.79548	        P1	
 696.09959	  80.08732	 536.96248	        P1	
 778.06784	 261.37592	 967.87100	        P1	
  59.26935	 440.48033	 487.53928	        P1	
 317.78460	 417.91029	 893.22133	        P1	
  90.79560	 933.38150	 842.25366	        P1	
 873.90764	 165.27112	 536.96248	        P1	
 435.06225	   3.64032	 889.10277	        P1	
 365.70450	 949.39894	 177.09982	        P1	
 312.74040	  30.57880	 945.21868	        P1	
 687.27224	 798.68914	 691.40998	        P1	
 153.84810	  53.87692	 776.35610	        P1	
 234.55530	 978.52162	  43.24530	        P1	
 863.81924	 194.39380	1039.43165	        P1	
 752.84684	 284.67409	  77.73855	        P1	
 889.04024	 961.77610	 866.96526	        P1	
 501.89789	 304.33189	 978.16745	        P1	
 863.81924	 232.25329	 768.11886	        P1	
 163.93650	 149.98172	 895.28067	        P1	
 803.28884	 631.23381	 722.81428	        P1	
  42.87570	 250.45492	 566.30751	        P1	
 669.61754	 816.16274	 325.36941	        P1	
 232.03320	 579.54109	 639.92744	        P1	
 984.88004	 529.30449	 428.33437	        P1	
 836.07614	 727.33862	 747.52588	        P1	
  92.05665	 149.25368	 714.06224	        P1	
 290.04150	 576.62881	 228.58229	        P1	
 858.77504	 661.81261	 308.89499	        P1	
 488.02634	 696.75982	 364.49609	        P1	
 485.50424	 660.35650	 323.31007	        P1	
 802.02779	 499.45373	 955.51520	        P1	
 741.49739	 528.57641	  61.77900	        P1	
 240.86055	 255.55141	  61.77900	        P1	
 601.52084	 329.81421	 421.64166	        P1	
 544.77359	  80.08732	 374.79261	        P1	
 124.84395	 932.65342	 699.64716	        P1	
  63.05250	 259.19172	 621.90860	        P1	
 665.83439	 359.66493	 127.67662	        P1	
 626.74184	 140.51688	 335.66587	        P1	
 639.35234	 252.63912	 740.83318	        P1	
 989.92424	 899.16234	 413.40448	        P1	
 950.83169	 618.85670	 823.71996	        P1	
 544.77359	 642.15481	 539.02176	        P1	
1006.31789	 490.71693	 950.88177	        P1	
  93.31770	 993.08294	 536.96248	        P1	
 619.17554	  86.63992	 845.85747	        P1	
 539.72939	 307.24413	 852.03537	        P1	
 264.82050	 726.61053	 109.14292	        P1	
  34.04835	 954.49542	 809.30488	        P1	
  25.22100	  53.87692	 405.68211	        P1	
 326.61195	 899.16234	 313.01361	        P1	
 631.78604	 393.88409	 485.47994	        P1	
 986.14109	  18.92972	  30.37469	        P1	
  87.01245	 763.74194	 881.38040	        P1	
 269.86470	 189.29732	 436.57161	        P1	
  51.70305	 730.25090	 619.84926	        P1	
  97.10085	 402.62089	  76.19408	        P1	
 651.96284	  66.25408	 261.53107	        P1	
  49.18095	 937.02182	 965.29685	        P1	
 321.56775	 826.35570	  45.30458	        P1	
  13.87155	 925.37274	 350.08101	        P1	
 165.19755	 166.72728	 521.00287	        P1	
 153.84810	 409.17349	 831.44233	        P1	
 243.38265	 414.26993	 116.86529	        P1	
 274.90890	 484.89241	 617.78998	        P1	
 171.50280	 209.68320	 988.46397	        P1	
 798.24464	 444.84873	  24.19679	        P1	
 530.90204	 270.11272	 801.06770	        P1	
 124.84395	 915.17982	  12.35580	        P1	
 653.22389	 873.68002	 296.53919	        P1	
  98.36190	 113.57840	  20.07817	        P1	
  36.57045	 476.88369	 483.93547	        P1	
 577.56089	 563.52361	 576.08916	        P1	
 186.63540	 882.41682	 736.71456	        P1	
 113.49450	 187.84120	 514.31016	        P1	
 713.75429	 735.34734	 969.41547	        P1	
 876.42974	 248.27072	 881.38040	        P1	
 139.97655	 469.60301	 180.70357	        P1	
 967.22534	  51.69272	1000.30497	        P1	
1012.62314	 242.44621	 959.11895	        P1	
 870.12449	 463.05041	 168.34777	        P1	
 953.35379	 451.40133	  35.00812	        P1	
 230.77215	  51.69272	 394.87079	        P1	
 818.42144	 644.33901	 333.60659	        P1	
 870.12449	 211.13932	 943.15940	        P1	
 604.04294	 551.14649	 582.78186	        P1	
 949.57064	1006.91622	 976.10817	        P1	
 952.09274	 388.05953	 314.55809	        P1	
 745.28054	 478.33981	 142.09170	        P1	
 118.53870	 647.97933	 685.23208	        P1	
 751.58579	  71.35052	 183.27772	        P1	
 176.54700	1045.50374	 424.21581	        P1	
 824.72669	 107.75388	 663.09456	        P1	
 712.49324	  88.09608	  14.41508	        P1	
 456.50009	 763.01390	 978.16745	        P1	
 624.21974	 137.60460	 345.96239	        P1	
 631.78604	 271.56889	 114.80595	        P1	
 495.59264	1002.54782	 450.98669	        P1	
 766.71839	 604.29533	 234.24539	        P1	
 254.73210	 685.83882	 821.66068	        P1	
 752.84684	 977.79354	 530.78458	        P1	
 237.07740	1007.64430	 627.57164	        P1	
 456.50009	 933.38150	 440.69017	        P1	
  87.01245	 235.16552	 220.34512	        P1	
 915.52229	 126.68360	 316.61737	        P1	
 455.23904	 621.04089	1002.87905	        P1	
  55.48620	 401.89281	 829.38305	        P1	
  47.91990	 295.59509	 979.71193	        P1	
 419.92965	 242.44621	 321.25079	        P1	
 244.64370	 497.99761	 298.08367	        P1	
 476.67689	 901.34654	 306.83571	        P1	
 340.48350	  46.59628	  28.31535	        P1	
 233.29425	 727.33862	 796.94908	        P1	
 851.20874	 127.41168	1004.42353	        P1	
 523.33574	 798.68914	 691.40998	        P1	
 907.95599	 745.54030	 151.87335	        P1	
 967.22534	 335.63873	 919.99227	        P1	
 539.72939	 958.13574	 405.68211	        P1	
 476.67689	 224.24452	 462.82768	        P1	
 996.22949	 132.50812	 919.99227	        P1	
 723.84269	 447.03293	 547.77381	        P1	
 471.63269	 304.33189	 922.56636	        P1	
 340.48350	 243.17429	 743.40726	        P1	
 129.88815	 338.55101	 827.83858	        P1	
 179.06910	1012.01270	 422.15647	        P1	
 177.80805	 854.02222	 415.46376	        P1	
 312.74040	 550.41841	 427.81956	        P1	
 921.82754	 855.47834	 658.97600	        P1	
 713.75429	 165.99920	 100.39087	        P1	
 733.93109	 438.29613	 153.93269	        P1	
 401.01390	 253.36721	  94.21297	        P1	
 179.06910	 846.01350	  40.67115	        P1	
 216.90060	 410.62961	 563.73336	        P1	
 375.79290	 557.69909	 558.07026	        P1	
 466.58849	 225.70069	 292.42057	        P1	
  30.26520	 630.50573	 745.46660	        P1	
1020.18944	  26.93848	 158.05125	        P1	
 442.62855	 890.42554	1023.47209	        P1	
 157.63125	 712.77730	 292.42057	        P1	
 413.62440	  13.10520	 420.09719	        P1	
1020.18944	 887.51330	 615.21584	        P1	
 124.84395	  12.37712	 319.19151	        P1	
 387.14235	 246.81461	1039.43165	        P1	
 624.21974	 910.81142	 483.42066	        P1	
 732.67004	 386.60341	 248.66047	        P1	
 145.02075	 918.09210	  63.83828	        P1	
 385.88130	 246.08652	 166.28849	        P1	
 547.29569	 248.99881	 834.01648	        P1	
 611.60924	1005.46010	 650.73876	        P1	
 447.67274	 115.76260	 796.94908	        P1	
 336.70035	 463.77849	 479.30204	        P1	
 465.32744	 366.21753	 331.54731	        P1	
1000.01264	1036.03890	 961.17823	        P1	
  59.26935	 912.26754	 183.27772	        P1	
 186.63540	 585.36561	  18.53370	        P1	
 677.18384	 909.35530	  46.84905	        P1	
 897.86759	 327.63001	   0.00000	        P1	
 370.74870	  16.01748	1016.77933	        P1	
 660.79019	 554.78681	 786.13775	        P1	
 105.92820	 752.82094	 654.34258	        P1	
 587.64929	 135.42040	  26.25607	        P1	
 602.78189	 508.19053	 696.04340	        P1	
 324.08985	 926.82890	 788.19703	        P1	
 558.64514	 423.00673	 411.86001	        P1	
 919.30544	 728.79473	 343.90311	        P1	
 833.55404	  76.44700	 563.73336	        P1	
 534.68519	 470.33109	 837.62023	        P1	
 278.69205	 404.07701	  37.06740	        P1	
 849.94769	 448.48909	 479.30204	        P1	
 817.16039	 912.99562	 909.69575	        P1	
 161.41440	 764.47002	 137.45827	        P1	
 919.30544	 580.26913	 654.34258	        P1	
  54.22515	 921.00434	 844.31300	        P1	
 720.05954	  73.53472	 831.95720	        P1	
 901.65074	 792.86462	 539.02176	        P1	
 440.10645	 976.33742	 864.90598	        P1	
1010.10104	 605.02341	 216.22649	        P1	
 901.65074	 862.75902	 852.55018	        P1	
 409.84125	 669.09330	 267.70897	        P1	
 979.83584	 396.79633	 913.81437	        P1	
 312.74040	 580.99721	 755.24826	        P1	
 287.51940	 716.41762	 242.48257	        P1	
 657.00704	 778.30330	 707.88434	        P1	
 751.58579	 514.01509	 411.34514	        P1	
 808.33304	 755.00514	  16.47442	        P1	
 305.17410	1032.39854	 102.96502	        P1	
1003.79579	 205.31480	 358.31819	        P1	
 960.92009	1003.27590	 269.25345	        P1	
 534.68519	 109.21000	 426.27509	        P1	
 940.74329	 259.19172	  67.44209	        P1	
  34.04835	 471.05913	  72.07552	        P1	
 132.41025	 506.00633	  10.29652	        P1	
  58.00830	 486.34853	 479.81691	        P1	
 525.85784	 865.67130	 602.86004	        P1	
 240.86055	 631.23381	 265.64969	        P1	
 519.55259	 690.20722	 518.94359	        P1	
 689.79434	 425.91901	 407.74139	        P1	
1041.62729	 273.75309	 633.74954	        P1	
1008.83999	 621.76893	 899.91410	        P1	
 122.32185	 482.70821	 433.99746	        P1	
 617.91449	 470.33109	 226.00815	        P1	
 239.59950	 784.85590	 774.29676	        P1	
 815.89934	 932.65342	 790.77118	        P1	
 769.24049	 978.52162	  63.32347	        P1	
 930.65489	 946.48670	 491.65784	        P1	
 592.69349	 330.54229	 213.65235	        P1	
 298.86885	 487.07661	 240.93809	        P1	
 823.46564	 561.33941	 347.50687	        P1	
  87.01245	 661.81261	 823.20515	        P1	
1025.23364	 685.11073	 963.23757	        P1	
 634.30814	 605.02341	1025.53137	        P1	
  87.01245	 722.97022	 753.70378	        P1	
 363.18240	 345.10361	  74.13480	        P1	
 766.71839	 662.54070	 652.28324	        P1	
 945.78749	  37.85948	 559.61474	        P1	
 292.56360	1044.04762	  44.78977	        P1	
 377.05395	 494.35729	 885.49896	        P1	
 693.57749	  64.06988	 990.52325	        P1	
 548.55674	 259.91981	 685.74688	        P1	
 489.28739	1030.94242	 347.50687	        P1	
 915.52229	 412.08573	 955.51520	        P1	
 109.71135	 112.85032	 547.77381	        P1	
 798.24464	 931.19730	 471.57967	        P1	
 493.07054	  74.99088	 127.16175	        P1	
 206.81220	 578.08493	 221.88959	        P1	
 609.08714	 725.88250	 714.06224	        P1	
 872.64659	 617.40053	 129.22109	        P1	
1030.27784	1044.77570	 669.27246	        P1	
 866.34134	  45.86820	 433.99746	        P1	
 224.46690	 937.74990	 114.80595	        P1	
 384.62025	 801.60142	 877.26178	        P1	
 229.51110	 310.15641	 835.56095	        P1	
 103.40610	 288.31441	 580.72258	        P1	
 646.91864	 680.74233	 147.75479	        P1	
 109.71135	 508.91861	 753.70378	        P1	
 944.52644	 938.47794	 838.13510	        P1	
  25.22100	  58.24532	 152.38822	        P1	
 317.78460	  45.14012	 677.50970	        P1	
 282.47520	 279.57761	   7.72237	        P1	
 736.45319	 445.57681	 834.01648	        P1	
 239.59950	  24.75428	 397.44487	        P1	
 915.52229	 350.92813	 759.36688	        P1	
 287.51940	 553.33069	 947.27795	        P1	
 703.66589	 442.66453	 127.67662	        P1	
 866.34134	 466.69073	1004.93839	        P1	
 819.68249	 816.89082	 420.09719	        P1	
 484.24319	 681.47042	 501.95436	        P1	
 918.04439	 776.11910	  88.54988	        P1	
 866.34134	 424.46289	 176.58495	        P1	
 446.41170	 388.78761	 778.41538	        P1	
  95.83980	 281.03373	 282.12411	        P1	
  63.05250	1014.92494	 652.79810	        P1	
 112.23345	 870.03970	  63.83828	        P1	
 102.14505	 390.97181	 846.37228	        P1	
 442.62855	 146.34140	 537.47729	        P1	
 322.82880	 390.24373	 782.53400	        P1	
 279.95310	 345.10361	 712.00296	        P1	
 609.08714	 747.72450	 578.14844	        P1	
 150.06495	 240.99009	 423.70094	        P1	
  95.83980	 327.63001	 619.33446	        P1	
 752.84684	 987.98650	 510.19154	        P1	
 948.30959	 426.64709	 644.56086	        P1	
 189.15750	 698.94402	 247.11599	        P1	
 823.46564	 508.91861	 432.45299	        P1	
 325.35090	 243.17429	  76.19408	        P1	
 762.93524	 223.51649	 323.31007	        P1	
 670.87859	 806.69790	  63.83828	        P1	
 162.67545	 971.96902	 741.34798	        P1	
 670.87859	 687.29493	 757.82240	        P1	
 667.09544	 337.09489	 516.36944	        P1	
 853.73084	 434.65581	 440.17536	        P1	
 573.77774	 150.70980	 957.57447	        P1	
 201.76800	  82.99960	 569.91126	        P1	
 398.49180	 235.89361	 977.65265	        P1	
 751.58579	   1.45612	 221.88959	        P1	
 150.06495	 902.07462	 668.75766	        P1	
1045.41044	 517.65541	 759.88168	        P1	
 535.94624	 990.89874	  61.26419	        P1	
 452.71694	 669.09330	 477.75757	        P1	
 433.80120	 195.12189	  82.37198	        P1	
 735.19214	 843.82930	 125.61728	        P1	
 696.09959	 576.62881	 847.91675	        P1	
 311.47935	 402.62089	 514.82497	        P1	
 655.74599	 733.89122	 617.78998	        P1	
 517.03049	 883.87294	 926.17017	        P1	
 277.43100	  59.70148	 973.53403	        P1	
 847.42559	 848.92574	 516.88431	        P1	
 186.63540	  74.26280	 996.18635	        P1	
 732.67004	 925.37274	 604.91938	        P1	
 773.02364	 206.04289	 392.81144	        P1	
 259.77630	 615.94441	 450.98669	        P1	
 557.38409	 559.15521	 148.26960	        P1	
 364.44345	 539.49741	 495.77646	        P1	
 875.16869	  71.35052	 907.63647	        P1	
 137.45445	 696.75982	 359.86267	        P1	
 923.08859	 148.52560	 298.08367	        P1	
 848.68664	 114.30648	 854.60946	        P1	
 697.36064	 682.19850	 440.69017	        P1	
 244.64370	 203.85869	 737.22936	        P1	
 413.62440	 744.08414	 722.29948	        P1	
 436.32330	  27.66652	 864.39117	        P1	
 744.01949	 562.06749	 368.09984	        P1	
 817.16039	 291.22669	 978.16745	        P1	
  23.95995	 937.02182	 606.97866	        P1	
 973.53059	 914.45174	 913.81437	        P1	
 268.60365	 284.67409	 602.86004	        P1	
 600.25979	 831.45214	 955.51520	        P1	
 960.92009	 701.85630	 885.49896	        P1	
 534.68519	 361.12109	 391.26697	        P1	
  70.61880	 266.47241	 864.90598	        P1	
   5.04420	 862.03094	 492.17271	        P1	
 561.16724	 902.07462	 366.04057	        P1	
 190.41855	 434.65581	 376.85189	        P1	
  12.61050	 559.15521	 957.57447	        P1	
 808.33304	  86.63992	1017.29419	        P1	
1005.05684	 501.63793	 158.56612	        P1	
 307.69620	 696.03173	 498.35061	        P1	
1042.88834	 220.60420	 383.02979	        P1	
 897.86759	 218.42000	  49.42320	        P1	
 363.18240	 225.70069	 626.02716	        P1	
 750.32474	 750.63674	 980.22680	        P1	
 431.27910	 744.08414	 603.37491	        P1	
 881.47394	 661.81261	1027.07585	        P1	
 626.74184	 131.78008	 936.46663	        P1	
 851.20874	 982.16194	 932.34807	        P1	
 471.63269	 120.85908	 108.62805	        P1	
 349.31085	 804.51370	 652.28324	        P1	
  76.92405	 463.77849	 693.98406	        P1	
 755.36894	1020.02142	 580.72258	        P1	
 837.33719	 265.01629	 547.25894	        P1	
 913.00019	 720.78602	 160.62540	        P1	
 814.63829	 995.99522	 271.82759	        P1	
 456.50009	1041.13534	 560.12961	        P1	
 610.34819	 497.99761	 908.15128	        P1	
 918.04439	 725.15442	  30.88950	        P1	
 141.23760	  17.47360	 203.87069	        P1	
 283.73625	 564.25169	  59.20485	        P1	
 185.37435	 897.70622	 261.01627	        P1	
  99.62295	 472.51529	 207.47445	        P1	
 576.29984	 353.11233	 238.87881	        P1	
 354.35505	 213.32352	 784.07847	        P1	
 572.51669	1041.13534	 123.04319	        P1	
 421.19070	  52.42080	 895.79548	        P1	
 889.04024	  76.44700	 623.96788	        P1	
1036.58309	 559.15521	 698.10268	        P1	
 177.80805	 961.77610	 304.77637	        P1	
 215.63955	 373.49821	1027.07585	        P1	
 775.54574	 149.25368	 788.19703	        P1	
1001.27369	   4.36840	 308.89499	        P1	
 921.82754	 591.91821	 580.72258	        P1	
 477.93794	  32.76300	 747.52588	        P1	
1007.57894	 800.14530	 578.14844	        P1	
 389.66445	 187.11312	 734.65528	        P1	
 308.95725	 976.33742	 339.78449	        P1	
  40.35360	 361.12109	 199.75207	        P1	
 114.75555	 654.53193	 363.98129	        P1	
 142.49865	 791.40850	 145.69545	        P1	
   3.78315	 664.72490	 212.10787	        P1	
 422.45175	 589.00593	 864.39117	        P1	
 312.74040	   2.91228	 856.15393	        P1	
 520.81364	 472.51529	 687.80616	        P1	
 360.66030	 285.40213	 833.50167	        P1	
 261.03735	 522.02381	 798.49355	        P1	
 678.44489	 168.91149	 378.91117	        P1	
 138.71550	 512.55893	  55.08629	        P1	
 527.11889	1038.22310	 460.76834	        P1	
 754.10789	  23.29812	 734.65528	        P1	
 723.84269	 195.12189	 491.65784	        P1	
 606.56504	 526.39221	  50.96767	        P1	
 780.58994	 337.09489	 849.97603	        P1	
 185.37435	 200.21832	 277.49069	        P1	
 588.91034	 405.53313	1006.48287	        P1	
 902.91179	 658.17230	 292.42057	        P1	
  89.53455	 524.93609	 967.35613	        P1	
 380.83710	 809.61014	 183.27772	        P1	
 291.30255	 494.35729	 726.41804	        P1	
 588.91034	 283.21792	 499.89508	        P1	
 320.30670	  62.61372	 671.33180	        P1	
 432.54015	 188.56929	 539.53657	        P1	
 355.61610	 348.01589	 417.52304	        P1	
 875.16869	 765.92614	 584.84121	        P1	
 800.76674	 418.63833	 506.07298	        P1	
  30.26520	 305.78801	 742.89246	        P1	
 764.19629	 754.27710	 201.29655	        P1	
 208.07325	 870.03970	 156.50678	        P1	
 103.40610	 388.78761	 784.59328	        P1	
 288.78045	 143.42912	1011.11629	        P1	
 865.08029	 760.10162	 106.56877	        P1	
 196.72380	 474.69949	 100.90568	        P1	
 890.30129	 131.05200	 779.95985	        P1	
1018.92839	 234.43749	 267.70897	        P1	
 978.57479	 397.52441	 154.44750	        P1	
 924.34964	 532.21673	 127.67662	        P1	
 250.94895	 143.42912	 796.43427	        P1	
 790.67834	 326.90193	 986.40470	        P1	
 395.96970	 767.38230	  15.95955	        P1	
 948.30959	 907.17110	 823.71996	        P1	
  52.96410	 575.17269	 516.36944	        P1	
 757.89104	 823.44342	 648.67948	        P1	
 513.24734	 446.30489	 979.71193	        P1	
 530.90204	 942.84634	 986.40470	        P1	
 262.29840	 431.01549	 343.38825	        P1	
 448.93379	 449.94521	 265.64969	        P1	
  68.09670	 283.94601	 172.98120	        P1	
 171.50280	 149.98172	 160.11059	        P1	
 810.85514	 615.21633	 228.06749	        P1	
 191.67960	 167.45532	 641.98678	        P1	
 494.33159	1046.95990	 934.92215	        P1	
 844.90349	 174.73600	 216.22649	        P1	
 242.12160	 926.10082	 605.43418	        P1	
  79.44615	1034.58274	 178.64429	        P1	
 133.67130	 251.91109	 298.59847	        P1	
 737.71424	 717.14570	   2.05928	        P1	
 160.15335	  79.35928	 613.67136	        P1	
 708.71009	 594.10241	 384.57426	        P1	
 663.31229	 767.38230	 158.05125	        P1	
 312.74040	 818.34694	  84.43132	        P1	
 191.67960	 822.71534	 839.67957	        P1	
 384.62025	 832.18022	 539.02176	        P1	
 759.15209	 693.11950	 287.78715	        P1	
 234.55530	1026.57402	 699.64716	        P1	
 544.77359	 901.34654	 708.39920	        P1	
 708.71009	 891.15362	  98.84640	        P1	
 215.63955	 293.41089	 188.94075	        P1	
 262.29840	 196.57800	 543.65519	        P1	
 965.96429	 572.26041	 197.69279	        P1	
 416.14650	 937.74990	1016.77933	        P1	
 418.66860	 196.57800	 656.40186	        P1	
 947.04854	 849.65382	 679.56898	        P1	
 789.41729	1019.29334	 269.76831	        P1	
 209.33430	 761.55774	 325.36941	        P1	
 172.76385	 727.33862	 315.07289	        P1	
 832.29299	 781.94362	 699.64716	        P1	
 195.46275	 326.90193	 536.96248	        P1	
 630.52499	  69.89440	 457.16459	        P1	
 799.50569	 998.90750	 374.27774	        P1	
 636.83024	 130.32392	  47.36392	        P1	
 765.45734	 466.69073	 300.65781	        P1	
 353.09400	 193.66572	 980.22680	        P1	
 974.79164	 155.07820	 458.70906	        P1	
 438.84540	 505.27829	 533.35867	        P1	
 557.38409	 167.45532	 957.05967	        P1	
 793.20044	 363.30529	 578.14844	        P1	
 406.05810	 789.22430	  63.83828	        P1	
 832.29299	 410.62961	 284.18339	        P1	
 913.00019	 917.36402	 148.26960	        P1	
  26.48205	 152.16592	 658.97600	        P1	
 139.97655	 478.33981	 810.84935	        P1	
 625.48079	 138.33268	 670.81694	        P1	
 171.50280	 760.10162	 631.69026	        P1	
 361.92135	 475.42753	1011.11629	        P1	
 508.20314	 134.69232	  47.36392	        P1	
 341.74455	 609.39181	 384.57426	        P1	
 249.68790	1019.29334	1031.19447	        P1	
 177.80805	 906.44302	 790.77118	        P1	
 831.03194	 156.53432	 561.67408	        P1	
 861.29714	 717.14570	 176.58495	        P1	
  25.22100	 947.94282	1033.25375	        P1	
 938.22119	 742.62802	 965.29685	        P1	
 976.05269	 688.75110	 477.75757	        P1	
 263.55945	 926.82890	 558.07026	        P1	
 117.27765	 587.54981	 976.10817	        P1	
 538.46834	 650.16353	 220.34512	        P1	
 701.14379	 158.71852	1018.83867	        P1	
 938.22119	 104.84160	 576.08916	        P1	
 628.00289	 364.03333	 135.39899	        P1	
 343.00560	 623.22510	 947.27795	        P1	
 916.78334	 763.74194	 839.67957	        P1	
 615.39239	 757.18934	 938.52597	        P1	
 578.82194	 762.28582	 352.14029	        P1	
 209.33430	 286.85829	 936.46663	        P1	
 963.44219	 490.71693	 283.66859	        P1	
 762.93524	   8.00872	 314.55809	        P1	
  36.57045	 591.91821	 761.42615	        P1	
 928.13279	  50.96468	 434.51227	        P1	
 286.25835	  29.85072	 252.77909	        P1	
 524.59679	 736.80350	 348.02167	        P1	
 424.97385	 264.28821	 908.15128	        P1	
 452.71694	 921.00434	 510.70641	        P1	
1047.93254	 977.79354	  11.84100	        P1	
 737.71424	 938.47794	 220.34512	        P1	
  87.01245	 162.35888	 453.04597	        P1	
 581.34404	 766.65422	 897.33995	        P1	
 337.96140	 288.31441	 798.49355	        P1	
 767.97944	  63.34180	 772.23748	        P1	
 233.29425	 425.91901	 990.00845	        P1	
 167.71965	 658.90033	 629.63098	        P1	
 786.89519	 394.61213	 411.86001	        P1	
 317.78460	 749.90870	 595.13766	        P1	
 593.95454	 108.48192	  41.18602	        P1	
 659.52914	1034.58274	 252.77909	        P1	
 274.90890	 176.19212	 393.32631	        P1	
 738.97529	 997.45134	 734.65528	        P1	
 569.99459	 538.76933	  72.07552	        P1	
 551.07884	 672.00553	 987.94917	        P1	
 697.36064	 184.20089	 527.18077	        P1	
 783.11204	 214.77969	  83.91645	        P1	
 312.74040	 506.73441	 852.55018	        P1	
 732.67004	 846.74154	 658.97600	        P1	
 490.54844	 580.26913	 102.96502	        P1	
 723.84269	 905.71494	 975.59337	        P1	
 590.17139	 179.10440	 563.73336	        P1	
  80.70720	 122.31520	 798.49355	        P1	
 875.16869	 436.84001	 952.94105	        P1	
 721.32059	 829.99602	 475.69829	        P1	
1037.84414	 596.28661	 117.38010	        P1	
 635.56919	1016.38110	 595.13766	        P1	
 890.30129	 476.15561	1037.88717	        P1	
1017.66734	 342.91941	 650.22396	        P1	
 808.33304	 232.25329	1022.95723	        P1	
 852.46979	 620.31281	 926.68498	        P1	
  10.08840	1000.36362	 600.80076	        P1	
 208.07325	 738.98770	 164.22915	        P1	
 916.78334	 540.95353	 326.91389	        P1	
 303.91305	 455.04169	 687.80616	        P1	
 969.74744	 654.53193	 431.93818	        P1	
 986.14109	 902.80270	 817.54206	        P1	
 523.33574	 551.14649	 504.01364	        P1	
 423.71280	 990.17070	 638.38296	        P1	
1035.32204	 564.25169	 232.18605	        P1	
 742.75844	1046.23182	 539.02176	        P1	
 378.31500	 333.45453	 135.39899	        P1	
 784.37309	 841.64510	 676.99484	        P1	
 659.52914	 475.42753	 549.31828	        P1	
1006.31789	 580.99721	 234.76019	        P1	
 809.59409	 375.68241	 433.99746	        P1	
 616.65344	 814.70662	 810.84935	        P1	
 148.80390	  33.49108	 751.12963	        P1	
 852.46979	 265.01629	 113.26148	        P1	
 320.30670	 854.75030	 534.90314	        P1	
 900.38969	 748.45254	 895.28067	        P1	
1022.71154	 862.75902	 259.47179	        P1	
 403.53600	 314.52481	1014.72005	        P1	
1012.62314	 992.35490	 510.19154	        P1	
 494.33159	 553.33069	 293.96505	        P1	
 815.89934	 529.30449	 602.86004	        P1	
 423.71280	 905.71494	 987.94917	        P1	
 606.56504	 207.49900	 290.36129	        P1	
  42.87570	 656.71613	 745.46660	        P1	
  31.52625	 789.95234	 998.76049	        P1	
  13.87155	 549.69033	 191.00009	        P1	
 170.24175	 363.30529	 930.28873	        P1	
 505.68104	 583.18141	 662.57976	        P1	
 447.67274	 669.09330	 899.39923	        P1	
 712.49324	 939.93410	 891.67686	        P1	
 385.88130	 883.87294	 777.90058	        P1	
  78.18510	 896.97814	 240.42329	        P1	
 257.25420	 278.12149	 232.18605	        P1	
 630.52499	 480.52401	  20.07817	        P1	
 829.77089	 792.13654	 492.17271	        P1	
 546.03464	1027.30210	  88.54988	        P1	
 558.64514	 366.21753	 129.22109	        P1	
 350.57190	 620.31281	 197.69279	        P1	
 150.06495	 690.93530	 663.09456	        P1	
 799.50569	 518.38349	 984.34535	        P1	
 998.75159	 961.04802	 216.22649	        P1	
  59.26935	 562.79553	 862.84670	        P1	
  47.91990	 697.48790	 372.73327	        P1	
 271.12575	 393.88409	 829.89786	        P1	
 715.01534	 666.18101	 600.80076	        P1	
 283.73625	 999.63554	 862.84670	        P1	
 680.96699	 879.50454	 401.04869	        P1	
 121.06080	 112.12228	 226.00815	        P1	
 490.54844	  32.76300	 240.93809	        P1	
 105.92820	 646.52321	  18.53370	        P1	
 881.47394	 238.07781	 662.57976	        P1	
 848.68664	 990.89874	1004.93839	        P1	
 692.31644	 734.61930	 533.35867	        P1	
 993.70739	 304.33189	  76.19408	        P1	
 769.24049	 755.73322	 532.84386	        P1	
 243.38265	  50.23660	 934.40735	        P1	
 174.02490	 559.15521	 129.73590	        P1	
 892.82339	 279.57761	 637.86816	        P1	
 803.28884	 648.70741	  57.14557	        P1	
 456.50009	 313.06869	 176.58495	        P1	
 119.79975	 216.23580	 339.78449	        P1	
 228.25005	  40.04368	 768.11886	        P1	
 680.96699	 410.62961	 223.94887	        P1	
1023.97259	 436.84001	 699.64716	        P1	
 317.78460	 978.52162	 778.41538	        P1	
 804.54989	 282.48989	 576.60396	        P1	
 448.93379	 645.06710	 768.11886	        P1	
 609.08714	  25.48232	 584.84121	        P1	
 456.50009	 774.66294	 121.49872	        P1	
  20.17680	 780.48750	 848.43156	        P1	
 780.58994	 830.72410	 596.68214	        P1	
 182.85225	 829.26794	 147.75479	        P1	
 731.40899	 642.15481	 135.91380	        P1	
 230.77215	 482.70821	  44.78977	        P1	
 852.46979	 723.69830	  57.66038	        P1	
 928.13279	 589.73401	 364.49609	        P1	
 576.29984	 188.56929	  40.67115	        P1	
 368.22660	 362.57721	 619.33446	        P1	
  26.48205	1018.56530	 187.39627	        P1	
 192.94065	  19.65780	 963.75237	        P1	
 172.76385	 737.53153	 751.64450	        P1	
 393.44760	 910.08334	 635.80888	        P1	
 126.10500	 924.64470	 504.01364	        P1	
1039.10519	 211.13932	 776.35610	        P1	
  79.44615	  28.39460	 901.97338	        P1	
  52.96410	 123.77132	 598.74148	        P1	
 114.75555	  91.00832	 504.52851	        P1	
 571.25564	 539.49741	 926.68498	        P1	
 518.29154	 305.05993	 720.75500	        P1	
 773.02364	 523.47993	  67.44209	        P1	
  97.10085	 775.39102	 755.24826	        P1	
  59.26935	 406.98929	1002.87905	        P1	
 646.91864	 421.55061	 722.81428	        P1	
 633.04709	 566.43589	 664.63904	        P1	
 374.53185	 890.42554	 257.41251	        P1	
 820.94354	 123.04328	 693.98406	        P1	
 475.41584	 194.39380	 304.26157	        P1	
 899.12864	 436.11193	 492.17271	        P1	
 137.45445	 906.44302	1025.53137	        P1	
 359.39925	 131.78008	 477.75757	        P1	
 572.51669	 155.80628	 998.24563	        P1	
 553.60094	 328.35809	 860.78736	        P1	
1013.88419	 716.41762	 168.34777	        P1	
 517.03049	 189.29732	 405.68211	        P1	
 707.44904	 955.95154	 740.83318	        P1	
 836.07614	 179.83249	 805.18626	        P1	
 128.62710	  81.54348	 374.27774	        P1	
 354.35505	 357.48073	  36.55259	        P1	
 296.34675	 915.17982	 366.04057	        P1	
 764.19629	 570.80429	 267.70897	        P1	
 853.73084	 953.03930	 107.08358	        P1	
 187.89645	 137.60460	 514.31016	        P1	
 166.45860	   5.82452	 759.36688	        P1	
 505.68104	 835.09250	 712.51776	        P1	
  58.00830	 429.55933	 518.42878	        P1	
 537.20729	 251.91109	 565.79264	        P1	
 204.29010	 419.36641	 593.07838	        P1	
  31.52625	 207.49900	   6.17790	        P1	
 934.43804	1005.46010	 675.45036	        P1	
 301.39095	 597.74273	 153.93269	        P1	
 844.90349	 119.40292	 969.41547	        P1	
 291.30255	 875.86422	 426.27509	        P1	
 731.40899	 544.59389	 905.57713	        P1	
 486.76529	 279.57761	 273.37207	        P1	
 511.98629	 870.76774	1043.55027	        P1	
 938.22119	 749.90870	 874.68763	        P1	
 733.93109	 527.12029	 164.22915	        P1	
 534.68519	 658.17230	1021.41275	        P1	
 696.09959	 666.90910	 255.35317	        P1	
 177.80805	 257.00752	 469.00558	        P1	
 350.57190	 733.89122	 539.02176	        P1	
  79.44615	 934.10954	 740.83318	        P1	
 974.79164	 335.63873	 455.10531	        P1	
  32.78730	 165.99920	 222.40439	        P1	
 238.33845	 140.51688	 411.34514	        P1	
 361.92135	 281.76181	 291.90577	        P1	
 746.54159	1041.13534	1035.82789	        P1	
 268.60365	 928.28502	 148.26960	        P1	
 662.05124	1014.19690	 125.61728	        P1	
 721.32059	 259.19172	 325.36941	        P1	
 684.75014	 848.19770	 428.33437	        P1	
 161.41440	 749.90870	  20.59298	        P1	
 244.64370	 294.13893	 683.68760	        P1	
 546.03464	 907.89914	 572.48541	        P1	
 481.72109	 832.90830	 843.79813	        P1	
 172.76385	 875.86422	 520.48806	        P1	
 559.90619	 579.54109	 558.07026	        P1	
  49.18095	 337.09489	 646.10534	        P1	
 863.81924	 655.98810	 595.13766	        P1	
1041.62729	 809.61014	 172.46639	        P1	
 659.52914	 188.56929	  77.73855	        P1	
1006.31789	 694.57562	 569.91126	        P1	
 841.12034	 102.65740	 928.22945	        P1	
 791.93939	 310.15641	 353.68477	        P1	
 453.97799	 987.25842	 599.25628	        P1	
  69.35775	 741.89994	  92.15369	        P1	
 934.43804	1034.58274	 702.22130	        P1	
 635.56919	  53.87692	 549.31828	        P1	
 982.35794	 871.49582	 174.52567	        P1	
  12.61050	  68.43828	 712.51776	        P1	
 486.76529	 356.75269	 842.25366	        P1	
 303.91305	 105.56968	 114.80595	        P1	
 892.82339	 547.50613	 907.63647	        P1	
 823.46564	 297.77929	 436.05674	        P1	
  16.39365	  24.02620	  50.96767	        P1	
 113.49450	  32.03492	 141.57689	        P1	
1022.71154	 131.78008	 885.49896	        P1	
 900.38969	 681.47042	 117.38010	        P1	
 596.47664	 567.16393	 370.15919	        P1	
 745.28054	 249.72689	 392.81144	        P1	
 121.06080	 615.94441	 685.74688	        P1	
 493.07054	 571.53233	 524.60668	        P1	
 554.86199	 809.61014	 411.86001	        P1	
 877.69079	 745.54030	 990.52325	        P1	
 547.29569	1001.81974	 350.08101	        P1	
 693.57749	1039.67922	 656.40186	        P1	
  17.65470	 589.73401	 704.28058	        P1	
 660.79019	 806.69790	 343.38825	        P1	
 175.28595	 816.16274	 591.01911	        P1	
 955.87589	 202.40252	 987.94917	        P1	
 195.46275	  41.49980	 576.08916	        P1	
1008.83999	 562.06749	  57.66038	        P1	
 302.65200	 668.36521	 759.88168	        P1	
  13.87155	  95.37672	 547.77381	        P1	
 185.37435	 738.98770	 553.43684	        P1	
 858.77504	 455.04169	 162.68468	        P1	
 619.17554	 501.63793	 140.03242	        P1	
 340.48350	 514.01509	 107.08358	        P1	
 865.08029	 179.10440	 922.05155	        P1	
 224.46690	 560.61133	 709.94368	        P1	
1044.14939	 902.80270	 924.11083	        P1	
 747.80264	 168.18340	 742.89246	        P1	
  41.61465	 497.26953	 844.31300	        P1	
 723.84269	 514.01509	 250.71975	        P1	
 341.74455	 709.86502	 693.46926	        P1	
 459.02219	 281.03373	 679.05418	        P1	
1027.75574	 326.90193	 850.49090	        P1	
 358.13820	 131.05200	 359.86267	        P1	
 662.05124	 728.79473	 160.11059	        P1	
 943.26539	 562.06749	 880.86553	        P1	
 238.33845	 131.78008	 343.38825	        P1	
 691.05539	 369.85789	 361.92194	        P1	
1039.10519	 937.74990	 911.75503	        P1	
 759.15209	 192.20960	  61.77900	        P1	
 424.97385	 759.37354	 838.13510	        P1	
 936.96014	 855.47834	 648.16468	        P1	
 298.86885	 529.30449	  59.20485	        P1	
  61.79145	 226.42872	 654.34258	        P1	
 585.12719	 790.68042	 396.93006	        P1	
 163.93650	 653.80390	 794.37493	        P1	
  98.36190	 751.36482	 539.02176	        P1	
 403.53600	 637.78641	  69.50137	        P1	
1027.75574	 251.18301	 444.80879	        P1	
 665.83439	 541.68161	 254.83837	        P1	
 255.99315	  88.09608	 695.52854	        P1	
 175.28595	 353.11233	  41.18602	        P1	
  49.18095	 446.30489	 471.57967	        P1	
 684.75014	  13.83328	 800.55283	        P1	
 871.38554	 380.77889	 397.44487	        P1	
 653.22389	 551.87453	 943.15940	        P1	
 568.73354	 123.04328	 792.83046	        P1	
 711.23219	 441.20841	 963.75237	        P1	
1035.32204	 440.48033	 240.42329	        P1	
 987.40214	  18.20168	 368.09984	        P1	
 472.89374	 527.84833	 485.99481	        P1	
 670.87859	 713.50533	 314.55809	        P1	
 638.09129	 417.91029	 102.45015	        P1	
 200.50695	 420.09449	   8.23718	        P1	
1021.45049	 448.48909	 329.48797	        P1	
 150.06495	 409.90153	 296.02439	        P1	
 219.42270	 369.85789	  53.02695	        P1	
 907.95599	 511.10281	 240.93809	        P1	
 844.90349	 101.92932	  79.79789	        P1	
 498.11474	 672.00553	 115.32082	        P1	
 196.72380	 530.03253	 745.46660	        P1	
   7.56630	 232.98132	 634.26440	        P1	
 651.96284	 162.35888	 428.33437	        P1	
 988.66319	 882.41682	  32.43397	        P1	
 103.40610	1045.50374	 183.27772	        P1	
 382.09815	 187.11312	 912.26990	        P1	
 682.22804	 706.95273	  61.26419	        P1	
 913.00019	  58.24532	1043.55027	        P1	
 525.85784	 495.81341	 222.40439	        P1	
 578.82194	 789.95234	 734.65528	        P1	
 867.60239	 176.19212	  47.36392	        P1	
 636.83024	 749.18062	 846.37228	        P1	
 203.02905	 824.89954	 158.56612	        P1	
 312.74040	 832.90830	 866.96526	        P1	
 808.33304	 784.12782	 248.66047	        P1	
  56.74725	 973.42514	 943.15940	        P1	
  31.52625	 717.14570	 125.61728	        P1	
 220.68375	 813.25050	 175.04047	        P1	
 580.08299	 390.24373	  61.26419	        P1	
 925.61069	 372.77013	1018.83867	        P1	
 214.37850	 329.08613	 251.23461	        P1	
 177.80805	 692.39142	 648.67948	        P1	
 533.42414	1002.54782	 123.55800	        P1	
 732.67004	 957.40770	 374.27774	        P1	
 244.64370	 617.40053	 141.57689	        P1	
 335.43930	 135.42040	 693.46926	        P1	
 510.72524	 554.05873	 275.94621	        P1	
 113.49450	1030.94242	 118.92457	        P1	
 561.16724	 625.40930	 947.27795	        P1	
 508.20314	 481.25209	 891.67686	        P1	
 800.76674	 794.32074	1043.55027	        P1	
 934.43804	  76.44700	 668.75766	        P1	
1039.10519	 327.63001	 642.50158	        P1	
  65.57460	 768.83842	 284.18339	        P1	
 639.35234	 989.44262	 494.23199	        P1	
 997.49054	 797.23302	 698.10268	        P1	
 833.55404	 471.05913	 852.03537	        P1	
  56.74725	 957.40770	 454.59044	        P1	
 116.01660	 546.05001	 345.96239	        P1	
  76.92405	 922.46050	 928.74426	        P1	
 175.28595	 491.44501	  57.14557	        P1	
 219.42270	 825.62762	 623.96788	        P1	
 544.77359	  24.75428	 565.79264	        P1	
 732.67004	 674.91781	1025.53137	        P1	
 201.76800	 299.96349	 959.63375	        P1	
 402.27495	 811.79434	 572.48541	        P1	
 195.46275	 789.95234	 658.97600	        P1	
 897.86759	 302.87573	 418.03791	        P1	
 179.06910	 566.43589	1016.77933	        P1	
 353.09400	 531.48869	  59.20485	        P1	
 406.05810	 171.82372	 794.88980	        P1	
 684.75014	 293.41089	 675.45036	        P1	
 606.56504	 424.46289	  32.94878	        P1	
 858.77504	 597.74273	 740.83318	        P1	
 451.45589	 246.08652	 393.32631	        P1	
 703.66589	 962.50414	1025.01657	        P1	
 853.73084	 307.97221	 222.40439	        P1	
 127.36605	 733.16313	  55.08629	        P1	
 591.43244	 479.79593	 967.87100	        P1	
1041.62729	 270.84081	 704.28058	        P1	
  55.48620	 214.05160	 704.28058	        P1	
  45.39780	 862.03094	1023.47209	        P1	
 617.91449	 500.90989	 843.79813	        P1	
 870.12449	 508.19053	 257.41251	        P1	
 659.52914	 140.51688	 409.80067	        P1	
 577.56089	 244.63041	  74.13480	        P1	
  93.31770	 765.92614	 936.98150	        P1	
 220.68375	  44.41208	 329.48797	        P1	
 740.23634	 765.19810	 224.46367	        P1	
 402.27495	 753.54902	 112.74667	        P1	
 716.27639	 454.31361	 736.71456	        P1	
 239.59950	 867.85550	 533.35867	        P1	
 765.45734	 971.96902	 990.00845	        P1	
 663.31229	 250.45492	 603.37491	        P1	
 604.04294	 284.67409	 107.08358	        P1	
 993.70739	 182.01669	 687.80616	        P1	
 702.40484	 562.79553	 510.70641	        P1	
  59.26935	  44.41208	1010.60143	        P1	
 382.09815	 647.25130	 664.63904	        P1	
  92.05665	 621.04089	 107.08358	        P1	
 417.40755	 476.88369	 866.96526	        P1	
 437.58435	 262.83209	 676.99484	        P1	
 156.37020	 714.96150	 726.41804	        P1	
 839.85929	 254.82332	 510.70641	        P1	
 452.71694	 321.07741	 790.77118	        P1	
 972.26954	 667.63713	 203.35589	        P1	
 546.03464	 227.88489	 293.96505	        P1	
 510.72524	  88.09608	 164.22915	        P1	
 979.83584	  64.79792	 129.22109	        P1	
  93.31770	 445.57681	 580.72258	        P1	
 824.72669	 212.59549	 712.51776	        P1	
 279.95310	 945.03054	 821.14587	        P1	
 167.71965	 504.55021	 840.19438	        P1	
 485.50424	 852.56610	   3.60375	        P1	
 625.48079	 949.39894	 611.09728	        P1	
 672.13964	 203.13060	 413.91929	        P1	
 665.83439	 160.17469	 551.89236	        P1	
 500.63684	 622.49701	 223.94887	        P1	
 659.52914	 405.53313	 362.43681	        P1	
 948.30959	 783.39974	 660.52048	        P1	
1037.84414	 479.79593	  30.37469	        P1	
 383.35920	 709.13693	1043.55027	        P1	
 448.93379	 400.43669	 916.38846	        P1	
 220.68375	 409.90153	 104.50949	        P1	
 148.80390	 959.59190	 720.24014	        P1	
 742.75844	 559.88329	 737.22936	        P1	
 353.09400	 394.61213	  48.90839	        P1	
 754.10789	 535.85709	1021.41275	        P1	
 501.89789	   7.28068	 811.36416	        P1	
1003.79579	 532.94481	1014.72005	        P1	
 509.46419	 627.59350	1027.59065	        P1	
 992.44634	 258.46369	 534.90314	        P1	
   8.82735	1047.68794	 368.61471	        P1	
 930.65489	1046.95990	 150.32888	        P1	
  25.22100	  99.01708	  32.94878	        P1	
 984.88004	 590.46209	 714.06224	        P1	
 682.22804	  70.62248	 663.09456	        P1	
  74.40195	 613.76021	 569.91126	        P1	
 861.29714	 730.25090	 263.07555	        P1	
 880.21289	 183.47280	 285.72787	        P1	
 721.32059	 696.03173	 214.16722	        P1	
 689.79434	 246.81461	 291.90577	        P1	
