0  		1.0000000000 		-0.0000000000
0.012  		0.9865424694 		-0.0422667633
0.024  		0.8845784233 		-0.0516276374
0.036  		0.7172271241 		-0.0121331751
0.048  		0.6470037203 		+0.1491383833
0.06  		0.6782313128 		+0.2705480793
0.072  		0.6561215288 		+0.2351246355
0.084  		0.5153725860 		+0.1576029437
0.096  		0.3146098640 		+0.1252878977
0.108  		0.2035236703 		+0.1326274854
0.12  		0.1877389059 		+0.0965871505
0.132  		0.2051963322 		+0.0047178043
0.144  		0.1623970684 		-0.1504190192
0.156  		0.0400237522 		-0.2060598530
0.168  		0.0561119451 		-0.1817943790
0.18  		0.1957573588 		-0.2510390927
0.192  		0.2489154945 		-0.4046925408
0.204  		0.1989522439 		-0.4050525509
0.216  		0.2316666097 		-0.2336197086
0.228  		0.2558012821 		-0.0593565896
0.24  		0.2413692468 		+0.0966531311
0.252  		0.1655327288 		+0.2050221293
0.264  		0.0575286615 		+0.2366433997
0.276  		-0.0099552497 		+0.1868899004
0.288  		-0.0351492872 		+0.0967066304
0.3  		-0.0176574570 		+0.0365518264
0.312  		0.0107323520 		+0.0186519538
0.324  		0.0269301930 		+0.0297575784
0.336  		0.0206518411 		+0.0475077318
0.348  		0.0055199838 		+0.0547532672
0.36  		-0.0085144634 		+0.0465534608
0.372  		-0.0249040557 		+0.0265890258
0.384  		-0.0342731510 		+0.0027523441
0.396  		-0.0356036934 		-0.0236949511
0.408  		-0.0273075992 		-0.0443141406
0.42  		-0.0155788925 		-0.0449281122
0.432  		0.0019906572 		-0.0315543672
0.444  		0.0202882549 		-0.0165731134
0.456  		0.0295618236 		-0.0082918135
0.468  		0.0245472069 		-0.0087304014
0.48  		0.0106716135 		-0.0077559577
0.492  		0.0016101337 		-0.0040984563
0.504  		-0.0005393696 		-0.0025188524
0.516  		-0.0011821247 		-0.0038235793
0.528  		-0.0013998956 		-0.0060944602
0.54  		-0.0015340053 		-0.0083973620
0.552  		-0.0013493745 		-0.0088422787
0.564  		-0.0005991108 		-0.0080839014
0.576  		-0.0025530217 		-0.0061608689
0.588  		-0.0052296520 		-0.0025273795
0.6  		-0.0065021141 		+0.0009995419
0.612  		-0.0063221302 		+0.0041172408
0.624  		-0.0043570034 		+0.0063670461
0.636  		-0.0017527577 		+0.0064731158
0.648  		-0.0003391761 		+0.0054883053
0.66  		0.0003973603 		+0.0046112527
0.672  		0.0004038205 		+0.0039016577
0.684  		-0.0003065317 		+0.0031951042
0.696  		-0.0015562280 		+0.0024343027
0.708  		-0.0031715156 		+0.0014258525
0.72  		-0.0051380055 		-0.0010201864
0.732  		-0.0072410108 		-0.0035566257
0.744  		-0.0078804063 		-0.0039937642
0.756  		-0.0055639717 		-0.0023301705
0.768  		-0.0018004947 		-0.0006417651
0.78  		-0.0004794517 		-0.0000770645
0.792  		-0.0009185668 		+0.0009627866
0.804  		-0.0014330144 		+0.0011828047
0.816001  		-0.0012645013 		-0.0010774481
0.828001  		0.0007036617 		-0.0035142888
0.840001  		0.0052244927 		-0.0032053810
0.852001  		0.0097577013 		+0.0005982160
0.864001  		0.0104665402 		+0.0081986654
0.876001  		0.0046220360 		+0.0183223404
0.888001  		-0.0057642625 		+0.0262207093
0.900001  		-0.0147726213 		+0.0273520367
0.912001  		-0.0221158926 		+0.0190651973
0.924001  		-0.0232271591 		+0.0144238604
0.936001  		-0.0191532503 		+0.0094216922
0.948001  		-0.0145149936 		+0.0017602728
0.960001  		-0.0093276607 		-0.0043846120
0.972001  		-0.0036100368 		-0.0079236080
0.984001  		0.0025434222 		-0.0066295768
0.996001  		0.0052159757 		-0.0013093924
1.008  		0.0029654870 		+0.0029758193
1.02  		-0.0003000100 		+0.0030911146
1.032  		-0.0011246704 		+0.0007254434
1.044  		0.0002681252 		-0.0005802939
1.056  		0.0023686852 		+0.0011253089
1.068  		0.0039781274 		+0.0052059035
1.08  		0.0045029137 		+0.0066753717
1.092  		0.0028001498 		+0.0041101377
1.104  		0.0004859466 		+0.0015361031
1.116  		0.0005367521 		-0.0000810985
1.128  		0.0019529026 		-0.0013618651
1.14  		0.0037276543 		-0.0019111204
1.152  		0.0051877036 		-0.0007484292
1.164  		0.0061876902 		+0.0024329674
1.176  		0.0056809826 		+0.0069649663
1.188  		0.0038014633 		+0.0114924116
