0  		1.0000000000 		-0.0000000000
0.012  		0.9775480634 		-0.0203486458
0.024  		0.9458659939 		+0.0302470949
0.036  		0.9454280102 		+0.0375951964
0.048  		0.8188557000 		+0.1368945242
0.06  		0.8857040236 		+0.2399360553
0.072  		0.8029589785 		+0.2503144685
0.084  		0.7764887037 		+0.3129296257
0.096  		0.8214334186 		+0.1955827294
0.108  		0.7892301045 		+0.1127657901
0.12  		0.7906709338 		+0.0236548091
0.132  		0.7328230747 		-0.0811706137
0.144  		0.7185658390 		-0.1128783613
0.156  		0.7776123084 		-0.1309358292
0.168  		0.7185933943 		-0.0535233323
0.18  		0.7207848513 		+0.1277928891
0.192  		0.7604564037 		+0.1454261901
0.204  		0.6866963246 		+0.1750963816
0.216  		0.7288045870 		+0.2035080381
0.228  		0.6432853184 		+0.1671455728
0.24  		0.6934894560 		+0.1688430189
0.252  		0.6214058466 		+0.1037621036
0.264  		0.6014833350 		+0.1479845900
0.276  		0.5380729392 		+0.2243159203
0.288  		0.5727423318 		+0.2341221875
0.3  		0.4364606562 		+0.2544943281
0.312  		0.5374751666 		+0.3140998993
0.324  		0.4129545531 		+0.2682893433
0.336  		0.4891192972 		+0.2623557771
0.348  		0.3890092943 		+0.1762781160
0.36  		0.4470440874 		+0.1515450327
0.372  		0.3825700374 		+0.1028100349
0.384  		0.4092475490 		+0.0262080797
0.396  		0.3539403347 		+0.0533665578
0.408  		0.4621156701 		-0.0035208530
0.42  		0.3675532628 		+0.0433198775
0.432  		0.4612664669 		+0.0598647584
0.444  		0.3705227460 		+0.1035284250
0.456  		0.4152263858 		+0.1551583920
0.468  		0.3254486328 		+0.1648460416
0.48  		0.3465751311 		+0.1364037658
0.492  		0.2916972608 		+0.1402759473
0.504  		0.3357770686 		+0.0936999728
0.516  		0.2680017040 		+0.0917976064
0.528  		0.3460252880 		+0.0412259458
0.54  		0.2871861615 		+0.0206869023
0.552  		0.3199986601 		+0.0089281212
0.564  		0.2776844299 		+0.0192497715
0.576  		0.2824530307 		+0.0025969593
0.588  		0.2570035882 		+0.0086916060
0.6  		0.2439286584 		-0.0077344501
0.612  		0.2141184330 		+0.0201850878
0.624  		0.2371402958 		-0.0043521206
0.636  		0.2010080937 		-0.0005012362
0.648  		0.2177398662 		+0.0021088694
0.66  		0.1923745875 		+0.0108828631
0.672  		0.1927665607 		+0.0325423649
0.684  		0.1734173146 		+0.0549223822
0.696  		0.1479760457 		+0.0805329626
0.708  		0.1141245486 		+0.1139108039
0.72  		0.1179885645 		+0.1216179819
0.732  		0.0878956603 		+0.1229824798
0.744  		0.0977404652 		+0.1436501752
0.756  		0.0914066598 		+0.1399281582
0.768  		0.1020243664 		+0.1496582894
0.78  		0.1003464833 		+0.1536036063
0.792  		0.0961158917 		+0.1547799826
0.804  		0.0869747268 		+0.1669068288
0.816001  		0.0935605245 		+0.1493263506
0.828001  		0.0712901268 		+0.1559993679
0.840001  		0.0891717028 		+0.1755108937
0.852001  		0.0852599791 		+0.1640794625
0.864001  		0.0980251851 		+0.1719994871
0.876001  		0.0957601340 		+0.1771566157
0.888001  		0.0811662032 		+0.1877772187
0.900001  		0.0601465847 		+0.1869694855
0.912001  		0.0524579303 		+0.1703760615
0.924001  		0.0272784646 		+0.1692488591
0.936001  		0.0284373946 		+0.1703509386
0.948001  		-0.0044752540 		+0.1395882713
0.960001  		-0.0130420206 		+0.1481572532
0.972001  		-0.0161255442 		+0.1235979646
0.984001  		-0.0156831015 		+0.1141668535
0.996001  		-0.0080395680 		+0.0958148894
1.008  		0.0039034953 		+0.0878392817
1.02  		0.0033513206 		+0.0732461037
1.032  		0.0064442393 		+0.0677417434
1.044  		-0.0048650120 		+0.0507734122
1.056  		-0.0053762703 		+0.0538364585
1.068  		-0.0085411004 		+0.0341585101
1.08  		-0.0141035149 		+0.0312253035
1.092  		-0.0134783422 		+0.0193438910
1.104  		-0.0134699760 		+0.0164035099
1.116  		-0.0112745954 		+0.0084866090
1.128  		-0.0114446830 		+0.0071596442
1.14  		-0.0095858612 		+0.0023063134
1.152  		-0.0115414678 		+0.0032365439
1.164  		-0.0087376685 		-0.0000494696
1.176  		-0.0118800152 		-0.0000917192
1.188  		-0.0095539409 		-0.0011687266
