0  		1.0000000000 		-0.0000000000
0.012  		0.9964522484 		-0.0033254941
0.024  		0.9951022605 		+0.0009584407
0.036  		0.9817932519 		+0.0086546853
0.048  		0.9520973959 		+0.0792124296
0.06  		0.9028063527 		+0.2067199810
0.072  		0.8347552210 		+0.3260036423
0.084  		0.7844367555 		+0.3792761242
0.096  		0.7458746929 		+0.3996318289
0.108  		0.7109890089 		+0.4241983648
0.12  		0.6581114260 		+0.4743541782
0.132  		0.6135766792 		+0.4946449840
0.144  		0.5799916774 		+0.4766095346
0.156  		0.5062906336 		+0.4681578282
0.168  		0.4127626399 		+0.4424857691
0.18  		0.3162657894 		+0.3963276024
0.192  		0.2547120212 		+0.3129409971
0.204  		0.2327551114 		+0.1943199237
0.216  		0.2265650713 		+0.0650587787
0.228  		0.2398293319 		-0.0683445673
0.24  		0.2798430059 		-0.1944763558
0.252  		0.3366681581 		-0.3030054754
0.264  		0.3908864714 		-0.3877354876
0.276  		0.4504924404 		-0.4216659326
0.288  		0.5194041245 		-0.3914033473
0.3  		0.5764958528 		-0.3421559324
0.312  		0.6060110315 		-0.3092086797
0.324  		0.6297932317 		-0.2922815016
0.336  		0.6643402062 		-0.2630059870
0.348  		0.7181561214 		-0.1806681016
0.36  		0.7652331404 		-0.0674087928
0.372  		0.7783373150 		+0.0418981214
0.384  		0.7594585779 		+0.1448794345
0.396  		0.6989826143 		+0.2392521827
0.408  		0.6131128890 		+0.3090070917
0.42  		0.5380047116 		+0.3196387134
0.432  		0.4939765632 		+0.2659992009
0.444  		0.4699163360 		+0.1774702779
0.456  		0.4424125429 		+0.1084918363
0.468  		0.4230573918 		+0.0479692119
0.48  		0.4118002441 		-0.0070526803
0.492  		0.4073061728 		-0.0610209786
0.504  		0.4079031830 		-0.1058977653
0.516  		0.4226784999 		-0.1123560106
0.528  		0.4431718009 		-0.1076849608
0.54  		0.4644441352 		-0.0956748216
0.552  		0.4737136323 		-0.0993804667
0.564  		0.4745838822 		-0.1013628349
0.576  		0.4757550444 		-0.0839630406
0.588  		0.4756500142 		-0.0554964143
0.6  		0.4762125401 		-0.0439202802
0.612  		0.4732411151 		-0.0496506528
0.624  		0.4729276175 		-0.0298723749
0.636  		0.4707727224 		+0.0165938988
0.648  		0.4613747349 		+0.0672268030
0.66  		0.4509479909 		+0.0828235735
0.672  		0.4333864945 		+0.0790764299
0.684  		0.4138371138 		+0.0725766707
0.696  		0.3926548794 		+0.0662973306
0.708  		0.3742235598 		+0.0537452861
0.72  		0.3580247842 		+0.0358584346
0.732  		0.3414230146 		+0.0227732538
0.744  		0.3291643419 		+0.0181116350
0.756  		0.3210905504 		+0.0382290882
0.768  		0.3165952209 		+0.0654645272
0.78  		0.3093319261 		+0.0936780893
0.792  		0.2925345147 		+0.1277414857
0.804  		0.2586705531 		+0.1713101472
0.816001  		0.2031226758 		+0.2162465089
0.828001  		0.1505217298 		+0.2335616617
0.840001  		0.1091135500 		+0.2305278750
0.852001  		0.0807194976 		+0.2164247633
0.864001  		0.0573954131 		+0.2014205004
0.876001  		0.0372885294 		+0.1877690692
0.888001  		0.0239048875 		+0.1684008619
0.900001  		0.0112544448 		+0.1397857004
0.912001  		-0.0002260780 		+0.0978947917
0.924001  		-0.0055345395 		+0.0454363949
0.936001  		0.0053770494 		-0.0093569667
0.948001  		0.0283550821 		-0.0566843985
0.960001  		0.0496557987 		-0.0952063512
0.972001  		0.0645877414 		-0.1274196620
0.984001  		0.0814929101 		-0.1585542236
0.996001  		0.1080180742 		-0.1890183872
1.008  		0.1422944077 		-0.2144462256
1.02  		0.1818039961 		-0.2252274831
1.032  		0.2327310674 		-0.1953218992
1.044  		0.2696217426 		-0.1307941165
1.056  		0.2721635355 		-0.0541849669
1.068  		0.2459274561 		-0.0042482142
1.08  		0.2157972326 		+0.0139257411
1.092  		0.1983012207 		+0.0251067552
1.104  		0.1986864658 		+0.0369607402
1.116  		0.2091526819 		+0.0564189615
1.128  		0.2214417375 		+0.0732851762
1.14  		0.2234953177 		+0.0972231208
1.152  		0.2086900555 		+0.1240284455
1.164  		0.1803589891 		+0.1415603684
1.176  		0.1540240433 		+0.1384671117
1.188  		0.1398292332 		+0.1159541524
