0  		1.0000000000 		-0.0000000000
0.012  		0.9977262387 		-0.0044972356
0.024  		0.9896671309 		+0.0644036707
0.036  		0.9693622438 		+0.1030547685
0.048  		0.9510683096 		+0.0531787348
0.06  		0.9283041079 		-0.0968250919
0.072  		0.8906195759 		-0.2469242054
0.084  		0.8554028565 		-0.3229028660
0.096  		0.8310907102 		-0.3207542617
0.108  		0.7867716809 		-0.3314923897
0.12  		0.7714852633 		-0.2880961804
0.132  		0.7428889962 		-0.2733047906
0.144  		0.7562736222 		-0.1542106826
0.156  		0.7457942662 		-0.1258385146
0.168  		0.7221181373 		-0.1003658612
0.18  		0.6992482212 		-0.2047500148
0.192  		0.6537572378 		-0.1720540814
0.204  		0.6515829408 		-0.2037315580
0.216  		0.5912330527 		-0.0776386190
0.228  		0.6097539424 		-0.0981602545
0.24  		0.5228185675 		-0.0121233010
0.252  		0.5791856269 		+0.0169324645
0.264  		0.4689348724 		+0.1136467992
0.276  		0.5229467330 		+0.2209088378
0.288  		0.3982957833 		+0.2237605566
0.3  		0.4590299055 		+0.3158953524
0.312  		0.3467011803 		+0.2539073683
0.324  		0.3678141931 		+0.3619771342
0.336  		0.3036445363 		+0.2335301693
0.348  		0.3194325391 		+0.3196571734
0.36  		0.2962510301 		+0.1707129981
0.372  		0.2625748169 		+0.2924332666
0.384  		0.2543067135 		+0.1851436291
0.396  		0.1605925949 		+0.3062093351
0.408  		0.2154122996 		+0.2195715406
0.42  		0.0871296365 		+0.3090004276
0.432  		0.1941147571 		+0.2568381563
0.444  		0.0253214258 		+0.2962035555
0.456  		0.1766135307 		+0.2780333151
0.468  		0.0175345639 		+0.2601694098
0.48  		0.1752392425 		+0.2822708899
0.492  		0.0099571692 		+0.2197457402
0.504  		0.1380758975 		+0.2880382118
0.516  		0.0021859275 		+0.1744136917
0.528  		0.1065958159 		+0.2739474080
0.54  		0.0089345046 		+0.1336120863
0.552  		0.0813670687 		+0.2472853533
0.564  		0.0354813845 		+0.0971024632
0.576  		0.1146255187 		+0.1980979760
0.588  		0.0712879285 		+0.0540008055
0.6  		0.1484946627 		+0.1502571600
0.612  		0.0869277585 		+0.0175102379
0.624  		0.1506194866 		+0.1184639485
0.636  		0.0930535868 		-0.0088546897
0.648  		0.1317230384 		+0.1042679064
0.66  		0.0960899710 		-0.0211001699
0.672  		0.1032805354 		+0.0943445927
0.684  		0.0957539672 		-0.0295957618
0.696  		0.0823027655 		+0.0789942844
0.708  		0.0994936602 		-0.0257930253
0.72  		0.0518496999 		+0.0744793465
0.732  		0.1005604210 		-0.0051906723
0.744  		0.0309192105 		+0.0620103953
0.756  		0.1003604947 		+0.0007159312
0.768  		0.0198195126 		+0.0499217111
0.78  		0.1034640305 		+0.0165826587
0.792  		0.0115177687 		+0.0381852502
0.804  		0.1050218587 		+0.0258996584
0.816001  		0.0107748640 		+0.0245737970
0.828001  		0.1035118299 		+0.0414137663
0.840001  		0.0113235839 		+0.0119679137
0.852001  		0.0994012180 		+0.0440389212
0.864001  		0.0154821904 		-0.0040583149
0.876001  		0.1026105570 		+0.0157391761
0.888001  		0.0135919056 		-0.0211598764
0.900001  		0.0977396212 		-0.0080196638
0.912001  		0.0026928955 		-0.0361190399
0.924001  		0.0830331403 		-0.0420369401
0.936001  		-0.0151795846 		-0.0464165606
0.948001  		0.0754486084 		-0.0492565420
0.960001  		-0.0220602033 		-0.0587710906
0.972001  		0.0674008558 		-0.0523259285
0.984001  		-0.0388648477 		-0.0661345763
0.996001  		0.0560127514 		-0.0574039968
1.008  		-0.0484941971 		-0.0765850350
1.02  		0.0487545033 		-0.0497086300
1.032  		-0.0514347443 		-0.0829789271
1.044  		0.0359915984 		-0.0407446307
1.056  		-0.0444846773 		-0.0857386653
1.068  		0.0262961861 		-0.0266420871
1.08  		-0.0264645174 		-0.0846016360
1.092  		0.0129088988 		-0.0199398289
1.104  		-0.0327029663 		-0.0777549481
1.116  		0.0015751563 		-0.0166578066
1.128  		-0.0225944562 		-0.0801923430
1.14  		-0.0067427100 		-0.0149594612
1.152  		-0.0151499940 		-0.0769359118
1.164  		-0.0149015551 		-0.0148627000
1.176  		0.0008597940 		-0.0694442620
1.188  		-0.0152555965 		-0.0203435759
