0  		1.0000000000 		-0.0000000000
0.012  		0.9975815592 		-0.0053249442
0.024  		0.9968294731 		+0.0257794232
0.036  		0.9887580486 		+0.0382561084
0.048  		0.9857772802 		+0.0399015834
0.06  		0.9769434219 		+0.0362167992
0.072  		0.9704399968 		+0.0379727358
0.084  		0.9557498874 		+0.0659182569
0.096  		0.9402782564 		+0.1093482618
0.108  		0.9214333203 		+0.1516529324
0.12  		0.8990155989 		+0.1911185945
0.132  		0.8712547388 		+0.2254890489
0.144  		0.8474363815 		+0.2391261391
0.156  		0.8275957528 		+0.2341083047
0.168  		0.7994138532 		+0.2536027064
0.18  		0.7737006296 		+0.2689165024
0.192  		0.7568035591 		+0.2636863051
0.204  		0.7358901425 		+0.2782148971
0.216  		0.7075050615 		+0.3121522169
0.228  		0.6711595121 		+0.3454513758
0.24  		0.6324056241 		+0.3608809912
0.252  		0.5947596140 		+0.3661622176
0.264  		0.5452790338 		+0.3674207777
0.276  		0.4965378315 		+0.3680727707
0.288  		0.4489497273 		+0.3681171902
0.3  		0.4235474313 		+0.3448335398
0.312  		0.4000967627 		+0.3390530257
0.324  		0.3719841583 		+0.3448078511
0.336  		0.3376583890 		+0.3546385049
0.348  		0.3046841244 		+0.3602774962
0.36  		0.2504144305 		+0.3634516797
0.372  		0.2020361920 		+0.3541786236
0.384  		0.1537312927 		+0.3348745493
0.396  		0.1233599502 		+0.3040308141
0.408  		0.1116394492 		+0.2741592411
0.42  		0.1038587576 		+0.2485343645
0.432  		0.0960136740 		+0.2320832335
0.444  		0.0881686646 		+0.2209637839
0.456  		0.0723804817 		+0.2107099392
0.468  		0.0444845257 		+0.2025808955
0.48  		0.0179567188 		+0.1867258085
0.492  		-0.0007100524 		+0.1655737945
0.504  		-0.0141493381 		+0.1439691211
0.516  		-0.0189652004 		+0.1242407203
0.528  		-0.0157185701 		+0.1107023084
0.54  		-0.0102795510 		+0.1030758345
0.552  		-0.0034336175 		+0.0988586675
0.564  		-0.0010519281 		+0.0971798032
0.576  		-0.0053858774 		+0.0945863402
0.588  		-0.0144549066 		+0.0902954374
0.6  		-0.0221252143 		+0.0836243135
0.612  		-0.0271220509 		+0.0752767917
0.624  		-0.0300215779 		+0.0662369427
0.636  		-0.0297640090 		+0.0594513912
0.648  		-0.0277395623 		+0.0552799758
0.66  		-0.0274041112 		+0.0534077804
0.672  		-0.0292400204 		+0.0512160326
0.684  		-0.0338674766 		+0.0466163842
0.696  		-0.0386962582 		+0.0389645605
0.708  		-0.0404702556 		+0.0306318166
0.72  		-0.0393916918 		+0.0220497803
0.732  		-0.0363171173 		+0.0141669717
0.744  		-0.0314570490 		+0.0099470529
0.756  		-0.0271046213 		+0.0071744905
0.768  		-0.0238992427 		+0.0050412430
0.78  		-0.0215925692 		+0.0034632031
0.792  		-0.0195878965 		+0.0015659659
0.804  		-0.0172246175 		-0.0007282965
0.816001  		-0.0144388868 		-0.0023712484
0.828001  		-0.0113484176 		-0.0033083878
0.840001  		-0.0083958724 		-0.0036906747
0.852001  		-0.0059717262 		-0.0032960699
0.864001  		-0.0041468293 		-0.0026595492
0.876001  		-0.0028277713 		-0.0020820939
0.888001  		-0.0019093806 		-0.0016069445
0.900001  		-0.0011976539 		-0.0012113174
0.912001  		-0.0006446832 		-0.0008371431
0.924001  		-0.0002335623 		-0.0004638007
0.936001  		0.0000054960 		-0.0001243598
0.948001  		0.0000926019 		+0.0001290802
0.960001  		0.0000978343 		+0.0002607061
0.972001  		0.0000769748 		+0.0002863521
0.984001  		0.0000629297 		+0.0002444263
0.996001  		0.0000560360 		+0.0001714419
1.008  		0.0000558050 		+0.0000890496
1.02  		0.0000454907 		+0.0000116024
1.032  		0.0000153298 		-0.0000488918
1.044  		-0.0000595499 		-0.0000897383
1.056  		-0.0002062860 		-0.0001174553
1.068  		-0.0004343832 		-0.0001734789
1.08  		-0.0007432037 		-0.0002802468
1.092  		-0.0011328167 		-0.0004193671
1.104  		-0.0015991037 		-0.0006650296
1.116  		-0.0021462092 		-0.0010223527
1.128  		-0.0027769320 		-0.0015987775
1.14  		-0.0033811243 		-0.0024797370
1.152  		-0.0039159491 		-0.0035419269
1.164  		-0.0042102497 		-0.0049082357
1.176  		-0.0037590549 		-0.0065654702
1.188  		-0.0032100912 		-0.0079631498
