0  		1.0000000000 		-0.0000000000
0.012  		0.9995716512 		+0.0083078683
0.024  		0.9967013084 		+0.0097209186
0.036  		0.9908950650 		+0.0135983077
0.048  		0.9795414707 		+0.0173818494
0.06  		0.9586484708 		+0.0386451078
0.072  		0.9283336258 		+0.0490586770
0.084  		0.8865485685 		+0.0692171772
0.096  		0.8353708128 		+0.0851246839
0.108  		0.7782004285 		+0.1015782057
0.12  		0.7226089356 		+0.1052615370
0.132  		0.6708746817 		+0.1124506349
0.144  		0.6294930361 		+0.1063100823
0.156  		0.5996724605 		+0.1039513895
0.168  		0.5801082716 		+0.0994949286
0.18  		0.5614481016 		+0.1157071078
0.192  		0.5417860735 		+0.1323971051
0.204  		0.5160725885 		+0.1487673319
0.216  		0.4829038286 		+0.1598893723
0.228  		0.4412363340 		+0.1664758686
0.24  		0.3933741575 		+0.1683147015
0.252  		0.3470788925 		+0.1548211225
0.264  		0.3019230782 		+0.1370021523
0.276  		0.2634284065 		+0.1126515320
0.288  		0.2342182841 		+0.0827800132
0.3  		0.2149567351 		+0.0472829373
0.312  		0.2016301529 		+0.0175206853
0.324  		0.1954080451 		-0.0102765258
0.336  		0.1965058243 		-0.0383303467
0.348  		0.2031821705 		-0.0720343179
0.36  		0.2185736490 		-0.1021039410
0.372  		0.2423536569 		-0.1318784514
0.384  		0.2771982839 		-0.1546641604
0.396  		0.3196465783 		-0.1725279773
0.408  		0.3709528091 		-0.1778973257
0.42  		0.4264805051 		-0.1731235427
0.432  		0.4767502971 		-0.1717202631
0.444  		0.5249415151 		-0.1620692419
0.456  		0.5700516806 		-0.1379575877
0.468  		0.6064041703 		-0.1095564841
0.48  		0.6327443068 		-0.0916253294
0.492  		0.6544838433 		-0.0661152385
0.504  		0.6725326975 		-0.0403021025
0.516  		0.6857806347 		-0.0147777986
0.528  		0.6919695705 		-0.0002326097
0.54  		0.6888991317 		+0.0330101558
0.552  		0.6743332665 		+0.0647834065
0.564  		0.6506039260 		+0.0853958779
0.576  		0.6219382679 		+0.0885524782
0.588  		0.5911209486 		+0.0941699808
0.6  		0.5629449950 		+0.0910464450
0.612  		0.5392243287 		+0.0739311027
0.624  		0.5211929487 		+0.0396466998
0.636  		0.5052955606 		+0.0078460646
0.648  		0.4912687895 		-0.0208688560
0.66  		0.4784459676 		-0.0468231315
0.672  		0.4681729188 		-0.0512683789
0.684  		0.4577950551 		-0.0392577980
0.696  		0.4422548526 		-0.0199913703
0.708  		0.4185096474 		-0.0056866623
0.72  		0.3843450482 		+0.0201119139
0.732  		0.3391339537 		+0.0495379077
0.744  		0.2864351872 		+0.0769213592
0.756  		0.2338426924 		+0.0929220271
0.768  		0.1858406476 		+0.1021482421
0.78  		0.1468142870 		+0.1035700179
0.792  		0.1189607241 		+0.0995277166
0.804  		0.1034979013 		+0.0918490303
0.816001  		0.0957118641 		+0.0868117287
0.828001  		0.0954471514 		+0.0846355846
0.840001  		0.1016784722 		+0.0858745657
0.852001  		0.1116527639 		+0.0929798684
0.864001  		0.1235370554 		+0.1067003673
0.876001  		0.1378931832 		+0.1246042794
0.888001  		0.1554924701 		+0.1434883773
0.900001  		0.1733794442 		+0.1623916936
0.912001  		0.1903062137 		+0.1796437669
0.924001  		0.2041497756 		+0.1963980478
0.936001  		0.2199077456 		+0.2085110281
0.948001  		0.2355996107 		+0.2206519202
0.960001  		0.2587138204 		+0.2265319729
0.972001  		0.2891892635 		+0.2242322592
0.984001  		0.3264764826 		+0.2055284516
0.996001  		0.3594295937 		+0.1774033320
1.008  		0.3852634548 		+0.1397734054
1.02  		0.4017833803 		+0.0996700948
1.032  		0.4115903517 		+0.0637843053
1.044  		0.4172962399 		+0.0421668709
1.056  		0.4226182632 		+0.0121915801
1.068  		0.4219375227 		-0.0278407493
1.08  		0.4096599749 		-0.0700622165
1.092  		0.3845838792 		-0.1112685352
1.104  		0.3526192730 		-0.1408798574
1.116  		0.3181308731 		-0.1644966582
1.128  		0.2901027181 		-0.1759453121
1.14  		0.2669725211 		-0.1838580200
1.152  		0.2456767120 		-0.1874138232
1.164  		0.2212336470 		-0.1852395786
1.176  		0.1981233766 		-0.1694743498
1.188  		0.1744452204 		-0.1442771711
