0  		1.0000000000 		+0.0000000000
0.012  		0.9699777447 		-0.1225441450
0.024  		0.8174408456 		+0.4897737607
0.036  		0.5665124678 		+0.6368243352
0.048  		0.3444652836 		+0.2937343731
0.06  		0.4110649393 		-0.2264238231
0.072  		0.5464364167 		-0.6361661297
0.084  		0.7040028840 		-0.5400540528
0.096  		0.9038639363 		-0.1036004539
0.108  		0.8214569035 		+0.0347962906
0.12  		0.7064568565 		+0.0257366655
0.132  		0.6348124236 		-0.0075521662
0.144  		0.5937986534 		+0.0039711770
0.156  		0.5523001956 		-0.0309045011
0.168  		0.5189282121 		-0.3448401235
0.18  		0.6906694089 		-0.3291125968
0.192  		0.6868707390 		+0.1413358654
0.204  		0.4915625914 		+0.2405687126
0.216  		0.3368205730 		+0.0707815614
0.228  		0.2524671655 		-0.2067787640
0.24  		0.2425000891 		-0.4066883523
0.252  		0.4886159642 		-0.3174911516
0.264  		0.6032897983 		-0.0967282100
0.276  		0.5693431000 		-0.0638282042
0.288  		0.5358854752 		-0.0891336901
0.3  		0.4700759535 		+0.0039664843
0.312  		0.3733249611 		+0.1491985116
0.324  		0.2379571162 		+0.0304764495
0.336  		0.0210155817 		-0.2269390292
0.348  		0.1036029393 		-0.4150293450
0.36  		0.1841111886 		-0.4181254181
0.372  		0.2270429998 		-0.3520078992
0.384  		0.3042921080 		-0.2253805929
0.396  		0.2427139954 		-0.2373151744
0.408  		0.2279173853 		-0.1694699891
0.42  		0.2240103542 		-0.0279649098
0.432  		0.0998754883 		-0.0535690811
0.444  		-0.0284061565 		-0.0866116046
0.456  		-0.0369934341 		-0.1384034031
0.468  		0.0036554485 		-0.1354743781
0.48  		0.0513976121 		-0.1045487579
0.492  		0.0563152792 		-0.0915449083
0.504  		0.0397203175 		-0.0997620681
0.516  		0.0693694099 		-0.0927764167
0.528  		0.1034890100 		-0.0747337648
0.54  		0.1044133227 		-0.0487299053
0.552  		0.0944737829 		-0.0470645733
0.564  		0.0903992819 		-0.0580427017
0.576  		0.0840817215 		-0.0231214556
0.588  		0.0742647363 		+0.0007587569
0.6  		0.0545350861 		-0.0225603654
0.612  		0.0259143309 		-0.0510624073
0.624  		0.0297248334 		-0.0621754650
0.636  		0.0431315418 		-0.0474643503
0.648  		0.0452098791 		-0.0347348161
0.66  		0.0320295202 		-0.0355003224
0.672  		0.0226631316 		-0.0392166605
0.684  		0.0310496439 		-0.0441729116
0.696  		0.0534502909 		-0.0267781235
0.708  		0.0355591076 		+0.0026569894
0.72  		0.0061432630 		-0.0283284695
0.732  		0.0052433770 		-0.0473276234
0.744  		0.0298844723 		-0.0264630498
0.756  		0.0269298712 		-0.0149553907
0.768  		0.0198557297 		-0.0100545860
0.78  		0.0142167169 		+0.0000650331
0.792  		0.0061437798 		+0.0018559896
0.804  		-0.0002522732 		+0.0027678846
0.816001  		-0.0031768157 		+0.0038133815
0.828001  		0.0070608515 		+0.0074479705
0.840001  		0.0253930374 		+0.0168726234
0.852001  		0.0235965230 		+0.0474933763
0.864001  		0.0133821567 		+0.0698083339
0.876001  		0.0115549112 		+0.0785022122
0.888001  		0.0358734418 		+0.0885172448
0.900001  		0.0350141783 		+0.1038301305
0.912001  		-0.0241068325 		+0.1030812244
0.924001  		-0.0211702076 		+0.0835813967
0.936001  		0.0101511872 		+0.0652854896
0.948001  		0.0136909762 		+0.0558004544
0.960001  		0.0124495807 		+0.0435237492
0.972001  		0.0058779368 		+0.0288702329
0.984001  		0.0084217331 		+0.0100295368
0.996001  		0.0118405425 		-0.0080392282
1.008  		0.0148093201 		-0.0216956442
1.02  		0.0213547129 		-0.0219014032
1.032  		0.0204807688 		-0.0253073355
1.044  		0.0160492512 		-0.0367479971
1.056  		0.0260446884 		-0.0351491293
1.068  		0.0375826998 		-0.0033872278
1.08  		0.0248119234 		+0.0084666282
1.092  		0.0083564887 		+0.0013226535
1.104  		-0.0002141734 		-0.0029176467
1.116  		-0.0037334167 		-0.0003295770
1.128  		-0.0051065779 		+0.0018998985
1.14  		-0.0064078252 		-0.0022633080
1.152  		-0.0046563898 		-0.0023442615
1.164  		0.0005799912 		-0.0012815596
1.176  		0.0057972726 		+0.0047939538
1.188  		0.0063041577 		+0.0121537918
