0  		1.0000000000 		-0.0000000000
0.012  		0.9992293138 		+0.0050056219
0.024  		0.9959740261 		+0.0173411295
0.036  		0.9888205872 		+0.0635940757
0.048  		0.9706490524 		+0.1274219282
0.06  		0.9394676763 		+0.1887059845
0.072  		0.8976105341 		+0.2448871963
0.084  		0.8504469775 		+0.2817779573
0.096  		0.8024742138 		+0.2983815302
0.108  		0.7531928380 		+0.2968609949
0.12  		0.7062302869 		+0.2708547007
0.132  		0.6591946321 		+0.2355265170
0.144  		0.6147871689 		+0.1919967224
0.156  		0.5809182955 		+0.1403492592
0.168  		0.5607506371 		+0.0934781018
0.18  		0.5569428362 		+0.0467632387
0.192  		0.5658231732 		+0.0172757793
0.204  		0.5825005117 		+0.0006869018
0.216  		0.6004017904 		+0.0011178111
0.228  		0.6137706950 		+0.0234406242
0.24  		0.6193943528 		+0.0587396639
0.252  		0.6140186370 		+0.1062138769
0.264  		0.5998614701 		+0.1533047016
0.276  		0.5794414865 		+0.1916444851
0.288  		0.5581945563 		+0.2103684451
0.3  		0.5393849055 		+0.2114902072
0.312  		0.5199077484 		+0.2015210509
0.324  		0.5006384268 		+0.1805885430
0.336  		0.4810982974 		+0.1551225427
0.348  		0.4594855457 		+0.1325091155
0.36  		0.4407519716 		+0.1079391128
0.372  		0.4278876060 		+0.0766808585
0.384  		0.4212443419 		+0.0413987304
0.396  		0.4189568982 		+0.0073334435
0.408  		0.4175865971 		-0.0184697831
0.42  		0.4165515622 		-0.0307752285
0.432  		0.4151525964 		-0.0350617160
0.444  		0.4131613246 		-0.0281102882
0.456  		0.4086317052 		-0.0120274166
0.468  		0.4015145560 		-0.0010075815
0.48  		0.3932849403 		+0.0035204768
0.492  		0.3842847394 		-0.0042072201
0.504  		0.3742342817 		-0.0227905958
0.516  		0.3616277573 		-0.0521509384
0.528  		0.3440674200 		-0.0921318055
0.54  		0.3215293116 		-0.1310682809
0.552  		0.2937280602 		-0.1665193510
0.564  		0.2614675291 		-0.1987517318
0.576  		0.2320054448 		-0.2206282651
0.588  		0.2037946739 		-0.2377608052
0.6  		0.1820964377 		-0.2472670004
0.612  		0.1658145596 		-0.2512954873
0.624  		0.1519178986 		-0.2511437819
0.636  		0.1400840510 		-0.2457347404
0.648  		0.1297790805 		-0.2348902093
0.66  		0.1179438778 		-0.2193346038
0.672  		0.1017989169 		-0.2020194308
0.684  		0.0824876466 		-0.1843670542
0.696  		0.0595875035 		-0.1692744300
0.708  		0.0362025123 		-0.1581559850
0.72  		0.0143608389 		-0.1509372260
0.732  		-0.0031437069 		-0.1471667259
0.744  		-0.0119150060 		-0.1464675927
0.756  		-0.0123323322 		-0.1473428946
0.768  		-0.0028068999 		-0.1481747944
0.78  		0.0113994980 		-0.1464103434
0.792  		0.0288249301 		-0.1407513839
0.804  		0.0458257603 		-0.1309518798
0.816001  		0.0577324729 		-0.1188493672
0.828001  		0.0646182546 		-0.1061914079
0.840001  		0.0675867539 		-0.0939948145
0.852001  		0.0677480194 		-0.0824909854
0.864001  		0.0659673598 		-0.0717833787
0.876001  		0.0624604743 		-0.0632259606
0.888001  		0.0584397270 		-0.0567640083
0.900001  		0.0545105398 		-0.0524859744
0.912001  		0.0513248847 		-0.0502217566
0.924001  		0.0503822654 		-0.0485346073
0.936001  		0.0512860980 		-0.0477667298
0.948001  		0.0550961911 		-0.0458877028
0.960001  		0.0613594746 		-0.0418284754
0.972001  		0.0689911682 		-0.0356029537
0.984001  		0.0774139907 		-0.0257204533
0.996001  		0.0850928364 		-0.0131787465
1.008  		0.0912653772 		+0.0011547485
1.02  		0.0958245521 		+0.0167625137
1.032  		0.0982699017 		+0.0344224671
1.044  		0.0995239199 		+0.0505902109
1.056  		0.0996669186 		+0.0662669278
1.068  		0.0992337774 		+0.0802360649
1.08  		0.0981180647 		+0.0928663662
1.092  		0.0963084157 		+0.1037415926
1.104  		0.0948125657 		+0.1115344146
1.116  		0.0933697957 		+0.1167609049
1.128  		0.0922784045 		+0.1190396424
1.14  		0.0932179715 		+0.1178064412
1.152  		0.0919269402 		+0.1166222097
1.164  		0.0893474773 		+0.1137876773
1.176  		0.0837895912 		+0.1104435088
1.188  		0.0768544909 		+0.1050713811
