0  		1.0000000000 		+0.0000000000
0.012  		0.9925934274 		+0.0052132096
0.024  		0.9244351405 		-0.0470667099
0.036  		0.8033847118 		-0.1190247567
0.048  		0.7701443050 		-0.0133730969
0.06  		0.7952910467 		+0.1553631834
0.072  		0.7998028483 		+0.2436326006
0.084  		0.7028987139 		+0.2751003486
0.096  		0.6352464708 		+0.2606396005
0.108  		0.6220983749 		+0.2048244206
0.12  		0.4555208248 		+0.1889949788
0.132  		0.2507238379 		+0.2592126198
0.144  		0.1651550651 		+0.4387429336
0.156  		0.2728943078 		+0.5658375620
0.168  		0.4270042717 		+0.5120777778
0.18  		0.4229753454 		+0.3961195834
0.192  		0.3794843988 		+0.2223993030
0.204  		0.3031935097 		+0.0843879034
0.216  		0.2693291844 		+0.0398492665
0.228  		0.3391079573 		-0.0007124740
0.24  		0.4905526741 		-0.0745524419
0.252  		0.5634556596 		-0.2195929221
0.264  		0.5185201094 		-0.2695471902
0.276  		0.5141123605 		-0.1839466748
0.288  		0.5515569340 		-0.1527964237
0.3  		0.5683632585 		-0.1433237224
0.312  		0.5356508248 		-0.0807887789
0.324  		0.4953021147 		-0.0445699984
0.336  		0.4740777146 		-0.0126734887
0.348  		0.4361449469 		-0.0415123318
0.36  		0.3818164117 		-0.0854346423
0.372  		0.2990293948 		-0.1179051287
0.384  		0.1866942263 		-0.1069059264
0.396  		0.1446752904 		-0.0287963959
0.408  		0.1754108612 		+0.0444778781
0.42  		0.2930515840 		+0.0450984851
0.432  		0.3948652662 		-0.0681956533
0.444  		0.3462283329 		-0.1886718538
0.456  		0.2597989952 		-0.1838538440
0.468  		0.2324952576 		-0.1138596284
0.48  		0.2624078774 		-0.0758431464
0.492  		0.3381484538 		-0.0692533061
0.504  		0.4029808280 		-0.0570448232
0.516  		0.4103772052 		-0.0322724231
0.528  		0.3596869752 		+0.0569015246
0.54  		0.3088682624 		+0.1404370867
0.552  		0.3088057137 		+0.1939272415
0.564  		0.2973893979 		+0.2003445671
0.576  		0.2419913625 		+0.1567521413
0.588  		0.1613913942 		+0.1546288431
0.6  		0.1425911955 		+0.1574005464
0.612  		0.1794581795 		+0.1153840389
0.624  		0.1845258647 		+0.0547604819
0.636  		0.1626011762 		+0.0104277917
0.648  		0.1389565389 		+0.0017206157
0.66  		0.1327779025 		+0.0267491969
0.672  		0.1707199443 		+0.0486037198
0.684  		0.2309427415 		+0.0530514540
0.696  		0.2468268090 		+0.0036084732
0.708  		0.1824298079 		-0.0335648827
0.72  		0.1186221050 		-0.0113770188
0.732  		0.0875734584 		+0.0184937848
0.744  		0.0821622642 		+0.0565230202
0.756  		0.0921738618 		+0.0862348870
0.768  		0.1006228040 		+0.0931946043
0.78  		0.0987279680 		+0.1042762849
0.792  		0.1021775156 		+0.1005582205
0.804  		0.0989086742 		+0.0920170057
0.816001  		0.0901767781 		+0.0951949457
0.828001  		0.0955930406 		+0.0882830350
0.840001  		0.0963807783 		+0.0757736845
0.852001  		0.0846058589 		+0.0779874080
0.864001  		0.0823279023 		+0.0863635652
0.876001  		0.0802787485 		+0.0889204549
0.888001  		0.0749067941 		+0.0646032223
0.900001  		0.0537345103 		+0.0490051431
0.912001  		0.0317331395 		+0.0548990523
0.924001  		0.0177672268 		+0.0638372111
0.936001  		0.0064324976 		+0.0749672540
0.948001  		0.0044287292 		+0.0808726419
0.960001  		0.0112178428 		+0.0780600240
0.972001  		0.0096721962 		+0.0638761041
0.984001  		0.0045279158 		+0.0423408277
0.996001  		-0.0052260218 		+0.0255965585
1.008  		-0.0147399929 		+0.0215778669
1.02  		-0.0124057515 		+0.0288498434
1.032  		-0.0058724204 		+0.0330110572
1.044  		0.0032887710 		+0.0382597188
1.056  		0.0207987623 		+0.0368536338
1.068  		0.0311605107 		+0.0252053551
1.08  		0.0340804301 		+0.0151341204
1.092  		0.0390459786 		+0.0132925897
1.104  		0.0474829783 		+0.0106599314
1.116  		0.0506593635 		-0.0019394671
1.128  		0.0456341617 		-0.0127693035
1.14  		0.0359878464 		-0.0231862332
1.152  		0.0238933104 		-0.0283979754
1.164  		0.0155877575 		-0.0266878626
1.176  		0.0098147800 		-0.0251480913
1.188  		0.0047581919 		-0.0245348139
