0  		1.0000000000 		-0.0000000000
0.012  		0.9994747047 		+0.0048764542
0.024  		0.9960546786 		+0.0122716375
0.036  		0.9835451583 		-0.0897315565
0.048  		0.9582272837 		-0.1700654887
0.06  		0.9310723683 		-0.1735779632
0.072  		0.8919393003 		-0.1623431180
0.084  		0.8527822335 		-0.0987183104
0.096  		0.8158568549 		-0.0424077495
0.108  		0.7896574816 		-0.0276292630
0.12  		0.7663481425 		+0.0061847430
0.132  		0.7278861010 		-0.0414092363
0.144  		0.6574087409 		-0.1378720606
0.156  		0.5592799065 		-0.2140382001
0.168  		0.4234505078 		-0.3006083105
0.18  		0.3001424253 		-0.3238868205
0.192  		0.2126095641 		-0.3055590318
0.204  		0.1272154753 		-0.2893793191
0.216  		0.0534706652 		-0.2672530079
0.228  		-0.0239344616 		-0.2362753247
0.24  		-0.0939854722 		-0.1843694706
0.252  		-0.1283292638 		-0.1216106529
0.264  		-0.1309496175 		-0.0623926975
0.276  		-0.1097408477 		-0.0225026551
0.288  		-0.0797890204 		-0.0039463938
0.3  		-0.0501072751 		+0.0026709075
0.312  		-0.0232605660 		-0.0030187597
0.324  		-0.0007328397 		-0.0183542668
0.336  		0.0139269971 		-0.0417980537
0.348  		0.0186426793 		-0.0702523556
0.36  		0.0138923604 		-0.0985945326
0.372  		0.0029762746 		-0.1222398999
0.384  		-0.0074734766 		-0.1384259323
0.396  		-0.0156310320 		-0.1474087841
0.408  		-0.0258774295 		-0.1497374985
0.42  		-0.0415653319 		-0.1457592995
0.432  		-0.0631552115 		-0.1352067479
0.444  		-0.0782328265 		-0.1227982172
0.456  		-0.0822127847 		-0.1128688373
0.468  		-0.0785945532 		-0.1038058437
0.48  		-0.0649275969 		-0.0981271657
0.492  		-0.0517886483 		-0.0892681865
0.504  		-0.0440095918 		-0.0751078572
0.516  		-0.0381682241 		-0.0568108033
0.528  		-0.0334614798 		-0.0348529684
0.54  		-0.0238720341 		-0.0159431222
0.552  		-0.0098562215 		-0.0057069608
0.564  		0.0042882970 		-0.0068909995
0.576  		0.0147325450 		-0.0165029561
0.588  		0.0205044434 		-0.0303791575
0.6  		0.0217131451 		-0.0462029585
0.612  		0.0187268540 		-0.0621536967
0.624  		0.0072153658 		-0.0769196306
0.636  		-0.0104352124 		-0.0856044322
0.648  		-0.0277057378 		-0.0846924599
0.66  		-0.0401995766 		-0.0748378573
0.672  		-0.0436709757 		-0.0619973733
0.684  		-0.0418590781 		-0.0495530444
0.696  		-0.0350843995 		-0.0402315534
0.708  		-0.0241633346 		-0.0330723783
0.72  		-0.0104682253 		-0.0276819215
0.732  		0.0052185883 		-0.0263957854
0.744  		0.0194653166 		-0.0305064854
0.756  		0.0286087404 		-0.0396592027
0.768  		0.0313065584 		-0.0500025303
0.78  		0.0258062076 		-0.0589480271
0.792  		0.0123816241 		-0.0644434852
0.804  		-0.0071929300 		-0.0644072178
0.816001  		-0.0303656580 		-0.0556624568
0.828001  		-0.0481112788 		-0.0382420690
0.840001  		-0.0551845936 		-0.0166479863
0.852001  		-0.0510086425 		+0.0041278383
0.864001  		-0.0392985634 		+0.0174796902
0.876001  		-0.0239966683 		+0.0259168642
0.888001  		-0.0071112662 		+0.0292236530
0.900001  		0.0089372120 		+0.0266596631
0.912001  		0.0236055180 		+0.0170071546
0.924001  		0.0323945809 		+0.0003328125
0.936001  		0.0322248352 		-0.0200285886
0.948001  		0.0204735139 		-0.0407617665
0.960001  		0.0021833257 		-0.0544830356
0.972001  		-0.0153835787 		-0.0610413074
0.984001  		-0.0308668936 		-0.0620248881
0.996001  		-0.0397918100 		-0.0608268443
1.008  		-0.0482752257 		-0.0555010076
1.02  		-0.0572088197 		-0.0457034590
1.032  		-0.0624435563 		-0.0372991550
1.044  		-0.0678935369 		-0.0262429862
1.056  		-0.0728027429 		-0.0151143694
1.068  		-0.0777792132 		-0.0086274405
1.08  		-0.0839118312 		+0.0015181564
1.092  		-0.0885846207 		+0.0100530168
1.104  		-0.0901916494 		+0.0130714858
1.116  		-0.0866961017 		+0.0203831527
1.128  		-0.0803849884 		+0.0253381978
1.14  		-0.0717268289 		+0.0317807755
1.152  		-0.0594826386 		+0.0419400889
1.164  		-0.0499817594 		+0.0462979473
1.176  		-0.0386391299 		+0.0525260871
1.188  		-0.0261253666 		+0.0584993189
