0  		1.0000000000 		+0.0000000000
0.012  		0.9992745550 		+0.0096960830
0.024  		0.9931525532 		-0.0686769910
0.036  		0.9839704335 		-0.0507082266
0.048  		0.9626062876 		-0.1036787595
0.06  		0.9234801107 		-0.2149821752
0.072  		0.8736284759 		-0.3200747963
0.084  		0.7920543189 		-0.4575944641
0.096  		0.7297258156 		-0.5114742536
0.108  		0.6595070778 		-0.5283403413
0.12  		0.5786768267 		-0.4982040114
0.132  		0.4912294408 		-0.4164537716
0.144  		0.3741325498 		-0.3229193071
0.156  		0.2633785880 		-0.1953263596
0.168  		0.1299794555 		-0.0965648120
0.18  		-0.0047443632 		-0.0326444131
0.192  		-0.1217270806 		-0.0190627998
0.204  		-0.2035723428 		-0.0357614115
0.216  		-0.2330787345 		-0.0924109627
0.228  		-0.2127138858 		-0.1513072610
0.24  		-0.1800599608 		-0.1699284423
0.252  		-0.1296013407 		-0.1775070030
0.264  		-0.0872178430 		-0.1635621676
0.276  		-0.0462263702 		-0.1421766807
0.288  		-0.0064204424 		-0.1149001004
0.3  		0.0136546078 		-0.0816349747
0.312  		0.0255522871 		-0.0456096079
0.324  		0.0234704842 		-0.0095692184
0.336  		0.0050817727 		+0.0191549716
0.348  		-0.0267548959 		+0.0309225662
0.36  		-0.0601221183 		+0.0204869129
0.372  		-0.0827024925 		-0.0109636538
0.384  		-0.0869199520 		-0.0486810166
0.396  		-0.0697113567 		-0.0871153991
0.408  		-0.0313416622 		-0.1148940144
0.42  		0.0022566921 		-0.1230455764
0.432  		0.0406470086 		-0.1180486584
0.444  		0.0766583286 		-0.1002016170
0.456  		0.1029641342 		-0.0761542437
0.468  		0.1261137886 		-0.0317966415
0.48  		0.1295721760 		+0.0179305911
0.492  		0.1107652187 		+0.0629538233
0.504  		0.0708853647 		+0.0917974841
0.516  		0.0315848162 		+0.0874506601
0.528  		0.0054483802 		+0.0561843198
0.54  		0.0068345421 		+0.0084592550
0.552  		0.0399838462 		-0.0395913902
0.564  		0.0962162358 		-0.0747921734
0.576  		0.1612406898 		-0.0895017284
0.588  		0.2222548247 		-0.0743225733
0.6  		0.2604103764 		-0.0520270740
0.612  		0.2762808229 		-0.0270000191
0.624  		0.2744260927 		-0.0077444930
0.636  		0.2623908433 		-0.0145149068
0.648  		0.2466175994 		-0.0066690801
0.66  		0.2276802421 		+0.0132687574
0.672  		0.2045936190 		+0.0315241977
0.684  		0.1748298515 		+0.0524870968
0.696  		0.1416742115 		+0.0648616982
0.708  		0.1054003381 		+0.0745644622
0.72  		0.0650875625 		+0.0816791289
0.732  		0.0296101420 		+0.0779768401
0.744  		0.0023118161 		+0.0669426698
0.756  		-0.0199508313 		+0.0531423423
0.768  		-0.0377050259 		+0.0385086994
0.78  		-0.0506192218 		+0.0267226427
0.792  		-0.0618923099 		+0.0174811982
0.804  		-0.0718173382 		+0.0118778448
0.816001  		-0.0799378758 		+0.0128228728
0.828001  		-0.0863961387 		+0.0109304598
0.840001  		-0.0889226034 		+0.0065333528
0.852001  		-0.0855740140 		+0.0041935641
0.864001  		-0.0750888685 		+0.0018998551
0.876001  		-0.0570002410 		+0.0010933608
0.888001  		-0.0326317042 		-0.0000255631
0.900001  		-0.0047398115 		+0.0004831410
0.912001  		0.0228668241 		+0.0033832469
0.924001  		0.0468788942 		+0.0073039549
0.936001  		0.0652189602 		+0.0108309669
0.948001  		0.0769733520 		+0.0138700667
0.960001  		0.0826713818 		+0.0123366632
0.972001  		0.0824648988 		+0.0101202398
0.984001  		0.0782581786 		+0.0073894016
0.996001  		0.0723430281 		-0.0001148614
1.008  		0.0659363725 		-0.0046196516
1.02  		0.0601121424 		-0.0066739376
1.032  		0.0547958377 		-0.0071340281
1.044  		0.0498275417 		-0.0025765865
1.056  		0.0440261016 		+0.0022847746
1.068  		0.0372801695 		+0.0083565366
1.08  		0.0293962775 		+0.0146673393
1.092  		0.0211779128 		+0.0192506843
1.104  		0.0119244618 		+0.0230988164
1.116  		0.0035452753 		+0.0248948285
1.128  		-0.0028379350 		+0.0258339876
1.14  		-0.0079676327 		+0.0270576350
1.152  		-0.0121173879 		+0.0289690669
1.164  		-0.0171447124 		+0.0308532498
1.176  		-0.0204602549 		+0.0336203912
1.188  		-0.0232877370 		+0.0356719984
