0  		1.0000000000 		-0.0000000000
0.012  		0.9988407310 		-0.0067525707
0.024  		0.9940994947 		-0.0010965217
0.036  		0.9823780254 		+0.0655734623
0.048  		0.9629395822 		+0.0817970968
0.06  		0.9385419938 		+0.0934030275
0.072  		0.9078406966 		+0.0954744669
0.084  		0.8637735039 		+0.1398127769
0.096  		0.8294449965 		+0.1349772776
0.108  		0.8071365801 		+0.0947688369
0.12  		0.7953865571 		+0.0546938938
0.132  		0.7936472809 		-0.0049418362
0.144  		0.7928640998 		-0.0099251933
0.156  		0.7846702681 		-0.0531091248
0.168  		0.7632491638 		-0.1166292925
0.18  		0.7231280966 		-0.1670833321
0.192  		0.6765075554 		-0.1568484707
0.204  		0.6127142507 		-0.1701732366
0.216  		0.5342167951 		-0.1805570112
0.228  		0.4515717710 		-0.1679830186
0.24  		0.3550111620 		-0.1835298831
0.252  		0.2726838338 		-0.1939129864
0.264  		0.1991189501 		-0.2371487106
0.276  		0.1371397879 		-0.2997008691
0.288  		0.0981432644 		-0.3568748823
0.3  		0.1060035416 		-0.3913962129
0.312  		0.1283093856 		-0.4045875727
0.324  		0.1601015331 		-0.3890716429
0.336  		0.2158067016 		-0.3324133329
0.348  		0.2467091714 		-0.2580545205
0.36  		0.2638744549 		-0.1598674451
0.372  		0.2431327892 		-0.0795312850
0.384  		0.1985355182 		-0.0221374445
0.396  		0.1407244821 		+0.0061928495
0.408  		0.0839589510 		+0.0054869585
0.42  		0.0429203755 		-0.0186137138
0.432  		0.0262343154 		-0.0557690256
0.444  		0.0369786343 		-0.0891134453
0.456  		0.0709499217 		-0.1036713570
0.468  		0.1175389191 		-0.0845988551
0.48  		0.1472406842 		-0.0480398018
0.492  		0.1563753469 		+0.0059599067
0.504  		0.1386595292 		+0.0599594602
0.516  		0.1112624840 		+0.0856710852
0.528  		0.0753071972 		+0.1006629678
0.54  		0.0435715868 		+0.0977018354
0.552  		0.0258843326 		+0.0806532804
0.564  		0.0173488422 		+0.0581421876
0.576  		0.0162412079 		+0.0369993126
0.588  		0.0284957699 		+0.0192488414
0.6  		0.0423411176 		+0.0094830530
0.612  		0.0539489478 		+0.0107184747
0.624  		0.0628169478 		+0.0105658569
0.636  		0.0671436664 		+0.0155624042
0.648  		0.0678525441 		+0.0219847447
0.66  		0.0681315125 		+0.0221968900
0.672  		0.0675686819 		+0.0193074089
0.684  		0.0648302219 		+0.0187549148
0.696  		0.0628873092 		+0.0095967715
0.708  		0.0584826157 		-0.0018776993
0.72  		0.0522221233 		-0.0093513761
0.732  		0.0437725005 		-0.0209386290
0.744  		0.0355194851 		-0.0290750865
0.756  		0.0279299630 		-0.0355297527
0.768  		0.0215582314 		-0.0399704632
0.78  		0.0156138593 		-0.0427774407
0.792  		0.0112665364 		-0.0436095112
0.804  		0.0073917552 		-0.0431001764
0.816001  		0.0039388065 		-0.0412074746
0.828001  		0.0023000500 		-0.0382862883
0.840001  		0.0003624784 		-0.0348956983
0.852001  		0.0006438199 		-0.0313271146
0.864001  		-0.0007120546 		-0.0279349639
0.876001  		-0.0006295063 		-0.0248588475
0.888001  		0.0000291977 		-0.0222761254
0.900001  		-0.0008707593 		-0.0201741549
0.912001  		-0.0004657207 		-0.0185349794
0.924001  		0.0004032432 		-0.0171769098
0.936001  		0.0008868393 		-0.0160519416
0.948001  		0.0015111810 		-0.0150737332
0.960001  		0.0035342586 		-0.0138468402
0.972001  		0.0041355825 		-0.0127344603
0.984001  		0.0051165439 		-0.0112608087
0.996001  		0.0061931960 		-0.0093950895
1.008  		0.0056339343 		-0.0082546731
1.02  		0.0051431798 		-0.0068798896
1.032  		0.0046394250 		-0.0053550993
1.044  		0.0037937460 		-0.0040807519
1.056  		0.0029865496 		-0.0028885257
1.068  		0.0025191284 		-0.0015222177
1.08  		0.0019821586 		-0.0005750420
1.092  		0.0016261938 		+0.0001885357
1.104  		0.0013901402 		+0.0008758883
1.116  		0.0013137592 		+0.0013443629
1.128  		0.0011666532 		+0.0018461784
1.14  		0.0006787494 		+0.0023866511
1.152  		-0.0003992289 		+0.0027899647
1.164  		-0.0020547613 		+0.0027383698
1.176  		-0.0041647831 		+0.0017228583
1.188  		-0.0059952794 		-0.0002515164
