0  		1.0000000000 		-0.0000000000
0.012  		0.9991837910 		-0.0185887004
0.024  		0.9950437104 		+0.0401694324
0.036  		0.9875108262 		+0.0486502192
0.048  		0.9723929714 		+0.0884415054
0.06  		0.9441932336 		+0.1634217019
0.072  		0.9152148172 		+0.2099821072
0.084  		0.8749878306 		+0.2796099154
0.096  		0.8270967583 		+0.3491698437
0.108  		0.7619262066 		+0.4347799820
0.12  		0.6767258592 		+0.5100134095
0.132  		0.5925100438 		+0.5375859523
0.144  		0.4712673441 		+0.5570410117
0.156  		0.3938791608 		+0.4925639992
0.168  		0.3382013176 		+0.3734950914
0.18  		0.2347701035 		+0.2671707847
0.192  		0.1410092740 		+0.1356660390
0.204  		0.0447806422 		+0.0065557490
0.216  		-0.0407082761 		-0.1110607996
0.228  		-0.1215997262 		-0.2021387238
0.24  		-0.1872938698 		-0.2600845717
0.252  		-0.2079640080 		-0.3029692819
0.264  		-0.2027008017 		-0.3211521108
0.276  		-0.1806197630 		-0.3150389502
0.288  		-0.1268313725 		-0.3018513723
0.3  		-0.0692082014 		-0.2749097838
0.312  		-0.0142854182 		-0.2396979503
0.324  		0.0469127590 		-0.1988547763
0.336  		0.1000900439 		-0.1508235889
0.348  		0.1378119902 		-0.1028264089
0.36  		0.1657415907 		-0.0576087255
0.372  		0.1868922179 		-0.0119926746
0.384  		0.2010263900 		+0.0195590281
0.396  		0.2112271799 		+0.0410375644
0.408  		0.2169779480 		+0.0587740142
0.42  		0.2202444541 		+0.0683337731
0.432  		0.2210510370 		+0.0707659947
0.444  		0.2156855802 		+0.0801684112
0.456  		0.1997489040 		+0.1038215950
0.468  		0.1767769578 		+0.1261009150
0.48  		0.1453064488 		+0.1480380180
0.492  		0.1001474990 		+0.1710472627
0.504  		0.0649137424 		+0.1803837092
0.516  		0.0208355727 		+0.1879660598
0.528  		-0.0373204440 		+0.1869182542
0.54  		-0.0776060746 		+0.1785996059
0.552  		-0.1069002533 		+0.1666665934
0.564  		-0.1174750201 		+0.1575486128
0.576  		-0.1112563347 		+0.1511648711
0.588  		-0.0985737641 		+0.1386159403
0.6  		-0.0715437379 		+0.1283504956
0.612  		-0.0391906697 		+0.1206716324
0.624  		0.0042887102 		+0.1204008462
0.636  		0.0508115887 		+0.1212458519
0.648  		0.0809764907 		+0.1280524141
0.66  		0.1061212725 		+0.1338489810
0.672  		0.1180740199 		+0.1414127708
0.684  		0.1132760807 		+0.1528423787
0.696  		0.1163031304 		+0.1498745998
0.708  		0.1083385741 		+0.1496259019
0.72  		0.0869739479 		+0.1547221829
0.732  		0.0724744194 		+0.1540630428
0.744  		0.0541497844 		+0.1545362902
0.756  		0.0413483145 		+0.1522895883
0.768  		0.0337858242 		+0.1483535564
0.78  		0.0225757627 		+0.1438798866
0.792  		0.0196449817 		+0.1363175243
0.804  		0.0170988930 		+0.1275799985
0.816001  		0.0199397442 		+0.1178433120
0.828001  		0.0310960295 		+0.1075043163
0.840001  		0.0397316427 		+0.0999747867
0.852001  		0.0516151919 		+0.0941180873
0.864001  		0.0643601645 		+0.0902068771
0.876001  		0.0751595077 		+0.0886707911
0.888001  		0.0852094173 		+0.0867757244
0.900001  		0.0875259410 		+0.0898945161
0.912001  		0.0856785786 		+0.0931977430
0.924001  		0.0823511847 		+0.0938389122
0.936001  		0.0745805792 		+0.0946951351
0.948001  		0.0648965524 		+0.0939329675
0.960001  		0.0545974652 		+0.0910790076
0.972001  		0.0408095680 		+0.0879446560
0.984001  		0.0286943477 		+0.0819789675
0.996001  		0.0188779252 		+0.0741750784
1.008  		0.0101983862 		+0.0659537507
1.02  		0.0057291795 		+0.0580839996
1.032  		0.0030533893 		+0.0519077714
1.044  		0.0020862871 		+0.0477115492
1.056  		0.0008576610 		+0.0452928694
1.068  		-0.0024419408 		+0.0438235051
1.08  		-0.0060082305 		+0.0423164608
1.092  		-0.0102369184 		+0.0399418206
1.104  		-0.0150175959 		+0.0361922226
1.116  		-0.0198306907 		+0.0308442200
1.128  		-0.0241016141 		+0.0239220812
1.14  		-0.0266280105 		+0.0165617960
1.152  		-0.0274261794 		+0.0093311122
1.164  		-0.0265148466 		+0.0037287815
1.176  		-0.0245502114 		-0.0015529908
1.188  		-0.0216548762 		-0.0048228767
