0  		1.0000000000 		+0.0000000000
0.012  		0.9634589215 		+0.1458888552
0.024  		0.7291976738 		+0.3300196215
0.036  		0.6555573383 		-0.0522039442
0.048  		0.8292277336 		-0.1390874385
0.06  		0.6891803087 		+0.2891119551
0.072  		0.4511629526 		+0.2257772513
0.084  		0.4168868221 		-0.2216570284
0.096  		0.5513573795 		-0.2385982674
0.108  		0.5403686966 		-0.2412945431
0.12  		0.7149998111 		-0.2270551076
0.132  		0.5685655595 		+0.0580104244
0.144  		0.2317123810 		-0.0679915577
0.156  		0.2213876530 		-0.4287814589
0.168  		0.5421527374 		-0.2154914679
0.18  		0.1212104647 		+0.1281170015
0.192  		-0.0151287536 		-0.1371836042
0.204  		0.1915407515 		-0.4501766022
0.216  		0.3264423278 		+0.1412961024
0.228  		-0.1324841558 		-0.0749686208
0.24  		0.0979446502 		-0.4088165552
0.252  		0.4186679498 		+0.0125661755
0.264  		-0.1289252597 		+0.1849104568
0.276  		-0.0402598933 		-0.3081659231
0.288  		0.2805344122 		+0.0048372650
0.3  		-0.0013646524 		+0.1265540742
0.312  		-0.1740192348 		+0.0328361199
0.324  		0.1348400582 		-0.2187648056
0.336  		0.0619666884 		+0.2000716197
0.348  		-0.1273692203 		+0.0454232410
0.36  		-0.0526265533 		-0.1656385403
0.372  		0.1860351190 		+0.0112595273
0.384  		-0.0725219231 		+0.1687197547
0.396  		-0.1102510916 		-0.1506732399
0.408  		0.1579702483 		-0.0268648474
0.42  		0.0178789462 		+0.1398269797
0.432  		-0.1376166339 		-0.0752842962
0.444  		0.1377181735 		-0.0064106513
0.456  		-0.0119985428 		+0.0679011535
0.468  		-0.0604488260 		+0.0367968490
0.48  		0.0264802219 		-0.1276203064
0.492  		0.1307296160 		+0.1063596164
0.504  		-0.0977096830 		+0.0715078796
0.516  		0.0511422552 		-0.1182462300
0.528  		0.1561805167 		+0.0717772594
0.54  		-0.0112982033 		+0.1291800695
0.552  		0.0042785858 		-0.0453778662
0.564  		0.0632125154 		+0.0553962064
0.576  		0.0513464215 		+0.0338337977
0.588  		0.0093154262 		+0.0277005174
0.6  		0.0928164360 		-0.0106327912
0.612  		0.0717907465 		+0.0961534776
0.624  		0.0080925743 		+0.0632242898
0.636  		0.0274238879 		+0.0277634573
0.648  		0.0364130378 		+0.0453441406
0.66  		0.0179673258 		+0.0463083784
0.672  		0.0099488314 		+0.0282591391
0.684  		0.0206235562 		+0.0168626835
0.696  		0.0387453840 		+0.0309323230
0.708  		0.0037146560 		+0.0436811916
0.72  		-0.0123495829 		+0.0260325644
0.732  		-0.0010117254 		+0.0183341366
0.744  		0.0026332025 		+0.0243489235
0.756  		-0.0074128667 		+0.0294589249
0.768  		-0.0138610798 		+0.0315912940
0.78  		-0.0243738036 		+0.0281114746
0.792  		-0.0282351690 		+0.0127830896
0.804  		-0.0213282230 		+0.0142759611
0.816001  		-0.0204287309 		+0.0084488668
0.828001  		-0.0192107614 		+0.0006847198
0.840001  		-0.0104701788 		+0.0046860025
0.852001  		-0.0127277763 		+0.0210593944
0.864001  		-0.0316495795 		+0.0077532122
0.876001  		-0.0234204207 		-0.0066796296
0.888001  		-0.0210975188 		-0.0051297962
0.900001  		-0.0141623273 		-0.0080939500
0.912001  		-0.0080571749 		-0.0042465138
0.924001  		-0.0108936445 		+0.0020374175
0.936001  		-0.0138571844 		-0.0133120781
0.948001  		0.0034579207 		-0.0077513808
0.960001  		-0.0019176905 		-0.0004499316
0.972001  		-0.0087592951 		-0.0056019984
0.984001  		0.0036362362 		-0.0058004051
0.996001  		0.0014485593 		-0.0002963092
1.008  		-0.0043221433 		+0.0002759211
1.02  		-0.0002423981 		-0.0096635447
1.032  		0.0067584173 		+0.0020643694
1.044  		-0.0040231278 		-0.0018644968
1.056  		0.0049756382 		-0.0008836520
1.068  		0.0009810743 		+0.0017794195
1.08  		-0.0010919464 		+0.0011251720
1.092  		-0.0001438752 		-0.0041981637
1.104  		0.0046596020 		+0.0042120650
1.116  		-0.0050428599 		+0.0046887012
1.128  		0.0036564059 		-0.0102051332
1.14  		0.0017154585 		+0.0116293787
1.152  		-0.0062376686 		-0.0035927297
1.164  		0.0015161760 		-0.0026056174
1.176  		0.0055387752 		-0.0007127733
1.188  		0.0012296846 		+0.0135711219
