0  		1.0000000000 		-0.0000000000
0.012  		0.9959195879 		+0.0072577861
0.024  		0.9663030193 		+0.1148752916
0.036  		0.8958361926 		+0.2446002690
0.048  		0.8000397417 		+0.3237411649
0.06  		0.6969880341 		+0.3812818299
0.072  		0.4770571161 		+0.4892610930
0.084  		0.2544547230 		+0.5808897505
0.096  		0.0770440008 		+0.5262238994
0.108  		-0.1247537170 		+0.4016191565
0.12  		-0.1620898025 		+0.3099569734
0.132  		-0.0922478005 		+0.2422784365
0.144  		-0.0231527595 		+0.2633649967
0.156  		0.0087370943 		+0.3043450410
0.168  		-0.0504720280 		+0.4366640260
0.18  		-0.0636565779 		+0.4953002157
0.192  		-0.2923350612 		+0.3157989354
0.204  		-0.5658024369 		+0.1026426304
0.216  		-0.5556367842 		-0.0862095970
0.228  		-0.3722454613 		-0.3432663544
0.24  		-0.0221605698 		-0.4585720467
0.252  		0.3465945184 		-0.4451932977
0.264  		0.3981610350 		-0.4157249584
0.276  		0.3233181243 		-0.0975925320
0.288  		0.2860870153 		+0.2482361226
0.3  		0.1934430163 		+0.3559060004
0.312  		0.0101024170 		+0.2814856261
0.324  		-0.1594316847 		+0.1201621836
0.336  		-0.2988398781 		-0.0328894913
0.348  		-0.3354743870 		-0.0785960364
0.36  		-0.1820908671 		-0.0943668825
0.372  		-0.0316733546 		-0.2024272402
0.384  		-0.0145548305 		-0.2785433047
0.396  		-0.0062668491 		-0.2158197011
0.408  		0.0704701169 		-0.0905509823
0.42  		0.1835004762 		-0.0603362469
0.432  		0.1725449562 		-0.1165993766
0.444  		0.0919270413 		-0.0718847879
0.456  		0.0810868573 		+0.0406745899
0.468  		0.1226225419 		+0.0719042819
0.48  		0.1027190091 		+0.0284935598
0.492  		0.0359335425 		+0.0314086668
0.504  		0.0000235447 		+0.0872634785
0.516  		0.0406473853 		+0.1225577772
0.528  		0.0716194709 		+0.0794225853
0.54  		-0.0133101535 		+0.0779875063
0.552  		-0.0632129223 		+0.1916306198
0.564  		0.0125949266 		+0.1938563571
0.576  		-0.0206236888 		+0.0953002543
0.588  		-0.1314199518 		+0.0560866346
0.6  		-0.1860149564 		+0.0683123140
0.612  		-0.1533614619 		+0.0840418580
0.624  		-0.0923587549 		-0.0065117002
0.636  		-0.1823247474 		-0.0731469387
0.648  		-0.2125834641 		+0.0249911608
0.66  		-0.1102451944 		-0.0112638396
0.672  		-0.0630169488 		-0.0933911318
0.684  		-0.0706457936 		-0.0994883838
0.696  		-0.0508765952 		-0.0693132189
0.708  		-0.0000700184 		-0.0400518729
0.72  		0.0305136401 		-0.0295682600
0.732  		0.0254344612 		-0.0236151232
0.744  		0.0179703385 		-0.0036824114
0.756  		0.0108291658 		+0.0147886572
0.768  		0.0071484577 		+0.0233172462
0.78  		0.0054285754 		+0.0118578843
0.792  		-0.0008310690 		-0.0037938220
0.804  		0.0040362248 		-0.0239925361
0.816001  		0.0052848414 		-0.0514455341
0.828001  		-0.0012396359 		-0.0572737734
0.840001  		0.0129247761 		-0.0588125106
0.852001  		0.0337298169 		-0.0750076435
0.864001  		0.0403581383 		-0.0774142007
0.876001  		0.0471007053 		-0.0507311646
0.888001  		0.0553573892 		-0.0223359517
0.900001  		0.0611241185 		-0.0015591956
0.912001  		0.0512827335 		+0.0161439840
0.924001  		0.0268054995 		+0.0297108800
0.936001  		0.0118890947 		+0.0297566576
0.948001  		0.0020824677 		+0.0235864485
0.960001  		-0.0064166764 		+0.0159848037
0.972001  		-0.0075157557 		+0.0050993290
0.984001  		-0.0051811840 		-0.0016149273
0.996001  		-0.0028809267 		-0.0028824551
1.008  		-0.0006541143 		-0.0021573443
1.02  		0.0000802072 		-0.0009873137
1.032  		-0.0002450577 		-0.0001271738
1.044  		-0.0007645515 		+0.0000571564
1.056  		-0.0008737414 		+0.0000952831
1.068  		-0.0005360371 		-0.0002397063
1.08  		-0.0003292254 		-0.0001954250
1.092  		-0.0001646626 		+0.0001603514
1.104  		-0.0001582101 		+0.0004848365
1.116  		-0.0002224965 		+0.0006885546
1.128  		-0.0003328839 		+0.0008695417
1.14  		0.0000810864 		+0.0010138997
1.152  		0.0004445352 		+0.0007130123
1.164  		0.0007171328 		+0.0004196885
1.176  		0.0007766149 		-0.0001713130
1.188  		0.0003992701 		-0.0007513648
