0  		1.0000000000 		-0.0000000000
0.012  		0.9879189687 		-0.0253991401
0.024  		0.9112029461 		-0.0909338912
0.036  		0.7340569269 		-0.1243761120
0.048  		0.5698495811 		+0.0048056624
0.06  		0.4875358528 		+0.1868410217
0.072  		0.5509152310 		+0.3139558608
0.084  		0.7008096766 		+0.2369032181
0.096  		0.7823382651 		+0.0264147316
0.108  		0.7158913094 		-0.1417102444
0.12  		0.5683091412 		-0.1829085795
0.132  		0.4749788487 		-0.0995409413
0.144  		0.5104394962 		+0.0114377838
0.156  		0.6281135514 		+0.0196034188
0.168  		0.6182743063 		-0.1102174209
0.18  		0.4562599862 		-0.1181012037
0.192  		0.3741463613 		+0.0483695044
0.204  		0.3804770121 		+0.2241340294
0.216  		0.4384201013 		+0.2573084320
0.228  		0.4305696926 		+0.1172407103
0.24  		0.2834059864 		+0.0280424445
0.252  		0.1249516400 		+0.0433015438
0.264  		0.0172055338 		+0.0732442857
0.276  		-0.0899532152 		+0.1644979265
0.288  		-0.0795838378 		+0.3259870556
0.3  		0.0362575748 		+0.3827862346
0.312  		0.2009141778 		+0.2599209729
0.324  		0.1937802448 		+0.0622427327
0.336  		0.0380557029 		-0.0300157174
0.348  		-0.1139728270 		+0.0497969597
0.36  		-0.0809162268 		+0.2242488686
0.372  		0.1401476246 		+0.2455302952
0.384  		0.2466820521 		+0.0688045651
0.396  		0.1546784384 		-0.1052682024
0.408  		-0.0407956117 		-0.1067250919
0.42  		-0.0822246165 		+0.0811931326
0.432  		0.0880574070 		+0.1205040770
0.444  		0.1234378378 		+0.0067060974
0.456  		0.0990278372 		-0.0326465575
0.468  		0.0652886798 		-0.1247479668
0.48  		-0.1065657429 		-0.1218044734
0.492  		-0.1616965856 		+0.0990045018
0.504  		0.0783733129 		+0.2249723976
0.516  		0.2638949585 		+0.0233246982
0.528  		0.1875942030 		-0.1695996147
0.54  		0.0284968391 		-0.2383037169
0.552  		-0.1654277928 		-0.1508535529
0.564  		-0.1852443929 		+0.0766757250
0.576  		-0.0333833026 		+0.1833555241
0.588  		0.1295380839 		+0.1522951283
0.6  		0.2133237348 		-0.0572827420
0.612  		0.0042464696 		-0.1989812661
0.624  		-0.1287368868 		-0.0413600592
0.636  		-0.0560761120 		+0.0568796772
0.648  		0.0043383001 		+0.0479409071
0.66  		0.0395418982 		+0.0514462137
0.672  		0.1063019561 		-0.0160322393
0.684  		0.0374095516 		-0.1307095441
0.696  		-0.1084795499 		-0.0855775581
0.708  		-0.1025393752 		+0.0665309748
0.72  		0.0074796891 		+0.1073009926
0.732  		0.0944257708 		+0.0572281915
0.744  		0.1114331189 		-0.0408871884
0.756  		0.0365825166 		-0.1084234002
0.768  		-0.0417025111 		-0.0838532554
0.78  		-0.0680005958 		-0.0228994983
0.792  		-0.0390318568 		+0.0447747717
0.804  		0.0412900737 		+0.0528850127
0.816001  		0.0772986366 		-0.0214844423
0.828001  		0.0132491443 		-0.0718812108
0.840001  		-0.0305339754 		-0.0307202397
0.852001  		-0.0214258514 		-0.0085256463
0.864001  		-0.0154634094 		+0.0092195738
0.876001  		0.0298037408 		+0.0210715446
0.888001  		0.0689519428 		-0.0431552559
0.900001  		0.0094544057 		-0.1067965686
0.912001  		-0.0580937942 		-0.0873052785
0.924001  		-0.0743702213 		-0.0300870619
0.936001  		-0.0313866820 		+0.0025152872
0.948001  		0.0134985658 		-0.0250290721
0.960001  		0.0131431264 		-0.0673266032
0.972001  		-0.0090083348 		-0.0899077613
0.984001  		-0.0478456534 		-0.0905372532
0.996001  		-0.0719119786 		-0.0553539703
1.008  		-0.0494012479 		-0.0228687933
1.02  		-0.0208037420 		-0.0303626165
1.032  		-0.0139275983 		-0.0430108984
1.044  		-0.0113127646 		-0.0450638671
1.056  		-0.0034645682 		-0.0556441871
1.068  		-0.0056351300 		-0.0639151306
1.08  		-0.0006911127 		-0.0587074601
1.092  		0.0100632972 		-0.0543681999
1.104  		0.0180695555 		-0.0578789939
1.116  		0.0255983807 		-0.0607014271
1.128  		0.0273955863 		-0.0593780070
1.14  		0.0158899333 		-0.0527299987
1.152  		0.0059611860 		-0.0393725208
1.164  		0.0070757106 		-0.0286391918
1.176  		0.0112128857 		-0.0260967588
1.188  		0.0074371998 		-0.0296875711
