0  		1.0000000000 		+0.0000000000
0.012  		0.9886280804 		-0.0938830987
0.024  		0.8704308645 		-0.4670115622
0.036  		0.5563061597 		-0.7341701117
0.048  		0.3005170634 		-0.3375563108
0.06  		0.4339453946 		+0.3352415215
0.072  		0.8118417292 		+0.4270918601
0.084  		0.9187734474 		-0.0817708252
0.096  		0.7590728947 		-0.4955598735
0.108  		0.6393084291 		-0.5933208604
0.12  		0.4635881789 		-0.6624574020
0.132  		0.0918843951 		-0.7389095840
0.144  		-0.0947849281 		-0.5912419353
0.156  		0.0853494354 		-0.2172619313
0.168  		0.3834933394 		+0.1663999285
0.18  		0.5648517938 		+0.2801795601
0.192  		0.6489730057 		+0.0952961318
0.204  		0.6772223267 		-0.0465816735
0.216  		0.6704878987 		-0.0285149652
0.228  		0.6079643892 		-0.1722144137
0.24  		0.4050092534 		-0.4332767557
0.252  		0.1514211693 		-0.4176620919
0.264  		0.1353565822 		-0.0886444142
0.276  		0.3510444511 		+0.1167440114
0.288  		0.4701097785 		-0.0130869349
0.3  		0.3954136696 		-0.2479768740
0.312  		0.3250437812 		-0.3517011380
0.324  		0.3173844040 		-0.3678992977
0.336  		0.2261062447 		-0.4289100238
0.348  		0.0234404484 		-0.4857769394
0.36  		-0.0600936562 		-0.3422911233
0.372  		0.1279710165 		-0.0823454719
0.384  		0.3436865305 		-0.0198464372
0.396  		0.3165282608 		-0.1589528185
0.408  		0.1526497311 		-0.2536940447
0.42  		0.0563546382 		-0.2403097969
0.432  		0.0033183888 		-0.2079946789
0.444  		-0.0859988844 		-0.1673528234
0.456  		-0.1580608489 		-0.0976991059
0.468  		-0.1096536576 		-0.0584088790
0.48  		0.0439445091 		-0.0731729011
0.492  		0.1696100418 		-0.0987839171
0.504  		0.1743438873 		-0.1440974619
0.516  		0.1306373211 		-0.1857454263
0.528  		0.1249186115 		-0.1749627976
0.54  		0.1111181981 		-0.1516931034
0.552  		0.0400876190 		-0.1508864151
0.564  		-0.0245040524 		-0.1205630156
0.576  		-0.0151168078 		-0.0536101421
0.588  		0.0392647443 		-0.0198395847
0.6  		0.0518437005 		-0.0411917660
0.612  		0.0096704305 		-0.0601871554
0.624  		-0.0285950486 		-0.0507899066
0.636  		-0.0365525841 		-0.0425188591
0.648  		-0.0358139164 		-0.0361402728
0.66  		-0.0387336583 		-0.0204006099
0.672  		-0.0318920258 		-0.0094462930
0.684  		-0.0094574982 		-0.0090937533
0.696  		0.0119965446 		-0.0101811060
0.708  		0.0173730614 		-0.0111083482
0.72  		0.0117776654 		-0.0127432607
0.732  		0.0073707270 		-0.0123686317
0.744  		0.0061603238 		-0.0098608561
0.756  		0.0032529711 		-0.0084101943
0.768  		-0.0011127045 		-0.0067244829
0.78  		-0.0023524460 		-0.0036014132
0.792  		-0.0001004830 		-0.0014039345
0.804  		0.0021057620 		-0.0010409166
0.816001  		0.0026327712 		-0.0022675278
0.828001  		0.0010756491 		-0.0047557906
0.840001  		-0.0015726093 		-0.0077193657
0.852001  		-0.0049695816 		-0.0111481620
0.864001  		-0.0126137604 		-0.0112313939
0.876001  		-0.0210065211 		-0.0015022029
0.888001  		-0.0173593346 		+0.0060843231
0.900001  		-0.0075222268 		-0.0038935616
0.912001  		-0.0057134756 		-0.0171931712
0.924001  		-0.0110048944 		-0.0187846073
0.936001  		-0.0177660625 		-0.0159863798
0.948001  		-0.0235176397 		-0.0179547247
0.960001  		-0.0282146326 		-0.0236270327
0.972001  		-0.0401413323 		-0.0163199216
0.984001  		-0.0475838045 		+0.0087305812
0.996001  		-0.0322663748 		+0.0159535120
1.008  		-0.0170094944 		-0.0112640729
1.02  		-0.0263093416 		-0.0297165582
1.032  		-0.0351168922 		-0.0156723368
1.044  		-0.0332734836 		-0.0004731809
1.056  		-0.0344034388 		-0.0019159215
1.068  		-0.0423607582 		-0.0083246637
1.08  		-0.0545824239 		+0.0054306111
1.092  		-0.0558371572 		+0.0308454770
1.104  		-0.0376049453 		+0.0220881772
1.116  		-0.0239216559 		-0.0261874691
1.128  		-0.0311218462 		-0.0550816261
1.14  		-0.0449670401 		-0.0416578354
1.152  		-0.0467142501 		-0.0228171494
1.164  		-0.0341867596 		-0.0223226038
1.176  		-0.0228328579 		-0.0280274357
1.188  		-0.0292968665 		-0.0325619701
