0  		1.0000000000 		+0.0000000000
0.012  		0.9993507012 		-0.0034342633
0.024  		0.9970722218 		-0.0110403560
0.036  		0.9961121425 		+0.0100580988
0.048  		0.9925512036 		+0.0199349860
0.06  		0.9809896650 		+0.0253777337
0.072  		0.9728518042 		+0.0071372111
0.084  		0.9655502083 		+0.0148948616
0.096  		0.9480020156 		+0.0269803240
0.108  		0.9282124066 		+0.0225174381
0.12  		0.9103167734 		+0.0217806659
0.132  		0.8893877760 		+0.0246649453
0.144  		0.8658448827 		+0.0333317111
0.156  		0.8416173582 		+0.0226608969
0.168  		0.8172679802 		+0.0072026940
0.18  		0.7957514073 		-0.0162921080
0.192  		0.7777293800 		-0.0251737800
0.204  		0.7635036582 		-0.0280603005
0.216  		0.7503553158 		-0.0432402780
0.228  		0.7409166170 		-0.0553903441
0.24  		0.7364598331 		-0.0603794344
0.252  		0.7351579946 		-0.0371121722
0.264  		0.7282110202 		-0.0165249471
0.276  		0.7149281306 		+0.0065279514
0.288  		0.7011619949 		+0.0329155238
0.3  		0.6829179016 		+0.0687275100
0.312  		0.6509976864 		+0.1083591682
0.324  		0.6146766970 		+0.1285613095
0.336  		0.5753480558 		+0.1539343113
0.348  		0.5313162090 		+0.1750709530
0.36  		0.4860395901 		+0.1966982963
0.372  		0.4462405534 		+0.1989634215
0.384  		0.4063986264 		+0.1904638914
0.396  		0.3723612868 		+0.1757069922
0.408  		0.3441673290 		+0.1572348617
0.42  		0.3186126908 		+0.1385219931
0.432  		0.2977277893 		+0.1197706286
0.444  		0.2779939296 		+0.1056867625
0.456  		0.2642057498 		+0.0875265438
0.468  		0.2575356996 		+0.0746078182
0.48  		0.2570693718 		+0.0645817145
0.492  		0.2582375838 		+0.0583423086
0.504  		0.2602512077 		+0.0554360232
0.516  		0.2638270646 		+0.0570455035
0.528  		0.2680013740 		+0.0665596621
0.54  		0.2695933732 		+0.0835135600
0.552  		0.2657488056 		+0.1085631277
0.564  		0.2592765097 		+0.1320165244
0.576  		0.2444881096 		+0.1625597602
0.588  		0.2255806494 		+0.1940437392
0.6  		0.2049091324 		+0.2237939062
0.612  		0.1759087390 		+0.2530634293
0.624  		0.1446674786 		+0.2741714386
0.636  		0.1094033805 		+0.2912480061
0.648  		0.0814269885 		+0.3032798526
0.66  		0.0544340847 		+0.3115005936
0.672  		0.0331413342 		+0.3138789985
0.684  		0.0131859459 		+0.3136447178
0.696  		-0.0080965699 		+0.3103761915
0.708  		-0.0180010014 		+0.3050843684
0.72  		-0.0236376579 		+0.3020096361
0.732  		-0.0295077483 		+0.2990026648
0.744  		-0.0415151890 		+0.2919789688
0.756  		-0.0446328647 		+0.2843105937
0.768  		-0.0494346221 		+0.2770927013
0.78  		-0.0570219482 		+0.2705447271
0.792  		-0.0712013858 		+0.2599279949
0.804  		-0.0842771814 		+0.2460418573
0.816001  		-0.0945457777 		+0.2326968010
0.828001  		-0.1091830794 		+0.2152473305
0.840001  		-0.1179617229 		+0.1979748266
0.852001  		-0.1274878863 		+0.1803558589
0.864001  		-0.1311397733 		+0.1641704060
0.876001  		-0.1300233678 		+0.1484422960
0.888001  		-0.1251311853 		+0.1371733665
0.900001  		-0.1197214136 		+0.1281184099
0.912001  		-0.1142817887 		+0.1196163043
0.924001  		-0.1080787231 		+0.1121296986
0.936001  		-0.1032908278 		+0.1039975864
0.948001  		-0.0958867546 		+0.0997579476
0.960001  		-0.0888400488 		+0.0969122331
0.972001  		-0.0815254851 		+0.0962273961
0.984001  		-0.0758529887 		+0.0952274180
0.996001  		-0.0717313265 		+0.0929463232
1.008  		-0.0674607017 		+0.0915418907
1.02  		-0.0654012549 		+0.0903197200
1.032  		-0.0645596530 		+0.0894962870
1.044  		-0.0646932147 		+0.0877927779
1.056  		-0.0619495416 		+0.0876528510
1.068  		-0.0592907608 		+0.0882107067
1.08  		-0.0569928299 		+0.0890422172
1.092  		-0.0549327316 		+0.0893755815
1.104  		-0.0529953836 		+0.0901559898
1.116  		-0.0498827167 		+0.0920004971
1.128  		-0.0478889831 		+0.0934524581
1.14  		-0.0451783467 		+0.0967637441
1.152  		-0.0454192995 		+0.0997122509
1.164  		-0.0450961843 		+0.1031968355
1.176  		-0.0481760929 		+0.1056169218
1.188  		-0.0531393092 		+0.1070560246
