0  		1.0000000000 		-0.0000000000
0.012  		0.9954062531 		+0.0139643352
0.024  		0.9780706205 		+0.0059331478
0.036  		0.9737370770 		+0.0267063973
0.048  		0.9754483368 		+0.0408004893
0.06  		0.9612333981 		+0.0328046259
0.072  		0.9502639834 		-0.0011391252
0.084  		0.9294145999 		-0.0221108323
0.096  		0.9270689949 		-0.0300830007
0.108  		0.9143132185 		-0.0765557589
0.12  		0.8835735705 		-0.0816321137
0.132  		0.8501843550 		-0.0645690595
0.144  		0.8421427300 		-0.0693734511
0.156  		0.8208779693 		-0.0599951226
0.168  		0.7742077444 		-0.0799182076
0.18  		0.7494734062 		-0.0571165051
0.192  		0.6890950872 		-0.0320370143
0.204  		0.6632662056 		-0.0284574116
0.216  		0.6241867246 		+0.0130153982
0.228  		0.5525720314 		+0.0091333798
0.24  		0.5294960033 		+0.0238346753
0.252  		0.4688470443 		+0.0406662307
0.264  		0.4456782611 		+0.0086988133
0.276  		0.4214817466 		+0.0412135047
0.288  		0.3669812578 		+0.0477891208
0.3  		0.3690454628 		+0.0599501599
0.312  		0.3219735747 		+0.0707821755
0.324  		0.2950623615 		+0.0498532978
0.336  		0.2662889390 		+0.0760068326
0.348  		0.2284186958 		+0.0641834759
0.36  		0.2382283027 		+0.0532358850
0.372  		0.1973478303 		+0.0552009953
0.384  		0.1787617327 		+0.0347389999
0.396  		0.1785995296 		+0.0496429568
0.408  		0.1584062250 		+0.0321698737
0.42  		0.1685378293 		+0.0143185506
0.432  		0.1433679180 		+0.0286205304
0.444  		0.1412658074 		+0.0174358827
0.456  		0.1541672006 		+0.0386993243
0.468  		0.1257504240 		+0.0312000586
0.48  		0.1271551113 		+0.0260938762
0.492  		0.1048466463 		+0.0518009554
0.504  		0.1044554979 		+0.0403256630
0.516  		0.1076935024 		+0.0469368682
0.528  		0.0779837194 		+0.0353143071
0.54  		0.0826379792 		+0.0340763487
0.552  		0.0722457440 		+0.0474431915
0.564  		0.0727330767 		+0.0252666891
0.576  		0.0739557289 		+0.0281018265
0.588  		0.0513548841 		+0.0259465707
0.6  		0.0615944826 		+0.0233769432
0.612  		0.0539742571 		+0.0310738634
0.624  		0.0447340499 		+0.0112479061
0.636  		0.0433275686 		+0.0145180283
0.648  		0.0299575489 		+0.0147247637
0.66  		0.0360652184 		+0.0052126630
0.672  		0.0306737875 		+0.0069541424
0.684  		0.0204147623 		-0.0010200706
0.696  		0.0243700241 		-0.0000843018
0.708  		0.0198902862 		-0.0002584002
0.72  		0.0182017098 		-0.0119364700
0.732  		0.0192472417 		-0.0101579094
0.744  		0.0148498866 		-0.0104427160
0.756  		0.0263315104 		-0.0186278784
0.768  		0.0261185295 		-0.0148848283
0.78  		0.0214071890 		-0.0239872878
0.792  		0.0345969886 		-0.0119386445
0.804  		0.0311606477 		-0.0103644460
0.816001  		0.0511641308 		-0.0221729919
0.828001  		0.0432298849 		-0.0074594824
0.840001  		0.0399461677 		-0.0143073555
0.852001  		0.0576979252 		+0.0159035995
0.864001  		0.0493385886 		+0.0137675711
0.876001  		0.0749018968 		+0.0145229064
0.888001  		0.0389312982 		+0.0339066364
0.900001  		0.0376900201 		+0.0317479066
0.912001  		0.0240167026 		+0.0684785999
0.924001  		0.0152574599 		+0.0422682780
0.936001  		0.0214348475 		+0.0461005990
0.948001  		-0.0091268442 		+0.0336434596
0.960001  		-0.0014310556 		+0.0342100592
0.972001  		-0.0181898640 		+0.0466847698
0.984001  		-0.0118142885 		+0.0253966997
0.996001  		-0.0179646041 		+0.0309971789
1.008  		-0.0339603020 		+0.0066445242
1.02  		-0.0296012956 		+0.0114007922
1.032  		-0.0416292027 		-0.0077692063
1.044  		-0.0155736545 		-0.0145894028
1.056  		-0.0154893827 		-0.0254339276
1.068  		0.0084812694 		-0.0248519550
1.08  		0.0039691418 		-0.0157396163
1.092  		0.0155677141 		-0.0120196932
1.104  		0.0114577089 		+0.0004412714
1.116  		0.0169046206 		-0.0005634993
1.128  		0.0114030062 		+0.0107638361
1.14  		0.0062665822 		+0.0071324486
1.152  		-0.0016238874 		+0.0167805097
1.164  		-0.0106311021 		+0.0093179542
1.176  		-0.0133191750 		+0.0134225422
1.188  		-0.0164161651 		-0.0048861459
