0  		1.0000000000 		+0.0000000000
0.012  		0.9994301070 		+0.0046757922
0.024  		0.9932854838 		-0.0231046840
0.036  		0.9752071097 		-0.0518766971
0.048  		0.9429684648 		-0.0600115806
0.06  		0.8985457689 		-0.0719271927
0.072  		0.8538762284 		-0.0613081892
0.084  		0.8123433235 		-0.0723302521
0.096  		0.7781149346 		-0.0543368844
0.108  		0.7430466549 		-0.0368158068
0.12  		0.7049385066 		-0.0220755923
0.132  		0.6684083574 		+0.0069073055
0.144  		0.6396331113 		+0.0178781083
0.156  		0.6205996202 		+0.0495168511
0.168  		0.6120370327 		+0.0688155548
0.18  		0.6107918652 		+0.0811993655
0.192  		0.6154284352 		+0.0557754182
0.204  		0.6163675636 		+0.0228246243
0.216  		0.6104998961 		-0.0007496939
0.228  		0.5977727295 		-0.0350522586
0.24  		0.5770614321 		-0.0642464733
0.252  		0.5443220571 		-0.0985298160
0.264  		0.5029059251 		-0.0960779095
0.276  		0.4528402355 		-0.0652784456
0.288  		0.3991865950 		-0.0109356394
0.3  		0.3527120052 		+0.0586183708
0.312  		0.3270222546 		+0.1345637912
0.324  		0.3248913754 		+0.2160464263
0.336  		0.3460179704 		+0.2906425474
0.348  		0.3983131985 		+0.3330963386
0.36  		0.4753566567 		+0.3250741117
0.372  		0.5351892985 		+0.3013625615
0.384  		0.5836108747 		+0.2499701864
0.396  		0.6101654947 		+0.2072094186
0.408  		0.6317232939 		+0.1472644642
0.42  		0.6436823969 		+0.0844449472
0.432  		0.6415658657 		+0.0478212050
0.444  		0.6294887293 		+0.0112681220
0.456  		0.6113061227 		+0.0048249500
0.468  		0.5962722351 		-0.0171963153
0.48  		0.5913119590 		-0.0270475861
0.492  		0.5976200983 		-0.0297735364
0.504  		0.6085471306 		-0.0434393952
0.516  		0.6138862181 		-0.0752604326
0.528  		0.6069938271 		-0.1127158238
0.54  		0.5937501194 		-0.1196074651
0.552  		0.5760862298 		-0.1221872379
0.564  		0.5622158318 		-0.1161756855
0.576  		0.5531101379 		-0.1190628689
0.588  		0.5504526434 		-0.1169426160
0.6  		0.5481008559 		-0.1127146001
0.612  		0.5422968956 		-0.1093032331
0.624  		0.5321611728 		-0.1063074768
0.636  		0.5177067832 		-0.1126652414
0.648  		0.5014153038 		-0.1211916291
0.66  		0.4824461893 		-0.1308030518
0.672  		0.4598152086 		-0.1370791119
0.684  		0.4228172402 		-0.1621485085
0.696  		0.3890141502 		-0.1567197734
0.708  		0.3598839066 		-0.1339430649
0.72  		0.3394659870 		-0.1001083157
0.732  		0.3310467393 		-0.0608928942
0.744  		0.3346288508 		-0.0350191362
0.756  		0.3520742114 		-0.0009180059
0.768  		0.3759728129 		+0.0099679943
0.78  		0.3991058806 		+0.0038726640
0.792  		0.4152505368 		-0.0231692395
0.804  		0.4212792180 		-0.0708559560
0.816001  		0.4188981822 		-0.1206507524
0.828001  		0.4057731101 		-0.1789044346
0.840001  		0.3779582807 		-0.2397787429
0.852001  		0.3344473922 		-0.2935953053
0.864001  		0.2960388846 		-0.3154208558
0.876001  		0.2601110706 		-0.3160919922
0.888001  		0.2349026561 		-0.2948158253
0.900001  		0.2200965215 		-0.2606096428
0.912001  		0.2269397770 		-0.2165004467
0.924001  		0.2523012715 		-0.1712597953
0.936001  		0.2836787893 		-0.1372459074
0.948001  		0.3156856810 		-0.1145955096
0.960001  		0.3443060478 		-0.1091989593
0.972001  		0.3753997665 		-0.1090588736
0.984001  		0.4041162547 		-0.1278200051
0.996001  		0.4304964153 		-0.1510968261
1.008  		0.4428582517 		-0.1943360886
1.02  		0.4495642322 		-0.2265006149
1.032  		0.4660730826 		-0.2232020274
1.044  		0.4762863208 		-0.2270808926
1.056  		0.4924255471 		-0.2212861686
1.068  		0.5006962218 		-0.2398909063
1.08  		0.5109162814 		-0.2561012662
1.092  		0.5118284707 		-0.2819570324
1.104  		0.4901892498 		-0.3284701453
1.116  		0.4518084107 		-0.3748930732
1.128  		0.3923038866 		-0.4216611955
1.14  		0.3264160007 		-0.4490533496
1.152  		0.2632956258 		-0.4517692514
1.164  		0.1992151417 		-0.4352238498
1.176  		0.1318722651 		-0.4055693436
1.188  		0.0999493931 		-0.3605102105
