0  		1.0000000000 		+0.0000000000
0.012  		0.9916667119 		+0.0199641056
0.024  		0.9428500664 		-0.0054276830
0.036  		0.8693900431 		-0.0539841291
0.048  		0.7515744425 		-0.0864005530
0.06  		0.6762392256 		-0.2155042300
0.072  		0.6908891032 		-0.2948525416
0.084  		0.7339345610 		-0.3115533232
0.096  		0.7137551347 		-0.1929034602
0.108  		0.5493726473 		-0.0278250300
0.12  		0.3150772004 		+0.0073626776
0.132  		0.1911547830 		-0.1222127670
0.144  		0.1606226336 		-0.2532846898
0.156  		0.0869815900 		-0.3698971611
0.168  		0.0128561906 		-0.4624561302
0.18  		0.0183264458 		-0.4448088059
0.192  		0.0453050014 		-0.2937996368
0.204  		-0.0321612779 		-0.1214749382
0.216  		-0.1855781813 		-0.0366816733
0.228  		-0.3162824226 		-0.0287986118
0.24  		-0.3777945216 		+0.0240594617
0.252  		-0.3787352611 		+0.0908009571
0.264  		-0.3305109001 		+0.1130297767
0.276  		-0.2481297733 		+0.1286595745
0.288  		-0.1791201547 		+0.1958664578
0.3  		-0.1702674149 		+0.2683310757
0.312  		-0.1603911355 		+0.3191812355
0.324  		-0.1291073311 		+0.3430079554
0.336  		-0.0775423860 		+0.3345668783
0.348  		-0.0279869771 		+0.3110145749
0.36  		0.0430311020 		+0.2835872910
0.372  		0.1091295476 		+0.2494066099
0.384  		0.1400189635 		+0.1948473800
0.396  		0.1592684071 		+0.1294677728
0.408  		0.1466651836 		+0.0880748521
0.42  		0.1194949677 		+0.0612935110
0.432  		0.0846248213 		+0.0378444897
0.444  		0.0530364830 		+0.0092232754
0.456  		0.0254184026 		-0.0105027360
0.468  		0.0049744128 		-0.0148065690
0.48  		-0.0033761300 		-0.0056123914
0.492  		-0.0062242221 		+0.0135226943
0.504  		-0.0124148370 		+0.0347256279
0.516  		-0.0168853600 		+0.0439582070
0.528  		-0.0110754344 		+0.0341651497
0.54  		0.0079328161 		+0.0150823652
0.552  		0.0351388799 		-0.0039278380
0.564  		0.0744502348 		-0.0149099528
0.576  		0.1179862821 		-0.0154750066
0.588  		0.1376407937 		-0.0027523943
0.6  		0.1136874045 		+0.0092388786
0.612  		0.0677092419 		-0.0032635329
0.624  		0.0374042330 		-0.0367436421
0.636  		0.0323108916 		-0.0657271814
0.648  		0.0349688609 		-0.0790887751
0.66  		0.0370647196 		-0.0738751562
0.672  		0.0294691708 		-0.0543513615
0.684  		0.0207193569 		-0.0307861460
0.696  		0.0160759376 		-0.0122745268
0.708  		0.0177574396 		+0.0055467181
0.72  		0.0183863674 		+0.0243736454
0.732  		0.0219027948 		+0.0387670594
0.744  		0.0273216236 		+0.0469240404
0.756  		0.0395999428 		+0.0433990933
0.768  		0.0574399711 		+0.0288197990
0.78  		0.0754943672 		+0.0080142895
0.792  		0.0831952261 		-0.0131185950
0.804  		0.0795881417 		-0.0399449342
0.816001  		0.0792193315 		-0.0559836007
0.828001  		0.0766054850 		-0.0569412369
0.840001  		0.0617469681 		-0.0493312834
0.852001  		0.0336504169 		-0.0482652116
0.864001  		0.0091307798 		-0.0419432955
0.876001  		-0.0170186761 		-0.0275081740
0.888001  		-0.0464796689 		-0.0147569948
0.900001  		-0.0666255825 		-0.0214252676
0.912001  		-0.0642558879 		-0.0360835678
0.924001  		-0.0449843386 		-0.0381792542
0.936001  		-0.0264852989 		-0.0255143114
0.948001  		-0.0129523167 		-0.0088499733
0.960001  		-0.0097706050 		+0.0064620851
0.972001  		-0.0172089106 		+0.0139910759
0.984001  		-0.0251287862 		+0.0115515404
0.996001  		-0.0260321834 		+0.0055725860
1.008  		-0.0203326390 		+0.0025016458
1.02  		-0.0131070964 		+0.0014372996
1.032  		-0.0082948390 		+0.0023623645
1.044  		-0.0070365082 		+0.0025317183
1.056  		-0.0066152118 		+0.0019798414
1.068  		-0.0060555604 		+0.0019966470
1.08  		-0.0055912275 		+0.0018023156
1.092  		-0.0051088011 		+0.0013731574
1.104  		-0.0043981763 		+0.0005391117
1.116  		-0.0032494402 		-0.0002160820
1.128  		-0.0014619397 		-0.0002109505
1.14  		0.0003203931 		+0.0006767998
1.152  		0.0023281241 		+0.0010210644
1.164  		0.0051722958 		-0.0000145685
1.176  		0.0095042768 		-0.0009048614
1.188  		0.0146320997 		+0.0002530231
