0  		1.0000000000 		-0.0000000000
0.012  		0.9934898542 		+0.0117316118
0.024  		0.9895279466 		-0.0590721206
0.036  		0.9665127682 		-0.1006162901
0.048  		0.9354251427 		-0.1031654529
0.06  		0.9126082375 		-0.0687449603
0.072  		0.9062461280 		+0.0030210107
0.084  		0.9028215653 		-0.0628851994
0.096  		0.8990855983 		-0.0942041257
0.108  		0.8767499717 		-0.1450162214
0.12  		0.8451373457 		-0.1147108682
0.132  		0.7850024969 		-0.1426408891
0.144  		0.7295064790 		-0.1188478359
0.156  		0.6715132531 		-0.1546359015
0.168  		0.6446311581 		-0.1326214376
0.18  		0.6336125764 		-0.0871544887
0.192  		0.6356190612 		-0.0632899572
0.204  		0.6419984097 		-0.0555215382
0.216  		0.6300969827 		-0.1019220893
0.228  		0.6003308710 		-0.1925906453
0.24  		0.5656009886 		-0.2358640787
0.252  		0.5103443854 		-0.2918728494
0.264  		0.4532700499 		-0.3271080076
0.276  		0.3814198885 		-0.3580144958
0.288  		0.3089563161 		-0.3755534300
0.3  		0.2762769110 		-0.3560978314
0.312  		0.2607727112 		-0.3319427026
0.324  		0.2393224351 		-0.3141765734
0.336  		0.2068049233 		-0.3006366310
0.348  		0.1724039293 		-0.2814037999
0.36  		0.1481409055 		-0.2560740606
0.372  		0.1236204963 		-0.2361802264
0.384  		0.1077799457 		-0.2184575516
0.396  		0.0618567607 		-0.2193498531
0.408  		0.0546168240 		-0.2100854241
0.42  		0.0370395108 		-0.2039915563
0.432  		0.0459721591 		-0.1972838294
0.444  		0.0344853772 		-0.1948595326
0.456  		0.0208299639 		-0.1918138646
0.468  		0.0030933841 		-0.1886891317
0.48  		0.0159684441 		-0.1834788387
0.492  		0.0166090954 		-0.1810784092
0.504  		0.0347056748 		-0.1769048897
0.516  		0.0327111958 		-0.1782159276
0.528  		0.0502858703 		-0.1772960335
0.54  		0.0674587519 		-0.1779924915
0.552  		0.0943682237 		-0.1721826031
0.564  		0.0946008985 		-0.1772293804
0.576  		0.0916885817 		-0.1765366566
0.588  		0.0765036087 		-0.1754349705
0.6  		0.0544617845 		-0.1730693406
0.612  		0.0468009419 		-0.1655386023
0.624  		0.0287559482 		-0.1611747867
0.636  		0.0214665594 		-0.1576994440
0.648  		0.0157682796 		-0.1538591545
0.66  		0.0160175968 		-0.1502861844
0.672  		0.0248871220 		-0.1449428145
0.684  		0.0332241609 		-0.1373763701
0.696  		0.0250827761 		-0.1317710619
0.708  		0.0148778746 		-0.1244617131
0.72  		0.0024192672 		-0.1157090905
0.732  		0.0000062404 		-0.1056015342
0.744  		-0.0059029565 		-0.0951007303
0.756  		-0.0146700718 		-0.0836341632
0.768  		-0.0266754133 		-0.0701426457
0.78  		-0.0292084674 		-0.0593983261
0.792  		-0.0297516683 		-0.0506672088
0.804  		-0.0325582564 		-0.0419371627
0.816001  		-0.0339800473 		-0.0328089295
0.828001  		-0.0359524268 		-0.0205685956
0.840001  		-0.0332829279 		-0.0136357723
0.852001  		-0.0296574206 		-0.0086955129
0.864001  		-0.0262801004 		-0.0036834732
0.876001  		-0.0225279790 		-0.0001442609
0.888001  		-0.0183997622 		+0.0025797188
0.900001  		-0.0146332052 		+0.0027728013
0.912001  		-0.0111757145 		+0.0021930977
0.924001  		-0.0082135788 		+0.0017338729
0.936001  		-0.0055409716 		+0.0014445433
0.948001  		-0.0032722568 		+0.0004613927
0.960001  		-0.0013553914 		-0.0011360102
0.972001  		0.0001468093 		-0.0033732821
0.984001  		0.0010328687 		-0.0058321569
0.996001  		0.0013499685 		-0.0081522190
1.008  		0.0006138715 		-0.0101333490
1.02  		0.0012609057 		-0.0113870220
1.032  		0.0012987965 		-0.0121893697
1.044  		0.0036596254 		-0.0121873664
1.056  		0.0044183566 		-0.0122661403
1.068  		0.0055032219 		-0.0126225150
1.08  		0.0066893006 		-0.0134607172
1.092  		0.0086832023 		-0.0144657721
1.104  		0.0101635840 		-0.0161524851
1.116  		0.0107366825 		-0.0177629377
1.128  		0.0087534860 		-0.0196145613
1.14  		0.0068173972 		-0.0198868623
1.152  		0.0052819042 		-0.0193318444
1.164  		0.0041583240 		-0.0185447439
1.176  		0.0031214546 		-0.0179450794
1.188  		0.0034700433 		-0.0170801770
