0  		1.0000000000 		+0.0000000000
0.012  		0.9990060431 		+0.0038995118
0.024  		0.9926823834 		+0.0002881487
0.036  		0.9776778553 		-0.0127851834
0.048  		0.9547607518 		-0.0285337863
0.06  		0.9222793639 		-0.0380419464
0.072  		0.8818054244 		-0.0397564536
0.084  		0.8443208982 		-0.0495907464
0.096  		0.8202640664 		-0.0689108869
0.108  		0.8162526489 		-0.0767358843
0.12  		0.8226960114 		-0.0811121617
0.132  		0.8256156193 		-0.0659493258
0.144  		0.8089670429 		-0.0152317062
0.156  		0.7614180101 		+0.0678920501
0.168  		0.6743482505 		+0.1688558837
0.18  		0.5587613961 		+0.2505871920
0.192  		0.4492026754 		+0.2855466149
0.204  		0.3786708192 		+0.2856470339
0.216  		0.3551131751 		+0.2781932948
0.228  		0.3691552954 		+0.2736041392
0.24  		0.3895087515 		+0.2861487889
0.252  		0.3872982583 		+0.3204172795
0.264  		0.3578568698 		+0.3537009094
0.276  		0.3003969573 		+0.3736887940
0.288  		0.2282429339 		+0.3712919323
0.3  		0.1560172905 		+0.3469907748
0.312  		0.1176047629 		+0.3035444063
0.324  		0.1192124313 		+0.2569897492
0.336  		0.1477506490 		+0.2179287674
0.348  		0.1949192048 		+0.1857781704
0.36  		0.2480312147 		+0.1580407693
0.372  		0.2928412456 		+0.1368622129
0.384  		0.3195478354 		+0.1273392884
0.396  		0.3254478385 		+0.1295034828
0.408  		0.3126255352 		+0.1328723967
0.42  		0.2868566525 		+0.1345558959
0.432  		0.2585128933 		+0.1338460033
0.444  		0.2378757566 		+0.1342368340
0.456  		0.2369365447 		+0.1310825860
0.468  		0.2536873927 		+0.1294016835
0.48  		0.2771893730 		+0.1351452942
0.492  		0.3000376418 		+0.1378810555
0.504  		0.3124573685 		+0.1367258751
0.516  		0.3066047907 		+0.1342066507
0.528  		0.2814224524 		+0.1336179990
0.54  		0.2432645694 		+0.1340370355
0.552  		0.1996606398 		+0.1383617773
0.564  		0.1533307998 		+0.1507023792
0.576  		0.1134033018 		+0.1631947615
0.588  		0.0843460505 		+0.1727678536
0.6  		0.0647302109 		+0.1771304146
0.612  		0.0506030531 		+0.1744816636
0.624  		0.0392503218 		+0.1650622705
0.636  		0.0268643511 		+0.1516375606
0.648  		0.0119286010 		+0.1365827876
0.66  		-0.0042368028 		+0.1215266533
0.672  		-0.0212931533 		+0.1068546707
0.684  		-0.0376694084 		+0.0936366707
0.696  		-0.0554529544 		+0.0822869210
0.708  		-0.0718964463 		+0.0742746371
0.72  		-0.0853736651 		+0.0700349366
0.732  		-0.0946424688 		+0.0686212234
0.744  		-0.0979011048 		+0.0712122131
0.756  		-0.0959435992 		+0.0781534464
0.768  		-0.0905530632 		+0.0900664320
0.78  		-0.0869639048 		+0.1002054484
0.792  		-0.0893423885 		+0.1024869902
0.804  		-0.0971687187 		+0.0963520687
0.816001  		-0.1099317459 		+0.0824280485
0.828001  		-0.1248526185 		+0.0599619183
0.840001  		-0.1354127616 		+0.0294979473
0.852001  		-0.1348550970 		-0.0000936910
0.864001  		-0.1246134648 		-0.0197841873
0.876001  		-0.1131390765 		-0.0253178424
0.888001  		-0.1071310464 		-0.0237971980
0.900001  		-0.1076898996 		-0.0236057255
0.912001  		-0.1120119658 		-0.0263591267
0.924001  		-0.1157187432 		-0.0367319360
0.936001  		-0.1154527260 		-0.0557686881
0.948001  		-0.1101301265 		-0.0786153117
0.960001  		-0.0988147557 		-0.1022886354
0.972001  		-0.0817651067 		-0.1221098139
0.984001  		-0.0627847298 		-0.1334048943
0.996001  		-0.0501879026 		-0.1348227149
1.008  		-0.0412592594 		-0.1323114506
1.02  		-0.0301439926 		-0.1294905032
1.032  		-0.0138692501 		-0.1271984435
1.044  		0.0085040973 		-0.1234082277
1.056  		0.0359248152 		-0.1141787566
1.068  		0.0648805190 		-0.0948287487
1.08  		0.0856494534 		-0.0672689956
1.092  		0.0942430398 		-0.0376235425
1.104  		0.0919765891 		-0.0143804965
1.116  		0.0847517233 		+0.0026364478
1.128  		0.0761601669 		+0.0131133004
1.14  		0.0691119562 		+0.0168756018
1.152  		0.0642765213 		+0.0182420123
1.164  		0.0620655973 		+0.0177327812
1.176  		0.0620821012 		+0.0164462299
1.188  		0.0636132992 		+0.0158355905
