0  		1.0000000000 		-0.0000000000
0.012  		0.9183629430 		+0.0724436188
0.024  		0.9437074627 		-0.1350556533
0.036  		0.5564403790 		+0.1707167311
0.048  		0.4333505340 		-0.5426518893
0.06  		0.5000081069 		+0.1459735511
0.072  		-0.0325559174 		-0.3042692980
0.084  		0.2108246387 		+0.0837668460
0.096  		0.1088120058 		-0.0246906990
0.108  		0.1828653146 		+0.5010055457
0.12  		0.0714839939 		+0.2483619045
0.132  		0.4559437154 		+0.5134249740
0.144  		0.2977010848 		+0.3602363343
0.156  		0.5874619083 		+0.3115086625
0.168  		0.3637762084 		+0.2411382526
0.18  		0.3503116910 		+0.2087804039
0.192  		0.1152390162 		+0.3006984765
0.204  		0.1033765240 		+0.0406430126
0.216  		0.0758833698 		+0.2459716838
0.228  		-0.0251356985 		-0.0258913014
0.24  		0.1090073146 		-0.0341686987
0.252  		0.0331551435 		+0.0150129588
0.264  		0.0119433390 		-0.1939986413
0.276  		0.1519186483 		-0.1321475260
0.288  		0.0983156001 		-0.3104765760
0.3  		0.2178425135 		-0.2740005826
0.312  		0.1348230875 		-0.4199031510
0.324  		0.1631480178 		-0.2986805732
0.336  		0.0745759918 		-0.3469794398
0.348  		0.0314689263 		-0.2415299351
0.36  		0.0594188738 		-0.0137745835
0.372  		0.0687934269 		+0.0140757951
0.384  		-0.1755396005 		+0.1079525289
0.396  		0.3356481360 		+0.0048343598
0.408  		-0.0346629800 		+0.3918615887
0.42  		0.2837771783 		-0.0596055387
0.432  		0.3710818065 		+0.2843385537
0.444  		0.4013207085 		+0.0506601367
0.456  		0.4418913113 		+0.1070366241
0.468  		0.3616106342 		+0.0949745694
0.48  		0.2910927520 		+0.0958072449
0.492  		0.1895530318 		+0.1150280146
0.504  		0.1972686830 		-0.0745888692
0.516  		0.1571380359 		+0.0713499678
0.528  		0.0055665886 		-0.0857214079
0.54  		0.1182631676 		+0.0659515087
0.552  		0.0067500694 		-0.0571757571
0.564  		0.2458833797 		+0.1407040782
0.576  		0.0563032729 		-0.0364259979
0.588  		0.3079852284 		-0.0867383267
0.6  		0.1551512674 		-0.1812717646
0.612  		0.2439455543 		-0.2972540632
0.624  		0.0352459968 		-0.3354326593
0.636  		0.0767944058 		-0.1941856683
0.648  		0.1342034044 		-0.0879058474
0.66  		0.0824324721 		-0.0574247602
0.672  		0.2707647898 		-0.0111507753
0.684  		-0.0353121015 		+0.0042752045
0.696  		0.1477006525 		-0.1419173216
0.708  		0.0046919945 		+0.0479279165
0.72  		0.1469664644 		-0.1403588893
0.732  		0.1270092090 		+0.0174792490
0.744  		0.1535011611 		-0.1324418372
0.756  		0.1562389426 		-0.0604877184
0.768  		0.2189461415 		-0.0859578990
0.78  		0.1433575256 		-0.2051233355
0.792  		0.1022754826 		-0.2060050959
0.804  		-0.0584122666 		-0.1431014457
0.816001  		0.0145940023 		-0.0159835147
0.828001  		0.0495693607 		-0.0075443148
0.840001  		-0.0229842365 		+0.0590986435
0.852001  		0.0873947317 		-0.1141049878
0.864001  		0.0488008188 		+0.0535776861
0.876001  		0.0299728826 		-0.0609935195
0.888001  		0.0901761123 		+0.0156939866
0.900001  		0.0678121617 		-0.0358684974
0.912001  		0.0869571377 		-0.0016199130
0.924001  		0.0611514142 		+0.0290290259
0.936001  		0.0359904445 		+0.0734178675
0.948001  		0.0211281740 		+0.0985692112
0.960001  		0.0828262013 		+0.0698797289
0.972001  		0.0114839758 		+0.0635690860
0.984001  		0.0331813834 		-0.0009486222
0.996001  		-0.0140604262 		+0.0291907591
1.008  		0.0068572000 		-0.0041914921
1.02  		0.0008427570 		-0.0110653034
1.032  		-0.0056416198 		+0.0009740004
1.044  		-0.0075645129 		-0.0272893428
1.056  		-0.0199753575 		-0.0392987876
1.068  		-0.0335861583 		-0.0329193992
1.08  		-0.0425548449 		-0.0312525748
1.092  		-0.0099642272 		-0.0140624479
1.104  		0.0123528221 		-0.0066950486
1.116  		0.0215849728 		+0.0008385952
1.128  		0.0491834084 		+0.0354092376
1.14  		0.0025162588 		-0.0048535151
1.152  		0.0583272589 		+0.0151804004
1.164  		-0.0221064551 		+0.0137371634
1.176  		0.1158506596 		-0.0509942908
1.188  		0.0540674106 		+0.0275367124
