0  		1.0000000000 		+0.0000000000
0.012  		0.9893347921 		+0.0139728316
0.024  		0.8927345408 		+0.1244605985
0.036  		0.6957055387 		+0.2502698242
0.048  		0.5930695707 		+0.3335925608
0.06  		0.5351069057 		+0.5652290716
0.072  		0.2160582190 		+0.7408031204
0.084  		-0.0567616248 		+0.4820211275
0.096  		-0.0863050578 		+0.0851448820
0.108  		-0.0318824996 		-0.2714220862
0.12  		0.1785608325 		-0.5247899175
0.132  		0.4685088794 		-0.4418229026
0.144  		0.5409011636 		-0.2524510574
0.156  		0.5598025866 		-0.1959813597
0.168  		0.6624857961 		-0.1235302992
0.18  		0.6285803180 		+0.0385659931
0.192  		0.4496236014 		+0.0485235053
0.204  		0.3671218064 		-0.0280179920
0.216  		0.4118395596 		-0.0873930320
0.228  		0.5481688013 		-0.0333712496
0.24  		0.5810616547 		+0.2048826302
0.252  		0.4283328773 		+0.4016868454
0.264  		0.2287297589 		+0.4259776895
0.276  		0.0818884762 		+0.3284777761
0.288  		-0.0107134706 		+0.1660061148
0.3  		-0.0503873032 		-0.0554636947
0.312  		0.0419381192 		-0.2678609602
0.324  		0.2026074657 		-0.3164367099
0.336  		0.2770232173 		-0.2377877842
0.348  		0.2784239695 		-0.1735478796
0.36  		0.3027679495 		-0.1242876462
0.372  		0.3210507341 		-0.0335615764
0.384  		0.2895704240 		+0.0538019322
0.396  		0.2547322917 		+0.1073064259
0.408  		0.2335120246 		+0.1428794969
0.42  		0.1859664234 		+0.1574036502
0.432  		0.1177661960 		+0.1435509585
0.444  		0.0714644612 		+0.1331718158
0.456  		0.0194362980 		+0.1398047282
0.468  		-0.0453120535 		+0.1152916029
0.48  		-0.0650106084 		+0.0485100242
0.492  		-0.0205462914 		-0.0036656319
0.504  		0.0301162763 		-0.0248783232
0.516  		0.0557949141 		-0.0308415800
0.528  		0.0675550160 		-0.0298406743
0.54  		0.0735513610 		-0.0081500122
0.552  		0.0580502151 		+0.0247967019
0.564  		0.0277930632 		+0.0342580802
0.576  		0.0132600696 		+0.0243466545
0.588  		0.0132516370 		+0.0174561255
0.6  		0.0164547166 		+0.0161904002
0.612  		0.0141036378 		+0.0178509511
0.624  		0.0069321496 		+0.0153058140
0.636  		0.0020109403 		+0.0112775067
0.648  		-0.0016222353 		+0.0094525013
0.66  		-0.0046861106 		+0.0066310279
0.672  		-0.0041406350 		+0.0028891907
0.684  		-0.0017191591 		+0.0007305282
0.696  		0.0000570619 		-0.0006266160
0.708  		0.0013147427 		-0.0012124721
0.72  		0.0017811134 		-0.0005248071
0.732  		0.0013799144 		+0.0001653043
0.744  		0.0009668441 		+0.0003973263
0.756  		0.0006922225 		+0.0005177183
0.768  		0.0004072008 		+0.0005436587
0.78  		0.0001673785 		+0.0004485924
0.792  		0.0000216663 		+0.0003450776
0.804  		-0.0000887243 		+0.0002597708
0.816001  		-0.0001445727 		+0.0001665597
0.828001  		-0.0001462271 		+0.0001094846
0.840001  		-0.0001786899 		+0.0000886373
0.852001  		-0.0002418125 		+0.0000093849
0.864001  		-0.0001841364 		-0.0000825932
0.876001  		-0.0000669010 		-0.0000602457
0.888001  		-0.0000014052 		-0.0000121209
0.900001  		-0.0000210422 		+0.0000118181
0.912001  		-0.0001709126 		-0.0000698708
0.924001  		-0.0002903799 		-0.0003294850
0.936001  		-0.0003222142 		-0.0006038252
0.948001  		-0.0002939942 		-0.0010296839
0.960001  		0.0002313528 		-0.0016006799
0.972001  		0.0010301113 		-0.0015130232
0.984001  		0.0013535219 		-0.0011989048
0.996001  		0.0016869771 		-0.0015670793
1.008  		0.0025173783 		-0.0026417192
1.02  		0.0042525055 		-0.0034287423
1.032  		0.0062702479 		-0.0023982481
1.044  		0.0069341222 		+0.0002128691
1.056  		0.0056143776 		+0.0021621570
1.068  		0.0037828806 		+0.0020979099
1.08  		0.0018132407 		+0.0012551086
1.092  		-0.0008977278 		+0.0004562631
1.104  		-0.0037049616 		-0.0004110995
1.116  		-0.0053122548 		-0.0009134094
1.128  		-0.0062009365 		-0.0005114768
1.14  		-0.0074858184 		-0.0000514806
1.152  		-0.0097131785 		-0.0009926980
1.164  		-0.0119864007 		-0.0028766410
1.176  		-0.0143732847 		-0.0038681236
1.188  		-0.0176899536 		-0.0036782845
