0  		1.0000000000 		-0.0000000000
0.012  		-0.6629884409 		-0.4170994581
0.024  		0.9750384081 		+0.0753277220
0.036  		0.1703131765 		-0.8127311008
0.048  		0.7471635598 		+0.2701365316
0.06  		0.9091756501 		-0.1511273460
0.072  		0.3323017891 		+0.2348979121
0.084  		0.7662988841 		+0.5313504681
0.096  		0.3026157705 		-0.1582296141
0.108  		0.4650663751 		+0.5635902112
0.12  		0.6007839829 		-0.3507172590
0.132  		0.5730475802 		+0.2345768988
0.144  		0.8277237983 		-0.0313804510
0.156  		0.7369465581 		+0.1261329854
0.168  		0.6103163445 		+0.5422094711
0.18  		0.8212516016 		+0.1183595794
0.192  		-0.0764399785 		+0.7433504499
0.204  		0.8053166014 		+0.1440650552
0.216  		-0.5180449442 		+0.1787383679
0.228  		0.7598406638 		+0.2552027390
0.24  		-0.1329995124 		-0.3619624531
0.252  		0.4925888867 		+0.5009537811
0.264  		0.4884967354 		-0.1944566905
0.276  		0.0567971194 		+0.4336179284
0.288  		0.6212347056 		+0.2646109690
0.3  		-0.1936055906 		-0.0149112424
0.312  		0.4376408937 		+0.5023859715
0.324  		0.1590676289 		-0.3626025377
0.336  		0.2613540084 		+0.5327517885
0.348  		0.5340917004 		-0.0647218530
0.36  		0.2511856808 		+0.4918857161
0.372  		0.3757137586 		+0.3601468757
0.384  		0.2391541688 		+0.4179806756
0.396  		0.0289145351 		+0.4641850830
0.408  		0.2583117827 		+0.3033230903
0.42  		-0.1930928634 		+0.2770402373
0.432  		0.2836128854 		+0.2583124790
0.444  		-0.0994011906 		+0.0299911511
0.456  		0.2065378671 		+0.3126944697
0.468  		0.1164048162 		+0.0263077205
0.48  		0.0004031535 		+0.2967270710
0.492  		0.1854402620 		+0.1581273003
0.504  		-0.1847080879 		+0.1035906792
0.516  		0.1340751100 		+0.2332453175
0.528  		-0.1188847064 		-0.1411546073
0.54  		0.0729309596 		+0.2351892209
0.552  		0.1216846217 		-0.1479297167
0.564  		0.0275141433 		+0.2166388625
0.576  		0.1859637892 		+0.0378287003
0.588  		0.0093938160 		+0.1703760606
0.6  		0.0863609706 		+0.1569383359
0.612  		0.0280472883 		+0.0947528714
0.624  		0.0121786444 		+0.1497280087
0.636  		0.0725871081 		+0.0367206779
0.648  		-0.0047685248 		+0.1006406813
0.66  		0.1140861493 		+0.0409611012
0.672  		0.0311067625 		+0.0682465434
0.684  		0.0782992507 		+0.1052849210
0.696  		0.0640474498 		+0.0780970586
0.708  		-0.0359490064 		+0.1104420657
0.72  		0.0483666664 		+0.1045302961
0.732  		-0.1003962903 		+0.0120893858
0.744  		0.0348057640 		+0.1101450038
0.756  		-0.0503008080 		-0.0689239461
0.768  		0.0431180830 		+0.1083693925
0.78  		0.0489806002 		-0.0597583957
0.792  		0.0088537255 		+0.1027027083
0.804  		0.0850158378 		+0.0318190222
0.816001  		-0.0262983243 		+0.0535306495
0.828001  		0.0209425759 		+0.1022272059
0.840001  		0.0000169239 		-0.0049080864
0.852001  		-0.0236952317 		+0.0906218026
0.864001  		0.0538998857 		+0.0032809058
0.876001  		-0.0184936777 		+0.0746215669
0.888001  		0.0560297407 		+0.0537983937
0.900001  		-0.0117989806 		+0.0769039897
0.912001  		-0.0100579797 		+0.0796975568
0.924001  		-0.0232442786 		+0.0749376613
0.936001  		-0.0714368084 		+0.0189109502
0.948001  		-0.0411934660 		+0.0569416609
0.960001  		-0.0333411553 		-0.0421997327
0.972001  		-0.0525406939 		+0.0405722913
0.984001  		0.0135090863 		-0.0165260610
0.996001  		-0.0568888846 		+0.0226001741
1.008  		0.0009420300 		+0.0228111029
1.02  		-0.0415350639 		-0.0100690951
1.032  		-0.0259322892 		+0.0267522949
1.044  		-0.0050356354 		-0.0231529549
1.056  		-0.0345299990 		+0.0096115860
1.068  		0.0191929240 		-0.0000794493
1.08  		-0.0278978735 		-0.0034283977
1.092  		0.0031322123 		+0.0205215108
1.104  		-0.0203034087 		-0.0087085616
1.116  		-0.0169345300 		+0.0078108119
1.128  		-0.0118265195 		-0.0113332156
1.14  		-0.0119692075 		-0.0099199990
1.152  		-0.0071441705 		-0.0077693606
1.164  		0.0015697914 		-0.0117763857
1.176  		-0.0049134281 		-0.0069758381
1.188  		0.0055512587 		-0.0035722513
