0  		1.0000000000 		-0.0000000000
0.012  		0.9969906475 		+0.0103945043
0.024  		0.9708229167 		+0.1092529651
0.036  		0.8978635553 		+0.3412467042
0.048  		0.7221636045 		+0.6502042570
0.06  		0.4215712142 		+0.8570804397
0.072  		0.0926629823 		+0.8270290419
0.084  		-0.1250398091 		+0.5372263206
0.096  		-0.1307068225 		+0.0798221159
0.108  		0.0896979344 		-0.3312285672
0.12  		0.4067100542 		-0.5281489750
0.132  		0.6714875428 		-0.4629864955
0.144  		0.7895906385 		-0.2016572044
0.156  		0.7517860443 		+0.0900664797
0.168  		0.6510346576 		+0.2994861391
0.18  		0.5712255700 		+0.4020344526
0.192  		0.5288709899 		+0.4074046897
0.204  		0.5054334235 		+0.3701758273
0.216  		0.4821304609 		+0.3511831393
0.228  		0.4144118549 		+0.3855586513
0.24  		0.2788166811 		+0.4668592538
0.252  		0.1097071878 		+0.5264511380
0.264  		-0.0338528356 		+0.4998581988
0.276  		-0.1198320599 		+0.3682437583
0.288  		-0.1147671424 		+0.1487557110
0.3  		-0.0121631209 		-0.0761741086
0.312  		0.1391590108 		-0.2256987501
0.324  		0.2877546169 		-0.2540834984
0.336  		0.3807342187 		-0.1512061239
0.348  		0.3886417310 		+0.0114506041
0.36  		0.3358967491 		+0.1529326741
0.372  		0.2668147618 		+0.2434889814
0.384  		0.2121330411 		+0.2822810977
0.396  		0.1869839069 		+0.2829924462
0.408  		0.1684357338 		+0.2784093571
0.42  		0.1184940887 		+0.2849442082
0.432  		0.0165097156 		+0.2846033815
0.444  		-0.0998229772 		+0.2511356308
0.456  		-0.1782462272 		+0.1875660683
0.468  		-0.1919764973 		+0.1033729232
0.48  		-0.1348297002 		+0.0211730214
0.492  		-0.0293107543 		-0.0195926780
0.504  		0.0744335748 		-0.0135175274
0.516  		0.1350037813 		+0.0278141090
0.528  		0.1318332081 		+0.0817561139
0.54  		0.0855313830 		+0.1150585306
0.552  		0.0365157546 		+0.1225531121
0.564  		0.0046199773 		+0.1167112965
0.576  		-0.0083382334 		+0.1075172213
0.588  		-0.0022226356 		+0.1001741342
0.6  		0.0147852855 		+0.0927497838
0.612  		0.0243352132 		+0.0849750890
0.624  		0.0186363043 		+0.0814559508
0.636  		0.0055334089 		+0.0817107806
0.648  		-0.0062880006 		+0.0844378427
0.66  		-0.0136320685 		+0.0829105933
0.672  		-0.0172573981 		+0.0663426342
0.684  		-0.0145470928 		+0.0328270555
0.696  		-0.0080011258 		-0.0137837617
0.708  		0.0011202569 		-0.0612550658
0.72  		0.0215610544 		-0.0921953800
0.732  		0.0481450778 		-0.0975360474
0.744  		0.0719661199 		-0.0822786594
0.756  		0.0907040290 		-0.0590476621
0.768  		0.1027961908 		-0.0343007036
0.78  		0.1069308821 		-0.0186873593
0.792  		0.1074024568 		-0.0144566191
0.804  		0.1050119316 		-0.0079369325
0.816001  		0.0984264105 		+0.0157405629
0.828001  		0.0824945423 		+0.0451737272
0.840001  		0.0593997329 		+0.0673586848
0.852001  		0.0333907587 		+0.0768117261
0.864001  		0.0084578175 		+0.0677520916
0.876001  		-0.0056942646 		+0.0408174205
0.888001  		-0.0068590963 		+0.0071193579
0.900001  		0.0012629071 		-0.0212751142
0.912001  		0.0159884256 		-0.0339663555
0.924001  		0.0288204124 		-0.0307103021
0.936001  		0.0329878636 		-0.0200823965
0.948001  		0.0318080302 		-0.0075021086
0.960001  		0.0279788829 		+0.0031439038
0.972001  		0.0228548327 		+0.0084970580
0.984001  		0.0184336202 		+0.0094367081
0.996001  		0.0147047110 		+0.0093058417
1.008  		0.0102129118 		+0.0102557898
1.02  		0.0050305008 		+0.0111442704
1.032  		-0.0000636457 		+0.0108415376
1.044  		-0.0045985069 		+0.0091154749
1.056  		-0.0077903658 		+0.0058930988
1.068  		-0.0079721214 		+0.0021971033
1.08  		-0.0045412011 		-0.0004119922
1.092  		0.0017889636 		-0.0010061366
1.104  		0.0091062277 		+0.0015547488
1.116  		0.0144496325 		+0.0071144192
1.128  		0.0162665397 		+0.0132643391
1.14  		0.0141394260 		+0.0191189504
1.152  		0.0081126235 		+0.0252054416
1.164  		0.0023768004 		+0.0303956918
1.176  		0.0009243761 		+0.0341681770
1.188  		0.0024994864 		+0.0370030291
