0  		1.0000000000 		+0.0000000000
0.012  		0.9936355948 		-0.0392119035
0.024  		0.9569763645 		-0.1699979762
0.036  		0.9173716086 		-0.1644496566
0.048  		0.9176395871 		-0.0992271246
0.06  		0.8803664882 		-0.2120028458
0.072  		0.7742234349 		-0.3615844579
0.084  		0.6786925290 		-0.3910043161
0.096  		0.5714056434 		-0.4180708478
0.108  		0.4692423302 		-0.3833001415
0.12  		0.4337786220 		-0.3073833726
0.132  		0.4053049478 		-0.2488996605
0.144  		0.3202662618 		-0.3042063099
0.156  		0.2066685943 		-0.3075646810
0.168  		0.0992193085 		-0.2983171900
0.18  		-0.0090633957 		-0.2423404327
0.192  		-0.0975728169 		-0.1541553096
0.204  		-0.1005637926 		-0.0698825835
0.216  		-0.0821588544 		+0.0068684393
0.228  		-0.0306546074 		+0.0454774627
0.24  		0.0202689671 		+0.0409954923
0.252  		0.0543061399 		+0.0126594083
0.264  		0.0657160326 		-0.0511079046
0.276  		0.0375488875 		-0.1198605757
0.288  		-0.0354582780 		-0.1746054527
0.3  		-0.1504623447 		-0.1824166466
0.312  		-0.2655072479 		-0.1094102033
0.324  		-0.3299641689 		-0.0525475867
0.336  		-0.3762425523 		+0.0380336240
0.348  		-0.3649829032 		+0.1788234126
0.36  		-0.3011844864 		+0.2806103963
0.372  		-0.2291826259 		+0.3448552149
0.384  		-0.1014732471 		+0.3856190736
0.396  		-0.0053123024 		+0.3686273140
0.408  		0.0250823692 		+0.3313863230
0.42  		0.1013198465 		+0.2976068209
0.432  		0.1835382715 		+0.2169284448
0.444  		0.2170447323 		+0.1385807483
0.456  		0.2201390125 		+0.0615137131
0.468  		0.1998391699 		-0.0243097970
0.48  		0.1563106624 		-0.0497338960
0.492  		0.1253346018 		-0.0553920929
0.504  		0.0801488374 		-0.0664227844
0.516  		0.0404798405 		-0.0616679686
0.528  		0.0228745015 		-0.0358879650
0.54  		0.0228837276 		-0.0157051784
0.552  		0.0331425481 		-0.0038244539
0.564  		0.0484535903 		+0.0046552825
0.576  		0.0548463648 		+0.0155352329
0.588  		0.0660880694 		+0.0219143944
0.6  		0.0640826798 		+0.0370937552
0.612  		0.0688532795 		+0.0661346931
0.624  		0.0662614393 		+0.0871692825
0.636  		0.0888682894 		+0.1089423967
0.648  		0.0866210763 		+0.1226138686
0.66  		0.1279497640 		+0.1242040009
0.672  		0.1504564539 		+0.0811133451
0.684  		0.1673908218 		+0.0436487355
0.696  		0.1469199937 		+0.0167787221
0.708  		0.1310944062 		-0.0373195972
0.72  		0.0882331058 		-0.0552430108
0.732  		0.0602794590 		-0.0636666787
0.744  		0.0307126650 		-0.0582983450
0.756  		0.0161303125 		-0.0566162185
0.768  		0.0197729227 		-0.0532453614
0.78  		0.0222039983 		-0.0742857139
0.792  		0.0001940605 		-0.1026077539
0.804  		-0.0432294648 		-0.1392978224
0.816001  		-0.1000042509 		-0.1454848407
0.828001  		-0.1728852858 		-0.1282689294
0.840001  		-0.1986000002 		-0.0881383862
0.852001  		-0.2167538208 		-0.0885303263
0.864001  		-0.2193510147 		-0.0314311748
0.876001  		-0.2056563714 		+0.0477193772
0.888001  		-0.1347129862 		+0.0983103936
0.900001  		-0.0721610380 		+0.1138394725
0.912001  		-0.0104271061 		+0.0896276746
0.924001  		-0.0019180759 		+0.0631312710
0.936001  		-0.0027646509 		+0.0491540451
0.948001  		0.0070305514 		+0.0505616404
0.960001  		0.0300795984 		+0.0404330138
0.972001  		0.0454055846 		+0.0213796604
0.984001  		0.0454337437 		-0.0139127210
0.996001  		0.0244600529 		-0.0389396868
1.008  		-0.0070923346 		-0.0439472950
1.02  		-0.0324393918 		-0.0285467034
1.032  		-0.0400843020 		+0.0088450358
1.044  		-0.0225532114 		+0.0292397896
1.056  		0.0003606890 		+0.0344763138
1.068  		0.0148086740 		+0.0262068766
1.08  		0.0230801008 		+0.0143529851
1.092  		0.0201112743 		+0.0119107470
1.104  		0.0237568375 		+0.0110798114
1.116  		0.0315810734 		+0.0126571210
1.128  		0.0491613362 		+0.0043830089
1.14  		0.0623318279 		-0.0101164150
1.152  		0.0510638565 		-0.0626931264
1.164  		0.0127563540 		-0.0834571905
1.176  		-0.0479733485 		-0.0757484230
1.188  		-0.0732541166 		-0.0354113668
