0  		1.0000000000 		+0.0000000000
0.012  		0.9859604311 		-0.0135560959
0.024  		0.9089675808 		-0.0442572201
0.036  		0.9273166462 		-0.0351305584
0.048  		0.9221748495 		-0.0737236394
0.06  		0.6398655613 		-0.1333349658
0.072  		0.6148105980 		-0.0085186890
0.084  		0.8728467301 		+0.1412336580
0.096  		0.6850188778 		-0.0460205944
0.108  		0.4568426205 		-0.1589626155
0.12  		0.6973794643 		+0.0913172066
0.132  		0.7276745348 		+0.1016870585
0.144  		0.5640255909 		-0.2074213198
0.156  		0.7264500083 		-0.1045022236
0.168  		0.7439473687 		+0.1061398372
0.18  		0.6287941868 		-0.0764452615
0.192  		0.7808010857 		-0.1538882245
0.204  		0.8147522642 		-0.0449534397
0.216  		0.7002838821 		-0.1024496176
0.228  		0.7276420468 		-0.1719665993
0.24  		0.6684505085 		-0.0940868568
0.252  		0.6088260705 		+0.0456830599
0.264  		0.7410810778 		+0.0570948983
0.276  		0.6607339461 		-0.1360928898
0.288  		0.4326354676 		-0.0620427693
0.3  		0.5442221643 		+0.1163737234
0.312  		0.7119679369 		-0.0456065223
0.324  		0.5505338540 		-0.1172051357
0.336  		0.4312525741 		+0.0122649545
0.348  		0.5512101759 		-0.0959321759
0.36  		0.6049715944 		-0.1340652789
0.372  		0.4824955916 		-0.0190535109
0.384  		0.4450055822 		-0.1418228725
0.396  		0.5492747451 		-0.1568493510
0.408  		0.4806955006 		-0.0343608545
0.42  		0.3276746886 		-0.1542557657
0.432  		0.4113984470 		-0.2117529231
0.444  		0.4665625511 		-0.0879405444
0.456  		0.2846798926 		-0.1484707310
0.468  		0.2291523195 		-0.1657002043
0.48  		0.3775808918 		-0.0659880755
0.492  		0.3681520629 		-0.1331369865
0.504  		0.2280291292 		-0.1878149147
0.516  		0.2596424567 		-0.0738739997
0.528  		0.3582732946 		-0.1097329766
0.54  		0.3221948101 		-0.1951997362
0.552  		0.3010825907 		-0.1203251538
0.564  		0.3511656901 		-0.0668080512
0.576  		0.3687906462 		-0.1066644143
0.588  		0.3490811240 		-0.1373865017
0.6  		0.3498114899 		-0.1405517594
0.612  		0.3217877186 		-0.1104538795
0.624  		0.2966712208 		-0.1291830589
0.636  		0.2813708224 		-0.1393275574
0.648  		0.2123356093 		-0.0619382224
0.66  		0.1913000266 		-0.0781033270
0.672  		0.2281587069 		-0.1476476117
0.684  		0.1619137078 		-0.0693111411
0.696  		0.1089333230 		-0.0210939622
0.708  		0.1733819487 		-0.1046054932
0.72  		0.1701460616 		-0.1054989481
0.732  		0.0946278694 		-0.0526069637
0.744  		0.1069827922 		-0.0811027243
0.756  		0.1433459074 		-0.0985238962
0.768  		0.1167487509 		-0.0748778123
0.78  		0.1034697928 		-0.0803933282
0.792  		0.1229760846 		-0.0810407575
0.804  		0.1260977457 		-0.0676668104
0.816001  		0.1200527350 		-0.0689913419
0.828001  		0.1180345519 		-0.0629540963
0.840001  		0.1313446994 		-0.0559324482
0.852001  		0.1317813728 		-0.0646621773
0.864001  		0.1006360712 		-0.0532231697
0.876001  		0.1157339167 		-0.0150821910
0.888001  		0.1576198213 		-0.0273806806
0.900001  		0.1164088789 		-0.0760830328
0.912001  		0.0949307043 		-0.0468613299
0.924001  		0.1374641401 		-0.0024940546
0.936001  		0.1325475032 		-0.0432145006
0.948001  		0.1281188038 		-0.0758166031
0.960001  		0.1471845399 		-0.0191429959
0.972001  		0.1193401715 		-0.0088383896
0.984001  		0.1303054250 		-0.0501282870
0.996001  		0.1643530204 		-0.0130425837
1.008  		0.1224218004 		+0.0099061758
1.02  		0.1063764951 		-0.0220799895
1.032  		0.1233948852 		-0.0151178331
1.044  		0.0897289070 		+0.0094080986
1.056  		0.0709634579 		+0.0203028773
1.068  		0.0840396083 		+0.0302984222
1.08  		0.0632866264 		+0.0243506006
1.092  		0.0288189650 		+0.0277944697
1.104  		0.0163430242 		+0.0520599847
1.116  		0.0192861576 		+0.0600947741
1.128  		0.0095651904 		+0.0480059368
1.14  		-0.0125994649 		+0.0462690210
1.152  		-0.0234219509 		+0.0595424000
1.164  		-0.0308375967 		+0.0584083511
1.176  		-0.0353090831 		+0.0501931447
1.188  		-0.0367154264 		+0.0597567323
