0  		1.0000000000 		-0.0000000000
0.012  		-0.0528606642 		-0.9755631647
0.024  		0.7971544876 		+0.0259170463
0.036  		0.4423659118 		+0.6961294180
0.048  		0.8971594799 		-0.2678568026
0.06  		0.1385549445 		-0.5099613676
0.072  		-0.0555526336 		+0.3688198552
0.084  		0.6609288302 		-0.3026326552
0.096  		0.2261248109 		-0.6787960646
0.108  		0.4837653803 		-0.4257674708
0.12  		-0.0484683059 		+0.5921665307
0.132  		0.3997122106 		-0.3279018609
0.144  		-0.0051075540 		-0.4285923158
0.156  		0.1435226992 		-0.1593727746
0.168  		0.1189114308 		+0.1122985766
0.18  		0.2538189266 		-0.0667471271
0.192  		0.1735823899 		-0.1351101413
0.204  		-0.1849014401 		-0.0124469369
0.216  		0.3192104887 		-0.0267238820
0.228  		0.4275404806 		-0.0820727380
0.24  		0.4860102836 		-0.2117842959
0.252  		-0.4245121618 		+0.3785217804
0.264  		0.4498892468 		-0.4267930174
0.276  		0.1101487077 		-0.6966025812
0.288  		-0.2130685280 		-0.3495212254
0.3  		0.0620001799 		-0.1193797066
0.312  		0.1024354607 		-0.5690964286
0.324  		-0.5133985674 		-0.2933945629
0.336  		0.2000743973 		+0.4584493630
0.348  		-0.5146798264 		+0.1206185610
0.36  		-0.5043385883 		-0.0187184302
0.372  		-0.1857147821 		+0.4328471137
0.384  		0.2449640136 		-0.2491362868
0.396  		-0.0473142418 		+0.2800012325
0.408  		0.0960103048 		+0.3942650400
0.42  		0.3321649602 		+0.0381806632
0.432  		0.1891804334 		+0.0444096377
0.444  		-0.0376390154 		+0.3409408095
0.456  		0.3619519535 		-0.1241570036
0.468  		-0.2460897500 		-0.2559301732
0.48  		0.0994054868 		-0.3153201259
0.492  		0.2794629545 		-0.1051977655
0.504  		-0.1898200495 		-0.2460827816
0.516  		-0.1345743408 		+0.1826926663
0.528  		-0.0410715275 		-0.0752525417
0.54  		-0.2780834961 		-0.0631307758
0.552  		-0.1910445738 		+0.2688412165
0.564  		-0.1197735117 		+0.2355230434
0.576  		-0.1244592505 		-0.2572974402
0.588  		0.0094035541 		+0.2697438138
0.6  		0.2011715640 		+0.1078802765
0.612  		0.0569978573 		+0.1581665800
0.624  		-0.1177724244 		-0.0066959255
0.636  		0.0196164929 		+0.1366293338
0.648  		0.0809788107 		+0.0673790944
0.66  		0.0139697784 		-0.0238088753
0.672  		-0.0270425470 		+0.0748362145
0.684  		-0.0421343594 		+0.1044518196
0.696  		-0.0356958803 		+0.1140779082
0.708  		0.0508225055 		-0.1265057662
0.72  		-0.0546257322 		+0.1367187180
0.732  		-0.0237224481 		+0.1600905082
0.744  		-0.0010151056 		+0.1376778787
0.756  		-0.0252101643 		-0.0624440937
0.768  		-0.0872995354 		+0.1409366711
0.78  		0.0572639327 		+0.1900032244
0.792  		0.1193467327 		-0.0648692307
0.804  		0.0332870012 		+0.1665949353
0.816001  		-0.1167792247 		+0.1709998503
0.828001  		0.0384118755 		+0.2028703609
0.840001  		0.1049405637 		-0.1664167303
0.852001  		0.0047571511 		+0.1707236073
0.864001  		-0.0481071783 		+0.1820993264
0.876001  		0.0835725310 		+0.1357965646
0.888001  		0.0414515532 		-0.0023359227
0.900001  		-0.1018844263 		+0.0397103101
0.912001  		-0.0014692531 		+0.1484271494
0.924001  		0.1200990404 		+0.0405269957
0.936001  		-0.0200027173 		+0.1252369040
0.948001  		-0.1253292696 		-0.0220747650
0.960001  		-0.0188445416 		+0.1172854831
0.972001  		0.0951490542 		+0.0040993190
0.984001  		-0.0084978141 		+0.0508868039
0.996001  		-0.0345701638 		+0.0463683456
1.008  		0.0219731039 		+0.0458829751
1.02  		0.0143997649 		+0.0171405117
1.032  		-0.0103519971 		-0.0158425607
1.044  		-0.0188616178 		+0.0184564731
1.056  		-0.0135111659 		+0.0333314988
1.068  		-0.0470130671 		+0.0184808576
1.08  		0.0111820264 		-0.0608326695
1.092  		-0.0681821510 		+0.0424660576
1.104  		0.0075193917 		+0.0863017166
1.116  		-0.0045495265 		+0.0301207546
1.128  		-0.0542892471 		+0.0279875259
1.14  		-0.0302847208 		+0.1089613894
1.152  		0.0345320774 		+0.0950048943
1.164  		-0.0230978267 		-0.0940120652
1.176  		0.0504711566 		+0.0961076379
1.188  		0.0696860931 		+0.0800970426
