0  		1.0000000000 		-0.0000000000
0.012  		0.9996917742 		-0.0022784369
0.024  		0.9970534976 		+0.0011495294
0.036  		0.9914234558 		-0.0026001774
0.048  		0.9855251123 		-0.0101933948
0.06  		0.9821170541 		-0.0194923969
0.072  		0.9777371997 		-0.0577130666
0.084  		0.9704069096 		-0.0897335977
0.096  		0.9644804287 		-0.1012014973
0.108  		0.9613045241 		-0.1163517227
0.12  		0.9577276215 		-0.1413077519
0.132  		0.9496338354 		-0.1585692454
0.144  		0.9306601204 		-0.1919065067
0.156  		0.9076201792 		-0.2274864855
0.168  		0.8883283347 		-0.2571756578
0.18  		0.8765152331 		-0.2773428045
0.192  		0.8697758413 		-0.2981206328
0.204  		0.8654989178 		-0.3232784515
0.216  		0.8471814843 		-0.3766870835
0.228  		0.8190819587 		-0.4220453460
0.24  		0.7875031151 		-0.4467497109
0.252  		0.7525502834 		-0.4678710203
0.264  		0.7192277559 		-0.4915505698
0.276  		0.6989502026 		-0.5031259700
0.288  		0.6729533759 		-0.5246773928
0.3  		0.6370499493 		-0.5565751094
0.312  		0.5954855469 		-0.5892573845
0.324  		0.5529498952 		-0.6120959829
0.336  		0.5050914704 		-0.6253727927
0.348  		0.4579421207 		-0.6258530132
0.36  		0.4035622147 		-0.6248935461
0.372  		0.3638250614 		-0.6113641074
0.384  		0.3398826155 		-0.5892112196
0.396  		0.3225991820 		-0.5688492592
0.408  		0.3133176817 		-0.5529250436
0.42  		0.3127415427 		-0.5385909201
0.432  		0.3094855879 		-0.5262312228
0.444  		0.3020234766 		-0.5137759052
0.456  		0.2876164705 		-0.5047265940
0.468  		0.2741980155 		-0.4969962226
0.48  		0.2688509905 		-0.4872078270
0.492  		0.2699604170 		-0.4766767585
0.504  		0.2766763730 		-0.4672458359
0.516  		0.2929913796 		-0.4562984715
0.528  		0.3047414148 		-0.4496298804
0.54  		0.3024062994 		-0.4508675171
0.552  		0.2911101008 		-0.4553261936
0.564  		0.2665819800 		-0.4643991770
0.576  		0.2405239361 		-0.4679032123
0.588  		0.2279951185 		-0.4580054027
0.6  		0.2196152193 		-0.4435201646
0.612  		0.2116738209 		-0.4306411445
0.624  		0.2057816442 		-0.4197435691
0.636  		0.1887548732 		-0.4151644774
0.648  		0.1617066024 		-0.4129081667
0.66  		0.1382204032 		-0.4054572448
0.672  		0.1104049516 		-0.3949085353
0.684  		0.0858177972 		-0.3789916772
0.696  		0.0711170699 		-0.3590461921
0.708  		0.0531671990 		-0.3410805103
0.72  		0.0348540473 		-0.3252487345
0.732  		0.0254355686 		-0.3098480946
0.744  		0.0139180339 		-0.2952970257
0.756  		0.0031469515 		-0.2810996484
0.768  		-0.0038510958 		-0.2671805553
0.78  		-0.0118978628 		-0.2529900965
0.792  		-0.0177684897 		-0.2384384839
0.804  		-0.0185561987 		-0.2245757169
0.816001  		-0.0229873816 		-0.2113027239
0.828001  		-0.0259452761 		-0.1990544034
0.840001  		-0.0240185180 		-0.1882248449
0.852001  		-0.0242663869 		-0.1781562146
0.864001  		-0.0235440678 		-0.1694914761
0.876001  		-0.0187697390 		-0.1623667057
0.888001  		-0.0143010052 		-0.1557067383
0.900001  		-0.0086149938 		-0.1496195137
0.912001  		-0.0033171041 		-0.1442270559
0.924001  		-0.0019241516 		-0.1394496287
0.936001  		-0.0011267055 		-0.1350661628
0.948001  		0.0001065617 		-0.1308758557
0.960001  		-0.0022270476 		-0.1269381482
0.972001  		-0.0050332367 		-0.1232509930
0.984001  		-0.0055295950 		-0.1197829584
0.996001  		-0.0080900995 		-0.1162947011
1.008  		-0.0117622270 		-0.1128390376
1.02  		-0.0168118687 		-0.1090970602
1.032  		-0.0235525656 		-0.1043156733
1.044  		-0.0291878981 		-0.0986536327
1.056  		-0.0335686049 		-0.0926084239
1.068  		-0.0394897580 		-0.0856219436
1.08  		-0.0444577671 		-0.0786938628
1.092  		-0.0490454202 		-0.0714146831
1.104  		-0.0541965876 		-0.0627223442
1.116  		-0.0586782937 		-0.0529087153
1.128  		-0.0604271778 		-0.0440455415
1.14  		-0.0603991120 		-0.0355109290
1.152  		-0.0586401111 		-0.0281194935
1.164  		-0.0565490346 		-0.0198805775
1.176  		-0.0535162555 		-0.0123092149
1.188  		-0.0495166870 		-0.0062349080
