0  		1.0000000000 		-0.0000000000
0.012  		0.9074129083 		-0.1592727901
0.024  		0.9210041280 		+0.1752294641
0.036  		0.8770311239 		-0.2292190000
0.048  		0.9239591915 		-0.1331706308
0.06  		0.8706933595 		-0.3450396625
0.072  		0.6215275234 		-0.4299413002
0.084  		0.7544058639 		-0.1130530887
0.096  		0.6410853593 		-0.1294062267
0.108  		0.6749541037 		+0.1275732690
0.12  		0.7065514455 		+0.1938524418
0.132  		0.6128580434 		+0.1273031559
0.144  		0.7163395339 		+0.3289668961
0.156  		0.7408221424 		+0.0821589294
0.168  		0.7651120373 		-0.0903684082
0.18  		0.6937187524 		-0.2559466289
0.192  		0.5071201034 		-0.2067438108
0.204  		0.6275838699 		-0.2631774996
0.216  		0.5754945756 		-0.2729827508
0.228  		0.5476861544 		-0.2919657344
0.24  		0.4652599525 		-0.3559681492
0.252  		0.4141300392 		-0.1752196157
0.264  		0.4648987788 		-0.3062782953
0.276  		0.4281540758 		-0.3113218352
0.288  		0.4044519657 		-0.2700798865
0.3  		0.3606501599 		-0.2598897906
0.312  		0.3797167276 		+0.0235865268
0.324  		0.4696244915 		-0.0098592982
0.336  		0.4785421397 		+0.0087389963
0.348  		0.4580026769 		+0.0055377359
0.36  		0.3694585719 		-0.1932478624
0.372  		0.3888827439 		-0.0500046354
0.384  		0.3856519358 		-0.1836275112
0.396  		0.3613205521 		-0.1859103970
0.408  		0.3912485778 		-0.0668830402
0.42  		0.3355682651 		-0.1178210620
0.432  		0.3839160177 		+0.0478752489
0.444  		0.4106962624 		-0.0463092877
0.456  		0.3609142305 		-0.1081653501
0.468  		0.3671179661 		-0.0732602989
0.48  		0.2574012209 		-0.1488366742
0.492  		0.2943373623 		-0.0834073837
0.504  		0.2639305617 		-0.0881179442
0.516  		0.2130963754 		-0.0582411683
0.528  		0.2314423410 		+0.0076677165
0.54  		0.1918470470 		+0.0118505793
0.552  		0.2151956071 		+0.0193470189
0.564  		0.2091321062 		-0.0253634593
0.576  		0.1712558522 		-0.0298995749
0.588  		0.1882280270 		-0.0593762102
0.6  		0.1571894323 		-0.0445080636
0.612  		0.1572815114 		-0.0370150431
0.624  		0.1407756909 		-0.0232256835
0.636  		0.1131323820 		+0.0292212783
0.648  		0.1355087460 		+0.0207330620
0.66  		0.1195781913 		+0.0361915557
0.672  		0.1229324063 		+0.0148144417
0.684  		0.1088378655 		-0.0180065508
0.696  		0.0954396129 		+0.0180820530
0.708  		0.1079452924 		-0.0217776609
0.72  		0.1067856653 		-0.0145472903
0.732  		0.1038066300 		-0.0258153185
0.744  		0.0744064543 		-0.0563077883
0.756  		0.0856619980 		-0.0294975590
0.768  		0.0616915712 		-0.0719542743
0.78  		0.0460709792 		-0.0770629861
0.792  		0.0289278238 		-0.0758652829
0.804  		0.0018263760 		-0.0592156144
0.816001  		0.0324796274 		-0.0465168855
0.828001  		0.0272942832 		-0.0473123362
0.840001  		0.0354309647 		-0.0429182247
0.852001  		0.0437478547 		-0.0405110593
0.864001  		0.0263107657 		-0.0405127366
0.876001  		0.0390149962 		-0.0429836858
0.888001  		0.0218618647 		-0.0528398985
0.900001  		0.0084003064 		-0.0510809975
0.912001  		0.0004532879 		-0.0504246788
0.924001  		-0.0016992054 		-0.0361518563
0.936001  		0.0023577725 		-0.0417424295
0.948001  		-0.0024608102 		-0.0384694534
0.960001  		-0.0029725527 		-0.0322185692
0.972001  		-0.0074868640 		-0.0313046401
0.984001  		-0.0021906628 		-0.0243679223
0.996001  		-0.0037174487 		-0.0273962019
1.008  		-0.0034611679 		-0.0246588860
1.02  		0.0037453055 		-0.0203230312
1.032  		0.0047687313 		-0.0220219966
1.044  		0.0161379136 		-0.0157272201
1.056  		0.0216294904 		-0.0213693947
1.068  		0.0199540597 		-0.0277429886
1.08  		0.0273551486 		-0.0243154799
1.092  		0.0150369382 		-0.0417909311
1.104  		0.0214826023 		-0.0437165858
1.116  		0.0106400390 		-0.0576925262
1.128  		-0.0053497108 		-0.0597195994
1.14  		0.0179677284 		-0.0644316644
1.152  		-0.0111350167 		-0.0740506201
1.164  		-0.0020074056 		-0.0824426752
1.176  		-0.0240377283 		-0.0852393989
1.188  		-0.0520248439 		-0.0588620588
