0  		1.0000000000 		-0.0000000000
0.012  		0.9773899705 		-0.0084389085
0.024  		0.8409265702 		-0.1554759269
0.036  		0.6249368482 		-0.4672266345
0.048  		0.4571013489 		-0.2970222320
0.06  		0.1492051919 		+0.3722926708
0.072  		0.1332895553 		+0.4484145329
0.084  		0.5873616847 		-0.0260626577
0.096  		0.8118818419 		-0.2973502004
0.108  		0.8515953890 		-0.1765389589
0.12  		0.6820953209 		-0.1938230013
0.132  		0.6034945141 		-0.5230144428
0.144  		0.4976802121 		-0.7284825190
0.156  		0.2929225734 		-0.5416596927
0.168  		0.3479563447 		+0.0166233165
0.18  		0.5237106871 		+0.4578838806
0.192  		0.7469761197 		+0.3130676340
0.204  		0.8459977229 		-0.0075585062
0.216  		0.7133742666 		+0.0154078129
0.228  		0.3926460315 		-0.1625819589
0.24  		0.1869119790 		-0.5953466843
0.252  		0.2877177716 		-0.7204336503
0.264  		0.2978162638 		-0.4717813536
0.276  		0.1917281040 		-0.1224437902
0.288  		0.5168253859 		-0.0043034598
0.3  		0.7224836587 		-0.0040751945
0.312  		0.6467874273 		-0.1873473446
0.324  		0.5956575281 		-0.2787201852
0.336  		0.6124211009 		-0.1617788925
0.348  		0.5453537971 		-0.2626081781
0.36  		0.3775138309 		-0.4146284868
0.372  		0.2498739341 		-0.2883988473
0.384  		0.0966378731 		-0.1185388444
0.396  		0.3484668245 		-0.0321413269
0.408  		0.4698070630 		+0.2962390197
0.42  		0.3506768926 		+0.2310667901
0.432  		0.3133739696 		-0.0377168605
0.444  		0.4327619998 		-0.0722418567
0.456  		0.4941870538 		+0.1191767758
0.468  		0.4856057644 		+0.0847154811
0.48  		0.4194898180 		-0.0843671337
0.492  		0.2642875468 		-0.0391446411
0.504  		0.2399460939 		+0.1596992575
0.516  		0.2766493006 		+0.3218188022
0.528  		0.2306322743 		+0.2604987639
0.54  		0.2683128106 		+0.0126792967
0.552  		0.3829527058 		-0.0241406260
0.564  		0.3777808679 		+0.2232095134
0.576  		0.2701426019 		+0.1808572404
0.588  		0.2659577176 		-0.0952504801
0.6  		0.2911984379 		-0.0798418582
0.612  		0.2252138811 		+0.1840202909
0.624  		0.2258795517 		+0.3465143265
0.636  		0.3556494875 		+0.2866140223
0.648  		0.4199295414 		+0.0798488804
0.66  		0.3834621040 		-0.0280810497
0.672  		0.3771396116 		+0.0400554144
0.684  		0.3232052526 		+0.0216872414
0.696  		0.2371828447 		-0.1938616238
0.708  		0.2400164144 		-0.2131954315
0.72  		0.2373504772 		+0.0426060159
0.732  		0.1678311625 		+0.0921509265
0.744  		0.2208534726 		-0.1219981215
0.756  		0.2737166210 		-0.2016914625
0.768  		0.2721083441 		-0.1176485581
0.78  		0.2487525622 		-0.0842528357
0.792  		0.2730312776 		-0.1437608835
0.804  		0.2075877749 		-0.2587498563
0.816001  		0.1217199568 		-0.2723201222
0.828001  		0.1765498701 		-0.1272364853
0.840001  		0.1991415205 		-0.0430449034
0.852001  		0.1915256795 		-0.1608542227
0.864001  		0.1782229579 		-0.2368294745
0.876001  		0.1887479929 		-0.1236520514
0.888001  		0.1007135061 		-0.0425853426
0.900001  		0.1215399851 		-0.1436083808
0.912001  		0.1794848373 		-0.1886079318
0.924001  		0.1378463140 		-0.1996942055
0.936001  		0.0520915689 		-0.1864175765
0.948001  		0.0878431466 		-0.2056525007
0.960001  		0.0777096359 		-0.2467246652
0.972001  		-0.0180280954 		-0.2633320167
0.984001  		-0.0159110224 		-0.2303237192
0.996001  		0.0299446564 		-0.1611249936
1.008  		0.0537709350 		-0.1923109417
1.02  		0.0653887199 		-0.2109335985
1.032  		0.0562450086 		-0.1495366353
1.044  		-0.0104307904 		-0.0825782773
1.056  		-0.0333429957 		-0.1267229683
1.068  		0.0116211075 		-0.1480245711
1.08  		-0.0153234653 		-0.1166178314
1.092  		-0.0623737429 		-0.0683741387
1.104  		-0.0295542989 		-0.0704302077
1.116  		0.0295598600 		-0.0791539440
1.128  		0.0368845571 		-0.0879638969
1.14  		0.0232436788 		-0.0867341568
1.152  		0.0096884446 		-0.0772698221
1.164  		0.0265884442 		-0.0745545428
1.176  		0.0615632604 		-0.0530135325
1.188  		0.0452694157 		-0.0358755628
