0  		1.0000000000 		-0.0000000000
0.012  		0.9236104123 		-0.2506089681
0.024  		0.4049161900 		-0.6241902466
0.036  		0.0796980526 		-0.4283225200
0.048  		-0.1320157171 		-0.3433131566
0.06  		-0.4277234566 		-0.0398514936
0.072  		-0.1958614612 		+0.3928451780
0.084  		0.3838456504 		+0.3955570286
0.096  		0.6449872483 		+0.2201924894
0.108  		0.7949380817 		-0.0937419298
0.12  		0.5683812148 		-0.4405229735
0.132  		0.5317874178 		-0.2282490467
0.144  		0.3636801226 		-0.2981718238
0.156  		-0.0146204107 		-0.2932080543
0.168  		-0.2013860346 		-0.1244299444
0.18  		-0.2211785624 		+0.1132831345
0.192  		-0.0892203638 		+0.2932167930
0.204  		0.3305575902 		+0.3887649101
0.216  		0.6424716142 		+0.0673031666
0.228  		0.6342130202 		-0.0775365210
0.24  		0.3698509027 		-0.3401423921
0.252  		0.1599666189 		-0.2384743182
0.264  		0.1579225018 		-0.0993315576
0.276  		0.0784615539 		-0.1799960278
0.288  		-0.1889664388 		-0.1061866599
0.3  		-0.1019807526 		+0.2052688833
0.312  		0.1965017950 		+0.1313543291
0.324  		0.2605337951 		-0.1025126697
0.336  		0.0840098835 		-0.2640593960
0.348  		0.0666334866 		-0.1900401891
0.36  		0.1827991923 		-0.0996850265
0.372  		0.1744460730 		-0.1489836274
0.384  		0.0568341530 		-0.1945450523
0.396  		-0.1106889349 		-0.1190816538
0.408  		-0.1029067881 		+0.0941611606
0.42  		0.0536428397 		+0.1292535974
0.432  		0.1833090258 		-0.0144510982
0.444  		0.1784784133 		-0.1624511791
0.456  		0.0779704732 		-0.2551511069
0.468  		-0.0525264580 		-0.2192628538
0.48  		0.0646429220 		-0.1485523853
0.492  		0.1158155674 		-0.1141403782
0.504  		0.0194615445 		-0.1159976218
0.516  		-0.0515907825 		-0.0470123663
0.528  		-0.0316584612 		+0.0309099879
0.54  		0.0234226067 		+0.0334853076
0.552  		0.0533333798 		-0.0206975180
0.564  		0.0113995405 		-0.0557596587
0.576  		0.0178493553 		-0.0576466680
0.588  		0.0044145011 		-0.0703007599
0.6  		-0.0324573145 		-0.0626564983
0.612  		-0.0536081928 		-0.0367437527
0.624  		-0.0417825042 		+0.0176829551
0.636  		0.0005131746 		+0.0225240814
0.648  		0.0116769635 		+0.0031231778
0.66  		0.0095384326 		-0.0095243129
0.672  		0.0006237832 		-0.0156949799
0.684  		-0.0113142973 		-0.0068133932
0.696  		-0.0098224605 		+0.0023060574
0.708  		-0.0126621649 		+0.0016253814
0.72  		-0.0159520128 		+0.0140664962
0.732  		-0.0002464759 		+0.0246477061
0.744  		0.0147566655 		+0.0120646516
0.756  		0.0068692899 		-0.0063159713
0.768  		-0.0056293558 		-0.0020713723
0.78  		-0.0062538300 		+0.0105445089
0.792  		-0.0052521540 		+0.0208325823
0.804  		-0.0041728498 		+0.0434062775
0.816001  		0.0317766066 		+0.0502243640
0.828001  		0.0456759524 		+0.0500251353
0.840001  		0.0769250156 		+0.0269584757
0.852001  		0.0464173519 		-0.0483119570
0.864001  		-0.0000636832 		-0.0368096377
0.876001  		-0.0059139427 		-0.0093465165
0.888001  		-0.0056842564 		+0.0139720426
0.900001  		0.0269024058 		+0.0358433916
0.912001  		0.0729792285 		-0.0038590851
0.924001  		0.0883016200 		-0.0103516237
0.936001  		0.1113809708 		+0.0036951694
0.948001  		0.1314075319 		-0.0346051481
0.960001  		0.1359531262 		-0.0431844954
0.972001  		0.1146322757 		-0.0908863551
0.984001  		0.0169151052 		-0.0966776820
0.996001  		-0.0127447520 		-0.0222831774
1.008  		0.0625892025 		+0.0443237340
1.02  		0.1691535247 		-0.0066352209
1.032  		0.1357001867 		-0.1680814179
1.044  		0.0171596955 		-0.1809763667
1.056  		0.0719496227 		-0.1251832005
1.068  		0.0446319545 		-0.1220609189
1.08  		-0.0002374543 		-0.0920789978
1.092  		0.0029661081 		-0.0477364929
1.104  		0.0018660630 		-0.0209057017
1.116  		0.0023400719 		-0.0018172609
1.128  		0.0193434776 		+0.0062867806
1.14  		0.0389362028 		-0.0137953949
1.152  		0.0492415999 		-0.0365754676
1.164  		0.0179550583 		-0.0680607112
1.176  		0.0052016586 		-0.0573514439
1.188  		0.0248546185 		-0.0539541212
