0  		1.0000000000 		-0.0000000000
0.012  		0.9978559407 		-0.0020680819
0.024  		0.9888238407 		-0.0101558042
0.036  		0.9843383728 		-0.0271828923
0.048  		0.9711602451 		-0.0352604020
0.06  		0.9568382397 		-0.0567931692
0.072  		0.9120854813 		-0.0851009886
0.084  		0.8957064208 		-0.0911073733
0.096  		0.9107631461 		-0.1697025447
0.108  		0.8126091472 		-0.2234627390
0.12  		0.7990051542 		-0.1368414430
0.132  		0.8128494990 		-0.0951882677
0.144  		0.7799941835 		-0.0291303292
0.156  		0.8043472410 		-0.0035773599
0.168  		0.6875875767 		+0.0143675438
0.18  		0.6432393123 		+0.1872276105
0.192  		0.7291199639 		+0.1561424158
0.204  		0.5743755794 		+0.0739688555
0.216  		0.5555530659 		+0.1706123376
0.228  		0.5811777109 		+0.0794032741
0.24  		0.4763923606 		+0.0905685314
0.252  		0.5873167789 		+0.0776456139
0.264  		0.4583824892 		-0.0395011751
0.276  		0.4168076510 		+0.1472447559
0.288  		0.5441520178 		+0.0724726451
0.3  		0.3279918769 		+0.0387840547
0.312  		0.3824149438 		+0.1950819393
0.324  		0.3956768409 		+0.0056991086
0.336  		0.2234681995 		+0.0900279787
0.348  		0.3836870447 		+0.0793016832
0.36  		0.2237743994 		-0.0724116224
0.372  		0.2336750414 		+0.0890840641
0.384  		0.3209093237 		-0.0833122475
0.396  		0.1230196637 		-0.0334015621
0.408  		0.2859077890 		+0.0572110524
0.42  		0.2070601830 		-0.1189167368
0.432  		0.1108643754 		+0.0629268030
0.444  		0.2896079283 		-0.0059626883
0.456  		0.0866888336 		-0.0814478130
0.468  		0.1515262355 		+0.0921959234
0.48  		0.2004203976 		-0.0990291985
0.492  		0.0303594141 		-0.0092312207
0.504  		0.1964631202 		-0.0044649122
0.516  		0.0666756285 		-0.1163862018
0.528  		0.0625978453 		+0.0539286524
0.54  		0.1687163204 		-0.0812930227
0.552  		-0.0018063880 		-0.0559396847
0.564  		0.1069149020 		+0.0502027082
0.576  		0.0891756304 		-0.0986360657
0.588  		-0.0064949000 		+0.0152968755
0.6  		0.1128607584 		-0.0202976612
0.612  		0.0074296916 		-0.0724131017
0.624  		0.0360693958 		+0.0434771604
0.636  		0.0808095655 		-0.0597298556
0.648  		-0.0244383321 		-0.0213514498
0.66  		0.0603437329 		+0.0291680243
0.672  		0.0393142232 		-0.0554548429
0.684  		-0.0132917949 		+0.0180717655
0.696  		0.0569003640 		+0.0052006440
0.708  		-0.0015066103 		-0.0341016863
0.72  		0.0112899654 		+0.0254939643
0.732  		0.0316497153 		-0.0259369789
0.744  		-0.0155374426 		-0.0005227251
0.756  		0.0283340346 		+0.0018010724
0.768  		-0.0066065141 		-0.0255112824
0.78  		0.0037435092 		+0.0121001200
0.792  		0.0116252700 		-0.0228900453
0.804  		-0.0150722238 		+0.0017783332
0.816001  		0.0154830040 		-0.0057844732
0.828001  		-0.0197647041 		-0.0149949782
0.840001  		0.0053274777 		+0.0111357574
0.852001  		-0.0062559044 		-0.0266509941
0.864001  		-0.0230665772 		+0.0178040817
0.876001  		0.0175569816 		-0.0139824684
0.888001  		-0.0462391941 		-0.0076959055
0.900001  		0.0090933915 		+0.0290422942
0.912001  		-0.0142248757 		-0.0437455297
0.924001  		-0.0472122261 		+0.0425917998
0.936001  		0.0300561300 		-0.0053087807
0.948001  		-0.0595050103 		-0.0232477328
0.960001  		-0.0086934509 		+0.0566382559
0.972001  		0.0029505852 		-0.0453071397
0.984001  		-0.0722203802 		+0.0369361614
0.996001  		0.0337984669 		+0.0290497811
1.008  		-0.0578688292 		-0.0484753359
1.02  		-0.0454440395 		+0.0853999091
1.032  		0.0322682930 		-0.0266025696
1.044  		-0.1065159079 		+0.0036003744
1.056  		0.0090856615 		+0.0819075772
1.068  		-0.0252802054 		-0.0596068946
1.08  		-0.0963278573 		+0.0641376085
1.092  		0.0356382076 		+0.0273026094
1.104  		-0.0809124612 		-0.0390549595
1.116  		-0.0505120249 		+0.0864207724
1.128  		0.0139705091 		-0.0260786041
1.14  		-0.1138801599 		+0.0091935843
1.152  		-0.0020865494 		+0.0728153468
1.164  		-0.0416944142 		-0.0501494604
1.176  		-0.1016800413 		+0.0601530005
1.188  		0.0118416046 		+0.0224363141
