0  		1.0000000000 		-0.0000000000
0.012  		0.8640662375 		+0.1621295768
0.024  		0.7859669114 		+0.0262450248
0.036  		0.5610240643 		+0.1644343498
0.048  		0.6997679814 		-0.1330999072
0.06  		0.2475163275 		+0.3572309084
0.072  		0.4674552959 		-0.2246112609
0.084  		0.1543444176 		+0.3354572082
0.096  		0.1171626997 		-0.2002151984
0.108  		0.3088957498 		+0.0485759413
0.12  		0.1135581916 		-0.0623811479
0.132  		0.2270457066 		-0.1431472503
0.144  		0.1537578293 		+0.1284428174
0.156  		0.1094686003 		-0.2043424226
0.168  		0.1352759259 		+0.1448405633
0.18  		0.0450285912 		-0.2456848287
0.192  		0.0801806630 		+0.2493130644
0.204  		0.0643949484 		-0.2782224459
0.216  		-0.0462666390 		+0.2372150356
0.228  		-0.0084805838 		-0.1871757580
0.24  		-0.1471715694 		+0.1140561624
0.252  		-0.0532139711 		-0.0412163567
0.264  		-0.1266777220 		+0.0658466143
0.276  		-0.0186280442 		+0.0190810284
0.288  		0.0515549530 		+0.1192279006
0.3  		0.0117912116 		-0.0258401833
0.312  		0.0353414080 		+0.1922243267
0.324  		0.0849658088 		-0.1708209388
0.336  		-0.0828023256 		+0.1894843262
0.348  		0.1609218527 		-0.1610733904
0.36  		-0.0999793542 		+0.0380913271
0.372  		0.1691581056 		-0.0223373286
0.384  		-0.0292173990 		-0.0322679858
0.396  		0.0812761465 		+0.0696308296
0.408  		0.0054529720 		-0.0093048454
0.42  		-0.0176209419 		+0.0781906067
0.432  		-0.0061215829 		-0.0027523042
0.444  		-0.0806801474 		+0.0329336736
0.456  		-0.0014076483 		-0.0225417864
0.468  		-0.0978185471 		-0.0339219247
0.48  		0.0071896074 		-0.0628417204
0.492  		-0.0091294572 		-0.1219701851
0.504  		0.0705661806 		-0.1041361760
0.516  		0.1299242861 		-0.1373404406
0.528  		0.1971176292 		-0.1181189128
0.54  		0.2303399526 		-0.0277297208
0.552  		0.2229122822 		+0.0426959075
0.564  		0.1150531172 		+0.1073682038
0.576  		0.1211857323 		+0.1139168073
0.588  		-0.0086321610 		+0.0713038018
0.6  		0.0871799444 		+0.1641621468
0.612  		-0.0756446526 		-0.0114942128
0.624  		0.0381427355 		+0.1272279187
0.636  		-0.0584592355 		-0.0402934341
0.648  		-0.0042961205 		+0.0826578075
0.66  		-0.0354165161 		-0.0320313359
0.672  		-0.0676818395 		+0.0014555126
0.684  		-0.0029169447 		-0.0134728619
0.696  		-0.0206449302 		-0.0561693372
0.708  		-0.0058417465 		+0.0062110849
0.72  		0.0173771706 		-0.0391172685
0.732  		-0.0114125933 		+0.0061341175
0.744  		0.0143427133 		-0.0089737728
0.756  		-0.0071732085 		+0.0045156280
0.768  		0.0081505086 		-0.0016130927
0.78  		-0.0065511559 		+0.0069904587
0.792  		0.0064071816 		+0.0119129658
0.804  		-0.0096355412 		+0.0032373037
0.816001  		-0.0101367874 		+0.0209881862
0.828001  		-0.0070849700 		-0.0038803215
0.840001  		-0.0212704230 		+0.0183845602
0.852001  		0.0136983965 		-0.0069284985
0.864001  		-0.0403282053 		-0.0004669123
0.876001  		0.0283820966 		+0.0161697911
0.888001  		-0.0310489589 		-0.0120714782
0.900001  		0.0172900943 		+0.0230003073
0.912001  		-0.0136265411 		-0.0079235572
0.924001  		0.0054555891 		+0.0165247240
0.936001  		-0.0052409672 		-0.0007006245
0.948001  		0.0039222067 		+0.0064682274
0.960001  		0.0003185525 		+0.0004524116
0.972001  		0.0060356502 		-0.0014236074
0.984001  		-0.0004020237 		-0.0001014821
0.996001  		0.0038109439 		-0.0111157373
1.008  		0.0004431539 		+0.0003334356
1.02  		-0.0033005663 		-0.0144570466
1.032  		-0.0003203278 		-0.0061277998
1.044  		-0.0058102171 		-0.0199971599
1.056  		-0.0045289917 		-0.0164051397
1.068  		-0.0111345637 		-0.0205676456
1.08  		-0.0129683719 		-0.0181998217
1.092  		-0.0107000447 		-0.0135174385
1.104  		-0.0142371372 		-0.0099298982
1.116  		-0.0098038875 		-0.0040949154
1.128  		-0.0199344202 		-0.0021325544
1.14  		0.0005452597 		-0.0021819358
1.152  		-0.0185580664 		+0.0109740911
1.164  		0.0006688770 		-0.0068312639
1.176  		-0.0039746975 		+0.0162874894
1.188  		-0.0099353515 		-0.0035056018
