0  		1.0000000000 		-0.0000000000
0.012  		0.9974374310 		+0.0061214814
0.024  		0.9859203218 		+0.0034222241
0.036  		0.9606594942 		+0.0881654809
0.048  		0.8901368726 		+0.2262887512
0.06  		0.7831972380 		+0.3058821060
0.072  		0.6469652918 		+0.3482177613
0.084  		0.5211498086 		+0.3469856380
0.096  		0.4203047882 		+0.3080644009
0.108  		0.3580733681 		+0.2616997929
0.12  		0.3649612552 		+0.1959731405
0.132  		0.4193208018 		+0.1307833998
0.144  		0.4986729062 		+0.0900179928
0.156  		0.5680076711 		+0.0703683726
0.168  		0.6150938836 		+0.0806343645
0.18  		0.6363658092 		+0.1000226521
0.192  		0.6397620668 		+0.0655624801
0.204  		0.6512373895 		-0.0032753938
0.216  		0.6335789556 		-0.0766111491
0.228  		0.6032327190 		-0.1452033227
0.24  		0.5672201978 		-0.2186988899
0.252  		0.5513497998 		-0.2686023512
0.264  		0.5648413464 		-0.2761008926
0.276  		0.5656475712 		-0.2403045361
0.288  		0.5512526958 		-0.1961889016
0.3  		0.5388313531 		-0.1830436255
0.312  		0.5445609112 		-0.1407555197
0.324  		0.5302290685 		-0.0854162745
0.336  		0.4823774196 		-0.0808766624
0.348  		0.4537179576 		-0.1156178732
0.36  		0.4615427829 		-0.1625715129
0.372  		0.4880390903 		-0.1702390839
0.384  		0.4944582519 		-0.1376456322
0.396  		0.4814141685 		-0.1241948538
0.408  		0.4879614054 		-0.1323323866
0.42  		0.5052556137 		-0.0544667395
0.432  		0.4494065271 		+0.0227817727
0.444  		0.3551446636 		+0.0466477881
0.456  		0.2966695965 		+0.0212762399
0.468  		0.2691503542 		+0.0089009929
0.48  		0.2338649912 		+0.0055428912
0.492  		0.1978407540 		-0.0035581868
0.504  		0.1834852995 		-0.0476637930
0.516  		0.2079097441 		-0.0907175641
0.528  		0.2592857396 		-0.0940095992
0.54  		0.2737096146 		-0.0631305857
0.552  		0.2497795567 		-0.0632295477
0.564  		0.2407378518 		-0.0904044732
0.576  		0.2413889090 		-0.1157289721
0.588  		0.2210740212 		-0.1103149774
0.6  		0.1667550898 		-0.1065807507
0.612  		0.1159591871 		-0.1304785451
0.624  		0.1002576405 		-0.1584833947
0.636  		0.1267878769 		-0.1393162769
0.648  		0.1204784049 		-0.0908170197
0.66  		0.0827231811 		-0.0597743398
0.672  		0.0556457225 		-0.0543113616
0.684  		0.0364802362 		-0.0457133513
0.696  		0.0201438431 		-0.0414751326
0.708  		0.0082873208 		-0.0400008231
0.72  		-0.0078812222 		-0.0425589866
0.732  		-0.0196882178 		-0.0575634031
0.744  		-0.0121431987 		-0.0794190397
0.756  		0.0072180923 		-0.0855087816
0.768  		0.0102667960 		-0.0855143222
0.78  		0.0203918217 		-0.1141135987
0.792  		0.0691802217 		-0.1295749101
0.804  		0.1104860470 		-0.0839399068
0.816001  		0.0952721345 		-0.0412334526
0.828001  		0.0894394116 		-0.0345383448
0.840001  		0.1011561132 		-0.0008328405
0.852001  		0.0636964145 		+0.0452362873
0.864001  		0.0155236812 		+0.0362283615
0.876001  		0.0010783602 		+0.0146655236
0.888001  		-0.0080574293 		-0.0030527645
0.900001  		0.0013907779 		-0.0289732818
0.912001  		0.0266309106 		-0.0290351740
0.924001  		0.0299085359 		-0.0201426707
0.936001  		0.0371342684 		-0.0290131253
0.948001  		0.0615148325 		-0.0220874805
0.960001  		0.0681910077 		+0.0049985422
0.972001  		0.0547010580 		+0.0175881877
0.984001  		0.0602355757 		+0.0083441693
0.996001  		0.0934020079 		+0.0315394504
1.008  		0.0769018880 		+0.0915870306
1.02  		0.0130009955 		+0.0988835614
1.032  		-0.0005712040 		+0.0685990421
1.044  		-0.0134615211 		+0.0764428471
1.056  		-0.0595982474 		+0.0545480123
1.068  		-0.0575006686 		-0.0061563700
1.08  		-0.0227926352 		-0.0263221157
1.092  		-0.0176698540 		-0.0345571570
1.104  		0.0032972218 		-0.0717998274
1.116  		0.0718657358 		-0.0732921061
1.128  		0.0993012533 		-0.0238124272
1.14  		0.0938013897 		-0.0254723918
1.152  		0.1702703971 		-0.0251231063
1.164  		0.2169961640 		+0.1083551949
1.176  		0.0917653554 		+0.2029862017
1.188  		0.0107958277 		+0.1444534295
