0  		1.0000000000 		-0.0000000000
0.012  		0.8749797701 		+0.2707856915
0.024  		0.5536932424 		-0.0813937643
0.036  		0.9475106305 		-0.1309932661
0.048  		0.5911783714 		+0.3245810583
0.06  		0.6039578152 		-0.4036459259
0.072  		0.8635160364 		-0.0888770381
0.084  		0.7774314645 		+0.0019970518
0.096  		0.4906672359 		+0.0741889284
0.108  		0.5432490311 		-0.3644949816
0.12  		0.5760712498 		+0.2009086837
0.132  		0.2760956600 		-0.2267508145
0.144  		0.5296823615 		-0.1894414528
0.156  		0.5297316709 		-0.1121622848
0.168  		0.4415709762 		+0.0239633653
0.18  		0.3162249071 		-0.2483681126
0.192  		0.4348688114 		-0.0327369734
0.204  		0.1436188148 		-0.0597852846
0.216  		0.1203397849 		-0.3232098610
0.228  		0.1979550617 		-0.3354119036
0.24  		0.1802946114 		-0.3486722188
0.252  		0.0098480503 		-0.3159083762
0.264  		-0.0050108920 		-0.4350267701
0.276  		0.1488876065 		-0.2450117271
0.288  		-0.3005672382 		-0.2392561597
0.3  		-0.0602664269 		-0.4724134106
0.312  		0.0050868252 		-0.4121898154
0.324  		0.0618923559 		-0.2616935319
0.336  		-0.0400062947 		-0.2402295420
0.348  		0.1052485164 		-0.1220478281
0.36  		-0.0512419330 		-0.0445815702
0.372  		-0.0332904061 		-0.0714085571
0.384  		-0.0191210897 		-0.0365348058
0.396  		-0.0165162139 		-0.0078747034
0.408  		-0.0120744438 		+0.0196988810
0.42  		-0.0306525032 		+0.0262468054
0.432  		-0.0049798719 		+0.0146659355
0.444  		0.0078626855 		+0.0638880009
0.456  		-0.0258656116 		+0.0625835741
0.468  		-0.0168523658 		+0.0582676646
0.48  		0.0023029147 		+0.0452764098
0.492  		0.0106099630 		+0.0423013277
0.504  		-0.0000662763 		+0.0222838049
0.516  		0.0311740397 		-0.0204340502
0.528  		0.0523112170 		-0.0125332642
0.54  		0.0516994302 		-0.0412225303
0.552  		0.0556629427 		-0.0583546988
0.564  		0.0482700111 		-0.1047850130
0.576  		0.1173701836 		-0.0402039481
0.588  		-0.0463282070 		-0.0948529652
0.6  		0.0825493649 		-0.1803001289
0.612  		0.1132866730 		-0.1239245696
0.624  		0.1107544436 		-0.0861770235
0.636  		0.0772624695 		-0.0728875234
0.648  		0.0765811380 		-0.0066271204
0.66  		0.0085042342 		-0.0109509106
0.672  		0.0114937224 		-0.0375233832
0.684  		0.0170931916 		-0.0302190805
0.696  		0.0039963110 		-0.0411879037
0.708  		0.0009927733 		-0.0514504750
0.72  		0.0177967481 		-0.0680944459
0.732  		0.0356974509 		-0.0235781988
0.744  		-0.0384840588 		-0.0817895017
0.756  		0.0575529204 		-0.0836943137
0.768  		0.0356091377 		-0.0782892598
0.78  		0.0461864313 		-0.0699560063
0.792  		0.0458809460 		-0.0632337049
0.804  		0.0500144510 		-0.0068314334
0.816001  		-0.0136914664 		-0.0293923194
0.828001  		-0.0107500076 		-0.0472334040
0.840001  		-0.0347189357 		-0.0499794439
0.852001  		-0.0731258237 		-0.0754161018
0.864001  		-0.0945863143 		-0.1036929481
0.876001  		-0.0051431095 		-0.1557469173
0.888001  		-0.0372867937 		-0.0459210778
0.900001  		-0.0435634262 		-0.1546028807
0.912001  		0.0689588317 		-0.0929391463
0.924001  		0.0507667859 		-0.0876255189
0.936001  		0.0745526912 		-0.0533319437
0.948001  		0.0702656883 		-0.0134466437
0.960001  		0.0220487255 		+0.0042051691
0.972001  		-0.0013297122 		-0.0273852070
0.984001  		0.0015315288 		-0.0362287126
0.996001  		-0.0313621934 		-0.0337788896
1.008  		-0.0449445768 		-0.0603125392
1.02  		-0.0439479015 		-0.0803905107
1.032  		0.0248808493 		-0.0734601766
1.044  		-0.0539408754 		-0.0610489034
1.056  		0.0428267729 		-0.1037439956
1.068  		0.0355183726 		-0.0619911099
1.08  		0.0421499311 		-0.0747419330
1.092  		0.0503128890 		-0.0487701604
1.104  		0.0397357560 		-0.0104393477
1.116  		0.0037567575 		-0.0106770346
1.128  		-0.0032197323 		-0.0168539968
1.14  		0.0019207346 		-0.0150172042
1.152  		-0.0089975586 		-0.0165414569
1.164  		0.0019389517 		-0.0230657686
1.176  		0.0142699633 		-0.0180565906
1.188  		0.0122628997 		-0.0043720083
