0  		1.0000000000 		+0.0000000000
0.012  		0.9997289177 		-0.0040304549
0.024  		0.9965739504 		-0.0229603222
0.036  		0.9878080812 		-0.0354671784
0.048  		0.9752871500 		-0.0255660967
0.06  		0.9630891747 		-0.0097478991
0.072  		0.9534980625 		+0.0090381782
0.084  		0.9434366942 		+0.0307278042
0.096  		0.9250072345 		+0.0653556295
0.108  		0.8930106675 		+0.1053797407
0.12  		0.8455483010 		+0.1690014643
0.132  		0.7852246835 		+0.2535306599
0.144  		0.7170047725 		+0.3455779337
0.156  		0.6510826771 		+0.4197884864
0.168  		0.5876602063 		+0.4698992645
0.18  		0.5267296493 		+0.4903080940
0.192  		0.4587368559 		+0.4925029582
0.204  		0.3824394337 		+0.4831318667
0.216  		0.3071021257 		+0.4619346530
0.228  		0.2433078561 		+0.4289145106
0.24  		0.1959826537 		+0.3868960138
0.252  		0.1669471598 		+0.3389443409
0.264  		0.1528228561 		+0.2899404913
0.276  		0.1445109578 		+0.2470559502
0.288  		0.1421409256 		+0.2114778557
0.3  		0.1455953551 		+0.1821518971
0.312  		0.1559056113 		+0.1539553799
0.324  		0.1685574208 		+0.1240497379
0.336  		0.1819953063 		+0.0852975444
0.348  		0.1908794550 		+0.0348053408
0.36  		0.1898459566 		-0.0253832270
0.372  		0.1769057634 		-0.0890497711
0.384  		0.1539665607 		-0.1504940123
0.396  		0.1269038117 		-0.2041231851
0.408  		0.1032716734 		-0.2478767709
0.42  		0.0905557027 		-0.2835449021
0.432  		0.0915991320 		-0.3165160188
0.444  		0.1047468773 		-0.3515312708
0.456  		0.1218081883 		-0.3900958370
0.468  		0.1373316339 		-0.4273991918
0.48  		0.1587568720 		-0.4505999056
0.492  		0.1854837335 		-0.4502597021
0.504  		0.2195230540 		-0.4223511364
0.516  		0.2561908554 		-0.3717555311
0.528  		0.2892443579 		-0.3067574093
0.54  		0.3086364335 		-0.2433113822
0.552  		0.3209966861 		-0.1861623810
0.564  		0.3339106499 		-0.1316083833
0.576  		0.3476192484 		-0.0749681528
0.588  		0.3562088956 		-0.0234034187
0.6  		0.3567034856 		+0.0209602466
0.612  		0.3465841983 		+0.0572212489
0.624  		0.3257136246 		+0.0831116471
0.636  		0.2974079337 		+0.0977557370
0.648  		0.2638752380 		+0.1109419830
0.66  		0.2275398685 		+0.1277024611
0.672  		0.1923604709 		+0.1454703432
0.684  		0.1601800551 		+0.1619997896
0.696  		0.1326724949 		+0.1721893176
0.708  		0.1076044022 		+0.1743228826
0.72  		0.0898512040 		+0.1641428739
0.732  		0.0816929704 		+0.1408137656
0.744  		0.0808791824 		+0.1048582697
0.756  		0.0791402139 		+0.0625665162
0.768  		0.0746402217 		+0.0227574471
0.78  		0.0722365882 		-0.0071025339
0.792  		0.0797667414 		-0.0253972778
0.804  		0.1030474792 		-0.0339484522
0.816001  		0.1422431887 		-0.0389444105
0.828001  		0.1920431728 		-0.0492302540
0.840001  		0.2432417571 		-0.0671909546
0.852001  		0.2858138099 		-0.0858323134
0.864001  		0.3119642330 		-0.1004294700
0.876001  		0.3201987428 		-0.1067025834
0.888001  		0.3178661476 		-0.0919455182
0.900001  		0.3118440274 		-0.0542430801
0.912001  		0.3086125607 		+0.0002133306
0.924001  		0.3163684759 		+0.0601490438
0.936001  		0.3391478209 		+0.1175232374
0.948001  		0.3725970638 		+0.1562038694
0.960001  		0.4048026664 		+0.1652468642
0.972001  		0.4199094047 		+0.1493967521
0.984001  		0.4054494596 		+0.1322422073
0.996001  		0.3628447343 		+0.1247939455
1.008  		0.2998799262 		+0.1260928960
1.02  		0.2263350833 		+0.1323650086
1.032  		0.1523734813 		+0.1415527039
1.044  		0.0917817618 		+0.1466563013
1.056  		0.0535423685 		+0.1444949852
1.068  		0.0355271708 		+0.1350171743
1.08  		0.0293506127 		+0.1205415848
1.092  		0.0300171976 		+0.1050411802
1.104  		0.0353641075 		+0.0914071734
1.116  		0.0398123293 		+0.0812508666
1.128  		0.0388358323 		+0.0746673588
1.14  		0.0304966782 		+0.0706269887
1.152  		0.0157497554 		+0.0684593407
1.164  		-0.0043316828 		+0.0690929407
1.176  		-0.0253086940 		+0.0728197155
1.188  		-0.0420935302 		+0.0801569960
