0  		1.0000000000 		+0.0000000000
0.012  		0.9797424281 		-0.0236066785
0.024  		0.9499544604 		-0.1222066306
0.036  		0.8681836043 		+0.0590662249
0.048  		0.8187036558 		+0.1224543190
0.06  		0.8409785822 		+0.1875232274
0.072  		0.6879437009 		+0.0156850333
0.084  		0.7505949800 		-0.0817562181
0.096  		0.6678411714 		-0.1192784520
0.108  		0.5586779163 		-0.2266217087
0.12  		0.7093445059 		-0.2003946320
0.132  		0.5326793129 		-0.2091021488
0.144  		0.6976670921 		-0.2915662245
0.156  		0.5020355191 		-0.1947028009
0.168  		0.6252730362 		-0.3463757522
0.18  		0.3637962309 		-0.2365824631
0.192  		0.4073253531 		-0.3735167850
0.204  		0.2283002882 		-0.2394667054
0.216  		0.1510624814 		-0.3178542352
0.228  		0.0898878287 		-0.1977007582
0.24  		0.1224396675 		-0.1896111979
0.252  		0.0581941528 		-0.1134453362
0.264  		0.1364458440 		-0.1222844971
0.276  		0.0920031982 		-0.0645353399
0.288  		0.1889635243 		-0.1029205781
0.3  		0.1311727504 		-0.0664277824
0.312  		0.2301789779 		-0.0961525777
0.324  		0.1483947492 		-0.0829976284
0.336  		0.1971396354 		-0.1417507593
0.348  		0.1202311553 		-0.1060354499
0.36  		0.1123872566 		-0.1312317655
0.372  		0.0751047457 		-0.1037976206
0.384  		0.0884210016 		-0.0724971779
0.396  		0.0350567332 		-0.0753284255
0.408  		0.0220603652 		-0.0676197662
0.42  		-0.0182998687 		-0.0262735605
0.432  		-0.0506534314 		+0.0125041744
0.444  		-0.0474090986 		+0.0687460922
0.456  		-0.1019425651 		+0.1336460953
0.468  		-0.0804320080 		+0.1882211820
0.48  		-0.0652559180 		+0.2948954168
0.492  		0.0599566818 		+0.2864659935
0.504  		0.1738166396 		+0.2818662360
0.516  		0.2771853866 		+0.1450674212
0.528  		0.2708132055 		+0.0716113797
0.54  		0.2444036586 		-0.1002092527
0.552  		0.2136419313 		-0.1717040158
0.564  		0.0289221434 		-0.1992488500
0.576  		-0.0488199153 		-0.2637811774
0.588  		-0.1540978048 		-0.1058987334
0.6  		-0.2569814981 		+0.0115971701
0.612  		-0.1480559123 		+0.1306892139
0.624  		0.0059852521 		+0.2759881920
0.636  		0.1352600276 		+0.1498714154
0.648  		0.2540369614 		+0.0612607144
0.66  		0.1776342193 		-0.0486967845
0.672  		0.1055029955 		-0.1602849571
0.684  		-0.0097584709 		-0.1306410767
0.696  		-0.0884056109 		-0.1009780411
0.708  		-0.0721005951 		-0.0001960970
0.72  		-0.0758385246 		+0.0427794590
0.732  		-0.0189895341 		+0.0370763154
0.744  		0.0183682062 		+0.0448695084
0.756  		0.0234415393 		+0.0116269698
0.768  		0.0235120371 		-0.0206684653
0.78  		-0.0016596539 		-0.0251566205
0.792  		-0.0244985302 		-0.0228294246
0.804  		-0.0290422563 		-0.0077116725
0.816001  		-0.0266982817 		+0.0156456949
0.828001  		-0.0111972982 		+0.0243078492
0.840001  		-0.0023804677 		+0.0209590009
0.852001  		0.0044136533 		+0.0140916584
0.864001  		0.0005529056 		+0.0140970452
0.876001  		-0.0007577820 		+0.0122850044
0.888001  		0.0008326182 		+0.0179147245
0.900001  		0.0076509379 		+0.0164672731
0.912001  		0.0164441634 		+0.0128662764
0.924001  		0.0214284045 		+0.0011542202
0.936001  		0.0178215018 		-0.0112039835
0.948001  		0.0069160516 		-0.0185794027
0.960001  		-0.0087151182 		-0.0152466082
0.972001  		-0.0199155548 		+0.0014852570
0.984001  		-0.0151196796 		+0.0162794825
0.996001  		0.0088761003 		+0.0276209893
1.008  		0.0299016819 		+0.0233756821
1.02  		0.0332512558 		-0.0051386898
1.032  		0.0371803505 		-0.0275613110
1.044  		0.0103103277 		-0.0321268686
1.056  		-0.0030684576 		-0.0347061973
1.068  		-0.0080058689 		-0.0210343908
1.08  		-0.0155702736 		-0.0068958339
1.092  		-0.0078167923 		+0.0103806651
1.104  		0.0092421637 		+0.0258140993
1.116  		0.0288610331 		+0.0201972779
1.128  		0.0495107042 		+0.0108341861
1.14  		0.0489215417 		-0.0083110612
1.152  		0.0627926929 		-0.0287241591
1.164  		0.0283588103 		-0.0370470243
1.176  		0.0276425622 		-0.0620440687
1.188  		0.0049910825 		-0.0380031017
