0  		1.0000000000 		-0.0000000000
0.012  		0.9973825504 		-0.0042064349
0.024  		0.9855061149 		-0.0266433143
0.036  		0.9717132917 		-0.0024606773
0.048  		0.9337568057 		-0.0013805188
0.06  		0.9138541994 		-0.0063045154
0.072  		0.9076218855 		+0.0201499166
0.084  		0.9058399818 		-0.0127663767
0.096  		0.9104389410 		-0.0362692821
0.108  		0.9112387664 		-0.0799003047
0.12  		0.8934556106 		-0.0973922739
0.132  		0.8607964639 		-0.1316517665
0.144  		0.8056458904 		-0.1373458266
0.156  		0.7281362750 		-0.1238440372
0.168  		0.6692662927 		-0.1352609055
0.18  		0.6245106074 		-0.1651669903
0.192  		0.5852211022 		-0.2121840195
0.204  		0.5599919326 		-0.2476207921
0.216  		0.5754260975 		-0.2285168512
0.228  		0.5775504454 		-0.2111935340
0.24  		0.5651182499 		-0.1901122728
0.252  		0.5402308971 		-0.1402938903
0.264  		0.5030434360 		-0.1025998773
0.276  		0.4442565437 		-0.0603544709
0.288  		0.3707759350 		-0.0449948430
0.3  		0.3156825175 		-0.0497750240
0.312  		0.2894909775 		-0.0658149564
0.324  		0.2721788353 		-0.0766982444
0.336  		0.2650297300 		-0.0666744929
0.348  		0.2720176019 		-0.0376659369
0.36  		0.2693798698 		-0.0036085223
0.372  		0.2447419230 		+0.0317353663
0.384  		0.2014899315 		+0.0639841621
0.396  		0.1484653119 		+0.0836957351
0.408  		0.1091953213 		+0.0732608689
0.42  		0.0894663701 		+0.0574998527
0.432  		0.0839761646 		+0.0478449507
0.444  		0.0855153288 		+0.0489172483
0.456  		0.0807033232 		+0.0654554816
0.468  		0.0664437396 		+0.0882365743
0.48  		0.0392272748 		+0.1049759367
0.492  		0.0050195053 		+0.0977820870
0.504  		-0.0189515626 		+0.0722135829
0.516  		-0.0247645275 		+0.0531088168
0.528  		-0.0208749049 		+0.0470275267
0.54  		-0.0178270706 		+0.0465259909
0.552  		-0.0268334717 		+0.0486791631
0.564  		-0.0481445282 		+0.0491432788
0.576  		-0.0677750345 		+0.0328813286
0.588  		-0.0661032093 		+0.0062107647
0.6  		-0.0530965018 		-0.0147707543
0.612  		-0.0465431945 		-0.0139208703
0.624  		-0.0479979227 		-0.0037189453
0.636  		-0.0535889202 		-0.0065968630
0.648  		-0.0666222508 		-0.0271009060
0.66  		-0.0758665685 		-0.0550852546
0.672  		-0.0547464877 		-0.0694528156
0.684  		-0.0144822006 		-0.0650135835
0.696  		0.0046633750 		-0.0549895022
0.708  		-0.0095747232 		-0.0466021922
0.72  		-0.0300264368 		-0.0401100131
0.732  		-0.0323943673 		-0.0600693503
0.744  		-0.0158406099 		-0.1063506318
0.756  		0.0104881374 		-0.1260133409
0.768  		0.0349482661 		-0.0918103250
0.78  		0.0534349416 		-0.0499475828
0.792  		0.0435028038 		-0.0399234473
0.804  		0.0079783899 		-0.0436123729
0.816001  		-0.0125237151 		-0.0523713692
0.828001  		0.0026444061 		-0.0908079762
0.840001  		0.0324582374 		-0.1351654636
0.852001  		0.0456926271 		-0.1208658351
0.864001  		0.0552256886 		-0.0695905534
0.876001  		0.0623688601 		-0.0451210365
0.888001  		0.0370236434 		-0.0452345173
0.900001  		-0.0096628662 		-0.0331458622
0.912001  		-0.0361176323 		-0.0520059445
0.924001  		-0.0366858439 		-0.1203845741
0.936001  		-0.0230293068 		-0.1561159424
0.948001  		0.0030709923 		-0.1148722810
0.960001  		0.0344034963 		-0.0798475114
0.972001  		0.0418676200 		-0.0734667024
0.984001  		0.0211377249 		-0.0450246424
0.996001  		-0.0150971901 		-0.0112334726
1.008  		-0.0545929414 		-0.0367059134
1.02  		-0.0771435019 		-0.0806991177
1.032  		-0.0653172350 		-0.0786624033
1.044  		-0.0347837453 		-0.0671415972
1.056  		-0.0183420052 		-0.0789296797
1.068  		-0.0104142503 		-0.0754610568
1.08  		0.0071429566 		-0.0315884595
1.092  		-0.0107395860 		+0.0126147675
1.104  		-0.0622067701 		+0.0121963164
1.116  		-0.0756852217 		-0.0055434410
1.128  		-0.0542524572 		-0.0143255970
1.14  		-0.0497445204 		-0.0286868709
1.152  		-0.0519624966 		-0.0401207969
1.164  		-0.0295733093 		-0.0385620886
1.176  		0.0062669115 		-0.0193476177
1.188  		0.0087833826 		+0.0203317160
