0  		1.0000000000 		+0.0000000000
0.012  		0.9983471306 		+0.0093108831
0.024  		0.9810884722 		+0.0022184429
0.036  		0.9274682341 		-0.0641062781
0.048  		0.8134150134 		-0.1606268606
0.06  		0.6252968400 		-0.2697747106
0.072  		0.4121475170 		-0.2973379406
0.084  		0.2326409787 		-0.2419107837
0.096  		0.1109633927 		-0.1445984617
0.108  		0.0425059289 		-0.0389165396
0.12  		-0.0043653127 		+0.0550959003
0.132  		-0.0402757138 		+0.1423448177
0.144  		-0.0520175543 		+0.2297619681
0.156  		-0.0273826545 		+0.3066564797
0.168  		0.0251908647 		+0.3431997849
0.18  		0.0921752300 		+0.3150407780
0.192  		0.1363214254 		+0.2290779125
0.204  		0.1321384487 		+0.1280907437
0.216  		0.0861561522 		+0.0647823753
0.228  		0.0398856926 		+0.0357039313
0.24  		0.0107481547 		+0.0205897090
0.252  		-0.0028507482 		+0.0095667347
0.264  		-0.0057048574 		-0.0003694476
0.276  		-0.0000133560 		-0.0101766466
0.288  		0.0144962516 		-0.0202206407
0.3  		0.0364513617 		-0.0342573099
0.312  		0.0580781096 		-0.0598451037
0.324  		0.0653816878 		-0.0973901619
0.336  		0.0547741036 		-0.1312112991
0.348  		0.0302617812 		-0.1493602670
0.36  		0.0150459391 		-0.1488407265
0.372  		0.0140011467 		-0.1381372578
0.384  		0.0220266764 		-0.1229945531
0.396  		0.0327345155 		-0.1069525105
0.408  		0.0400093184 		-0.0942834994
0.42  		0.0437817587 		-0.0865802921
0.432  		0.0358779574 		-0.0852545910
0.444  		0.0105489398 		-0.0836709666
0.456  		-0.0268739320 		-0.0654663061
0.468  		-0.0495040812 		-0.0236827851
0.48  		-0.0376271671 		+0.0194227736
0.492  		-0.0029857452 		+0.0373739641
0.504  		0.0255142872 		+0.0289641228
0.516  		0.0390686339 		+0.0121364419
0.528  		0.0419575127 		-0.0024143465
0.54  		0.0390605849 		-0.0120510243
0.552  		0.0341878794 		-0.0142890701
0.564  		0.0318592042 		-0.0067204288
0.576  		0.0321517758 		+0.0066071719
0.588  		0.0340559360 		+0.0199055882
0.6  		0.0364166256 		+0.0283331836
0.612  		0.0352308626 		+0.0342434038
0.624  		0.0279299704 		+0.0405857796
0.636  		0.0187221127 		+0.0434213015
0.648  		0.0099379719 		+0.0413801724
0.66  		0.0037233527 		+0.0351144646
0.672  		-0.0015504620 		+0.0268471987
0.684  		-0.0053738966 		+0.0179515388
0.696  		-0.0061548064 		+0.0099227415
0.708  		-0.0046633674 		+0.0040400537
0.72  		-0.0022778151 		+0.0008386089
0.732  		-0.0002541117 		-0.0003865052
0.744  		0.0009450993 		-0.0005629964
0.756  		0.0013198137 		-0.0003352665
0.768  		0.0011070762 		+0.0000159152
0.78  		0.0006412394 		+0.0002393621
0.792  		0.0001989476 		+0.0002743702
0.804  		-0.0001466583 		+0.0002278849
0.816001  		-0.0003766311 		+0.0003211141
0.828001  		-0.0003065385 		+0.0005813966
0.840001  		0.0001442198 		+0.0006785620
0.852001  		0.0005588642 		+0.0002913687
0.864001  		0.0004356996 		-0.0002551604
0.876001  		-0.0000239497 		-0.0003602512
0.888001  		-0.0002420575 		-0.0000388666
0.900001  		-0.0000481328 		+0.0002472871
0.912001  		0.0002860278 		+0.0002655510
0.924001  		0.0005554611 		+0.0000773237
0.936001  		0.0006748005 		-0.0002096899
0.948001  		0.0005914687 		-0.0005148027
0.960001  		0.0003575480 		-0.0006872706
0.972001  		0.0000811300 		-0.0006997023
0.984001  		-0.0001979698 		-0.0005877501
0.996001  		-0.0004187289 		-0.0003530567
1.008  		-0.0004841279 		-0.0000390390
1.02  		-0.0003644788 		+0.0002035067
1.032  		-0.0001522849 		+0.0003005634
1.044  		0.0000383161 		+0.0002584205
1.056  		0.0001477679 		+0.0001498454
1.068  		0.0001824619 		+0.0000459150
1.08  		0.0001819108 		-0.0000228634
1.092  		0.0001680807 		-0.0000830086
1.104  		0.0001242575 		-0.0001579172
1.116  		-0.0000008769 		-0.0002450599
1.128  		-0.0002251607 		-0.0002696650
1.14  		-0.0004714378 		-0.0001532483
1.152  		-0.0006180227 		+0.0001041993
1.164  		-0.0005902751 		+0.0003973500
1.176  		-0.0003631365 		+0.0006426014
1.188  		0.0000187992 		+0.0007102269
