0  		1.0000000000 		-0.0000000000
0.012  		0.9938481942 		-0.0156428719
0.024  		0.9588465317 		-0.0431315207
0.036  		0.9383225262 		-0.1225984854
0.048  		0.8250595523 		-0.3419238974
0.06  		0.6498173139 		-0.4173807848
0.072  		0.5390604510 		-0.4394565553
0.084  		0.3510889280 		-0.4487210169
0.096  		0.2284884489 		-0.3222651691
0.108  		0.1755883882 		-0.1868694237
0.12  		0.1557688453 		-0.0895326410
0.132  		0.1394802359 		-0.0309753438
0.144  		0.1187369143 		+0.0148851463
0.156  		0.1203694714 		+0.0606121550
0.168  		0.1690020091 		+0.0590794094
0.18  		0.2121699428 		-0.0050703366
0.192  		0.2330945900 		-0.0897203057
0.204  		0.2105997979 		-0.2087175050
0.216  		0.1523280704 		-0.2913903119
0.228  		0.0999477892 		-0.3349131206
0.24  		0.0604728514 		-0.3571614992
0.252  		0.0248361157 		-0.3817569208
0.264  		-0.0432160881 		-0.3774726752
0.276  		-0.0686054742 		-0.3605080047
0.288  		-0.1207073578 		-0.3628478144
0.3  		-0.1653313897 		-0.3299306309
0.312  		-0.1284852672 		-0.3112622343
0.324  		-0.0742093669 		-0.2943930779
0.336  		0.0054009845 		-0.2647756455
0.348  		0.0778383735 		-0.2287603862
0.36  		0.1298609012 		-0.1949357599
0.372  		0.1645395941 		-0.1708325947
0.384  		0.1457180693 		-0.1633935734
0.396  		0.1115906695 		-0.1363626554
0.408  		0.0897070672 		-0.1143141852
0.42  		0.0655453348 		-0.0960969047
0.432  		0.0602400629 		-0.0691027120
0.444  		0.0681217283 		-0.0433883208
0.456  		0.0817360899 		-0.0122601661
0.468  		0.0926654645 		+0.0193405874
0.48  		0.0965073256 		+0.0478812719
0.492  		0.0936938437 		+0.0885244184
0.504  		0.1096158570 		+0.1159260738
0.516  		0.1272710437 		+0.1291565953
0.528  		0.1395627982 		+0.1576993703
0.54  		0.1604197250 		+0.1813668359
0.552  		0.1606296615 		+0.1924565152
0.564  		0.1317551480 		+0.1964461166
0.576  		0.0653456613 		+0.2088695822
0.588  		0.0024376606 		+0.2271780559
0.6  		-0.0237743538 		+0.2366528958
0.612  		-0.0597292058 		+0.2330511455
0.624  		-0.0672807159 		+0.2434685736
0.636  		-0.0296822991 		+0.2391629420
0.648  		-0.0146921390 		+0.2175591831
0.66  		-0.0121561590 		+0.1982224785
0.672  		-0.0239581595 		+0.1755630245
0.684  		-0.0366019355 		+0.1476542383
0.696  		-0.0611144179 		+0.1109320784
0.708  		-0.0902010498 		+0.0761124441
0.72  		-0.1011481438 		+0.0554559257
0.732  		-0.1093431539 		+0.0281458947
0.744  		-0.1244261258 		+0.0059663537
0.756  		-0.1414074467 		+0.0046571741
0.768  		-0.1582858475 		-0.0044763908
0.78  		-0.1725266829 		-0.0278421074
0.792  		-0.1741580541 		-0.0700203281
0.804  		-0.1667923246 		-0.1079629185
0.816001  		-0.1452428359 		-0.1258082489
0.828001  		-0.1141505890 		-0.1484008180
0.840001  		-0.1151785107 		-0.1513653892
0.852001  		-0.1131719351 		-0.1433805104
0.864001  		-0.1053583737 		-0.1467434442
0.876001  		-0.1099330924 		-0.1455355322
0.888001  		-0.0966641679 		-0.1491199141
0.900001  		-0.0650078103 		-0.1521697297
0.912001  		-0.0032410469 		-0.1569121745
0.924001  		0.0734159356 		-0.1562225604
0.936001  		0.1333380381 		-0.1408080032
0.948001  		0.1818365081 		-0.1025977281
0.960001  		0.2010255867 		-0.0824917025
0.972001  		0.1791731677 		-0.0694601106
0.984001  		0.1570014608 		-0.0412446520
0.996001  		0.1410043477 		-0.0275321903
1.008  		0.1231950548 		-0.0178244133
1.02  		0.0936147268 		-0.0150111830
1.032  		0.0579048213 		-0.0060106902
1.044  		0.0313292435 		+0.0009374147
1.056  		0.0115820652 		-0.0063695741
1.068  		-0.0046714438 		-0.0198939390
1.08  		-0.0267481387 		-0.0346641320
1.092  		-0.0576171598 		-0.0318841548
1.104  		-0.0743889090 		-0.0140792936
1.116  		-0.0722846449 		-0.0013509251
1.128  		-0.0651020437 		-0.0089832387
1.14  		-0.0596166396 		-0.0199962480
1.152  		-0.0483679350 		-0.0288396834
1.164  		-0.0300222151 		-0.0454334532
1.176  		-0.0140234712 		-0.0575190322
1.188  		0.0016239011 		-0.0611236481
