0  		1.0000000000 		-0.0000000000
0.012  		0.9955329006 		-0.0090365888
0.024  		0.9823139140 		-0.0185136729
0.036  		0.9485962269 		-0.0350106163
0.048  		0.9160906743 		-0.0178650806
0.06  		0.9076677297 		-0.0205310341
0.072  		0.9181639933 		+0.0020732492
0.084  		0.9111016725 		-0.0876807902
0.096  		0.8717453119 		-0.1386278437
0.108  		0.8285415337 		-0.1247223864
0.12  		0.8091072586 		-0.0120844150
0.132  		0.8038538546 		-0.0081044329
0.144  		0.7787586625 		-0.0687050546
0.156  		0.7268394793 		-0.1603354335
0.168  		0.6923434132 		-0.1216144237
0.18  		0.6699399386 		-0.0512507558
0.192  		0.6388669514 		-0.0330060094
0.204  		0.5964379977 		-0.0303039933
0.216  		0.5488480259 		-0.0119274036
0.228  		0.5031632541 		+0.0189569688
0.24  		0.4643538321 		+0.0209631588
0.252  		0.4315759557 		+0.0078923675
0.264  		0.4140322049 		+0.0089124388
0.276  		0.4081502709 		+0.0725086896
0.288  		0.4228174914 		+0.1387444852
0.3  		0.4550354521 		+0.1720532585
0.312  		0.4904004047 		+0.1549147503
0.324  		0.4999101279 		+0.1091693905
0.336  		0.4864468095 		+0.0805302792
0.348  		0.4746309217 		+0.0644285095
0.36  		0.4720886563 		+0.0333851621
0.372  		0.4690122151 		-0.0032239161
0.384  		0.4610648828 		-0.0196147445
0.396  		0.4554722115 		-0.0424036497
0.408  		0.4515610025 		-0.0716513423
0.42  		0.4391990916 		-0.1367698912
0.432  		0.4080356491 		-0.1905646136
0.444  		0.3629198522 		-0.2365897524
0.456  		0.2905858872 		-0.2857961813
0.468  		0.1936540313 		-0.3179996425
0.48  		0.1094080524 		-0.3052100154
0.492  		0.0475164684 		-0.2691671146
0.504  		0.0140010763 		-0.2354779948
0.516  		0.0024330163 		-0.2149426645
0.528  		-0.0210072081 		-0.1993731577
0.54  		-0.0496701105 		-0.1752858738
0.552  		-0.0852797385 		-0.1384323329
0.564  		-0.1033544611 		-0.1030579239
0.576  		-0.1135268538 		-0.0751098281
0.588  		-0.1206549158 		-0.0429410718
0.6  		-0.1200245192 		+0.0133248032
0.612  		-0.0975358746 		+0.0605179004
0.624  		-0.0665611150 		+0.0885473623
0.636  		-0.0403892474 		+0.0994568651
0.648  		-0.0090146409 		+0.1028733337
0.66  		0.0191184007 		+0.0988766666
0.672  		0.0382477234 		+0.0926076693
0.684  		0.0507717499 		+0.0884407734
0.696  		0.0707790307 		+0.0745471013
0.708  		0.0898669301 		+0.0494076389
0.72  		0.0980718657 		+0.0264030377
0.732  		0.1026345727 		+0.0078178789
0.744  		0.1045397655 		-0.0108411021
0.756  		0.0946563626 		-0.0432216013
0.768  		0.0712982271 		-0.0663000875
0.78  		0.0454717284 		-0.0750809817
0.792  		0.0259511554 		-0.0748795875
0.804  		0.0025141116 		-0.0726213750
0.816001  		-0.0164361654 		-0.0671019263
0.828001  		-0.0338572348 		-0.0569731605
0.840001  		-0.0435091167 		-0.0473139895
0.852001  		-0.0506849079 		-0.0372824167
0.864001  		-0.0571908020 		-0.0252214303
0.876001  		-0.0610186269 		-0.0084605496
0.888001  		-0.0603834660 		+0.0085241372
0.900001  		-0.0545452901 		+0.0284257186
0.912001  		-0.0418825410 		+0.0471766128
0.924001  		-0.0216453816 		+0.0599073644
0.936001  		0.0012864785 		+0.0617229905
0.948001  		0.0166166408 		+0.0565605949
0.960001  		0.0271747204 		+0.0498246984
0.972001  		0.0355813905 		+0.0425850934
0.984001  		0.0417909130 		+0.0323798520
0.996001  		0.0446568189 		+0.0210359500
1.008  		0.0452125877 		+0.0087493987
1.02  		0.0443867843 		+0.0005771495
1.032  		0.0429192164 		-0.0060961847
1.044  		0.0410818855 		-0.0102968572
1.056  		0.0383009107 		-0.0160137490
1.068  		0.0332885046 		-0.0230525480
1.08  		0.0273705987 		-0.0271515024
1.092  		0.0195758013 		-0.0292515291
1.104  		0.0107782078 		-0.0292966012
1.116  		0.0035773672 		-0.0275006975
1.128  		-0.0000780504 		-0.0255378560
1.14  		-0.0030204057 		-0.0232615466
1.152  		-0.0050245768 		-0.0205201045
1.164  		-0.0067481830 		-0.0170108286
1.176  		-0.0064438826 		-0.0141872560
1.188  		-0.0051910039 		-0.0124198198
