0  		1.0000000000 		+0.0000000000
0.012  		0.9979330886 		+0.0424629448
0.024  		0.9911450842 		+0.0197469458
0.036  		0.9837920052 		-0.0563079012
0.048  		0.9792143340 		-0.0027889016
0.06  		0.9747687124 		+0.0480066949
0.072  		0.9631985839 		+0.0885257331
0.084  		0.9556780470 		-0.0076562840
0.096  		0.9404435535 		+0.0206392727
0.108  		0.9230563688 		+0.0351693421
0.12  		0.8981028726 		+0.0898767200
0.132  		0.8775727818 		+0.0129985705
0.144  		0.8542844594 		+0.0151882620
0.156  		0.8250174223 		+0.0635027103
0.168  		0.7890595765 		+0.1193945559
0.18  		0.7670202876 		+0.0720432608
0.192  		0.7501471544 		+0.0543605410
0.204  		0.7296638260 		+0.0844227867
0.216  		0.7034211606 		+0.1279153112
0.228  		0.6845062884 		+0.1036807814
0.24  		0.6704513030 		+0.0697910933
0.252  		0.6437462562 		+0.1030440286
0.264  		0.6134089259 		+0.1317142647
0.276  		0.5869664365 		+0.1345528351
0.288  		0.5673501957 		+0.1199594543
0.3  		0.5284912925 		+0.1622463660
0.312  		0.4902296525 		+0.1771077134
0.324  		0.4493722307 		+0.1895174077
0.336  		0.4216613387 		+0.1687079655
0.348  		0.3729088618 		+0.1920297538
0.36  		0.3287440741 		+0.1968274288
0.372  		0.2757692531 		+0.2097784308
0.384  		0.2421853346 		+0.1926780960
0.396  		0.1911416005 		+0.1956242758
0.408  		0.1527668342 		+0.1837737887
0.42  		0.1108489164 		+0.1756202204
0.432  		0.0835886153 		+0.1571692328
0.444  		0.0509128720 		+0.1428497383
0.456  		0.0127021792 		+0.1272644275
0.468  		-0.0163382190 		+0.1066077723
0.48  		-0.0332653505 		+0.0850543250
0.492  		-0.0409383085 		+0.0677140469
0.504  		-0.0519823060 		+0.0477835223
0.516  		-0.0580875817 		+0.0297858462
0.528  		-0.0610901541 		+0.0120414131
0.54  		-0.0615979155 		+0.0020207886
0.552  		-0.0610156996 		-0.0164759985
0.564  		-0.0589090397 		-0.0312676084
0.576  		-0.0555146731 		-0.0452339181
0.588  		-0.0581364625 		-0.0514965334
0.6  		-0.0538679867 		-0.0652132381
0.612  		-0.0472340065 		-0.0780452384
0.624  		-0.0373014050 		-0.0897610218
0.636  		-0.0392963858 		-0.0941500485
0.648  		-0.0371933970 		-0.0995706125
0.66  		-0.0301207453 		-0.1040156792
0.672  		-0.0263608836 		-0.1045781857
0.684  		-0.0319367741 		-0.1001515128
0.696  		-0.0341197736 		-0.0951621546
0.708  		-0.0306890481 		-0.0899600859
0.72  		-0.0300067697 		-0.0828396493
0.732  		-0.0339418101 		-0.0734946331
0.744  		-0.0413653017 		-0.0618301464
0.756  		-0.0389421177 		-0.0555140399
0.768  		-0.0380088839 		-0.0485422964
0.78  		-0.0365129511 		-0.0426703617
0.792  		-0.0380530540 		-0.0345340501
0.804  		-0.0351845880 		-0.0313250016
0.816001  		-0.0340890500 		-0.0265618906
0.828001  		-0.0317152957 		-0.0240287949
0.840001  		-0.0318026370 		-0.0181544503
0.852001  		-0.0299572286 		-0.0157536785
0.864001  		-0.0283320501 		-0.0134335930
0.876001  		-0.0265819186 		-0.0120934837
0.888001  		-0.0258025511 		-0.0083018747
0.900001  		-0.0245196946 		-0.0059863659
0.912001  		-0.0229351584 		-0.0048645350
0.924001  		-0.0215344218 		-0.0034950448
0.936001  		-0.0202108898 		-0.0009906938
0.948001  		-0.0188307713 		+0.0026072085
0.960001  		-0.0176817271 		+0.0033439125
0.972001  		-0.0165753992 		+0.0043016113
0.984001  		-0.0154036377 		+0.0053191092
0.996001  		-0.0134815913 		+0.0079141034
1.008  		-0.0125345527 		+0.0085013800
1.02  		-0.0115741899 		+0.0092125698
1.032  		-0.0109486038 		+0.0095049693
1.044  		-0.0091659706 		+0.0109786112
1.056  		-0.0087953086 		+0.0111766442
1.068  		-0.0082385796 		+0.0115046809
1.08  		-0.0074387521 		+0.0120223582
1.092  		-0.0051044651 		+0.0133027343
1.104  		-0.0037786569 		+0.0140473440
1.116  		-0.0031190382 		+0.0144871913
1.128  		-0.0028004207 		+0.0148588016
1.14  		-0.0008394049 		+0.0153940687
1.152  		0.0014523845 		+0.0157662652
1.164  		0.0029948127 		+0.0159281060
1.176  		0.0046744155 		+0.0159628821
1.188  		0.0065907773 		+0.0157604889
