0  		1.0000000000 		-0.0000000000
0.012  		0.9940932175 		+0.0597849062
0.024  		0.9344751851 		+0.2661536128
0.036  		0.8457834254 		+0.2147148090
0.048  		0.8602601506 		-0.0888758232
0.06  		0.8594922568 		-0.1464342304
0.072  		0.8395117813 		-0.0445759251
0.084  		0.8237751613 		-0.0724480834
0.096  		0.7900464649 		+0.0703015203
0.108  		0.6751134729 		+0.2408105019
0.12  		0.5672843703 		+0.0458457464
0.132  		0.4831173918 		-0.2166414476
0.144  		0.4178177994 		-0.2918402182
0.156  		0.4021918585 		-0.2943298265
0.168  		0.3710161658 		-0.3612750166
0.18  		0.3933750216 		-0.3540971556
0.192  		0.3617840023 		-0.2822687687
0.204  		0.1697655161 		-0.2718908203
0.216  		0.0437400624 		-0.2148377455
0.228  		-0.0084293426 		-0.1311369264
0.24  		-0.0902846196 		-0.1119965987
0.252  		-0.1540624377 		-0.0932580605
0.264  		-0.1691531102 		-0.0865676915
0.276  		-0.1620522553 		-0.0695208232
0.288  		-0.1496368722 		-0.0222390781
0.3  		-0.1288045423 		-0.0137696940
0.312  		-0.0611870133 		-0.0369949305
0.324  		0.0445795136 		-0.0163014186
0.336  		0.1716881604 		+0.0562803587
0.348  		0.1925200128 		+0.2640752302
0.36  		0.0472672261 		+0.4139739817
0.372  		-0.0416105134 		+0.4302545935
0.384  		-0.2278736830 		+0.3288793997
0.396  		-0.3234367591 		+0.0231175193
0.408  		-0.1596830051 		-0.2122817301
0.42  		0.1427682096 		-0.2712111142
0.432  		0.4192265714 		-0.0508502497
0.444  		0.4559454422 		+0.1747576080
0.456  		0.4297054227 		+0.3194102972
0.468  		0.0980468592 		+0.5398624879
0.48  		-0.3867299026 		+0.3267977155
0.492  		-0.4605851312 		-0.0139960691
0.504  		-0.3136251062 		-0.3378146182
0.516  		0.1139784766 		-0.4678951066
0.528  		0.3734412360 		-0.2570596093
0.54  		0.4189182718 		+0.0341024030
0.552  		0.1902147652 		+0.3343779028
0.564  		-0.1355663107 		+0.2987285555
0.576  		-0.2413129956 		+0.1019585640
0.588  		-0.1805060290 		-0.1062691458
0.6  		0.0165002211 		-0.1653277471
0.612  		0.1207388417 		-0.0590869009
0.624  		0.1047991548 		+0.0708865942
0.636  		-0.0431850058 		+0.1276456093
0.648  		-0.1455476172 		+0.0333115022
0.66  		-0.1294910563 		-0.0943554382
0.672  		0.0283635305 		-0.1607389257
0.684  		0.1483921953 		-0.0682053441
0.696  		0.1596838993 		+0.0418225831
0.708  		0.0888948045 		+0.1482782718
0.72  		-0.0613132379 		+0.1608009063
0.732  		-0.1260889572 		+0.0876551524
0.744  		-0.1298062150 		+0.0283139199
0.756  		-0.0883934846 		-0.0477267847
0.768  		-0.0184518225 		-0.0729215910
0.78  		0.0352443373 		-0.0691442395
0.792  		0.0968318437 		-0.0219547671
0.804  		0.1057123798 		+0.0670327663
0.816001  		0.0857163992 		+0.1108157830
0.828001  		0.0356046221 		+0.1424033296
0.840001  		-0.0495728728 		+0.1093836227
0.852001  		-0.0570919672 		+0.0237302235
0.864001  		0.0017238228 		-0.0250197300
0.876001  		0.0719685125 		-0.0098704216
0.888001  		0.1049515373 		+0.0524002471
0.900001  		0.1174859880 		+0.0851140806
0.912001  		0.0816704355 		+0.1266215654
0.924001  		0.0044335104 		+0.1249430610
0.936001  		-0.0132318202 		+0.0846852535
0.948001  		0.0037375641 		+0.0460619783
0.960001  		0.0291538253 		+0.0403100992
0.972001  		0.0492574929 		+0.0547059559
0.984001  		0.0615376566 		+0.0709259211
0.996001  		0.0396809006 		+0.0909462243
1.008  		0.0109984075 		+0.0828049686
1.02  		0.0140537820 		+0.0620445613
1.032  		0.0208319883 		+0.0427293701
1.044  		0.0212003466 		+0.0327653432
1.056  		0.0295570286 		+0.0196849789
1.068  		0.0368252380 		+0.0022037602
1.08  		0.0358706729 		-0.0033079684
1.092  		0.0316276699 		-0.0075295526
1.104  		0.0250503528 		-0.0134191340
1.116  		0.0202224652 		-0.0148497985
1.128  		0.0145048622 		-0.0179408705
1.14  		-0.0004500618 		-0.0211432556
1.152  		-0.0155197451 		-0.0168737795
1.164  		-0.0202264141 		-0.0133833341
1.176  		-0.0219156165 		-0.0119826213
1.188  		-0.0243205657 		-0.0059080787
