0  		1.0000000000 		-0.0000000000
0.012  		0.9986868690 		-0.0341801207
0.024  		0.9962580505 		+0.0497038758
0.036  		0.9925517589 		+0.0311608603
0.048  		0.9825108718 		-0.0091754576
0.06  		0.9664837841 		+0.0083879421
0.072  		0.9402730853 		-0.1307974552
0.084  		0.8962357470 		-0.2606209192
0.096  		0.8811536389 		-0.2510989618
0.108  		0.8451305437 		-0.2924989333
0.12  		0.8136693880 		-0.3048384986
0.132  		0.8156930588 		-0.2118781014
0.144  		0.7848458841 		-0.2178000704
0.156  		0.7483313879 		-0.2270175305
0.168  		0.7295206618 		-0.1451938674
0.18  		0.6836581808 		-0.1421091178
0.192  		0.6263419560 		-0.1505378332
0.204  		0.5715348654 		-0.1171574150
0.216  		0.4971642580 		-0.1518723420
0.228  		0.4282981943 		-0.1593192597
0.24  		0.3827205672 		-0.1010115213
0.252  		0.3304725134 		-0.0713629308
0.264  		0.2846024774 		-0.0391923238
0.276  		0.2452273458 		+0.0096016222
0.288  		0.2100097162 		+0.0122287109
0.3  		0.1783009811 		+0.0040245338
0.312  		0.1466034005 		+0.0013215566
0.324  		0.1127122230 		-0.0263677775
0.336  		0.0720565180 		-0.0578711549
0.348  		0.0310470681 		-0.0818418761
0.36  		-0.0226923170 		-0.0993734461
0.372  		-0.0748430667 		-0.0990800726
0.384  		-0.1068777520 		-0.0981916093
0.396  		-0.1352885047 		-0.0858883866
0.408  		-0.1526863892 		-0.0708195117
0.42  		-0.1570376201 		-0.0643894201
0.432  		-0.1604947423 		-0.0381611207
0.444  		-0.1546803745 		-0.0113841393
0.456  		-0.1415008058 		-0.0042198422
0.468  		-0.1248929074 		+0.0096289259
0.48  		-0.1057107368 		+0.0184199689
0.492  		-0.0875650662 		+0.0159850508
0.504  		-0.0694729867 		+0.0176777467
0.516  		-0.0546025831 		+0.0141850269
0.528  		-0.0437807217 		+0.0032417085
0.54  		-0.0346291075 		-0.0051314302
0.552  		-0.0278554041 		-0.0131981113
0.564  		-0.0220454605 		-0.0221061675
0.576  		-0.0200488224 		-0.0279727902
0.588  		-0.0207289468 		-0.0325352356
0.6  		-0.0201828465 		-0.0374529165
0.612  		-0.0229417291 		-0.0394086983
0.624  		-0.0271204353 		-0.0388863492
0.636  		-0.0308850068 		-0.0367150082
0.648  		-0.0377880306 		-0.0287621691
0.66  		-0.0429815855 		-0.0169981801
0.672  		-0.0436822724 		-0.0067028366
0.684  		-0.0408805065 		+0.0059969592
0.696  		-0.0336165731 		+0.0171910872
0.708  		-0.0238165872 		+0.0239653434
0.72  		-0.0106070214 		+0.0276597349
0.732  		0.0017999149 		+0.0254624865
0.744  		0.0091345611 		+0.0196785148
0.756  		0.0136885809 		+0.0121777069
0.768  		0.0151131426 		+0.0044712597
0.78  		0.0142997198 		-0.0020870851
0.792  		0.0119084157 		-0.0085156328
0.804  		0.0086559998 		-0.0137301783
0.816001  		0.0065565327 		-0.0178312046
0.828001  		0.0045608656 		-0.0224129512
0.840001  		0.0025066442 		-0.0279549916
0.852001  		0.0004438264 		-0.0347907882
0.864001  		-0.0051999450 		-0.0426946008
0.876001  		-0.0137978139 		-0.0506482459
0.888001  		-0.0217268375 		-0.0589428174
0.900001  		-0.0324422098 		-0.0657344156
0.912001  		-0.0448468557 		-0.0703543528
0.924001  		-0.0578319871 		-0.0725014643
0.936001  		-0.0749610357 		-0.0674925726
0.948001  		-0.0921747485 		-0.0557073008
0.960001  		-0.1041119208 		-0.0437785212
0.972001  		-0.1126809916 		-0.0286879063
0.984001  		-0.1175969126 		-0.0099544534
0.996001  		-0.1181598472 		+0.0091277215
1.008  		-0.1137544955 		+0.0314799897
1.02  		-0.1047219426 		+0.0523783715
1.032  		-0.0967499730 		+0.0635111103
1.044  		-0.0904324676 		+0.0691444155
1.056  		-0.0832744441 		+0.0743083033
1.068  		-0.0758714718 		+0.0785259854
1.08  		-0.0673260954 		+0.0826819655
1.092  		-0.0572833655 		+0.0868509488
1.104  		-0.0494388996 		+0.0882919735
1.116  		-0.0427987532 		+0.0879352723
1.128  		-0.0349693611 		+0.0870871402
1.14  		-0.0264473320 		+0.0853496451
1.152  		-0.0174879853 		+0.0826437282
1.164  		-0.0090946921 		+0.0790482999
1.176  		-0.0051013713 		+0.0744964114
1.188  		-0.0050811468 		+0.0695270208
