0  		1.0000000000 		+0.0000000000
0.012  		0.9950878098 		-0.0249875354
0.024  		0.9754310556 		-0.0292884952
0.036  		0.9369158665 		+0.1223225295
0.048  		0.9054684316 		+0.2124479297
0.06  		0.9002220343 		+0.1084030314
0.072  		0.8788688477 		+0.0606032373
0.084  		0.8523631887 		+0.0473680348
0.096  		0.7873632508 		+0.1195574682
0.108  		0.6917885691 		+0.2552032824
0.12  		0.5732180182 		+0.3340860518
0.132  		0.5347864776 		+0.2968611863
0.144  		0.4037056556 		+0.3114564049
0.156  		0.3485178212 		+0.3204615697
0.168  		0.2617038686 		+0.2780153106
0.18  		0.2226655200 		+0.2838057702
0.192  		0.2080966315 		+0.2230080909
0.204  		0.2039399766 		+0.2242654802
0.216  		0.1547276064 		+0.2177816262
0.228  		0.1001438396 		+0.2445579124
0.24  		0.0903854702 		+0.2178339449
0.252  		0.0404624594 		+0.2157963845
0.264  		0.0697124366 		+0.1928692895
0.276  		0.0287515549 		+0.1763755409
0.288  		0.0100087853 		+0.1777741317
0.3  		-0.0180371587 		+0.1508946917
0.312  		-0.0115941440 		+0.1598523090
0.324  		-0.0237554602 		+0.1311444000
0.336  		-0.0301378388 		+0.1383183871
0.348  		-0.0464797570 		+0.1024341634
0.36  		-0.0793400126 		+0.0808422226
0.372  		-0.0651572175 		+0.0580498013
0.384  		-0.0642332496 		+0.0412071295
0.396  		-0.0439486826 		+0.0261182741
0.408  		-0.0288922519 		+0.0105871562
0.42  		-0.0062882150 		+0.0072225845
0.432  		0.0088769952 		+0.0196654733
0.444  		0.0210403163 		+0.0391279990
0.456  		0.0129047395 		+0.0627452326
0.468  		-0.0086488089 		+0.0819813584
0.48  		-0.0423086726 		+0.0807794631
0.492  		-0.0756102546 		+0.0605798443
0.504  		-0.0927651827 		+0.0277230494
0.516  		-0.0950031461 		+0.0071734655
0.528  		-0.0849421979 		-0.0261939202
0.54  		-0.0584924619 		-0.0544506391
0.552  		-0.0293698295 		-0.0624080592
0.564  		0.0007745174 		-0.0562417410
0.576  		0.0166750579 		-0.0437385161
0.588  		0.0215106520 		-0.0283704153
0.6  		0.0242660284 		-0.0134752042
0.612  		0.0194719867 		-0.0045139308
0.624  		0.0149343605 		-0.0019029113
0.636  		0.0107709522 		-0.0012695528
0.648  		0.0085449774 		-0.0017197113
0.66  		0.0065792368 		-0.0017995931
0.672  		0.0061494626 		-0.0007642636
0.684  		0.0055888838 		-0.0006354303
0.696  		0.0057984016 		-0.0005539648
0.708  		0.0056399305 		-0.0000196169
0.72  		0.0059727936 		+0.0017046359
0.732  		0.0051757400 		+0.0038642425
0.744  		0.0023555713 		+0.0077314328
0.756  		-0.0005767388 		+0.0105497208
0.768  		-0.0064100666 		+0.0140484599
0.78  		-0.0133280370 		+0.0169606223
0.792  		-0.0253719263 		+0.0151631596
0.804  		-0.0370844649 		+0.0098676030
0.816001  		-0.0472230958 		-0.0080673747
0.828001  		-0.0609371932 		-0.0134279291
0.840001  		-0.0666821213 		-0.0250509113
0.852001  		-0.0775038976 		-0.0430099751
0.864001  		-0.0785832281 		-0.0536272304
0.876001  		-0.0798063801 		-0.0770456726
0.888001  		-0.0723725803 		-0.0939533654
0.900001  		-0.0696226571 		-0.1128477158
0.912001  		-0.0600283960 		-0.1236248623
0.924001  		-0.0216636288 		-0.1349791173
0.936001  		-0.0188224110 		-0.1334065224
0.948001  		0.0103375245 		-0.1156224766
0.960001  		0.0164511330 		-0.1124320131
0.972001  		0.0257477185 		-0.0841913959
0.984001  		0.0417741035 		-0.0704324941
0.996001  		0.0443255763 		-0.0389645490
1.008  		0.0532229239 		-0.0250876023
1.02  		0.0485303847 		-0.0066783830
1.032  		0.0593071171 		+0.0123450820
1.044  		0.0581362126 		+0.0214239128
1.056  		0.0586692690 		+0.0550722466
1.068  		0.0599225566 		+0.0629114548
1.08  		0.0655708833 		+0.0865055816
1.092  		0.0691782527 		+0.0934436537
1.104  		0.0457357342 		+0.1238923517
1.116  		0.0334076020 		+0.1274630474
1.128  		-0.0212634279 		+0.1314514288
1.14  		-0.0386242661 		+0.1235014863
1.152  		-0.0539247251 		+0.1090784831
1.164  		-0.0550201209 		+0.0917208764
1.176  		-0.0566389278 		+0.0720609422
1.188  		-0.0460445863 		+0.0531186295
