0  		1.0000000000 		-0.0000000000
0.012  		0.9966160200 		+0.0143632582
0.024  		0.9828138123 		+0.0664919700
0.036  		0.9291217250 		+0.1945633081
0.048  		0.8354213819 		+0.3132499891
0.06  		0.7101259537 		+0.3698057703
0.072  		0.6103187941 		+0.3064229135
0.084  		0.5896532360 		+0.1458206559
0.096  		0.6525391722 		-0.0227865396
0.108  		0.7585323724 		-0.0752008982
0.12  		0.8335399629 		+0.0286501755
0.132  		0.8147820833 		+0.2202624097
0.144  		0.6659971401 		+0.4684706784
0.156  		0.4522774211 		+0.6023270928
0.168  		0.2814891907 		+0.5744737473
0.18  		0.1890108378 		+0.4362658607
0.192  		0.2155836587 		+0.2555966794
0.204  		0.3041315447 		+0.1301456187
0.216  		0.3890531282 		+0.1066941927
0.228  		0.4231191077 		+0.1510834407
0.24  		0.4081593194 		+0.2050171211
0.252  		0.3761207857 		+0.2415729314
0.264  		0.3575603587 		+0.2420215748
0.276  		0.3619850362 		+0.2036919626
0.288  		0.3696812336 		+0.1621966037
0.3  		0.3788059933 		+0.1266809698
0.312  		0.3811067801 		+0.1127328062
0.324  		0.3771880937 		+0.1108015443
0.336  		0.3679733043 		+0.1048788845
0.348  		0.3485579441 		+0.0975243635
0.36  		0.3327146733 		+0.0639162515
0.372  		0.3343435678 		+0.0153678430
0.384  		0.3550890703 		-0.0202667410
0.396  		0.3787570888 		-0.0094138006
0.408  		0.3814005050 		+0.0376857457
0.42  		0.3564695956 		+0.1041711826
0.432  		0.3003539892 		+0.1781830748
0.444  		0.2293580520 		+0.2059060666
0.456  		0.1528990554 		+0.1807302903
0.468  		0.1079425769 		+0.1030798842
0.48  		0.1196560919 		+0.0060813209
0.492  		0.1669005963 		-0.0595870320
0.504  		0.2199175525 		-0.0719200335
0.516  		0.2554095921 		-0.0340658812
0.528  		0.2631959327 		+0.0302619908
0.54  		0.2461661082 		+0.0909210049
0.552  		0.2244959384 		+0.1170909408
0.564  		0.2119428637 		+0.1106553959
0.576  		0.2095363490 		+0.0885636598
0.588  		0.2119089677 		+0.0618091668
0.6  		0.2104731259 		+0.0534005434
0.612  		0.2068145266 		+0.0512073084
0.624  		0.2007534415 		+0.0513847054
0.636  		0.1919483623 		+0.0516999354
0.648  		0.1874241603 		+0.0429293163
0.66  		0.1890302748 		+0.0345214887
0.672  		0.1933205617 		+0.0345278173
0.684  		0.1897965173 		+0.0528880807
0.696  		0.1728628034 		+0.0801020621
0.708  		0.1360895126 		+0.1156936508
0.72  		0.0846185739 		+0.1345830765
0.732  		0.0441360692 		+0.1179359680
0.744  		0.0246165613 		+0.0765553286
0.756  		0.0373675991 		+0.0299746084
0.768  		0.0669566748 		-0.0001068665
0.78  		0.0943861521 		-0.0001553738
0.792  		0.1035713089 		+0.0246909312
0.804  		0.0884375991 		+0.0584796299
0.816001  		0.0576480157 		+0.0810999855
0.828001  		0.0288116190 		+0.0853785897
0.840001  		0.0129917320 		+0.0769220907
0.852001  		0.0069356548 		+0.0654693496
0.864001  		0.0065493897 		+0.0562237524
0.876001  		0.0033272113 		+0.0500024229
0.888001  		-0.0044780183 		+0.0440786688
0.900001  		-0.0107261943 		+0.0366460145
0.912001  		-0.0152682732 		+0.0278398009
0.924001  		-0.0158816146 		+0.0200256102
0.936001  		-0.0143106165 		+0.0143870235
0.948001  		-0.0130489945 		+0.0092933679
0.960001  		-0.0116505961 		+0.0044019421
0.972001  		-0.0093501260 		+0.0000150542
0.984001  		-0.0061189661 		-0.0029108181
0.996001  		-0.0025965205 		-0.0039408110
1.008  		-0.0001841927 		-0.0030484534
1.02  		0.0006618644 		-0.0016154005
1.032  		0.0004981723 		-0.0007765834
1.044  		0.0003337674 		-0.0008369812
1.056  		0.0008576577 		-0.0010657422
1.068  		0.0017720970 		-0.0006395250
1.08  		0.0022540426 		+0.0005594874
1.092  		0.0018758329 		+0.0019184185
1.104  		0.0009553265 		+0.0028265517
1.116  		0.0001524244 		+0.0031323383
1.128  		-0.0000992135 		+0.0030917510
1.14  		0.0001330135 		+0.0030095206
1.152  		0.0007513002 		+0.0031060077
1.164  		0.0013186550 		+0.0034460843
1.176  		0.0017706954 		+0.0039765713
1.188  		0.0022287786 		+0.0045492721
