0  		1.0000000000 		+0.0000000000
0.012  		0.9962504471 		+0.0214365497
0.024  		0.9747990837 		+0.1049073372
0.036  		0.9203390216 		+0.2016856203
0.048  		0.8088976166 		+0.3325892951
0.06  		0.5966430135 		+0.5003762805
0.072  		0.2930385630 		+0.5955244882
0.084  		-0.0455076277 		+0.5440806201
0.096  		-0.2509574920 		+0.3656754925
0.108  		-0.3482461670 		+0.1252227224
0.12  		-0.3138168377 		-0.0851963694
0.132  		-0.2220192370 		-0.1870342863
0.144  		-0.1084460514 		-0.2273346572
0.156  		-0.0128609165 		-0.2168672152
0.168  		0.0809405816 		-0.1942373910
0.18  		0.1804017150 		-0.1691644929
0.192  		0.2763867538 		-0.1416239387
0.204  		0.3531658036 		-0.1173897048
0.216  		0.3876380769 		-0.1601552350
0.228  		0.4124899944 		-0.1872360288
0.24  		0.4346355760 		-0.1814402781
0.252  		0.4441526805 		-0.1739481878
0.264  		0.4499522782 		-0.1526158284
0.276  		0.4497594449 		-0.1389958289
0.288  		0.4466823551 		-0.1463117229
0.3  		0.4552572140 		-0.1078970540
0.312  		0.4580852773 		-0.0332259296
0.324  		0.4303937226 		+0.0702296563
0.336  		0.3632758856 		+0.1544160303
0.348  		0.2701918917 		+0.2111921744
0.36  		0.1253881977 		+0.2589650739
0.372  		-0.0138906134 		+0.2414243540
0.384  		-0.1138769302 		+0.1770077833
0.396  		-0.1676618787 		+0.0844261668
0.408  		-0.1643067619 		-0.0048698726
0.42  		-0.1081188429 		-0.0774451262
0.432  		-0.0302534419 		-0.0935359877
0.444  		0.0454277941 		-0.0696494527
0.456  		0.0975031291 		-0.0262083176
0.468  		0.1280156198 		+0.0048300730
0.48  		0.1476485401 		+0.0288290410
0.492  		0.1615790928 		+0.0409842493
0.504  		0.1751601471 		+0.0426637172
0.516  		0.1866154303 		+0.0451853884
0.528  		0.1898807835 		+0.0628573413
0.54  		0.1828049804 		+0.0882376027
0.552  		0.1682979448 		+0.1094540888
0.564  		0.1447634664 		+0.1337853454
0.576  		0.1083761509 		+0.1600845858
0.588  		0.0777267383 		+0.1694243292
0.6  		0.0467815259 		+0.1668331031
0.612  		0.0030261162 		+0.1497758740
0.624  		-0.0242488842 		+0.1173663794
0.636  		-0.0410876687 		+0.0808232843
0.648  		-0.0442068090 		+0.0505880049
0.66  		-0.0429317697 		+0.0274839296
0.672  		-0.0385235792 		+0.0099080178
0.684  		-0.0307718641 		-0.0012775301
0.696  		-0.0187746503 		-0.0113421094
0.708  		-0.0044372659 		-0.0122409552
0.72  		0.0078471795 		-0.0048980837
0.732  		0.0145523072 		+0.0084666183
0.744  		0.0144517726 		+0.0235956859
0.756  		0.0089152913 		+0.0371243809
0.768  		0.0040357549 		+0.0466482252
0.78  		-0.0021712472 		+0.0518838455
0.792  		-0.0097658211 		+0.0515957322
0.804  		-0.0101843264 		+0.0482819715
0.816001  		-0.0077830183 		+0.0436083193
0.828001  		-0.0047329214 		+0.0386189336
0.840001  		0.0008199364 		+0.0339463597
0.852001  		0.0033039753 		+0.0295605852
0.864001  		0.0015383948 		+0.0257080346
0.876001  		-0.0019699239 		+0.0215976770
0.888001  		-0.0060269388 		+0.0168881889
0.900001  		-0.0085904528 		+0.0122722799
0.912001  		-0.0112952429 		+0.0068582284
0.924001  		-0.0124749101 		+0.0023236684
0.936001  		-0.0130073118 		-0.0021802351
0.948001  		-0.0114248383 		-0.0080267275
0.960001  		-0.0071520237 		-0.0117256031
0.972001  		-0.0014368866 		-0.0112546600
0.984001  		0.0019027299 		-0.0060532595
0.996001  		0.0016474233 		+0.0019027676
1.008  		-0.0028056845 		+0.0104958032
1.02  		-0.0112611019 		+0.0176699654
1.032  		-0.0247577609 		+0.0184967659
1.044  		-0.0368793740 		+0.0114183228
1.056  		-0.0428041571 		+0.0007766232
1.068  		-0.0418978280 		-0.0110987202
1.08  		-0.0366061813 		-0.0196092923
1.092  		-0.0324823390 		-0.0218433303
1.104  		-0.0314425482 		-0.0211215094
1.116  		-0.0329468493 		-0.0200032769
1.128  		-0.0343378999 		-0.0219247372
1.14  		-0.0362350483 		-0.0253124077
1.152  		-0.0368869394 		-0.0305290461
1.164  		-0.0320130179 		-0.0385805485
1.176  		-0.0254507475 		-0.0429479491
1.188  		-0.0114352318 		-0.0458806876
