0  		1.0000000000 		+0.0000000000
0.012  		0.9843333172 		-0.0089359283
0.024  		0.9775239813 		+0.0510949725
0.036  		0.9207617903 		-0.0504902273
0.048  		0.8483481819 		-0.0035086127
0.06  		0.9224703302 		-0.1216664629
0.072  		0.7068055131 		-0.0055230294
0.084  		0.8806246330 		+0.0846487827
0.096  		0.7250845368 		+0.0356798617
0.108  		0.7535393814 		+0.1889146965
0.12  		0.7583754367 		+0.1461586276
0.132  		0.7155951904 		+0.1661562726
0.144  		0.7297965490 		+0.1415858515
0.156  		0.6780799157 		+0.1358395692
0.168  		0.6657423007 		+0.1474858963
0.18  		0.5907882886 		+0.0851229664
0.192  		0.5364229130 		+0.1230604020
0.204  		0.5295130304 		+0.0478298696
0.216  		0.4086480005 		+0.0586738578
0.228  		0.4556217493 		+0.0361336634
0.24  		0.3810264579 		-0.0066702084
0.252  		0.3626884628 		+0.0229103579
0.264  		0.3644725967 		-0.0029121961
0.276  		0.3089177778 		-0.0155756121
0.288  		0.2991364082 		+0.0053908536
0.3  		0.2613114843 		-0.0111932586
0.312  		0.2261779575 		+0.0163915611
0.324  		0.1891109780 		-0.0087843409
0.336  		0.1504699735 		+0.0227733035
0.348  		0.1300888422 		+0.0036717493
0.36  		0.0847755215 		+0.0131038129
0.372  		0.0806714269 		+0.0096736431
0.384  		0.0503373098 		+0.0084038205
0.396  		0.0397638510 		+0.0081006815
0.408  		0.0276524663 		+0.0039086331
0.42  		0.0170417660 		-0.0008514637
0.432  		0.0100167733 		-0.0021128134
0.444  		0.0034181772 		-0.0051272201
0.456  		-0.0004282040 		-0.0046034128
0.468  		-0.0046317229 		-0.0029638259
0.48  		-0.0058421623 		-0.0013921724
0.492  		-0.0086261106 		+0.0038883827
0.504  		-0.0083264216 		+0.0043203888
0.516  		-0.0122108319 		+0.0121807206
0.528  		-0.0097438483 		+0.0120656180
0.54  		-0.0130178368 		+0.0205157664
0.552  		-0.0112951467 		+0.0233208650
0.564  		-0.0123884475 		+0.0299740368
0.576  		-0.0162348397 		+0.0319130101
0.588  		-0.0116484961 		+0.0438648285
0.6  		-0.0160797432 		+0.0406794212
0.612  		-0.0077308915 		+0.0548775292
0.624  		-0.0110687181 		+0.0485650575
0.636  		0.0021538220 		+0.0621198597
0.648  		-0.0071189724 		+0.0487112710
0.66  		-0.0058852423 		+0.0663646798
0.672  		-0.0067294560 		+0.0483982382
0.684  		-0.0125699343 		+0.0600217950
0.696  		-0.0132853961 		+0.0515209984
0.708  		-0.0159017522 		+0.0504564083
0.72  		-0.0187019857 		+0.0449311711
0.732  		-0.0176209999 		+0.0409711124
0.744  		-0.0208927832 		+0.0256248763
0.756  		-0.0194710948 		+0.0147499979
0.768  		-0.0157982767 		-0.0035358074
0.78  		-0.0121589427 		-0.0204605977
0.792  		-0.0004803316 		-0.0345325837
0.804  		0.0061603392 		-0.0541339838
0.816001  		0.0120671142 		-0.0575137264
0.828001  		0.0305320923 		-0.0653315861
0.840001  		0.0343692606 		-0.0766456694
0.852001  		0.0409003955 		-0.0617634879
0.864001  		0.0614319884 		-0.0730348108
0.876001  		0.0563824541 		-0.0587009392
0.888001  		0.0750319209 		-0.0503828736
0.900001  		0.0699468107 		-0.0431465110
0.912001  		0.0776824827 		-0.0282897182
0.924001  		0.0706561951 		-0.0155302672
0.936001  		0.0676627679 		-0.0046562180
0.948001  		0.0590289854 		+0.0073201269
0.960001  		0.0501384450 		+0.0092621222
0.972001  		0.0348665926 		+0.0212831402
0.984001  		0.0340411003 		+0.0177926562
0.996001  		0.0157371607 		+0.0166693271
1.008  		0.0147151678 		+0.0178674022
1.02  		0.0059164632 		+0.0108460464
1.032  		0.0037029774 		+0.0090849397
1.044  		0.0005175535 		+0.0047952111
1.056  		-0.0006534632 		+0.0021845245
1.068  		-0.0007404562 		-0.0003395040
1.08  		-0.0002192095 		-0.0018233181
1.092  		0.0009737634 		-0.0022857448
1.104  		0.0013655195 		-0.0022065950
1.116  		0.0022849568 		-0.0012551025
1.128  		0.0021537291 		-0.0013170862
1.14  		0.0019030125 		+0.0002015015
1.152  		0.0020981194 		+0.0002364659
1.164  		0.0012783956 		+0.0007602159
1.176  		0.0011932859 		+0.0008394778
1.188  		0.0007053167 		+0.0009289446
