0  		1.0000000000 		+0.0000000000
0.012  		0.9969781240 		+0.0182725038
0.024  		0.9734019459 		+0.0854411414
0.036  		0.8866681299 		+0.3263945466
0.048  		0.7120200145 		+0.5826581147
0.06  		0.5208727835 		+0.6989059768
0.072  		0.3167758041 		+0.6454061543
0.084  		0.1374481152 		+0.4117312069
0.096  		-0.0419151467 		+0.0909504036
0.108  		-0.0543474776 		-0.2553087126
0.12  		0.1150198779 		-0.5062736596
0.132  		0.3538345985 		-0.5927534820
0.144  		0.5338653288 		-0.5348550542
0.156  		0.6571269255 		-0.3588779305
0.168  		0.7070427621 		-0.1663674216
0.18  		0.6806180807 		-0.1272435507
0.192  		0.6063880598 		-0.2148630497
0.204  		0.4920620157 		-0.3144068491
0.216  		0.3681736885 		-0.3335230979
0.228  		0.2774764551 		-0.2356457767
0.24  		0.1826225373 		-0.0842402248
0.252  		0.0575638456 		+0.0776419243
0.264  		-0.0894031659 		+0.1947246160
0.276  		-0.1726800031 		+0.2089089798
0.288  		-0.1193798480 		+0.1014378190
0.3  		0.0432635565 		-0.0881741445
0.312  		0.1950756568 		-0.3035057777
0.324  		0.2870157470 		-0.4522469947
0.336  		0.3399425784 		-0.4809695326
0.348  		0.3829262375 		-0.4072317686
0.36  		0.4048944173 		-0.2983979788
0.372  		0.3877178775 		-0.1966392897
0.384  		0.3491858130 		-0.0759903212
0.396  		0.3033228766 		+0.0252107382
0.408  		0.2737059209 		+0.1314574938
0.42  		0.2404784921 		+0.2356291503
0.432  		0.1783274640 		+0.3294238563
0.444  		0.0566013042 		+0.4068536346
0.456  		-0.0674952263 		+0.4192997356
0.468  		-0.1306284127 		+0.3442118588
0.48  		-0.1125559799 		+0.1907635253
0.492  		-0.0000122530 		+0.0279105665
0.504  		0.1609715833 		-0.0756723625
0.516  		0.3033083472 		-0.1003758046
0.528  		0.3784560834 		-0.0695593517
0.54  		0.3858052321 		+0.0321359812
0.552  		0.3483817799 		+0.1171732766
0.564  		0.3176051482 		+0.1487261813
0.576  		0.3080208141 		+0.1281337250
0.588  		0.3051540395 		+0.0732176305
0.6  		0.2920504914 		+0.0502417676
0.612  		0.2752751465 		+0.0639198423
0.624  		0.2493310920 		+0.0993420604
0.636  		0.2109166385 		+0.1513437176
0.648  		0.1605898697 		+0.1997854566
0.66  		0.1023238862 		+0.2140571168
0.672  		0.0556268183 		+0.1692803383
0.684  		0.0488552058 		+0.0642255456
0.696  		0.0416299918 		-0.0595019410
0.708  		0.0319410482 		-0.1522159812
0.72  		0.0397340216 		-0.1775396259
0.732  		0.0646200205 		-0.1350220578
0.744  		0.0767166271 		-0.0587462882
0.756  		0.0738271683 		+0.0290543119
0.768  		0.0629631223 		+0.1086722458
0.78  		0.0812673378 		+0.1557953108
0.792  		0.1243508741 		+0.1628663706
0.804  		0.1597964787 		+0.1485917213
0.816001  		0.1686063751 		+0.1386599596
0.828001  		0.1484729496 		+0.1497700612
0.840001  		0.1302379867 		+0.1523007258
0.852001  		0.1102329314 		+0.1392035955
0.864001  		0.0790661956 		+0.1010730533
0.876001  		0.0473709998 		+0.0433335063
0.888001  		0.0259971019 		+0.0003388340
0.900001  		0.0263708350 		-0.0113706426
0.912001  		0.0434150869 		+0.0040737288
0.924001  		0.0591228592 		+0.0310301379
0.936001  		0.0619280562 		+0.0538441211
0.948001  		0.0602105297 		+0.0650601758
0.960001  		0.0616166107 		+0.0640462099
0.972001  		0.0668162541 		+0.0488037151
0.984001  		0.0683429288 		+0.0310536696
0.996001  		0.0708245644 		+0.0129315042
1.008  		0.0725338576 		+0.0034520573
1.02  		0.0727603892 		+0.0083192388
1.032  		0.0689234669 		+0.0244341268
1.044  		0.0582973775 		+0.0435060637
1.056  		0.0462431837 		+0.0504027212
1.068  		0.0393486751 		+0.0382450278
1.08  		0.0357834073 		+0.0121073568
1.092  		0.0342820230 		-0.0158685658
1.104  		0.0368069704 		-0.0330209316
1.116  		0.0412077290 		-0.0351458750
1.128  		0.0435945092 		-0.0270519523
1.14  		0.0448296988 		-0.0125379916
1.152  		0.0422027052 		-0.0010777882
1.164  		0.0370179127 		+0.0039448478
1.176  		0.0319470069 		+0.0020430905
1.188  		0.0289430177 		-0.0050148252
