0  		1.0000000000 		+0.0000000000
0.012  		0.9868967264 		-0.1113246634
0.024  		0.8743088574 		-0.4425245727
0.036  		0.6600458734 		-0.5668666318
0.048  		0.4270129387 		-0.1256429444
0.06  		0.4684709484 		+0.4991613116
0.072  		0.7444481543 		+0.5254358064
0.084  		0.8748339196 		+0.0994425597
0.096  		0.8261655123 		-0.2005187821
0.108  		0.7651290985 		-0.2628326624
0.12  		0.6214816287 		-0.4438979302
0.132  		0.3346405447 		-0.6184826952
0.144  		0.2172077242 		-0.4508748925
0.156  		0.3902216971 		-0.0921614149
0.168  		0.5715252011 		+0.0681546025
0.18  		0.5734684554 		-0.0781738754
0.192  		0.5263997489 		-0.1675679678
0.204  		0.5122660970 		-0.0746491301
0.216  		0.5257360959 		+0.0147680195
0.228  		0.5201066730 		-0.0917459430
0.24  		0.4730112065 		-0.1508196133
0.252  		0.4091279783 		+0.0470567299
0.264  		0.3812187375 		+0.2890514273
0.276  		0.4322954888 		+0.2922121437
0.288  		0.4827323876 		+0.1272600307
0.3  		0.3980202634 		+0.1392183440
0.312  		0.2725259099 		+0.2580782302
0.324  		0.2529941342 		+0.2847247928
0.336  		0.2987721527 		+0.1724953829
0.348  		0.2605619977 		+0.1322711046
0.36  		0.1842857063 		+0.1824159436
0.372  		0.1635927134 		+0.1939859964
0.384  		0.1933319806 		+0.1340018755
0.396  		0.1701880031 		+0.1017039588
0.408  		0.0456476574 		+0.1302415600
0.42  		-0.0658157871 		+0.1594457565
0.432  		-0.0777657585 		+0.1806348762
0.444  		-0.0480143851 		+0.1938585903
0.456  		-0.0790065957 		+0.1812269587
0.468  		-0.1087536151 		+0.1673855759
0.48  		-0.0577577657 		+0.1885112435
0.492  		0.0257885538 		+0.1862545278
0.504  		0.0115858264 		+0.1174727728
0.516  		-0.0932850799 		+0.0550385478
0.528  		-0.1428397679 		+0.0737060096
0.54  		-0.0910024200 		+0.1265418183
0.552  		-0.0248017231 		+0.1411640887
0.564  		-0.0021714729 		+0.1283615782
0.576  		0.0383940440 		+0.1059541702
0.588  		0.0817350850 		+0.0556371220
0.6  		0.0672948166 		+0.0157889806
0.612  		0.0146533769 		+0.0264670452
0.624  		-0.0138139824 		+0.0518123047
0.636  		0.0025835737 		+0.0568487141
0.648  		0.0244623784 		+0.0454278336
0.66  		0.0280541914 		+0.0400535085
0.672  		0.0240355934 		+0.0412235305
0.684  		0.0344065881 		+0.0326762527
0.696  		0.0423448667 		+0.0171232235
0.708  		0.0246191794 		+0.0155059329
0.72  		-0.0033645726 		+0.0337920211
0.732  		-0.0068104172 		+0.0498734340
0.744  		0.0140613998 		+0.0486179907
0.756  		0.0241554064 		+0.0429069204
0.768  		0.0194474940 		+0.0424837959
0.78  		0.0178709796 		+0.0413432571
0.792  		0.0276638983 		+0.0314672134
0.804  		0.0247979788 		+0.0228549700
0.816001  		0.0062755815 		+0.0245748825
0.828001  		-0.0055756271 		+0.0310613389
0.840001  		0.0008433594 		+0.0307764252
0.852001  		0.0080565773 		+0.0253840846
0.864001  		0.0011434095 		+0.0208228280
0.876001  		-0.0081354653 		+0.0157765042
0.888001  		-0.0102714498 		+0.0114077698
0.900001  		-0.0088281239 		+0.0092316542
0.912001  		-0.0095965937 		+0.0040051833
0.924001  		-0.0104760773 		-0.0025493296
0.936001  		-0.0111078671 		-0.0051278669
0.948001  		-0.0125076679 		-0.0027429630
0.960001  		-0.0112814687 		-0.0025880166
0.972001  		-0.0070781022 		-0.0071574184
0.984001  		-0.0058882715 		-0.0106226445
0.996001  		-0.0086140918 		-0.0089811315
1.008  		-0.0101163797 		-0.0059343170
1.02  		-0.0087473188 		-0.0062249121
1.032  		-0.0086445805 		-0.0057013267
1.044  		-0.0095138203 		-0.0016830647
1.056  		-0.0082065655 		+0.0016151351
1.068  		-0.0049272877 		-0.0007379302
1.08  		-0.0027132704 		-0.0052080072
1.092  		-0.0029256792 		-0.0064212021
1.104  		-0.0038773360 		-0.0052756711
1.116  		-0.0036280423 		-0.0044787347
1.128  		-0.0023864606 		-0.0041569255
1.14  		-0.0020653694 		-0.0030483400
1.152  		-0.0015875792 		-0.0021481832
1.164  		-0.0001001968 		-0.0016192150
1.176  		0.0014802805 		+0.0002556162
1.188  		0.0028867668 		+0.0028370323
