0  		1.0000000000 		+0.0000000000
0.012  		0.9815811919 		-0.0030485444
0.024  		0.9719409715 		-0.0540077178
0.036  		0.8861434675 		+0.0625266580
0.048  		0.9284533400 		-0.0696619012
0.06  		0.7865260690 		+0.0141200861
0.072  		0.8207155079 		-0.1661466979
0.084  		0.7328684628 		+0.1103423937
0.096  		0.6948711196 		-0.1133684473
0.108  		0.7437429987 		+0.1767746992
0.12  		0.5711591741 		-0.1993948727
0.132  		0.7682433444 		+0.0181647610
0.144  		0.4938492700 		-0.2159791898
0.156  		0.7294358059 		-0.0549568676
0.168  		0.5293402251 		-0.1761112383
0.18  		0.6533367465 		-0.0927330467
0.192  		0.5871190880 		-0.1440096635
0.204  		0.5895224457 		-0.0853067155
0.216  		0.5990643482 		-0.0705995528
0.228  		0.5556547920 		-0.0936551015
0.24  		0.5631870188 		-0.0330709971
0.252  		0.5213904452 		-0.0998984570
0.264  		0.4994946674 		+0.0146305016
0.276  		0.4899510150 		-0.0026176047
0.288  		0.4425479313 		+0.0859209111
0.3  		0.4096827691 		-0.0128470610
0.312  		0.3953490618 		+0.1055292075
0.324  		0.3073321675 		+0.0227962151
0.336  		0.3187005709 		+0.1880984743
0.348  		0.2181855817 		+0.0806423143
0.36  		0.2510939005 		+0.2301271123
0.372  		0.1413886241 		+0.1460978087
0.384  		0.1660494702 		+0.2564890377
0.396  		0.0720598798 		+0.2008387243
0.408  		0.0563779647 		+0.2742460486
0.42  		-0.0051651659 		+0.2355540281
0.432  		-0.0350891779 		+0.2655372141
0.444  		-0.0743246314 		+0.2416617696
0.456  		-0.1016156931 		+0.2388149369
0.468  		-0.1146301149 		+0.2351572613
0.48  		-0.1232585152 		+0.2161149395
0.492  		-0.1356115290 		+0.2132945937
0.504  		-0.1333941544 		+0.1807082974
0.516  		-0.1708631926 		+0.1881775829
0.528  		-0.1234985433 		+0.1604873398
0.54  		-0.1906320896 		+0.1917841119
0.552  		-0.0864368758 		+0.1622559436
0.564  		-0.1450538150 		+0.2452037211
0.576  		-0.0729746980 		+0.1615141670
0.588  		-0.1021782229 		+0.2815929192
0.6  		-0.0879635996 		+0.1837104849
0.612  		-0.0329551294 		+0.3017713376
0.624  		-0.0736408461 		+0.2370514369
0.636  		-0.0057394334 		+0.2981780890
0.648  		-0.0498505157 		+0.2749794711
0.66  		-0.0033644983 		+0.2902347061
0.672  		-0.0274660550 		+0.2854571830
0.684  		-0.0048806299 		+0.2769731865
0.696  		-0.0127703694 		+0.2675345193
0.708  		-0.0145823439 		+0.2552951543
0.72  		-0.0011513345 		+0.2378816389
0.732  		0.0054909475 		+0.2024175521
0.744  		0.0095169527 		+0.2002012161
0.756  		-0.0122147993 		+0.1407139285
0.768  		-0.0217870583 		+0.1582856078
0.78  		-0.0207996780 		+0.0929094028
0.792  		-0.0032831735 		+0.1201942365
0.804  		-0.0160694062 		+0.0645995370
0.816001  		0.0058966180 		+0.0819869765
0.828001  		-0.0176985228 		+0.0480111181
0.840001  		0.0015948055 		+0.0497743057
0.852001  		-0.0111037187 		+0.0331338853
0.864001  		-0.0020899965 		+0.0239063724
0.876001  		-0.0056068963 		+0.0137002531
0.888001  		-0.0023128993 		+0.0037625460
0.900001  		-0.0018867537 		-0.0052454203
0.912001  		-0.0027749249 		-0.0122311862
0.924001  		-0.0024274560 		-0.0187190367
0.936001  		-0.0004823508 		-0.0235646426
0.948001  		-0.0002629887 		-0.0267815061
0.960001  		-0.0005458449 		-0.0274066775
0.972001  		-0.0041958669 		-0.0290215890
0.984001  		-0.0015266300 		-0.0239703135
0.996001  		-0.0041599698 		-0.0257277836
1.008  		0.0003530989 		-0.0186459814
1.02  		-0.0065902276 		-0.0183654734
1.032  		-0.0001818033 		-0.0137314713
1.044  		-0.0056341010 		-0.0098635882
1.056  		-0.0004036104 		-0.0086444425
1.068  		-0.0025733418 		-0.0041279297
1.08  		-0.0007149518 		-0.0026555346
1.092  		0.0000093369 		+0.0001402613
1.104  		0.0006868916 		+0.0027375335
1.116  		0.0010403853 		+0.0043745045
1.128  		0.0018766789 		+0.0069103612
1.14  		0.0031415567 		+0.0078006493
1.152  		0.0050341731 		+0.0083374039
1.164  		0.0045998696 		+0.0089683258
1.176  		0.0055511995 		+0.0091495589
1.188  		0.0053704205 		+0.0080970330
