0  		1.0000000000 		-0.0000000000
0.012  		0.9908454830 		-0.0924905933
0.024  		0.9271478037 		-0.1942492211
0.036  		0.9013805579 		+0.1295091849
0.048  		0.9265293474 		+0.1168852848
0.06  		0.8877443573 		-0.0932982504
0.072  		0.7964446525 		-0.2357359333
0.084  		0.6216011786 		-0.4389324736
0.096  		0.5935900703 		-0.3580354637
0.108  		0.5643966164 		-0.4033189557
0.12  		0.4104903413 		-0.5053510413
0.132  		0.3711847503 		-0.4714019349
0.144  		0.2342745685 		-0.4728935380
0.156  		0.2094546145 		-0.3624898705
0.168  		0.1765021681 		-0.2779521557
0.18  		0.0734527420 		-0.2063187032
0.192  		0.0551782965 		-0.0920784630
0.204  		0.0475977691 		+0.0154038253
0.216  		0.0636078024 		+0.1181975881
0.228  		0.0617578915 		+0.2211596551
0.24  		0.1369810210 		+0.2723833858
0.252  		0.1461306927 		+0.3147099286
0.264  		0.1736032132 		+0.3365517381
0.276  		0.2326546078 		+0.3039554483
0.288  		0.2338924841 		+0.3052420799
0.3  		0.3146465686 		+0.2104549333
0.312  		0.3038090393 		+0.1578765711
0.324  		0.2927463854 		+0.1451289180
0.336  		0.3076712697 		+0.0324045823
0.348  		0.2993592012 		-0.0365896042
0.36  		0.2730726783 		-0.1346025147
0.372  		0.2481899012 		-0.1612597318
0.384  		0.2855575260 		-0.1052633297
0.396  		0.2538032726 		-0.1549764335
0.408  		0.2130947839 		-0.1585397903
0.42  		0.1556118188 		-0.1516651358
0.432  		0.1047028718 		-0.1118209703
0.444  		0.0920358124 		-0.0313552045
0.456  		0.0552829212 		+0.0082661110
0.468  		0.0303559112 		+0.0499665760
0.48  		0.0199129662 		+0.0876494441
0.492  		0.0337860134 		+0.1112699173
0.504  		0.0146903112 		+0.1348357734
0.516  		0.0508370941 		+0.1564762488
0.528  		0.1231574472 		+0.1382088766
0.54  		0.1671363294 		+0.1257383324
0.552  		0.2181222430 		+0.0820472343
0.564  		0.2135431562 		+0.1185515211
0.576  		0.2234536990 		+0.1509165733
0.588  		0.2470950806 		+0.1060416887
0.6  		0.2344198628 		+0.1123883246
0.612  		0.2389343469 		+0.0758629454
0.624  		0.2162316948 		+0.0765781771
0.636  		0.1870589395 		+0.1109723041
0.648  		0.1800101936 		+0.0845933999
0.66  		0.1501096327 		+0.0971557846
0.672  		0.1381434442 		+0.0845828959
0.684  		0.1282725904 		+0.0586323778
0.696  		0.1189392093 		+0.0499993479
0.708  		0.1254823789 		-0.0016523984
0.72  		0.1261996298 		-0.0187399892
0.732  		0.1426052039 		-0.0198672949
0.744  		0.1526404590 		-0.0473015154
0.756  		0.1664571647 		-0.0424996707
0.768  		0.1572862818 		-0.0753497324
0.78  		0.1413852905 		-0.0664218090
0.792  		0.1386503411 		-0.0207090424
0.804  		0.1174398766 		-0.0202902161
0.816001  		0.0946480337 		-0.0044581697
0.828001  		0.0668365393 		-0.0054057290
0.840001  		0.0375705026 		-0.0022897167
0.852001  		0.0157645204 		+0.0041210476
0.864001  		0.0008056330 		-0.0001053036
0.876001  		-0.0093751978 		+0.0028328772
0.888001  		-0.0111477479 		+0.0120617744
0.900001  		-0.0018802502 		+0.0211000395
0.912001  		0.0028518116 		+0.0276912579
0.924001  		0.0214427737 		+0.0351786619
0.936001  		0.0489054353 		+0.0283737083
0.948001  		0.0703784816 		+0.0132386243
0.960001  		0.0802820289 		-0.0162918936
0.972001  		0.0841300776 		-0.0096672210
0.984001  		0.0899008155 		-0.0145471815
0.996001  		0.0790006920 		-0.0362644454
1.008  		0.0714922378 		-0.0364951990
1.02  		0.0564552384 		-0.0447492205
1.032  		0.0492223227 		-0.0343462979
1.044  		0.0484016809 		-0.0234402678
1.056  		0.0382748012 		-0.0256407044
1.068  		0.0339140184 		-0.0174977167
1.08  		0.0252632155 		-0.0155589325
1.092  		0.0173345496 		-0.0103365575
1.104  		0.0123910746 		-0.0039625122
1.116  		0.0078806254 		-0.0017967975
1.128  		0.0067261927 		+0.0023298623
1.14  		0.0085536776 		+0.0052743406
1.152  		0.0136814835 		+0.0049619217
1.164  		0.0196043710 		+0.0069189507
1.176  		0.0282630915 		+0.0034374209
1.188  		0.0344207430 		+0.0060570646
