0  		1.0000000000 		+0.0000000000
0.012  		0.8663882373 		+0.3175433307
0.024  		0.3349400870 		+0.1546477855
0.036  		0.7516769995 		-0.5122241018
0.048  		0.7401262363 		+0.4706281780
0.06  		0.2898546287 		-0.1009974281
0.072  		0.6803557462 		-0.2220000862
0.084  		0.6970679999 		+0.0208335713
0.096  		0.5439494036 		+0.1751766240
0.108  		0.1869609326 		+0.0891712237
0.12  		0.3651820137 		-0.2075544763
0.132  		0.2621329938 		+0.2427328797
0.144  		0.1071392605 		+0.0034793856
0.156  		0.2388296664 		+0.0345518320
0.168  		0.1785772631 		+0.1398043892
0.18  		0.0809213507 		+0.1712611758
0.192  		0.0087805342 		+0.0782356227
0.204  		0.1609137826 		+0.0884263100
0.216  		-0.0314211875 		+0.2001647146
0.228  		0.0402130352 		+0.0631229318
0.24  		0.1176876871 		+0.1878015512
0.252  		-0.0066689192 		+0.2568749484
0.264  		-0.1358681779 		+0.2025181153
0.276  		-0.0911525900 		+0.0526528417
0.288  		-0.0422510237 		+0.2021422753
0.3  		-0.1882527101 		-0.0152255965
0.312  		-0.0500326804 		+0.0186436650
0.324  		-0.1277250621 		+0.0211096903
0.336  		-0.0983083199 		-0.0658486629
0.348  		-0.0357988217 		-0.0824058022
0.36  		0.0042938923 		-0.0330589945
0.372  		-0.0381088835 		-0.0380455870
0.384  		0.0252712245 		-0.0374392775
0.396  		0.0021454932 		-0.0114029924
0.408  		0.0066467513 		-0.0276736967
0.42  		0.0239616301 		-0.0116068335
0.432  		0.0192968597 		+0.0082314339
0.444  		0.0018512051 		+0.0082870665
0.456  		0.0100175051 		+0.0103652798
0.468  		-0.0116834016 		+0.0080479111
0.48  		-0.0034017630 		+0.0023335207
0.492  		-0.0108244089 		+0.0047489485
0.504  		-0.0107829131 		-0.0058708004
0.516  		-0.0053073074 		-0.0092208203
0.528  		-0.0000022187 		-0.0049022408
0.54  		-0.0074910238 		-0.0037970449
0.552  		0.0001346757 		-0.0083887390
0.564  		-0.0011744333 		-0.0020647326
0.576  		-0.0060697948 		-0.0038192923
0.588  		-0.0040801369 		-0.0069741832
0.6  		-0.0020113356 		-0.0073902531
0.612  		0.0001906341 		-0.0038537092
0.624  		-0.0062740113 		-0.0019253086
0.636  		-0.0021850405 		-0.0066687284
0.648  		-0.0016517711 		-0.0012885672
0.66  		-0.0070410851 		+0.0004349759
0.672  		-0.0087740778 		-0.0026490539
0.684  		-0.0091350303 		-0.0043243583
0.696  		-0.0040080884 		-0.0045075280
0.708  		-0.0103866015 		+0.0032166979
0.72  		-0.0069444100 		-0.0103150981
0.732  		-0.0024222319 		-0.0028107317
0.744  		-0.0112682769 		-0.0040751510
0.756  		-0.0073376405 		-0.0119880707
0.768  		-0.0020931246 		-0.0130811085
0.78  		0.0028346809 		-0.0063685124
0.792  		-0.0068400904 		-0.0084125351
0.804  		0.0064063955 		-0.0099354482
0.816001  		0.0017150381 		-0.0027062197
0.828001  		0.0002667525 		-0.0084076280
0.840001  		0.0053315778 		-0.0050316627
0.852001  		0.0042148491 		-0.0019651274
0.864001  		0.0014705469 		-0.0001106548
0.876001  		-0.0005001948 		-0.0011752849
0.888001  		-0.0002181766 		-0.0018769854
0.900001  		-0.0003094941 		-0.0007458482
0.912001  		-0.0030687486 		-0.0009034031
0.924001  		-0.0029170449 		-0.0037839627
0.936001  		-0.0017510934 		-0.0055869418
0.948001  		0.0015348091 		-0.0038991982
0.960001  		-0.0035199587 		-0.0062624120
0.972001  		0.0072119113 		-0.0050366080
0.984001  		0.0024440572 		-0.0005818418
0.996001  		0.0039144100 		-0.0050470569
1.008  		0.0058361494 		-0.0006536213
1.02  		0.0038799522 		+0.0010156411
1.032  		0.0010516553 		+0.0011128357
1.044  		0.0011539849 		-0.0005668330
1.056  		0.0007151610 		+0.0003673278
1.068  		0.0000929955 		+0.0000175873
1.08  		-0.0001468489 		-0.0001521904
1.092  		-0.0001500691 		-0.0003954997
1.104  		0.0000469615 		-0.0004106057
1.116  		0.0001689797 		-0.0000670730
1.128  		0.0001906976 		-0.0001237233
1.14  		0.0001926572 		+0.0003527801
1.152  		0.0000304412 		+0.0001526347
1.164  		0.0004246044 		+0.0000400811
1.176  		0.0004346412 		+0.0001929806
1.188  		0.0004394301 		+0.0000760309
