0  		1.0000000000 		+0.0000000000
0.012  		0.9813018128 		-0.0635770340
0.024  		0.8000761987 		-0.2790633491
0.036  		0.5481143766 		-0.2643097094
0.048  		0.6290648188 		-0.0577154484
0.06  		0.6900311161 		-0.0926047802
0.072  		0.5056451139 		-0.2139682719
0.084  		0.2969705766 		-0.4072255758
0.096  		-0.3086562548 		-0.3033385691
0.108  		-0.2898627650 		+0.6114505180
0.12  		0.7257684668 		+0.3724308811
0.132  		0.5041426676 		-0.6201547723
0.144  		-0.1332015037 		-0.5085479172
0.156  		-0.1313685769 		+0.1002428508
0.168  		0.2312779922 		+0.4067394180
0.18  		0.6326068389 		+0.2156906144
0.192  		0.7401508728 		-0.1114227988
0.204  		0.6614821999 		-0.1131079225
0.216  		0.6469433463 		+0.0346056265
0.228  		0.6397561978 		+0.1500117268
0.24  		0.5768305469 		+0.2499631698
0.252  		0.5887806853 		+0.2283046142
0.264  		0.5551641590 		-0.0912808319
0.276  		0.1811871982 		-0.2954494262
0.288  		0.0370745406 		-0.0793506421
0.3  		0.1746606242 		+0.0496464416
0.312  		0.2557887682 		+0.0160612216
0.324  		0.2536586001 		-0.2346952907
0.336  		-0.1234345647 		-0.3288500921
0.348  		-0.2776178111 		+0.0815531366
0.36  		0.0376832970 		+0.3986123778
0.372  		0.4187759238 		+0.1679357309
0.384  		0.4005106832 		-0.1957614307
0.396  		0.1996627182 		-0.1666108319
0.408  		0.1031007242 		+0.0586326053
0.42  		0.2786648024 		+0.2099293017
0.432  		0.4212748513 		+0.0521574373
0.444  		0.3867088822 		-0.0221746949
0.456  		0.3635651959 		+0.0957672938
0.468  		0.4104108707 		+0.0800757231
0.48  		0.4320595374 		-0.0784476608
0.492  		0.3446132996 		-0.1287545130
0.504  		0.2963525524 		-0.1895719091
0.516  		0.1879557622 		-0.3436734371
0.528  		-0.1197629242 		-0.2502810817
0.54  		-0.0781852977 		+0.0365432109
0.552  		0.0445840071 		+0.1626417052
0.564  		0.1827983061 		+0.1978647475
0.576  		0.3500793690 		-0.1358336148
0.588  		-0.0345238686 		-0.2902937980
0.6  		-0.1196706273 		+0.0599314155
0.612  		0.0409925534 		+0.1683385876
0.624  		0.2052693974 		+0.0894808424
0.636  		0.2002337965 		-0.1345840695
0.648  		0.1029474445 		-0.1030276878
0.66  		0.0768540935 		-0.0141196709
0.672  		0.1192782775 		+0.0082290787
0.684  		0.1350620871 		-0.0224487716
0.696  		0.0902408222 		-0.0588808487
0.708  		0.0667037365 		-0.0620691514
0.72  		0.0599928100 		-0.0429507658
0.732  		0.0408591753 		-0.0650383908
0.744  		0.0515179960 		-0.0814819439
0.756  		-0.0104874902 		-0.0711828902
0.768  		-0.0272587525 		-0.0288707421
0.78  		-0.0376280316 		-0.0119383448
0.792  		-0.0037991277 		+0.0266559659
0.804  		0.0305023315 		-0.0060724066
0.816001  		0.0031443474 		-0.0140283254
0.828001  		-0.0086076782 		-0.0088018547
0.840001  		-0.0092217140 		+0.0087392385
0.852001  		0.0018614190 		-0.0024325949
0.864001  		-0.0100567522 		+0.0023881405
0.876001  		-0.0105298953 		+0.0046765405
0.888001  		-0.0076870163 		+0.0236380484
0.900001  		0.0232259998 		+0.0300942181
0.912001  		0.0240724710 		+0.0090979017
0.924001  		0.0089640436 		+0.0031951630
0.936001  		-0.0069898301 		+0.0232175611
0.948001  		-0.0134403108 		+0.0438459166
0.960001  		0.0355977116 		+0.0488997019
0.972001  		0.0271468881 		+0.0039112153
0.984001  		0.0023721488 		+0.0040721473
0.996001  		-0.0326978805 		+0.0430322684
1.008  		0.0292509113 		+0.0820911843
1.02  		0.0476807977 		-0.0252506329
1.032  		0.0097435343 		-0.0102405342
1.044  		-0.0006541736 		-0.0343620909
1.056  		-0.0385009055 		+0.0566927101
1.068  		0.0545668462 		+0.0307852233
1.08  		0.0078446675 		-0.0131266466
1.092  		0.0151777560 		+0.0070942671
1.104  		0.0092327871 		+0.0135890334
1.116  		0.0321004633 		-0.0041452203
1.128  		0.0018049183 		-0.0298871604
1.14  		0.0042097369 		+0.0018389670
1.152  		0.0190416225 		-0.0132965142
1.164  		0.0187462196 		-0.0180760314
1.176  		0.0044156978 		-0.0133841044
1.188  		-0.0029194240 		-0.0040262804
