0  		1.0000000000 		+0.0000000000
0.012  		0.9852096834 		+0.0342886282
0.024  		0.9220954635 		+0.0620668986
0.036  		0.9070538289 		+0.0744995499
0.048  		0.8441625256 		+0.0157688317
0.06  		0.7368377489 		-0.2604677269
0.072  		0.6282698801 		-0.0627107444
0.084  		0.4283843283 		+0.1233510491
0.096  		0.7007528631 		-0.0354323872
0.108  		0.5543972914 		+0.0199348758
0.12  		0.1074719869 		+0.0146944229
0.132  		0.4890911393 		+0.0807424468
0.144  		0.3744540018 		+0.3177380517
0.156  		0.0669114041 		-0.1072507363
0.168  		-0.0871734660 		+0.1180505384
0.18  		0.0333819932 		+0.3703603108
0.192  		0.1518214137 		-0.1561986884
0.204  		-0.0130361686 		-0.3487439492
0.216  		-0.1990226135 		+0.0062665720
0.228  		0.2645421725 		+0.0959789712
0.24  		0.3882845318 		-0.1865388254
0.252  		-0.0592525382 		-0.2281455695
0.264  		-0.1019182688 		+0.2544749941
0.276  		0.3461692265 		+0.1416394210
0.288  		0.1567425564 		-0.2629833564
0.3  		-0.2784519335 		-0.1111744179
0.312  		-0.0737485742 		+0.3016183862
0.324  		0.3282318425 		+0.0927821953
0.336  		0.1724635270 		-0.2770884802
0.348  		-0.1959918684 		-0.0815633230
0.36  		0.0117807663 		+0.2245612755
0.372  		0.2923852921 		+0.0838067300
0.384  		0.2404827938 		-0.1399524147
0.396  		-0.0252178743 		-0.0645243736
0.408  		0.0754761402 		+0.1687399741
0.42  		0.1855888897 		+0.1259922053
0.432  		0.1574270910 		-0.0019826202
0.444  		0.0935825070 		+0.0573692678
0.456  		-0.0045175489 		+0.1568581612
0.468  		0.1530828625 		+0.0713519941
0.48  		0.1121047177 		+0.1781864763
0.492  		-0.0241512423 		+0.0888444046
0.504  		0.1354125835 		+0.0935977747
0.516  		0.0463876229 		+0.2310244865
0.528  		-0.0192390186 		+0.0667471706
0.54  		0.0756781343 		+0.1234799031
0.552  		-0.0541705174 		+0.1465506488
0.564  		-0.0048178601 		+0.0537175828
0.576  		0.0365943539 		+0.0987055784
0.588  		-0.0157131978 		+0.0814384102
0.6  		0.0129406366 		+0.0435595692
0.612  		0.0340994071 		+0.0532929133
0.624  		0.0307791907 		+0.0387278963
0.636  		0.0320088222 		+0.0174797295
0.648  		0.0440887721 		+0.0275020212
0.66  		0.0619946203 		+0.0246703487
0.672  		0.0566933784 		-0.0084028050
0.684  		0.0266840943 		+0.0051674498
0.696  		0.0517380617 		+0.0263668326
0.708  		0.0652717196 		-0.0029848232
0.72  		0.0211342059 		-0.0424066583
0.732  		-0.0055264605 		+0.0152578289
0.744  		0.0564912459 		+0.0110629805
0.756  		0.0467212971 		-0.0366106450
0.768  		-0.0074052053 		-0.0285248960
0.78  		-0.0121045829 		+0.0301308521
0.792  		0.0417693784 		+0.0263156313
0.804  		0.0133961477 		-0.0162688934
0.816001  		-0.0292623366 		-0.0108211362
0.828001  		-0.0198321205 		+0.0161978787
0.840001  		0.0083185393 		+0.0017824001
0.852001  		0.0130053294 		-0.0172937252
0.864001  		0.0004508911 		-0.0121052152
0.876001  		-0.0015597669 		+0.0048133152
0.888001  		0.0057024133 		+0.0102412547
0.900001  		0.0042438340 		+0.0042290687
0.912001  		-0.0001225781 		-0.0026835827
0.924001  		-0.0039081990 		-0.0006558108
0.936001  		-0.0021734199 		+0.0018027827
0.948001  		0.0009348823 		+0.0021369167
0.960001  		0.0005768809 		+0.0002712393
0.972001  		-0.0006056133 		-0.0005197875
0.984001  		-0.0008053355 		+0.0000123402
0.996001  		-0.0002435699 		-0.0000909690
1.008  		0.0001602362 		+0.0000215539
1.02  		0.0006153991 		+0.0008186329
1.032  		0.0018868083 		+0.0012679703
1.044  		0.0019587468 		+0.0018170174
1.056  		0.0013855244 		+0.0031877275
1.068  		0.0014298908 		+0.0057792219
1.08  		0.0026738434 		+0.0066419845
1.092  		0.0036115308 		+0.0075984730
1.104  		0.0005151086 		+0.0087398468
1.116  		0.0022232795 		+0.0079252923
1.128  		0.0032965335 		+0.0122318692
1.14  		-0.0012882964 		+0.0092944791
1.152  		0.0047256375 		+0.0059787139
1.164  		0.0038833586 		+0.0121689953
1.176  		-0.0009979609 		+0.0068753707
1.188  		0.0067248038 		+0.0019692039
