0  		1.0000000000 		+0.0000000000
0.012  		0.9994788324 		-0.0060179148
0.024  		0.9945824895 		-0.0225728036
0.036  		0.9850658418 		-0.0128322902
0.048  		0.9739526171 		-0.0304150698
0.06  		0.9672189430 		-0.0539697598
0.072  		0.9615232390 		-0.0997802745
0.084  		0.9512488307 		-0.1225255296
0.096  		0.9347994442 		-0.1140086082
0.108  		0.9145884176 		-0.0834205838
0.12  		0.8989628365 		-0.0232475273
0.132  		0.8879545877 		+0.0063297352
0.144  		0.8787299666 		+0.0271492877
0.156  		0.8686243237 		+0.0287078397
0.168  		0.8567176867 		+0.0345595202
0.18  		0.8424185914 		+0.0483449585
0.192  		0.8245207398 		+0.0357585126
0.204  		0.7991904743 		+0.0284442353
0.216  		0.7701270511 		+0.0153720683
0.228  		0.7429034831 		+0.0046082901
0.24  		0.7175724077 		+0.0142075258
0.252  		0.6873459590 		+0.0347195221
0.264  		0.6469722960 		+0.0798757290
0.276  		0.6019449352 		+0.1194210758
0.288  		0.5580643330 		+0.1628254745
0.3  		0.5224137634 		+0.1960882784
0.312  		0.4983630055 		+0.2101189020
0.324  		0.4813688292 		+0.2151981956
0.336  		0.4753266028 		+0.2014933948
0.348  		0.4717749200 		+0.1877587190
0.36  		0.4717847627 		+0.1643312450
0.372  		0.4683377375 		+0.1417685492
0.384  		0.4594690090 		+0.1322207687
0.396  		0.4548324415 		+0.1137497676
0.408  		0.4532609004 		+0.0921344216
0.42  		0.4518244460 		+0.0530590843
0.432  		0.4417434309 		+0.0172124979
0.444  		0.4246988971 		-0.0218705872
0.456  		0.4032648372 		-0.0646472175
0.468  		0.3795946633 		-0.1083252151
0.48  		0.3503287641 		-0.1560699958
0.492  		0.3169440197 		-0.1983781063
0.504  		0.2757427226 		-0.2425967739
0.516  		0.2380122684 		-0.2766861369
0.528  		0.2017144830 		-0.3065408109
0.54  		0.1679621900 		-0.3309499584
0.552  		0.1463834332 		-0.3470930987
0.564  		0.1200177821 		-0.3655263476
0.576  		0.0843131456 		-0.3858974596
0.588  		0.0228484096 		-0.4024412628
0.6  		-0.0430020334 		-0.4013310290
0.612  		-0.0931468849 		-0.3844207155
0.624  		-0.1307413974 		-0.3586677036
0.636  		-0.1559656828 		-0.3307022006
0.648  		-0.1720712555 		-0.3011115282
0.66  		-0.1779322790 		-0.2711209188
0.672  		-0.1839990575 		-0.2365721493
0.684  		-0.1874798558 		-0.2025395706
0.696  		-0.1805413125 		-0.1803560881
0.708  		-0.1725131775 		-0.1646550556
0.72  		-0.1639305154 		-0.1574521994
0.732  		-0.1608759780 		-0.1541938043
0.744  		-0.1692464094 		-0.1472461667
0.756  		-0.1858013945 		-0.1317848651
0.768  		-0.2023926232 		-0.1054265926
0.78  		-0.2070859842 		-0.0833768510
0.792  		-0.2046608873 		-0.0611088002
0.804  		-0.1973386391 		-0.0378950574
0.816001  		-0.1849770925 		-0.0163273605
0.828001  		-0.1674965407 		+0.0000547835
0.840001  		-0.1468043123 		+0.0107854853
0.852001  		-0.1244395067 		+0.0206164747
0.864001  		-0.1025166637 		+0.0248823096
0.876001  		-0.0822579813 		+0.0255744455
0.888001  		-0.0663338281 		+0.0198952729
0.900001  		-0.0552469503 		+0.0108725920
0.912001  		-0.0478852436 		+0.0013590431
0.924001  		-0.0428502065 		-0.0068864346
0.936001  		-0.0395004244 		-0.0116549250
0.948001  		-0.0366558721 		-0.0149495988
0.960001  		-0.0338605731 		-0.0165069825
0.972001  		-0.0307410528 		-0.0170597335
0.984001  		-0.0271920033 		-0.0170103010
0.996001  		-0.0229076117 		-0.0173230022
1.008  		-0.0183012966 		-0.0182410602
1.02  		-0.0148941288 		-0.0191063207
1.032  		-0.0128340403 		-0.0203500254
1.044  		-0.0124881590 		-0.0213568265
1.056  		-0.0123600197 		-0.0222094873
1.068  		-0.0112188712 		-0.0230139227
1.08  		-0.0098751576 		-0.0231735596
1.092  		-0.0079589192 		-0.0228312628
1.104  		-0.0051641453 		-0.0223918713
1.116  		-0.0005702919 		-0.0231482165
1.128  		0.0056780690 		-0.0261411210
1.14  		0.0123374625 		-0.0319235314
1.152  		0.0179472915 		-0.0405832067
1.164  		0.0206273569 		-0.0514122052
1.176  		0.0218409226 		-0.0618911827
1.188  		0.0209840624 		-0.0709446231
