0  		1.0000000000 		-0.0000000000
0.012  		0.9963365272 		-0.0230847467
0.024  		0.9761955921 		-0.0190779648
0.036  		0.9531929482 		-0.0289103690
0.048  		0.9534632464 		-0.0356974467
0.06  		0.9463995775 		-0.0913851118
0.072  		0.8748602290 		-0.1211479994
0.084  		0.7796273774 		-0.1040293052
0.096  		0.7628191736 		-0.0534550042
0.108  		0.8354630147 		-0.0276897520
0.12  		0.8356691894 		-0.0975961796
0.132  		0.7825439924 		-0.1115395389
0.144  		0.7389395679 		-0.0874908950
0.156  		0.7650218195 		-0.0461327037
0.168  		0.7837220410 		-0.0951885471
0.18  		0.7149575826 		-0.0928239262
0.192  		0.6660846499 		-0.0179786189
0.204  		0.6122022589 		+0.0034890324
0.216  		0.5466812601 		+0.0294734531
0.228  		0.4619689883 		+0.0887510529
0.24  		0.4056761047 		+0.1502488444
0.252  		0.3663733251 		+0.1819891552
0.264  		0.3147789096 		+0.2207424116
0.276  		0.2845938832 		+0.3015658129
0.288  		0.3286312705 		+0.3715074604
0.3  		0.4053788505 		+0.3569688272
0.312  		0.4133365231 		+0.3032899148
0.324  		0.4289047080 		+0.2701502034
0.336  		0.4911886461 		+0.2101164794
0.348  		0.5243656944 		+0.0614087686
0.36  		0.4651923610 		-0.0749757356
0.372  		0.3689576657 		-0.1427222351
0.384  		0.2814038887 		-0.1617302531
0.396  		0.2227476580 		-0.1405303303
0.408  		0.2045458692 		-0.1056513503
0.42  		0.2198439113 		-0.0783388526
0.432  		0.2537992473 		-0.0801504637
0.444  		0.2929523800 		-0.1147313680
0.456  		0.3289927292 		-0.1790201048
0.468  		0.3169430635 		-0.2915020614
0.48  		0.2293683668 		-0.3474922097
0.492  		0.1433730593 		-0.3322603202
0.504  		0.1011716124 		-0.3077799558
0.516  		0.0667525950 		-0.3121609108
0.528  		-0.0029684225 		-0.2766088437
0.54  		-0.0264299758 		-0.2005284194
0.552  		-0.0149678119 		-0.1487920604
0.564  		0.0108137772 		-0.1240181117
0.576  		0.0314341150 		-0.1180536875
0.588  		0.0504296801 		-0.1208228805
0.6  		0.0732280866 		-0.1320847783
0.612  		0.0883078033 		-0.1521156506
0.624  		0.0919435595 		-0.1739665822
0.636  		0.0814805863 		-0.1813446180
0.648  		0.0817446774 		-0.1706763761
0.66  		0.0861767208 		-0.1600030048
0.672  		0.0879983197 		-0.1408869260
0.684  		0.0970678997 		-0.1128504810
0.696  		0.1113306196 		-0.0880515525
0.708  		0.1186051410 		-0.0681479957
0.72  		0.1112668864 		-0.0471733419
0.732  		0.1103205216 		-0.0181339441
0.744  		0.1279460572 		+0.0052288681
0.756  		0.1547787037 		+0.0084331925
0.768  		0.1728319014 		+0.0039076527
0.78  		0.1821269227 		+0.0051828024
0.792  		0.1970312726 		+0.0043723290
0.804  		0.2073642393 		-0.0071072318
0.816001  		0.2114935432 		-0.0080376548
0.828001  		0.2123934218 		-0.0142373201
0.840001  		0.2064908996 		-0.0141246116
0.852001  		0.2034709883 		+0.0005807089
0.864001  		0.2026237782 		+0.0227756600
0.876001  		0.2137779862 		+0.0368598977
0.888001  		0.2088671297 		+0.0375330015
0.900001  		0.1928986755 		+0.0486182204
0.912001  		0.1875806320 		+0.0631450749
0.924001  		0.1991641015 		+0.0731856390
0.936001  		0.2092129785 		+0.0600513667
0.948001  		0.1984396652 		+0.0381134239
0.960001  		0.1824491947 		+0.0282497396
0.972001  		0.1720531783 		+0.0272645555
0.984001  		0.1742711894 		+0.0236208727
0.996001  		0.1739174319 		+0.0183559941
1.008  		0.1707316389 		+0.0193402289
1.02  		0.1664362727 		+0.0185460583
1.032  		0.1602178946 		+0.0228270603
1.044  		0.1574231998 		+0.0298637161
1.056  		0.1555789016 		+0.0299935605
1.068  		0.1441557095 		+0.0285323144
1.08  		0.1266278759 		+0.0385716459
1.092  		0.1178642030 		+0.0550123710
1.104  		0.1193693431 		+0.0688346981
1.116  		0.1183337102 		+0.0710390364
1.128  		0.1097411333 		+0.0694211943
1.14  		0.1020312072 		+0.0734877094
1.152  		0.1121896546 		+0.0820817787
1.164  		0.1354245368 		+0.0737542772
1.176  		0.1509042541 		+0.0496178552
1.188  		0.1518921132 		+0.0262153368
