0  		1.0000000000 		-0.0000000000
0.012  		0.9974735100 		+0.0115770151
0.024  		0.9864595009 		+0.0413810669
0.036  		0.9686099096 		+0.0156321178
0.048  		0.9390273771 		+0.0537422409
0.06  		0.8930380407 		+0.1161725909
0.072  		0.8593015827 		+0.1586649327
0.084  		0.8449900768 		+0.1781434212
0.096  		0.8410825496 		+0.1114668435
0.108  		0.8263724249 		+0.0628255845
0.12  		0.8007904307 		+0.0478378649
0.132  		0.7229859768 		+0.0023210434
0.144  		0.6044987686 		+0.0153503337
0.156  		0.5140015720 		+0.0563835637
0.168  		0.4463133489 		+0.0985202279
0.18  		0.3724794847 		+0.1639384421
0.192  		0.3109038864 		+0.2527377614
0.204  		0.2920612072 		+0.3305810500
0.216  		0.3000368045 		+0.3235988770
0.228  		0.2808753233 		+0.2612792703
0.24  		0.2625694848 		+0.2283689668
0.252  		0.2438937996 		+0.1741317090
0.264  		0.1715276277 		+0.1284450103
0.276  		0.0964279936 		+0.1418325264
0.288  		0.0635402360 		+0.1788638310
0.3  		0.0715408801 		+0.1914691282
0.312  		0.0529173033 		+0.1921784741
0.324  		0.0356834543 		+0.2409709462
0.336  		0.0822477519 		+0.2652374716
0.348  		0.0917895908 		+0.2082155677
0.36  		0.0488041492 		+0.1886600030
0.372  		0.0463343037 		+0.2021571815
0.384  		0.0426704711 		+0.1695805756
0.396  		-0.0114763545 		+0.1378705732
0.408  		-0.0889911556 		+0.1605409941
0.42  		-0.0964734050 		+0.2045178994
0.432  		-0.0734475911 		+0.1675839307
0.444  		-0.1262061939 		+0.1081213256
0.456  		-0.1487386091 		+0.1253670053
0.468  		-0.0920848239 		+0.1103035886
0.48  		-0.0673263573 		+0.0446808080
0.492  		-0.0887828647 		+0.0132757306
0.504  		-0.0900542893 		+0.0129811989
0.516  		-0.0603689942 		+0.0025059481
0.528  		-0.0436723749 		-0.0357102780
0.54  		-0.0535182570 		-0.0584389976
0.552  		-0.0495560033 		-0.0463579556
0.564  		-0.0108436619 		-0.0419437624
0.576  		0.0221731640 		-0.0629442191
0.588  		0.0226681108 		-0.0756019806
0.6  		0.0207639966 		-0.0491894582
0.612  		0.0523140018 		-0.0191248275
0.624  		0.0830101535 		-0.0263180654
0.636  		0.0662650929 		-0.0313843850
0.648  		0.0422353522 		+0.0068515663
0.66  		0.0537767580 		+0.0481312078
0.672  		0.0678856028 		+0.0430560080
0.684  		0.0390200776 		+0.0246303853
0.696  		0.0072986896 		+0.0454992842
0.708  		0.0172996057 		+0.0634540456
0.72  		0.0228594265 		+0.0405518372
0.732  		-0.0023539872 		+0.0225161444
0.744  		-0.0178726346 		+0.0314234613
0.756  		-0.0080727620 		+0.0337913903
0.768  		-0.0037927198 		+0.0167381989
0.78  		-0.0146264092 		+0.0092615937
0.792  		-0.0145677369 		+0.0188018759
0.804  		-0.0014684289 		+0.0171313177
0.816001  		-0.0038652079 		+0.0094018655
0.828001  		-0.0108585255 		+0.0190180401
0.840001  		-0.0038390725 		+0.0283414888
0.852001  		-0.0033799293 		+0.0198561973
0.864001  		-0.0275687967 		+0.0147192917
0.876001  		-0.0476516433 		+0.0330556608
0.888001  		-0.0391331740 		+0.0335530733
0.900001  		-0.0340556987 		-0.0032050893
0.912001  		-0.0536317853 		-0.0292817957
0.924001  		-0.0526047191 		-0.0234602336
0.936001  		-0.0216966944 		-0.0190193512
0.948001  		0.0069547248 		-0.0333063376
0.960001  		0.0153292447 		-0.0470000512
0.972001  		0.0097461800 		-0.0374209309
0.984001  		0.0211358224 		-0.0149601511
0.996001  		0.0357623777 		-0.0156091571
1.008  		0.0254891788 		-0.0213742039
1.02  		0.0132314974 		-0.0085615991
1.032  		0.0143532580 		+0.0006636072
1.044  		0.0140773790 		+0.0003628666
1.056  		0.0088095529 		-0.0000834553
1.068  		0.0053703805 		+0.0029413107
1.08  		0.0073396289 		+0.0044810222
1.092  		0.0077394545 		+0.0012334905
1.104  		0.0046530404 		+0.0004623757
1.116  		0.0045672457 		+0.0017322434
1.128  		0.0052679337 		+0.0002595998
1.14  		0.0036939032 		-0.0006272348
1.152  		0.0029515119 		+0.0006153822
1.164  		0.0038707443 		+0.0013016991
1.176  		0.0040662171 		+0.0007280754
1.188  		0.0030891701 		+0.0009032230
