0  		1.0000000000 		-0.0000000000
0.012  		0.9970927940 		+0.0049967312
0.024  		0.9838685851 		+0.0004451330
0.036  		0.9597886077 		+0.0873479147
0.048  		0.8895148606 		+0.2258550880
0.06  		0.7786193163 		+0.3037852548
0.072  		0.6436523382 		+0.3473754079
0.084  		0.5210856920 		+0.3469830620
0.096  		0.4192777043 		+0.3082912900
0.108  		0.3570352163 		+0.2622955250
0.12  		0.3648966082 		+0.1960660662
0.132  		0.4193241747 		+0.1307532624
0.144  		0.4982764977 		+0.0887944102
0.156  		0.5666005688 		+0.0685980794
0.168  		0.6148798390 		+0.0804863923
0.18  		0.6350522316 		+0.0995760975
0.192  		0.6355479502 		+0.0656810550
0.204  		0.6494879218 		-0.0024564981
0.216  		0.6335569100 		-0.0765859039
0.228  		0.6028079334 		-0.1438151381
0.24  		0.5673367400 		-0.2178590357
0.252  		0.5513263867 		-0.2686423149
0.264  		0.5646030364 		-0.2763181782
0.276  		0.5634808180 		-0.2414566389
0.288  		0.5492921094 		-0.1966821661
0.3  		0.5388276803 		-0.1830434223
0.312  		0.5425319243 		-0.1401962236
0.324  		0.5272839610 		-0.0838923988
0.336  		0.4818855396 		-0.0803830916
0.348  		0.4536366432 		-0.1154241715
0.36  		0.4615366171 		-0.1616006222
0.372  		0.4880699476 		-0.1701370837
0.384  		0.4944458884 		-0.1376664432
0.396  		0.4808610610 		-0.1247137342
0.408  		0.4856353684 		-0.1334204812
0.42  		0.5040964571 		-0.0548169881
0.432  		0.4492826616 		+0.0227631622
0.444  		0.3533232321 		+0.0467808843
0.456  		0.2953265853 		+0.0218985692
0.468  		0.2690727749 		+0.0089771470
0.48  		0.2337691236 		+0.0057257356
0.492  		0.1978127778 		-0.0033575427
0.504  		0.1834475974 		-0.0477526512
0.516  		0.2079071733 		-0.0907197532
0.528  		0.2585441397 		-0.0943860519
0.54  		0.2722499027 		-0.0635629690
0.552  		0.2494813002 		-0.0632191961
0.564  		0.2404541527 		-0.0902679712
0.576  		0.2403535513 		-0.1145784366
0.588  		0.2207410219 		-0.1095576617
0.6  		0.1667549945 		-0.1065778836
0.612  		0.1160487430 		-0.1303397501
0.624  		0.1002235301 		-0.1585034099
0.636  		0.1266773785 		-0.1393633806
0.648  		0.1204252159 		-0.0908326959
0.66  		0.0822505746 		-0.0597760284
0.672  		0.0553030527 		-0.0541474785
0.684  		0.0364705647 		-0.0457018406
0.696  		0.0201234242 		-0.0413596930
0.708  		0.0083705505 		-0.0397889450
0.72  		-0.0078140029 		-0.0425217646
0.732  		-0.0196836205 		-0.0575631355
0.744  		-0.0121098568 		-0.0794213318
0.756  		0.0071095641 		-0.0854938599
0.768  		0.0102387460 		-0.0855023113
0.78  		0.0202694756 		-0.1140207555
0.792  		0.0684855577 		-0.1290587256
0.804  		0.1100440376 		-0.0836926334
0.816001  		0.0952712045 		-0.0412328442
0.828001  		0.0891967791 		-0.0342713788
0.840001  		0.1008268666 		-0.0005105047
0.852001  		0.0636509344 		+0.0452584232
0.864001  		0.0155155860 		+0.0362300561
0.876001  		0.0010877507 		+0.0146638225
0.888001  		-0.0080566984 		-0.0030371844
0.900001  		0.0013898884 		-0.0289725868
0.912001  		0.0265237965 		-0.0290052950
0.924001  		0.0296912212 		-0.0200660686
0.936001  		0.0370582159 		-0.0289475875
0.948001  		0.0614912069 		-0.0220677669
0.960001  		0.0679372746 		+0.0051644018
0.972001  		0.0545595446 		+0.0176943810
0.984001  		0.0602327749 		+0.0083499515
0.996001  		0.0934012594 		+0.0315415548
1.008  		0.0770278174 		+0.0913939206
1.02  		0.0131266224 		+0.0987716717
1.032  		-0.0005666223 		+0.0685933643
1.044  		-0.0132802750 		+0.0761423659
1.056  		-0.0592228366 		+0.0542476467
1.068  		-0.0574536263 		-0.0061624825
1.08  		-0.0227466820 		-0.0263069538
1.092  		-0.0175082826 		-0.0345144697
1.104  		0.0034004410 		-0.0717469534
1.116  		0.0718657371 		-0.0732920991
1.128  		0.0992718815 		-0.0238791210
1.14  		0.0936046668 		-0.0256843742
1.152  		0.1701218947 		-0.0252335882
1.164  		0.2168806391 		+0.1081947466
1.176  		0.0914461537 		+0.2017035201
1.188  		0.0106631196 		+0.1437842848
