0  		1.0000000000 		+0.0000000000
0.012  		0.9909080668 		-0.0487025537
0.024  		0.9058996428 		-0.3030122791
0.036  		0.7108712593 		-0.2633247257
0.048  		0.4271900844 		+0.3260086817
0.06  		0.0690220073 		+0.7006349834
0.072  		-0.0307410168 		+0.6486851323
0.084  		-0.0187382570 		+0.5038711757
0.096  		-0.0432790486 		+0.3191764960
0.108  		0.0127693100 		+0.1464715466
0.12  		0.0736446388 		-0.0253964601
0.132  		0.0685897585 		-0.1321482845
0.144  		0.1291064431 		-0.1727418912
0.156  		0.1336358694 		-0.2781208798
0.168  		-0.0020106349 		-0.3596167503
0.18  		-0.0438522936 		-0.3677879820
0.192  		0.1406962681 		-0.3521032286
0.204  		0.3084980750 		-0.3375826920
0.216  		0.3556085751 		-0.3558976149
0.228  		0.4414297899 		-0.2285423826
0.24  		0.4559260114 		-0.0050704208
0.252  		0.3445104563 		+0.0869305041
0.264  		0.1897239474 		+0.1302638238
0.276  		-0.0238600784 		+0.1447805161
0.288  		-0.1830301956 		-0.0289367689
0.3  		-0.2025997949 		-0.1686442568
0.312  		-0.1753431397 		-0.1894057415
0.324  		-0.0985780080 		-0.1939270631
0.336  		-0.0383941104 		-0.1649968387
0.348  		-0.0365321191 		-0.1206105089
0.36  		-0.0379362756 		-0.0749908969
0.372  		0.0014409556 		-0.0407096730
0.384  		0.0248528426 		-0.0314146691
0.396  		0.0093832626 		-0.0274363402
0.408  		0.0009979378 		-0.0097985970
0.42  		0.0097309669 		+0.0109658685
0.432  		0.0199084830 		+0.0363202991
0.444  		0.0409063393 		+0.0565227117
0.456  		0.0563545191 		+0.0677680059
0.468  		0.0100079329 		+0.0988190223
0.48  		-0.0318340754 		+0.1370870534
0.492  		0.0053913860 		+0.1486944658
0.504  		0.0524282129 		+0.1283005612
0.516  		0.0503766754 		+0.1203285837
0.528  		0.0329115006 		+0.1429045441
0.54  		0.0363926306 		+0.1444609018
0.552  		0.0077170616 		+0.1299562197
0.564  		-0.0442096693 		+0.1020158252
0.576  		-0.0550590258 		+0.0827243036
0.588  		-0.0483360509 		+0.0718121042
0.6  		-0.0518054091 		+0.0393100816
0.612  		-0.0472430218 		-0.0176322102
0.624  		-0.0301160243 		-0.0460546862
0.636  		-0.0147829566 		-0.0448524388
0.648  		0.0135443568 		-0.0350619753
0.66  		0.0322229331 		-0.0043156032
0.672  		0.0244510475 		+0.0223114047
0.684  		0.0062840481 		+0.0345530627
0.696  		-0.0204641561 		+0.0162440437
0.708  		-0.0132354245 		-0.0274898636
0.72  		0.0115382816 		-0.0387277398
0.732  		0.0179493379 		-0.0352141630
0.744  		0.0213182836 		-0.0300943207
0.756  		0.0222464242 		-0.0244413336
0.768  		0.0158377733 		-0.0231098087
0.78  		0.0081741317 		-0.0195733480
0.792  		0.0092164676 		-0.0099286648
0.804  		0.0128256640 		-0.0065404053
0.816001  		0.0090469851 		-0.0107308733
0.828001  		0.0029763506 		-0.0127364043
0.840001  		0.0023880759 		-0.0121710670
0.852001  		0.0042918647 		-0.0120346109
0.864001  		0.0014886890 		-0.0126011159
0.876001  		-0.0015277122 		-0.0112112290
0.888001  		-0.0001248126 		-0.0095528868
0.900001  		-0.0009981117 		-0.0088603692
0.912001  		-0.0052420085 		-0.0062122702
0.924001  		-0.0074476721 		-0.0024617670
0.936001  		-0.0070196056 		-0.0035974148
0.948001  		-0.0079441703 		-0.0085849098
0.960001  		-0.0105785230 		-0.0109119966
0.972001  		-0.0102199782 		-0.0146839721
0.984001  		-0.0037205825 		-0.0205564089
0.996001  		0.0029456844 		-0.0243533052
1.008  		0.0077546467 		-0.0258347286
1.02  		0.0154639235 		-0.0141967442
1.032  		0.0115767809 		+0.0117579767
1.044  		-0.0027663734 		+0.0220569669
1.056  		-0.0097930881 		+0.0223848317
1.068  		-0.0168655032 		+0.0213510850
1.08  		-0.0231575590 		+0.0163427520
1.092  		-0.0226061465 		+0.0139222998
1.104  		-0.0175213838 		+0.0135472205
1.116  		-0.0138220043 		+0.0027325988
1.128  		-0.0091557172 		-0.0109950430
1.14  		-0.0070548072 		-0.0138306855
1.152  		-0.0075243749 		-0.0103113949
1.164  		-0.0059511335 		-0.0071016673
1.176  		-0.0039334896 		-0.0049645639
1.188  		-0.0037397869 		-0.0022215601
