0  		1.0000000000 		-0.0000000000
0.012  		-0.5803467309 		-0.6557679289
0.024  		0.9202021293 		+0.1170470449
0.036  		0.7232671783 		-0.5596042659
0.048  		0.4647008709 		+0.1508820861
0.06  		0.6535186047 		+0.5473270250
0.072  		0.4903460380 		-0.1929897036
0.084  		0.2502470363 		+0.3486254378
0.096  		0.6938169691 		+0.1642117276
0.108  		0.5068517414 		+0.0532767995
0.12  		0.2563316114 		+0.5221345632
0.132  		0.5884312461 		-0.2046807894
0.144  		-0.3855755762 		+0.4451656592
0.156  		0.6327372092 		-0.3223457700
0.168  		-0.3668473007 		-0.4830722653
0.18  		0.5697740063 		+0.0045272276
0.192  		0.6136172716 		-0.2511043482
0.204  		0.1612353676 		-0.0089663834
0.216  		0.3919334404 		+0.4123843770
0.228  		0.4755025502 		-0.1640498257
0.24  		0.2764087474 		+0.2862277523
0.252  		0.3644822327 		+0.4150397410
0.264  		0.3785872416 		+0.2557405989
0.276  		-0.1845441361 		+0.3688819874
0.288  		0.4043444719 		+0.0888914609
0.3  		-0.3320448724 		-0.0269523377
0.312  		0.4118630935 		+0.0081576892
0.324  		0.0791893521 		-0.3439983879
0.336  		0.2264037984 		+0.1311868365
0.348  		0.4731887713 		+0.0458677054
0.36  		0.0485500679 		-0.1354473184
0.372  		0.3244564739 		+0.2560859295
0.384  		0.4465238893 		-0.1644706181
0.396  		0.3921499577 		+0.1710656297
0.408  		0.3260807288 		+0.3782432316
0.42  		0.4654605342 		+0.1421279331
0.432  		-0.2870041389 		+0.3103452404
0.444  		0.3945974561 		+0.2031265832
0.456  		-0.0911216888 		-0.2705596220
0.468  		0.1560788041 		+0.3174637440
0.48  		0.3033733854 		+0.0611314560
0.492  		-0.0427137958 		+0.0876461872
0.504  		0.1508620195 		+0.2398658111
0.516  		0.0866003780 		-0.1143132543
0.528  		0.1587914444 		+0.1161667999
0.54  		0.2352686788 		-0.0528097017
0.552  		0.2451315401 		+0.0556960229
0.564  		0.1040295674 		+0.2445486830
0.576  		0.2451759152 		+0.1021968947
0.588  		-0.1991190562 		+0.0437231294
0.6  		0.1798551506 		+0.1752702044
0.612  		0.0761758153 		-0.1156951539
0.624  		-0.0000941353 		+0.1694338207
0.636  		0.1411359281 		+0.1237328864
0.648  		-0.0303030779 		-0.0253734267
0.66  		0.0467793631 		+0.1401130040
0.672  		0.0907044932 		-0.0538128372
0.684  		0.0813943239 		+0.0752316191
0.696  		0.1132394313 		+0.0388702005
0.708  		0.1125203626 		+0.0471393008
0.72  		-0.0018319840 		+0.1178994045
0.732  		0.1143910717 		+0.0398631336
0.744  		-0.0702201904 		-0.0082855943
0.756  		0.0911077020 		+0.0816044689
0.768  		0.0653190031 		-0.0331877785
0.78  		-0.0149971025 		+0.0668539390
0.792  		0.0845292655 		+0.0610275706
0.804  		-0.0182804307 		-0.0427068448
0.816001  		0.0528536230 		+0.0627339816
0.828001  		0.0667152087 		-0.0250673585
0.840001  		0.0357138259 		+0.0559378956
0.852001  		0.0127203569 		+0.0570257541
0.864001  		0.0127102788 		+0.0467709984
0.876001  		-0.0365961896 		+0.0065447736
0.888001  		0.0056296686 		+0.0365158144
0.900001  		0.0023687491 		-0.0095723734
0.912001  		-0.0027139505 		+0.0234881610
0.924001  		0.0145543866 		+0.0063714041
0.936001  		-0.0081628307 		+0.0065278562
0.948001  		0.0175423128 		+0.0074328117
0.960001  		-0.0063453546 		-0.0115724138
0.972001  		0.0158448920 		+0.0044981974
0.984001  		0.0130120440 		-0.0075125623
0.996001  		0.0119168424 		+0.0066086870
1.008  		0.0051433702 		+0.0112529515
1.02  		0.0083549583 		+0.0052244298
1.032  		-0.0045809923 		+0.0043812205
1.044  		0.0077302215 		+0.0039924107
1.056  		0.0011604955 		-0.0016477240
1.068  		0.0029451691 		+0.0040398073
1.08  		0.0042146962 		-0.0015022689
1.092  		-0.0017231296 		+0.0023037902
1.104  		0.0040983589 		-0.0018317153
1.116  		-0.0031334700 		-0.0022331439
1.128  		0.0032881850 		-0.0026106504
1.14  		0.0010841964 		-0.0037815053
1.152  		0.0021688697 		-0.0024094706
1.164  		0.0030331706 		-0.0002904837
1.176  		0.0007724377 		-0.0022476384
1.188  		0.0006203770 		+0.0005221479
