0  		1.0000000000 		+0.0000000000
0.012  		0.9990278651 		-0.0096300142
0.024  		0.9973310981 		+0.0070174660
0.036  		0.9914734128 		+0.0097217888
0.048  		0.9788031074 		-0.0293079002
0.06  		0.9571072070 		-0.0904442859
0.072  		0.9301120822 		-0.1042243488
0.084  		0.8886139505 		-0.1812472736
0.096  		0.8515135209 		-0.2039974406
0.108  		0.8265383057 		-0.1663338786
0.12  		0.8033849038 		-0.1375897965
0.132  		0.7844945352 		-0.1143706232
0.144  		0.7691334311 		-0.1155784597
0.156  		0.7657473121 		-0.0930101013
0.168  		0.7563925121 		-0.1448382872
0.18  		0.7376764395 		-0.2140282470
0.192  		0.7154062942 		-0.2599245107
0.204  		0.6756773608 		-0.3169020510
0.216  		0.6009611396 		-0.4012556672
0.228  		0.4985171553 		-0.4780836279
0.24  		0.4056114132 		-0.5114374082
0.252  		0.2879007413 		-0.5372541067
0.264  		0.1779777454 		-0.5307847616
0.276  		0.1012893157 		-0.4959970689
0.288  		0.0715343554 		-0.4463913961
0.3  		0.0479431798 		-0.4011556134
0.312  		0.0481967824 		-0.3673348733
0.324  		0.0809757618 		-0.3500514087
0.336  		0.1151851853 		-0.3541937586
0.348  		0.1422846178 		-0.3777950097
0.36  		0.1421119603 		-0.4201011953
0.372  		0.1236287673 		-0.4648020325
0.384  		0.0368978965 		-0.5087684072
0.396  		-0.0661505713 		-0.5229171019
0.408  		-0.1492639626 		-0.5095483409
0.42  		-0.2270225961 		-0.4715840584
0.432  		-0.2748172621 		-0.4235181383
0.444  		-0.3002715983 		-0.3727321186
0.456  		-0.2924271781 		-0.3388197912
0.468  		-0.2963619228 		-0.2891779393
0.48  		-0.2876062964 		-0.2483214323
0.492  		-0.2561052691 		-0.2360515554
0.504  		-0.2243982210 		-0.2313257767
0.516  		-0.2028970086 		-0.2272861282
0.528  		-0.1874528558 		-0.2270213183
0.54  		-0.1768176192 		-0.2288596969
0.552  		-0.1843027401 		-0.2191134981
0.564  		-0.1960568442 		-0.2027646624
0.576  		-0.2053579743 		-0.1850445306
0.588  		-0.2020838333 		-0.1765927126
0.6  		-0.2079586049 		-0.1540321630
0.612  		-0.2133736311 		-0.1283232891
0.624  		-0.2105734455 		-0.1137072504
0.636  		-0.2134467592 		-0.0881082151
0.648  		-0.2116904275 		-0.0703353742
0.66  		-0.2090584850 		-0.0527758106
0.672  		-0.2038228582 		-0.0405369456
0.684  		-0.1980874857 		-0.0157305379
0.696  		-0.1867518681 		+0.0158516994
0.708  		-0.1705324687 		+0.0343033671
0.72  		-0.1504108570 		+0.0496490692
0.732  		-0.1296716323 		+0.0568799704
0.744  		-0.1134776077 		+0.0529360332
0.756  		-0.1040277041 		+0.0389253634
0.768  		-0.0968635221 		+0.0293931008
0.78  		-0.0939899762 		+0.0188846008
0.792  		-0.0942926726 		+0.0091724409
0.804  		-0.0965287486 		+0.0018409388
0.816001  		-0.0995897106 		-0.0008810710
0.828001  		-0.1024806484 		+0.0033042874
0.840001  		-0.1036922677 		+0.0096144042
0.852001  		-0.1001678138 		+0.0280212761
0.864001  		-0.0902907356 		+0.0467504194
0.876001  		-0.0758479363 		+0.0612840803
0.888001  		-0.0599572984 		+0.0690949320
0.900001  		-0.0409054779 		+0.0733810362
0.912001  		-0.0231344041 		+0.0721461138
0.924001  		-0.0104501288 		+0.0665181890
0.936001  		0.0037170365 		+0.0593610831
0.948001  		0.0127812791 		+0.0509851347
0.960001  		0.0171601071 		+0.0439338059
0.972001  		0.0178764829 		+0.0395574566
0.984001  		0.0208985883 		+0.0354727757
0.996001  		0.0249180915 		+0.0312940585
1.008  		0.0279495207 		+0.0279239511
1.02  		0.0324043267 		+0.0224544566
1.032  		0.0367155810 		+0.0147876366
1.044  		0.0393565027 		+0.0060974971
1.056  		0.0399729750 		-0.0016228068
1.068  		0.0387723949 		-0.0107538344
1.08  		0.0353937388 		-0.0188955883
1.092  		0.0306047740 		-0.0249600340
1.104  		0.0257758017 		-0.0278555024
1.116  		0.0212623022 		-0.0280323366
1.128  		0.0178678886 		-0.0258787105
1.14  		0.0169248876 		-0.0213731854
1.152  		0.0156306068 		-0.0176780032
1.164  		0.0157822650 		-0.0138215343
1.176  		0.0163349808 		-0.0104113237
1.188  		0.0167590780 		-0.0071500789
