0  		1.0000000000 		-0.0000000000
0.012  		0.9938704744 		+0.0179885887
0.024  		0.9439282913 		+0.0296835661
0.036  		0.8538765453 		-0.0418631831
0.048  		0.8486452034 		-0.0094449261
0.06  		0.9198126894 		+0.1167531077
0.072  		0.9592174010 		+0.1152839263
0.084  		0.9076244867 		+0.1768684111
0.096  		0.8506965698 		+0.2908575853
0.108  		0.8935830686 		+0.2495137038
0.12  		0.9074638861 		+0.2168110371
0.132  		0.8420388417 		+0.3076224238
0.144  		0.7862826512 		+0.3843272529
0.156  		0.7499676719 		+0.3909099632
0.168  		0.6938378954 		+0.3123715515
0.18  		0.6368762173 		+0.2266608645
0.192  		0.6347894506 		+0.2379094270
0.204  		0.7003566853 		+0.2538755927
0.216  		0.7715784351 		+0.2330862235
0.228  		0.7781171852 		+0.1936340720
0.24  		0.7487130543 		+0.0186633347
0.252  		0.6643762599 		-0.0865606679
0.264  		0.6403207702 		-0.0439893470
0.276  		0.7008257871 		-0.0780828660
0.288  		0.7046172157 		-0.1597369241
0.3  		0.5926976869 		-0.1268380344
0.312  		0.5089018895 		-0.0503083436
0.324  		0.5643622631 		+0.0303526682
0.336  		0.6702713426 		+0.0500025755
0.348  		0.6812527513 		-0.0624941423
0.36  		0.5535848460 		-0.0576276235
0.372  		0.4930420200 		+0.0769653207
0.384  		0.5691864880 		+0.1236547081
0.396  		0.5713625312 		+0.0650549781
0.408  		0.4788207038 		+0.0432032095
0.42  		0.4001129775 		+0.1041120801
0.432  		0.3803806953 		+0.2535578626
0.444  		0.4975858615 		+0.2714320615
0.456  		0.5785478421 		+0.1329499085
0.468  		0.4563164173 		+0.0672991851
0.48  		0.2940954946 		+0.1331444644
0.492  		0.3057188126 		+0.3114467026
0.504  		0.4013793752 		+0.3700947548
0.516  		0.4643124900 		+0.1639026526
0.528  		0.3120612046 		+0.0262690624
0.54  		0.1382536169 		+0.1449442208
0.552  		0.1513092626 		+0.3173181966
0.564  		0.3481723302 		+0.3825866684
0.576  		0.3757956958 		+0.1975338888
0.588  		0.2108367862 		+0.0617170581
0.6  		0.0986960071 		+0.2122037954
0.612  		0.1840600632 		+0.3398362434
0.624  		0.3423579057 		+0.2252433792
0.636  		0.2971041937 		+0.0790978026
0.648  		0.0880990625 		+0.0525273263
0.66  		0.0379750382 		+0.1985592965
0.672  		0.1725283820 		+0.2686809313
0.684  		0.2227993748 		+0.1559527002
0.696  		0.1750439219 		+0.0025569908
0.708  		0.0121012339 		+0.0444008321
0.72  		-0.0187172309 		+0.1958079434
0.732  		0.1693148837 		+0.2429144404
0.744  		0.2443035108 		+0.0895223583
0.756  		0.0888188919 		-0.0260286430
0.768  		-0.0328145974 		+0.0545474452
0.78  		-0.0207758059 		+0.2165678803
0.792  		0.1390737352 		+0.2003759968
0.804  		0.1952274597 		+0.0213365215
0.816001  		0.0424064028 		-0.0371126612
0.828001  		-0.0719896295 		+0.0578031039
0.840001  		0.0026486970 		+0.2002606261
0.852001  		0.0928992008 		+0.1778566534
0.864001  		0.1031613860 		+0.0292923878
0.876001  		-0.0035514202 		-0.0395658865
0.888001  		-0.0965339097 		+0.0188046928
0.900001  		-0.0569847090 		+0.0954294384
0.912001  		0.0366530438 		+0.1210027605
0.924001  		0.0703988274 		+0.0366479758
0.936001  		-0.0122384870 		-0.0452410441
0.948001  		-0.1116115970 		+0.0256763787
0.960001  		-0.0779223530 		+0.1026634536
0.972001  		0.0439968320 		+0.0760924954
0.984001  		0.0547340725 		-0.0226660266
0.996001  		-0.0314866502 		-0.0457342299
1.008  		-0.0666275211 		+0.0392190695
1.02  		0.0026391481 		+0.0984343272
1.032  		0.0468319813 		+0.0345376897
1.044  		0.0132380723 		-0.0284655997
1.056  		-0.0473995697 		-0.0179179136
1.068  		-0.0456240772 		+0.0328521450
1.08  		0.0188808916 		+0.0431568420
1.092  		0.0433780226 		+0.0039202793
1.104  		0.0075399810 		-0.0265181205
1.116  		-0.0301568326 		+0.0013447921
1.128  		-0.0211741892 		+0.0366131055
1.14  		0.0139100810 		+0.0292634026
1.152  		0.0195546680 		-0.0185334629
1.164  		-0.0214649491 		-0.0229786711
1.176  		-0.0230042979 		+0.0134720205
1.188  		0.0180936911 		+0.0218314985
