0  		1.0000000000 		-0.0000000000
0.012  		0.8663881650 		+0.3175432537
0.024  		0.3349400216 		+0.1546477575
0.036  		0.7516768568 		-0.5122239817
0.048  		0.7401260957 		+0.4706280644
0.06  		0.2898545687 		-0.1009974308
0.072  		0.6803556121 		-0.2220001013
0.084  		0.6970679218 		+0.0208335882
0.096  		0.5439493512 		+0.1751766255
0.108  		0.1869609063 		+0.0891712164
0.12  		0.3651819607 		-0.2075544340
0.132  		0.2621329638 		+0.2427328650
0.144  		0.1071392494 		+0.0034793859
0.156  		0.2388296571 		+0.0345518276
0.168  		0.1785772536 		+0.1398043561
0.18  		0.0809213303 		+0.1712611563
0.192  		0.0087805260 		+0.0782356131
0.204  		0.1609137432 		+0.0884262953
0.216  		-0.0314211758 		+0.2001646630
0.228  		0.0402130300 		+0.0631229186
0.24  		0.1176876801 		+0.1878015335
0.252  		-0.0066689190 		+0.2568749318
0.264  		-0.1358681649 		+0.2025181001
0.276  		-0.0911525768 		+0.0526528294
0.288  		-0.0422510286 		+0.2021422538
0.3  		-0.1882526757 		-0.0152255902
0.312  		-0.0500326722 		+0.0186436657
0.324  		-0.1277250404 		+0.0211096985
0.336  		-0.0983083110 		-0.0658486575
0.348  		-0.0357988115 		-0.0824057964
0.36  		0.0042938939 		-0.0330589892
0.372  		-0.0381088735 		-0.0380455806
0.384  		0.0252712225 		-0.0374392712
0.396  		0.0021454932 		-0.0114029918
0.408  		0.0066467514 		-0.0276736947
0.42  		0.0239616272 		-0.0116068329
0.432  		0.0192968552 		+0.0082314335
0.444  		0.0018512043 		+0.0082870658
0.456  		0.0100175032 		+0.0103652781
0.468  		-0.0116833986 		+0.0080479095
0.48  		-0.0034017622 		+0.0023335204
0.492  		-0.0108244070 		+0.0047489488
0.504  		-0.0107829119 		-0.0058707999
0.516  		-0.0053073068 		-0.0092208195
0.528  		-0.0000022186 		-0.0049022402
0.54  		-0.0074910231 		-0.0037970449
0.552  		0.0001346757 		-0.0083887385
0.564  		-0.0011744332 		-0.0020647323
0.576  		-0.0060697940 		-0.0038192914
0.588  		-0.0040801365 		-0.0069741824
0.6  		-0.0020113353 		-0.0073902529
0.612  		0.0001906343 		-0.0038537087
0.624  		-0.0062740096 		-0.0019253085
0.636  		-0.0021850399 		-0.0066687272
0.648  		-0.0016517710 		-0.0012885670
0.66  		-0.0070410844 		+0.0004349759
0.672  		-0.0087740768 		-0.0026490537
0.684  		-0.0091350291 		-0.0043243583
0.696  		-0.0040080878 		-0.0045075278
0.708  		-0.0103866003 		+0.0032166971
0.72  		-0.0069444083 		-0.0103150953
0.732  		-0.0024222315 		-0.0028107310
0.744  		-0.0112682759 		-0.0040751494
0.756  		-0.0073376401 		-0.0119880700
0.768  		-0.0020931239 		-0.0130811077
0.78  		0.0028346809 		-0.0063685114
0.792  		-0.0068400892 		-0.0084125346
0.804  		0.0064063953 		-0.0099354479
0.816001  		0.0017150378 		-0.0027062195
0.828001  		0.0002667527 		-0.0084076267
0.840001  		0.0053315775 		-0.0050316621
0.852001  		0.0042148488 		-0.0019651270
0.864001  		0.0014705468 		-0.0001106547
0.876001  		-0.0005001945 		-0.0011752846
0.888001  		-0.0002181765 		-0.0018769850
0.900001  		-0.0003094941 		-0.0007458480
0.912001  		-0.0030687484 		-0.0009034029
0.924001  		-0.0029170445 		-0.0037839624
0.936001  		-0.0017510931 		-0.0055869413
0.948001  		0.0015348090 		-0.0038991978
0.960001  		-0.0035199583 		-0.0062624115
0.972001  		0.0072119098 		-0.0050366071
0.984001  		0.0024440566 		-0.0005818416
0.996001  		0.0039144093 		-0.0050470567
1.008  		0.0058361488 		-0.0006536216
1.02  		0.0038799519 		+0.0010156410
1.032  		0.0010516550 		+0.0011128356
1.044  		0.0011539848 		-0.0005668329
1.056  		0.0007151609 		+0.0003673278
1.068  		0.0000929955 		+0.0000175873
1.08  		-0.0001468489 		-0.0001521904
1.092  		-0.0001500691 		-0.0003954997
1.104  		0.0000469615 		-0.0004106057
1.116  		0.0001689797 		-0.0000670730
1.128  		0.0001906976 		-0.0001237232
1.14  		0.0001926572 		+0.0003527800
1.152  		0.0000304412 		+0.0001526347
1.164  		0.0004246043 		+0.0000400811
1.176  		0.0004346412 		+0.0001929806
1.188  		0.0004394301 		+0.0000760309
