0  		1.0000000000 		+0.0000000000
0.012  		0.9943896843 		-0.0260073198
0.024  		0.9914557102 		-0.0118364418
0.036  		0.9755975168 		-0.0116577798
0.048  		0.9551605721 		-0.0213312132
0.06  		0.9261874902 		-0.0388748764
0.072  		0.9126714166 		-0.0180532169
0.084  		0.9016426424 		-0.0134974676
0.096  		0.8897661689 		-0.0026932230
0.108  		0.8577128408 		-0.0449524260
0.12  		0.8112124542 		-0.0254945332
0.132  		0.7580865692 		-0.0029719227
0.144  		0.7088129754 		+0.0658390353
0.156  		0.6741868583 		+0.0639820705
0.168  		0.6398444600 		+0.1227059433
0.18  		0.6157646602 		+0.1231780577
0.192  		0.5730242194 		+0.1653653649
0.204  		0.5377442562 		+0.1411721757
0.216  		0.4880046902 		+0.1516842351
0.228  		0.4457534395 		+0.1249681871
0.24  		0.3916887489 		+0.1292890674
0.252  		0.3452582014 		+0.1071444988
0.264  		0.2991919342 		+0.0862447070
0.276  		0.2579327192 		+0.0583899500
0.288  		0.2189677558 		+0.0412841574
0.3  		0.1864841028 		+0.0195293487
0.312  		0.1572492986 		-0.0069402862
0.324  		0.1291293747 		-0.0257259614
0.336  		0.1038433686 		-0.0368651628
0.348  		0.0825428059 		-0.0403191608
0.36  		0.0642305487 		-0.0413059509
0.372  		0.0486941550 		-0.0382153959
0.384  		0.0376684016 		-0.0295095031
0.396  		0.0294417876 		-0.0163604713
0.408  		0.0222676038 		+0.0004385388
0.42  		0.0165296191 		+0.0193025505
0.432  		0.0099815052 		+0.0427855877
0.444  		0.0067434789 		+0.0679888161
0.456  		-0.0030046064 		+0.0954211224
0.468  		0.0017802854 		+0.1242159394
0.48  		-0.0080183683 		+0.1532933722
0.492  		-0.0001657124 		+0.1820629896
0.504  		-0.0225323285 		+0.2072597544
0.516  		-0.0128335675 		+0.2329366127
0.528  		-0.0270442775 		+0.2547579362
0.54  		-0.0198191628 		+0.2778045179
0.552  		-0.0356233329 		+0.2944322586
0.564  		-0.0211386114 		+0.3093316105
0.576  		-0.0180153019 		+0.3141824646
0.588  		-0.0158298606 		+0.3190392284
0.6  		-0.0251239455 		+0.3216521604
0.612  		-0.0347722592 		+0.3275869003
0.624  		-0.0221823327 		+0.3325112589
0.636  		-0.0061671446 		+0.3326488813
0.648  		0.0218131560 		+0.3195576581
0.66  		0.0153897801 		+0.3013504975
0.672  		0.0333301711 		+0.2775789726
0.684  		0.0368516571 		+0.2542494144
0.696  		0.0562072699 		+0.2264523950
0.708  		0.0537971944 		+0.2031189444
0.72  		0.0703927722 		+0.1735688238
0.732  		0.0782108269 		+0.1472161610
0.744  		0.0915636409 		+0.1164121754
0.756  		0.0988228680 		+0.0860168855
0.768  		0.1021540552 		+0.0538532039
0.78  		0.1006619360 		+0.0181572863
0.792  		0.0920875401 		-0.0109948604
0.804  		0.0806770877 		-0.0343701494
0.816001  		0.0706612404 		-0.0509064646
0.828001  		0.0540577888 		-0.0698965844
0.840001  		0.0350475515 		-0.0816725674
0.852001  		0.0150290068 		-0.0863733477
0.864001  		0.0008959748 		-0.0838488774
0.876001  		-0.0111579311 		-0.0778118253
0.888001  		-0.0203696532 		-0.0694512681
0.900001  		-0.0279986460 		-0.0602452682
0.912001  		-0.0323402738 		-0.0507745173
0.924001  		-0.0350790059 		-0.0420953672
0.936001  		-0.0385333607 		-0.0318137824
0.948001  		-0.0394041116 		-0.0244215688
0.960001  		-0.0405149852 		-0.0156748119
0.972001  		-0.0395169523 		-0.0108944997
0.984001  		-0.0382188311 		-0.0026272875
0.996001  		-0.0358015564 		+0.0003353892
1.008  		-0.0328767198 		+0.0064914978
1.02  		-0.0308220307 		+0.0073765730
1.032  		-0.0279094922 		+0.0117219347
1.044  		-0.0261924875 		+0.0130244901
1.056  		-0.0227723201 		+0.0168376554
1.068  		-0.0215120700 		+0.0171114169
1.08  		-0.0187331414 		+0.0194923822
1.092  		-0.0165192253 		+0.0211256130
1.104  		-0.0120731813 		+0.0240997809
1.116  		-0.0097611173 		+0.0254849994
1.128  		-0.0054606570 		+0.0275164092
1.14  		-0.0018763539 		+0.0290290365
1.152  		0.0040121622 		+0.0305931108
1.164  		0.0095222506 		+0.0318440040
1.176  		0.0149720988 		+0.0333824641
1.188  		0.0204841922 		+0.0350074071
