0  		1.0000000000 		-0.0000000000
0.012  		0.9964523356 		-0.0033252549
0.024  		0.9951025928 		+0.0009594999
0.036  		0.9817937654 		+0.0086558540
0.048  		0.9520975764 		+0.0792127083
0.06  		0.9028065251 		+0.2067203068
0.072  		0.8347559011 		+0.3260057155
0.084  		0.7844378029 		+0.3792790557
0.096  		0.7458753010 		+0.3996332076
0.108  		0.7109890643 		+0.4241984358
0.12  		0.6581121561 		+0.4743555908
0.132  		0.6135785985 		+0.4946482185
0.144  		0.5799934111 		+0.4766119115
0.156  		0.5062909673 		+0.4681582546
0.168  		0.4127628849 		+0.4424860590
0.18  		0.3162671191 		+0.3963290195
0.192  		0.2547135707 		+0.3129422951
0.204  		0.2327557388 		+0.1943201874
0.216  		0.2265650865 		+0.0650587814
0.228  		0.2398296394 		-0.0683448793
0.24  		0.2798434508 		-0.1944776328
0.252  		0.3366683103 		-0.3030068091
0.264  		0.3908864948 		-0.3877357701
0.276  		0.4504924492 		-0.4216661432
0.288  		0.5194039969 		-0.3914044979
0.3  		0.5764957307 		-0.3421572314
0.312  		0.6060110205 		-0.3092091429
0.324  		0.6297933077 		-0.2922815669
0.336  		0.6643402534 		-0.2630061043
0.348  		0.7181562548 		-0.1806679416
0.36  		0.7652333484 		-0.0674083162
0.372  		0.7783374221 		+0.0418982539
0.384  		0.7594586846 		+0.1448795552
0.396  		0.6989829185 		+0.2392534441
0.408  		0.6131132532 		+0.3090090787
0.42  		0.5380049560 		+0.3196397137
0.432  		0.4939766113 		+0.2659992285
0.444  		0.4699167912 		+0.1774709067
0.456  		0.4424139699 		+0.1084931532
0.468  		0.4230588168 		+0.0479700211
0.48  		0.4118005815 		-0.0070525785
0.492  		0.4073063643 		-0.0610209760
0.504  		0.4079046647 		-0.1058980417
0.516  		0.4226806374 		-0.1123566602
0.528  		0.4431728633 		-0.1076853723
0.54  		0.4644441817 		-0.0956748227
0.552  		0.4737143350 		-0.0993809003
0.564  		0.4745855051 		-0.1013641525
0.576  		0.4757562941 		-0.0839641806
0.588  		0.4756502864 		-0.0554966295
0.6  		0.4762126774 		-0.0439203466
0.612  		0.4732416927 		-0.0496514834
0.624  		0.4729282392 		-0.0298734586
0.636  		0.4707729890 		+0.0165934664
0.648  		0.4613747894 		+0.0672268069
0.66  		0.4509480947 		+0.0828234333
0.672  		0.4333866040 		+0.0790762453
0.684  		0.4138371458 		+0.0725767042
0.696  		0.3926549103 		+0.0662973863
0.708  		0.3742235817 		+0.0537453219
0.72  		0.3580249098 		+0.0358588359
0.732  		0.3414233229 		+0.0227739570
0.744  		0.3291645982 		+0.0181120355
0.756  		0.3210905932 		+0.0382290983
0.768  		0.3165954645 		+0.0654648452
0.78  		0.3093326461 		+0.0936790807
0.792  		0.2925352059 		+0.1277424497
0.804  		0.2586707407 		+0.1713104017
0.816001  		0.2031227435 		+0.2162466114
0.828001  		0.1505220541 		+0.2335625297
0.840001  		0.1091139756 		+0.2305291274
0.852001  		0.0807197257 		+0.2164253701
0.864001  		0.0573954275 		+0.2014205350
0.876001  		0.0372886490 		+0.1877693443
0.888001  		0.0239052237 		+0.1684015525
0.900001  		0.0112547149 		+0.1397861907
0.912001  		-0.0002260335 		+0.0978948759
0.924001  		-0.0055345364 		+0.0454364055
0.936001  		0.0053770442 		-0.0093569918
0.948001  		0.0283550037 		-0.0566845936
0.960001  		0.0496557264 		-0.0952065048
0.972001  		0.0645877432 		-0.1274196754
0.984001  		0.0814928501 		-0.1585542996
0.996001  		0.1080178948 		-0.1890185771
1.008  		0.1422942978 		-0.2144463560
1.02  		0.1818040051 		-0.2252275101
1.032  		0.2327310905 		-0.1953219023
1.044  		0.2696218618 		-0.1307939822
1.056  		0.2721637537 		-0.0541846006
1.068  		0.2459275993 		-0.0042479588
1.08  		0.2157972564 		+0.0139257571
1.092  		0.1983013127 		+0.0251069032
1.104  		0.1986868049 		+0.0369612788
1.116  		0.2091530942 		+0.0564195694
1.128  		0.2214418895 		+0.0732853648
1.14  		0.2234953592 		+0.0972231580
1.152  		0.2086904830 		+0.1240290111
1.164  		0.1803596526 		+0.1415612960
1.176  		0.1540244171 		+0.1384675920
1.188  		0.1398292533 		+0.1159541760
