0  		1.0000000000 		-0.0000000000
0.012  		0.9992349762 		+0.0037239224
0.024  		0.9965349486 		+0.0151948997
0.036  		0.9931762682 		+0.0319540992
0.048  		0.9893796263 		+0.0544125401
0.06  		0.9799751538 		+0.0684669965
0.072  		0.9650409900 		+0.0950210370
0.084  		0.9527464769 		+0.1372362292
0.096  		0.9393328925 		+0.1672600798
0.108  		0.9145478209 		+0.1946267303
0.12  		0.8862566268 		+0.2308898052
0.132  		0.8596030819 		+0.2745747505
0.144  		0.8312599086 		+0.3128714020
0.156  		0.7945219341 		+0.3603593810
0.168  		0.7563924148 		+0.4017438588
0.18  		0.7121158540 		+0.4458528837
0.192  		0.6614643952 		+0.4924332972
0.204  		0.6003391864 		+0.5391834271
0.216  		0.5347006979 		+0.5741685238
0.228  		0.4758959368 		+0.5966522932
0.24  		0.4322499198 		+0.6026087205
0.252  		0.3897050448 		+0.5943335088
0.264  		0.3393670404 		+0.5824168322
0.276  		0.2936607108 		+0.5687003909
0.288  		0.2618594411 		+0.5444408118
0.3  		0.2468063044 		+0.5057698415
0.312  		0.2354691021 		+0.4643065170
0.324  		0.2254046976 		+0.4235915684
0.336  		0.2267434100 		+0.3772913864
0.348  		0.2333794766 		+0.3290531772
0.36  		0.2418860051 		+0.2808355302
0.372  		0.2509514453 		+0.2341033650
0.384  		0.2602453317 		+0.1900972162
0.396  		0.2705006133 		+0.1415611867
0.408  		0.2767701856 		+0.0914060453
0.42  		0.2816355104 		+0.0385685333
0.432  		0.2818775692 		-0.0167099442
0.444  		0.2712506108 		-0.0723890361
0.456  		0.2527031125 		-0.1185866623
0.468  		0.2271403343 		-0.1619940959
0.48  		0.1917607269 		-0.2005697609
0.492  		0.1527777477 		-0.2251706641
0.504  		0.1164448587 		-0.2360475016
0.516  		0.0815399910 		-0.2366716330
0.528  		0.0512618949 		-0.2281445918
0.54  		0.0245022885 		-0.2134024361
0.552  		0.0068429567 		-0.1933327031
0.564  		-0.0023085815 		-0.1725684324
0.576  		-0.0097106394 		-0.1543260507
0.588  		-0.0156767719 		-0.1382291231
0.6  		-0.0181282798 		-0.1258360887
0.612  		-0.0181501892 		-0.1194118091
0.624  		-0.0180119650 		-0.1180098618
0.636  		-0.0189617833 		-0.1191518290
0.648  		-0.0178590412 		-0.1224311199
0.66  		-0.0143798908 		-0.1275781003
0.672  		-0.0101116684 		-0.1329823412
0.684  		-0.0056558709 		-0.1376384475
0.696  		-0.0005567612 		-0.1412838243
0.708  		0.0035755695 		-0.1436849508
0.72  		0.0025971004 		-0.1454763055
0.732  		0.0022523244 		-0.1458604985
0.744  		0.0018638150 		-0.1435633103
0.756  		0.0008211759 		-0.1397860840
0.768  		-0.0040913309 		-0.1351292382
0.78  		-0.0099652335 		-0.1275208795
0.792  		-0.0107411687 		-0.1175782519
0.804  		-0.0080464754 		-0.1077751805
0.816001  		-0.0046129936 		-0.0990801615
0.828001  		0.0024462025 		-0.0929814166
0.840001  		0.0140012254 		-0.0913594622
0.852001  		0.0286080559 		-0.0948744900
0.864001  		0.0451058546 		-0.1032518702
0.876001  		0.0616853644 		-0.1161836892
0.888001  		0.0747855794 		-0.1338525882
0.900001  		0.0844146332 		-0.1553632982
0.912001  		0.0911523454 		-0.1800263430
0.924001  		0.0917681812 		-0.2058838060
0.936001  		0.0857765734 		-0.2285078301
0.948001  		0.0734500290 		-0.2480044409
0.960001  		0.0531345795 		-0.2641026601
0.972001  		0.0299189131 		-0.2698375065
0.984001  		0.0094153794 		-0.2633399649
0.996001  		-0.0099166341 		-0.2474924751
1.008  		-0.0263432714 		-0.2225839899
1.02  		-0.0361934701 		-0.1904035101
1.032  		-0.0328908483 		-0.1556444779
1.044  		-0.0219552054 		-0.1206129480
1.056  		-0.0052280030 		-0.0883759649
1.068  		0.0165542958 		-0.0615824556
1.08  		0.0429850030 		-0.0420049060
1.092  		0.0715495877 		-0.0316638625
1.104  		0.1002709150 		-0.0333841558
1.116  		0.1243439667 		-0.0500007486
1.128  		0.1375594734 		-0.0781971667
1.14  		0.1364603168 		-0.1137451989
1.152  		0.1179411032 		-0.1513451263
1.164  		0.0798459848 		-0.1817821402
1.176  		0.0258406243 		-0.1960651543
1.188  		-0.0377742724 		-0.1870731563
