0  		1.0000000000 		-0.0000000000
0.012  		0.9820198728 		+0.0646714042
0.024  		0.9909134639 		-0.0062796603
0.036  		0.9656959403 		+0.0903434182
0.048  		0.9420459403 		-0.0541638816
0.06  		0.9256697921 		-0.0144406269
0.072  		0.8899329580 		-0.0596086560
0.084  		0.8751671794 		-0.0577689213
0.096  		0.8527347235 		-0.0723594859
0.108  		0.8371461724 		-0.1335385616
0.12  		0.8217434044 		-0.1535764556
0.132  		0.8010556587 		-0.1449780659
0.144  		0.7711704519 		-0.1267746210
0.156  		0.7527693463 		-0.1157019099
0.168  		0.7309947973 		-0.0558409760
0.18  		0.6929253737 		-0.1182352020
0.192  		0.6563580872 		-0.0591446073
0.204  		0.5914322840 		-0.1160902668
0.216  		0.5542186125 		-0.0561716447
0.228  		0.4991596305 		-0.0186934204
0.24  		0.4698429991 		-0.0191146243
0.252  		0.4454546451 		+0.0441011920
0.264  		0.4468360840 		+0.0042673281
0.276  		0.4564316147 		+0.0692571193
0.288  		0.4707692456 		+0.0531491087
0.3  		0.4907455896 		+0.0707596951
0.312  		0.4927987414 		+0.0655434279
0.324  		0.4907700723 		+0.0000857256
0.336  		0.4627427554 		-0.0451234226
0.348  		0.4126183541 		-0.0827280806
0.36  		0.3551701672 		-0.0651562260
0.372  		0.2957064473 		-0.0310548354
0.384  		0.2437883767 		+0.0102373830
0.396  		0.2157306255 		+0.0333117195
0.408  		0.2056940262 		+0.0898092913
0.42  		0.2269985054 		+0.1211067990
0.432  		0.2416117316 		+0.1828434832
0.444  		0.2703645506 		+0.1969985108
0.456  		0.3205186192 		+0.1740843751
0.468  		0.3435980449 		+0.1476037800
0.48  		0.3668110980 		+0.0420285975
0.492  		0.3327406861 		+0.0309202209
0.504  		0.2686319423 		-0.0159956040
0.516  		0.2040481440 		-0.0084625337
0.528  		0.1435550373 		-0.0044848931
0.54  		0.1007562788 		-0.0026815627
0.552  		0.0659095973 		+0.0250639528
0.564  		0.0402907993 		+0.0650587409
0.576  		0.0181961993 		+0.1199755368
0.588  		0.0172394475 		+0.1694837242
0.6  		0.0443338676 		+0.2068139303
0.612  		0.1075524200 		+0.2202491266
0.624  		0.1705870649 		+0.2064182039
0.636  		0.2270498715 		+0.1412023951
0.648  		0.2238546254 		+0.0836507408
0.66  		0.1876473961 		+0.0187852503
0.672  		0.1416984178 		-0.0190652515
0.684  		0.0970087916 		-0.0365118130
0.696  		0.0493838791 		-0.0511035669
0.708  		0.0095469684 		-0.0319828626
0.72  		-0.0280080562 		+0.0103487522
0.732  		-0.0451798134 		+0.0663335785
0.744  		-0.0253860123 		+0.1235780268
0.756  		0.0448051686 		+0.1663842899
0.768  		0.1258729662 		+0.1704555460
0.78  		0.2146237064 		+0.1024322766
0.792  		0.2325041901 		+0.0375259493
0.804  		0.2015676008 		-0.0335955440
0.816001  		0.1534023294 		-0.0672281969
0.828001  		0.1079830991 		-0.0846336105
0.840001  		0.0646455939 		-0.0985167422
0.852001  		0.0115958727 		-0.1010613091
0.864001  		-0.0414620352 		-0.0771615404
0.876001  		-0.0843195420 		-0.0219129462
0.888001  		-0.0994991805 		+0.0519909420
0.900001  		-0.0797867155 		+0.1290059967
0.912001  		-0.0074008821 		+0.1979799380
0.924001  		0.0571896935 		+0.2255059468
0.936001  		0.1552825123 		+0.1899476375
0.948001  		0.1908215987 		+0.1461743877
0.960001  		0.2017270327 		+0.0782361040
0.972001  		0.1979209402 		+0.0203250846
0.984001  		0.1820514181 		-0.0210873825
0.996001  		0.1414188590 		-0.1065410228
1.008  		0.0758559750 		-0.1548990927
1.02  		-0.0461208416 		-0.1616696727
1.032  		-0.1438589162 		-0.0998354611
1.044  		-0.1923107746 		+0.0153633473
1.056  		-0.1680412064 		+0.1459556261
1.068  		-0.0806917360 		+0.2359558655
1.08  		0.0511926694 		+0.2630133442
1.092  		0.1651293301 		+0.2215893469
1.104  		0.2317690435 		+0.1523022900
1.116  		0.2545923413 		+0.0869096278
1.128  		0.2656403390 		+0.0082469601
1.14  		0.2582124334 		-0.0563475523
1.152  		0.1986510838 		-0.1714866848
1.164  		0.1045534568 		-0.2343238204
1.176  		-0.0578477764 		-0.2375027157
1.188  		-0.1973095442 		-0.1524521814
