0  		1.0000000000 		+0.0000000000
0.012  		0.8450666853 		-0.3733387092
0.024  		-0.0392059746 		-0.6189014340
0.036  		-0.1706621483 		+0.5312195796
0.048  		0.6377778667 		+0.5281345958
0.06  		0.5658272795 		-0.1067412187
0.072  		0.2585915889 		+0.2080839654
0.084  		0.1412055357 		+0.2436623414
0.096  		-0.0068645285 		+0.2398977164
0.108  		0.0258750945 		+0.1725870780
0.12  		0.0780997596 		+0.0542880951
0.132  		0.0562507550 		-0.0201222993
0.144  		0.0457114949 		-0.1012386473
0.156  		-0.0324972762 		-0.1386323940
0.168  		0.0105557673 		-0.1349684366
0.18  		-0.0084205120 		-0.0980437242
0.192  		0.0358737573 		+0.0034702700
0.204  		0.0973125358 		+0.0301061803
0.216  		0.0820554537 		-0.0380859683
0.228  		0.0042601985 		+0.0208588622
0.24  		0.0188185103 		+0.0713685027
0.252  		0.0393646775 		+0.0644484173
0.264  		0.0368487991 		+0.0517021239
0.276  		0.0405361346 		-0.0052837424
0.288  		0.0047966928 		-0.0164608100
0.3  		-0.0197407457 		-0.0284944869
0.312  		-0.0454797797 		-0.0015555132
0.324  		-0.0353284479 		-0.0116403780
0.336  		-0.0184715169 		-0.0202079505
0.348  		-0.0014127765 		-0.0161204951
0.36  		0.0073040553 		-0.0086812063
0.372  		0.0043451055 		+0.0020349016
0.384  		0.0060165309 		-0.0025192039
0.396  		-0.0131474478 		-0.0108303883
0.408  		-0.0184601950 		+0.0037798240
0.42  		-0.0138306188 		+0.0023470051
0.432  		-0.0044487523 		+0.0049604712
0.444  		0.0010193286 		+0.0005323554
0.456  		-0.0021123473 		-0.0006315746
0.468  		-0.0036112755 		+0.0019676445
0.48  		-0.0036529001 		+0.0033574465
0.492  		-0.0083341519 		+0.0005260918
0.504  		-0.0135650217 		+0.0021025764
0.516  		-0.0233171142 		+0.0047247800
0.528  		-0.0009250265 		+0.0285353109
0.54  		0.0202575746 		-0.0021443396
0.552  		-0.0099450989 		-0.0177948661
0.564  		-0.0199419625 		+0.0097985893
0.576  		-0.0069917261 		+0.0170409934
0.588  		-0.0026595208 		+0.0118075778
0.6  		0.0026229394 		+0.0040697647
0.612  		-0.0006784098 		+0.0027219849
0.624  		0.0036125376 		+0.0008549342
0.636  		0.0007693937 		-0.0025060027
0.648  		0.0012783811 		+0.0011569579
0.66  		0.0025613928 		-0.0003806999
0.672  		0.0022018889 		-0.0012927041
0.684  		0.0003637485 		-0.0019812960
0.696  		-0.0011657966 		+0.0001137417
0.708  		0.0004842912 		+0.0004043365
0.72  		0.0004480799 		-0.0010839730
0.732  		-0.0016994132 		-0.0000932035
0.744  		-0.0020429810 		+0.0009947917
0.756  		-0.0016441921 		+0.0029512993
0.768  		-0.0025919040 		+0.0042864195
0.78  		0.0002400018 		+0.0101516263
0.792  		0.0117268165 		-0.0000364806
0.804  		-0.0052889879 		-0.0047145048
0.816001  		-0.0074140337 		+0.0112836369
0.828001  		0.0060412329 		+0.0133153438
0.840001  		0.0089512820 		+0.0095983904
0.852001  		0.0082976337 		-0.0037041800
0.864001  		-0.0015295685 		+0.0006546311
0.876001  		0.0054653363 		+0.0108198083
0.888001  		0.0172108190 		-0.0040997331
0.900001  		0.0107253921 		-0.0010081237
0.912001  		0.0177629397 		+0.0023942103
0.924001  		0.0249500521 		+0.0031508504
0.936001  		0.0345395723 		-0.0060942256
0.948001  		-0.0093631432 		-0.0312451137
0.960001  		-0.0137779964 		+0.0101715029
0.972001  		0.0189289806 		+0.0116603146
0.984001  		0.0080819641 		-0.0222090431
0.996001  		-0.0086101803 		-0.0221082030
1.008  		-0.0207582824 		-0.0121916494
1.02  		-0.0129615922 		-0.0000527538
1.032  		-0.0163638080 		-0.0158643713
1.044  		-0.0205358225 		+0.0110192274
1.056  		0.0011266237 		+0.0064325693
1.068  		-0.0077617762 		-0.0056161958
1.08  		-0.0080168805 		+0.0029204404
1.092  		-0.0042307575 		+0.0047846618
1.104  		0.0023379678 		+0.0022164703
1.116  		0.0000237327 		-0.0007998751
1.128  		0.0002256770 		+0.0004835498
1.14  		0.0004112579 		-0.0017914190
1.152  		-0.0026029576 		-0.0012147829
1.164  		-0.0037524667 		-0.0009084967
1.176  		-0.0043281335 		+0.0010771814
1.188  		-0.0060751632 		+0.0002238831
