0  		1.0000000000 		-0.0000000000
0.012  		0.9855808841 		+0.0957533180
0.024  		0.9071411702 		+0.1090941288
0.036  		0.8862910434 		-0.2613759630
0.048  		0.9421641309 		-0.1551433591
0.06  		0.8996760983 		+0.0084720938
0.072  		0.8225313765 		+0.2107252656
0.084  		0.7196834344 		+0.3052543197
0.096  		0.7485159512 		+0.1679525601
0.108  		0.6891019309 		+0.2542459584
0.12  		0.6503921134 		+0.1370494652
0.132  		0.6287479739 		+0.0988941060
0.144  		0.5756440285 		+0.1273688472
0.156  		0.5446635562 		+0.0816076882
0.168  		0.4626043752 		+0.1405103471
0.18  		0.3797717479 		-0.0045591001
0.192  		0.3069294826 		-0.0171836397
0.204  		0.2170403118 		+0.0280747254
0.216  		0.1416888240 		+0.0302027448
0.228  		0.0795420502 		+0.0173866091
0.24  		0.0320048073 		-0.0240536982
0.252  		-0.0016745096 		-0.0237595416
0.264  		-0.0206954493 		-0.0124901701
0.276  		-0.0297054751 		+0.0039505451
0.288  		-0.0279565041 		+0.0215806815
0.3  		-0.0010641125 		+0.0487197292
0.312  		0.0269240063 		+0.0745538401
0.324  		0.0651252206 		+0.1047024949
0.336  		0.1104355373 		+0.1494550102
0.348  		0.1008275423 		+0.2306268133
0.36  		0.1119994793 		+0.2985132906
0.372  		0.0270889672 		+0.3500803404
0.384  		0.0682864515 		+0.3177490195
0.396  		0.1237045417 		+0.2971490163
0.408  		0.0693101406 		+0.2837004272
0.42  		0.0364289046 		+0.2324937104
0.432  		-0.0058876916 		+0.1586872478
0.444  		0.0353215207 		+0.0849601613
0.456  		0.0407498495 		+0.0435279943
0.468  		0.0251317223 		+0.0176616948
0.48  		0.0254473222 		-0.0057961863
0.492  		0.0365646222 		-0.0158607841
0.504  		0.0353862041 		-0.0425697060
0.516  		0.0419176473 		-0.0741541916
0.528  		0.0616973141 		-0.0888435605
0.54  		0.0585914542 		-0.0939505934
0.552  		0.0595338577 		-0.0817727331
0.564  		0.0373598443 		-0.0942790921
0.576  		0.0568962632 		-0.0947886312
0.588  		0.0676308790 		-0.0677081258
0.6  		0.0556986355 		-0.0459545672
0.612  		0.0514174224 		-0.0151815451
0.624  		0.0449460333 		+0.0050456362
0.636  		0.0190420853 		+0.0290962321
0.648  		-0.0027018231 		+0.0192948834
0.66  		-0.0098864334 		+0.0095238686
0.672  		-0.0164127953 		-0.0056147146
0.684  		-0.0128907696 		-0.0309821889
0.696  		0.0208788405 		-0.0493805259
0.708  		0.0266193507 		-0.0539751251
0.72  		0.0125360331 		-0.0727965996
0.732  		0.0185512479 		-0.0915663164
0.744  		0.0233852057 		-0.1000737755
0.756  		0.0360464343 		-0.0810515388
0.768  		0.0055285329 		-0.0717951425
0.78  		-0.0230363751 		-0.0759534477
0.792  		-0.0266163216 		-0.0850453071
0.804  		-0.0336898638 		-0.0710745275
0.816001  		-0.0175732652 		-0.0491149751
0.828001  		-0.0157856080 		-0.0260178020
0.840001  		-0.0077082251 		-0.0144316381
0.852001  		-0.0015032823 		-0.0005288651
0.864001  		0.0021771989 		+0.0057189337
0.876001  		0.0050472907 		+0.0021384589
0.888001  		0.0126492969 		-0.0094829956
0.900001  		0.0381720062 		-0.0164281594
0.912001  		0.0564205233 		-0.0101858941
0.924001  		0.0572092583 		-0.0219326615
0.936001  		0.0574499588 		-0.0204807978
0.948001  		0.0648911439 		-0.0188441680
0.960001  		0.0549090823 		+0.0108135734
0.972001  		0.0289642368 		+0.0111920010
0.984001  		0.0162010733 		+0.0028687009
0.996001  		0.0105787848 		+0.0019332581
1.008  		0.0068895801 		+0.0011485797
1.02  		0.0037522612 		+0.0009802426
1.032  		0.0023048562 		-0.0005393789
1.044  		0.0012519161 		-0.0026083526
1.056  		0.0002136269 		-0.0062113110
1.068  		-0.0040204998 		-0.0107180130
1.08  		-0.0045229022 		-0.0154270124
1.092  		-0.0070711437 		-0.0177058986
1.104  		-0.0101976398 		-0.0300005118
1.116  		0.0033135752 		-0.0428809717
1.128  		0.0035642282 		-0.0441363973
1.14  		0.0109297853 		-0.0359912479
1.152  		0.0069050041 		-0.0382375843
1.164  		0.0264649159 		-0.0432754959
1.176  		0.0379197412 		-0.0236838881
1.188  		0.0269936244 		-0.0185710576
