0  		1.0000000000 		+0.0000000000
0.012  		0.9889010388 		-0.0284669171
0.024  		0.9613736204 		-0.0432443532
0.036  		0.9126359293 		-0.1929783326
0.048  		0.8135479259 		-0.3083082570
0.06  		0.6964046598 		-0.3536041390
0.072  		0.5710831874 		-0.3228706311
0.084  		0.4274376410 		-0.2257701428
0.096  		0.3597030346 		-0.0192816226
0.108  		0.3895960073 		+0.2181620202
0.12  		0.5015961211 		+0.3770498377
0.132  		0.6312348842 		+0.4173696432
0.144  		0.7446255660 		+0.3069388338
0.156  		0.8024182050 		+0.0550684101
0.168  		0.7654363611 		-0.2326724275
0.18  		0.6041937383 		-0.4498494304
0.192  		0.4447955994 		-0.4735453529
0.204  		0.2529621875 		-0.3745642135
0.216  		0.1293015748 		-0.1598804832
0.228  		0.1018548800 		+0.0946481644
0.24  		0.1686198908 		+0.2917854550
0.252  		0.3129189306 		+0.3498113128
0.264  		0.4391873546 		+0.2753381678
0.276  		0.4771150269 		+0.1829603751
0.288  		0.5094141417 		+0.0565045603
0.3  		0.5059190295 		-0.0377122062
0.312  		0.4892143005 		-0.0492873300
0.324  		0.4580646548 		-0.0727824500
0.336  		0.4357916436 		-0.0971992887
0.348  		0.4050251809 		-0.1175584404
0.36  		0.3684498086 		-0.1493880471
0.372  		0.3043204816 		-0.2025527440
0.384  		0.2290054519 		-0.2229297745
0.396  		0.1769246877 		-0.1886076216
0.408  		0.1399082314 		-0.1502318782
0.42  		0.1417965892 		-0.1061458750
0.432  		0.1589683250 		-0.0690387983
0.444  		0.1710921490 		-0.0413800032
0.456  		0.1695276398 		-0.0360758445
0.468  		0.1568531066 		-0.0559888895
0.48  		0.1388288787 		-0.0748010133
0.492  		0.1145504597 		-0.1041030711
0.504  		0.0879279140 		-0.1201634104
0.516  		0.0678575179 		-0.1097508544
0.528  		0.0371916766 		-0.0784302679
0.54  		-0.0034569137 		-0.0223264088
0.552  		-0.0329308611 		+0.0618202101
0.564  		-0.0522066426 		+0.1472295715
0.576  		-0.0327294343 		+0.2211143680
0.588  		0.0340029635 		+0.2673632685
0.6  		0.1050676015 		+0.2772635004
0.612  		0.1889509413 		+0.2530620398
0.624  		0.2359610520 		+0.2321857284
0.636  		0.2429804694 		+0.2293882248
0.648  		0.2096506669 		+0.2501981385
0.66  		0.1847461085 		+0.2583202688
0.672  		0.1644080936 		+0.2744615081
0.684  		0.1347067125 		+0.2912336803
0.696  		0.1287347566 		+0.2984328259
0.708  		0.1292387206 		+0.2994254337
0.72  		0.1202819746 		+0.3070687607
0.732  		0.0768374724 		+0.3163447060
0.744  		0.0256054419 		+0.3375177991
0.756  		-0.0008198080 		+0.3693148426
0.768  		-0.0275003967 		+0.4035556721
0.78  		0.0160081348 		+0.4140538050
0.792  		0.1186365126 		+0.4041130496
0.804  		0.2410893640 		+0.3413433451
0.816001  		0.3383338353 		+0.2106338298
0.828001  		0.3369292719 		+0.0588681980
0.840001  		0.2485976202 		-0.0403116817
0.852001  		0.1115233059 		-0.0611027630
0.864001  		-0.0454148737 		-0.0414529379
0.876001  		-0.1704661823 		+0.0439953847
0.888001  		-0.2227362162 		+0.1556882714
0.900001  		-0.1830367856 		+0.2579162996
0.912001  		-0.0985767810 		+0.3159618115
0.924001  		-0.0006444233 		+0.3416135927
0.936001  		0.0876540742 		+0.3309110558
0.948001  		0.1494517736 		+0.2926456960
0.960001  		0.1661518181 		+0.2539327918
0.972001  		0.1484334439 		+0.2391497248
0.984001  		0.1408300799 		+0.2236606124
0.996001  		0.1363212272 		+0.2176942597
1.008  		0.1344661465 		+0.2086007987
1.02  		0.1349775216 		+0.1963853516
1.032  		0.1448939803 		+0.1717348032
1.044  		0.1580780344 		+0.1423488068
1.056  		0.1489277866 		+0.1299167545
1.068  		0.1432209643 		+0.1109218644
1.08  		0.1376317650 		+0.0960654274
1.092  		0.1402408185 		+0.0788658673
1.104  		0.1486472729 		+0.0380050572
1.116  		0.1389299691 		-0.0269247088
1.128  		0.1036008010 		-0.0785414057
1.14  		0.0606242462 		-0.1003805845
1.152  		0.0098887012 		-0.0950348362
1.164  		-0.0180973730 		-0.0581251668
1.176  		-0.0152299007 		-0.0120339402
1.188  		0.0092574918 		+0.0310363205
