0  		1.0000000000 		+0.0000000000
0.03  		0.9985731764 		+0.0018848946
0.06  		0.9792892989 		+0.0117441085
0.09  		0.9780295914 		-0.0120700217
0.12  		0.9651644978 		-0.0654342973
0.15  		0.9524050318 		+0.0669977049
0.18  		0.8792361807 		+0.1409905526
0.21  		0.7290521216 		+0.1303275455
0.24  		0.5446982885 		+0.2689436280
0.27  		0.3944824069 		+0.2496962621
0.3  		0.3868949702 		+0.0569944995
0.33  		0.2790393522 		-0.0272671817
0.36  		0.0554421079 		-0.1024121252
0.39  		-0.1802176075 		-0.2013637068
0.42  		-0.3273194845 		-0.2043655364
0.45  		-0.3183637917 		-0.1413220595
0.48  		-0.1674329261 		+0.0040366101
0.51  		0.0498382449 		+0.0540121705
0.54  		0.2076916270 		+0.0299294830
0.57  		0.3273912132 		-0.0125518897
0.6  		0.4041457057 		+0.0384744043
0.63  		0.3813879491 		+0.1071655192
0.66  		0.3253418602 		+0.0623687587
0.69  		0.3138989872 		-0.0164458874
0.72  		0.3367658850 		-0.0708700413
0.75  		0.3758176767 		-0.0832235324
0.78  		0.3830150182 		-0.1016595738
0.81  		0.4169631795 		-0.0373434601
0.84  		0.4366028867 		+0.1228857821
0.87  		0.3938696234 		+0.2069983142
0.9  		0.4021868506 		+0.1411067772
0.93  		0.3959026029 		+0.0627680302
0.96  		0.3633156746 		+0.0131085154
0.99  		0.2997168068 		+0.0147789798
1.02  		0.2186769544 		+0.0691672011
1.05  		0.1597898526 		+0.0693008559
1.08  		0.1110144658 		+0.0433658945
1.11  		0.0475824348 		+0.0103145490
1.14  		-0.0009680033 		-0.0253837459
1.17  		-0.0315772291 		-0.0193049334
1.2  		-0.0298771328 		-0.0064917887
1.23  		-0.0179871175 		+0.0003406160
1.26  		-0.0071848178 		+0.0053046069
1.29  		0.0008492283 		+0.0055334363
1.32  		0.0060609574 		+0.0002315187
1.35  		0.0075720408 		-0.0079015560
1.38  		0.0048468771 		-0.0126759742
1.41  		-0.0009145996 		-0.0110633666
1.44  		-0.0051039064 		-0.0011209554
1.47  		0.0013174860 		+0.0114786817
1.5  		0.0171540946 		+0.0157896615
1.53  		0.0361421417 		+0.0036525122
1.56  		0.0379985452 		-0.0280398834
1.59  		0.0199029481 		-0.0438555337
1.62  		0.0006540198 		-0.0308592870
1.65  		-0.0041601522 		+0.0070279891
1.68  		0.0026773500 		+0.0365755522
1.71  		0.0082474131 		+0.0456169157
1.74  		0.0386762986 		+0.0200268094
1.77  		0.0509290591 		-0.0257027494
1.8  		0.0295508234 		-0.0493444251
1.83  		-0.0144011186 		-0.0356766724
1.86  		-0.0339002056 		-0.0026490454
1.89  		-0.0287381504 		+0.0211721934
1.92  		-0.0125294500 		+0.0274247314
1.95  		0.0032811121 		+0.0200869321
1.98  		0.0104279129 		+0.0086272995
2.01  		0.0081462859 		-0.0014549276
2.04  		0.0037086349 		-0.0058374719
2.07  		0.0052897492 		-0.0081243550
2.1  		0.0121658872 		-0.0078342421
2.13  		0.0154857357 		-0.0132709296
2.16  		0.0169174869 		-0.0288781127
2.19  		0.0265056726 		-0.0489415057
2.22  		0.0339494790 		-0.0630270322
2.25  		0.0255321783 		-0.0664481497
2.28  		0.0326558612 		-0.0484008918
2.31  		0.0355034132 		-0.0377208801
2.34  		0.0330062663 		-0.0357879792
2.37  		0.0246194065 		-0.0380235937
2.4  		0.0119481645 		-0.0430229440
2.43  		0.0150892992 		-0.0502117753
2.46  		0.0299186532 		-0.0632481405
2.49  		0.0100088431 		-0.0805387763
2.52  		-0.0305783356 		-0.0777795276
2.55  		-0.0376861155 		-0.0536576058
2.58  		-0.0300136539 		-0.0156223500
2.61  		-0.0120735047 		+0.0269107364
2.64  		0.0144371453 		+0.0517495702
2.67  		0.0318826805 		+0.0525736062
2.7  		0.0291670873 		+0.0332090832
2.73  		0.0132618972 		+0.0116984328
2.76  		-0.0073522438 		+0.0017173462
2.79  		-0.0195845030 		+0.0042500177
2.82  		-0.0208896162 		+0.0081963445
2.85  		-0.0189672809 		+0.0072198347
2.88  		-0.0160901126 		+0.0069590149
2.91  		-0.0118286958 		+0.0118438754
2.94  		-0.0088714199 		+0.0146501062
2.97  		-0.0047790361 		+0.0159703709
