0  		1.0000000000 		+0.0000000000
0.03  		0.9994252827 		+0.0126840396
0.06  		0.9967661455 		+0.0335391596
0.09  		0.8887195060 		+0.0517179427
0.12  		0.4472233895 		+0.1645525379
0.15  		0.4705422322 		-0.1874435199
0.18  		0.7942894312 		-0.0714678993
0.21  		0.7914776617 		-0.1392354200
0.24  		0.7663690780 		+0.1044759887
0.27  		0.6941703744 		+0.0655470780
0.3  		0.5070116695 		+0.2334786585
0.33  		0.3261782176 		+0.2583577397
0.36  		-0.1249955458 		+0.1420445617
0.39  		0.2358490901 		+0.0708011902
0.42  		0.4411325377 		+0.1857393975
0.45  		0.3803247815 		-0.0546324016
0.48  		0.4967508363 		-0.0160168665
0.51  		0.1784218406 		-0.2019341177
0.54  		0.0761453643 		-0.0760525776
0.57  		-0.0414524765 		-0.0042421199
0.6  		-0.0830146774 		+0.0251416458
0.63  		-0.0741747008 		+0.0835644506
0.66  		-0.0975741747 		+0.1561726077
0.69  		0.0264005142 		+0.2146421030
0.72  		0.0817957537 		+0.1716847843
0.75  		0.0850847387 		+0.0744345591
0.78  		0.0846561877 		+0.0481321047
0.81  		-0.0145397612 		-0.0148600838
0.84  		0.0097680841 		-0.0482548694
0.87  		-0.0076462634 		-0.1083921803
0.9  		-0.0623768257 		-0.0798299687
0.93  		-0.0849637373 		-0.0265057807
0.96  		-0.0589306961 		+0.0121080431
0.99  		-0.0291087227 		+0.0000152281
1.02  		-0.0080140915 		-0.0022610278
1.05  		0.0074057505 		-0.0064244169
1.08  		0.0274359025 		-0.0110642183
1.11  		0.0404708497 		-0.0261310077
1.14  		0.0456924237 		-0.0489233678
1.17  		0.0407729707 		-0.0698899226
1.2  		0.0272456067 		-0.0722472156
1.23  		0.0397888719 		-0.0696992536
1.26  		0.0338732843 		-0.0577150262
1.29  		0.0233989161 		-0.0002824848
1.32  		0.0069361289 		+0.0020718003
1.35  		0.0510957436 		-0.0096223356
1.38  		0.0364244833 		-0.0088569615
1.41  		0.0269829491 		-0.0190223508
1.44  		-0.0001132414 		-0.0492026344
1.47  		-0.0315842041 		-0.0664545092
1.5  		-0.0207823294 		-0.0507946895
1.53  		0.0065364346 		-0.0172988255
1.56  		0.0094793605 		+0.0048134667
1.59  		0.0239689539 		+0.0279334967
1.62  		0.0079379882 		+0.0341543883
1.65  		0.0163127784 		+0.0538719124
1.68  		-0.0079815721 		+0.0315110414
1.71  		-0.0109195391 		+0.0290645421
1.74  		-0.0054373368 		+0.0041543839
1.77  		-0.0005767402 		+0.0068197655
1.8  		-0.0079006048 		+0.0035903960
1.83  		0.0028843420 		+0.0057058452
1.86  		0.0183846456 		+0.0057431833
1.89  		0.0302942605 		-0.0135609679
1.92  		0.0385957394 		-0.0199238371
1.95  		0.0393552151 		-0.0413230024
1.98  		0.0127679459 		-0.0189924339
2.01  		-0.0011544555 		-0.0176401571
2.04  		0.0082467951 		-0.0273321618
2.07  		-0.0018566148 		-0.0192083345
2.1  		-0.0002389575 		-0.0103415551
2.13  		0.0000824928 		-0.0049705569
2.16  		0.0001021108 		-0.0026544648
2.19  		-0.0005515354 		-0.0017071907
2.22  		-0.0011672245 		-0.0007792784
2.25  		-0.0008537211 		+0.0004767142
2.28  		0.0006530788 		+0.0007788277
2.31  		0.0009274551 		-0.0010070509
2.34  		-0.0018353550 		-0.0010291325
2.37  		-0.0026888784 		+0.0015145252
2.4  		-0.0004336045 		+0.0029952736
2.43  		0.0004320019 		+0.0020360252
2.46  		0.0001936932 		+0.0010169544
2.49  		-0.0004511864 		+0.0000732175
2.52  		0.0007867271 		+0.0000190630
2.55  		0.0006318700 		-0.0003503239
2.58  		-0.0001892318 		-0.0005634529
2.61  		-0.0006545689 		-0.0004283356
2.64  		-0.0005839328 		+0.0004222250
2.67  		-0.0000451978 		-0.0004114899
2.7  		-0.0026085759 		-0.0019098935
2.73  		-0.0057583691 		-0.0023908250
2.76  		-0.0022962874 		+0.0016260111
2.79  		0.0040494071 		+0.0005918687
2.82  		0.0081287703 		-0.0027958828
2.85  		0.0097880912 		+0.0025731075
2.88  		0.0104736589 		+0.0019905275
2.91  		0.0065008123 		+0.0043722911
2.94  		-0.0007785990 		-0.0027190065
2.97  		0.0040489440 		+0.0002420880
