0  		1.0000000000 		+0.0000000000
0.03  		0.9993182314 		-0.0023311934
0.06  		0.9886818915 		-0.0428016829
0.09  		0.9712378595 		+0.0164570852
0.12  		0.9519026336 		-0.1089450118
0.15  		0.9680704330 		-0.0491078341
0.18  		0.9485453665 		+0.0443715068
0.21  		0.9365376979 		+0.1695131415
0.24  		0.8863102876 		+0.1995139413
0.27  		0.8452767257 		-0.0692616204
0.3  		0.7695100190 		-0.1913083310
0.33  		0.6927161627 		-0.2327455279
0.36  		0.6889251675 		+0.0620369366
0.39  		0.6620682677 		+0.1427830175
0.42  		0.6668176379 		+0.1389427287
0.45  		0.6296901241 		+0.1525362884
0.48  		0.5531245348 		+0.1902074010
0.51  		0.4311885856 		+0.2165162785
0.54  		0.3176192466 		+0.2932183827
0.57  		0.1645683042 		+0.4108703350
0.6  		0.1210492863 		+0.4517435107
0.63  		0.0801628439 		+0.4542388601
0.66  		-0.0087128984 		+0.3936950475
0.69  		-0.0633657101 		+0.2632057658
0.72  		-0.0442355692 		+0.1168876924
0.75  		0.0415991366 		+0.0196987664
0.78  		0.0978060753 		-0.0457664053
0.81  		0.1217829028 		-0.0641744208
0.84  		0.1294626231 		-0.0386955783
0.87  		0.1191559327 		+0.0052076749
0.9  		0.0982328978 		+0.0188502202
0.93  		0.0708065778 		+0.0266216333
0.96  		0.0531734699 		+0.0224910712
0.99  		0.0403625728 		+0.0251295125
1.02  		0.0390010001 		+0.0121359844
1.05  		0.0312801569 		+0.0035259761
1.08  		0.0201631177 		-0.0029459972
1.11  		0.0091161685 		-0.0049521904
1.14  		0.0009114013 		-0.0038495698
1.17  		-0.0034651685 		-0.0015722067
1.2  		-0.0032657386 		+0.0012279832
1.23  		-0.0019822518 		+0.0018508099
1.26  		-0.0030990417 		+0.0021860463
1.29  		-0.0049088761 		+0.0055380675
1.32  		-0.0038536715 		+0.0110901323
1.35  		-0.0014427214 		+0.0127685843
1.38  		0.0017191709 		+0.0113540661
1.41  		0.0016565020 		+0.0131395782
1.44  		-0.0010250983 		+0.0230082555
1.47  		-0.0123089198 		+0.0338908729
1.5  		-0.0222182847 		+0.0287340636
1.53  		-0.0196197740 		+0.0121938837
1.56  		-0.0101983226 		-0.0011188994
1.59  		-0.0020887238 		-0.0033465894
1.62  		0.0006725300 		-0.0013302033
1.65  		0.0003490605 		-0.0000778415
1.68  		-0.0000916518 		-0.0000592970
1.71  		-0.0001703787 		-0.0001839391
1.74  		-0.0004219560 		-0.0000722899
1.77  		-0.0007028933 		+0.0001656354
1.8  		-0.0010420645 		+0.0012213336
1.83  		-0.0014795746 		+0.0033459407
1.86  		-0.0025316692 		+0.0048253298
1.89  		-0.0027099852 		+0.0043730997
1.92  		-0.0020045183 		+0.0022000260
1.95  		-0.0005968834 		-0.0000338139
1.98  		-0.0007178773 		-0.0006742025
2.01  		-0.0038381736 		+0.0003810748
2.04  		-0.0059297625 		+0.0014643084
2.07  		-0.0051296536 		+0.0017351339
2.1  		-0.0032083293 		+0.0001948404
2.13  		-0.0010498702 		-0.0002137239
2.16  		0.0001653341 		+0.0003546774
2.19  		0.0004461089 		+0.0007501551
2.22  		0.0001563098 		+0.0008556904
2.25  		-0.0001987930 		+0.0006987645
2.28  		-0.0002815715 		+0.0004690127
2.31  		-0.0002459264 		+0.0002315172
2.34  		-0.0001727288 		+0.0000489989
2.37  		-0.0001113410 		-0.0000880943
2.4  		-0.0000889008 		-0.0001859128
2.43  		-0.0000747974 		-0.0003150850
2.46  		0.0000732770 		-0.0003062467
2.49  		0.0000170842 		-0.0000118332
2.52  		-0.0002864366 		+0.0002230119
2.55  		-0.0003111792 		+0.0001038340
2.58  		0.0001122179 		+0.0003819250
2.61  		-0.0000389463 		+0.0011513542
2.64  		-0.0009050251 		+0.0010271869
2.67  		-0.0009931987 		+0.0001880168
2.7  		-0.0005020761 		-0.0001533221
2.73  		-0.0000516271 		-0.0001183836
2.76  		0.0001669377 		+0.0001155134
2.79  		0.0001531806 		+0.0003040973
2.82  		0.0000323140 		+0.0003161057
2.85  		-0.0000695876 		+0.0001944607
2.88  		-0.0000727747 		+0.0000809995
2.91  		-0.0000436285 		+0.0000317735
2.94  		-0.0000230218 		+0.0000135351
2.97  		-0.0000102228 		+0.0000041853
