0  		1.0000000000 		-0.0000000000
0.03  		0.9920410552 		+0.0028048760
0.06  		0.9972929082 		+0.0023475092
0.09  		0.9897414178 		+0.0332310634
0.12  		0.9602121877 		-0.0896996361
0.15  		0.9090226073 		-0.1877728800
0.18  		0.8964995935 		-0.1324344710
0.21  		0.8809002356 		+0.0444529732
0.24  		0.8437786639 		+0.1144325730
0.27  		0.7864025424 		+0.0837545344
0.3  		0.7115073245 		+0.1631582886
0.33  		0.6452780975 		-0.0449759705
0.36  		0.4957190845 		-0.2343481071
0.39  		0.3607463974 		-0.4520560166
0.42  		0.1515940255 		-0.6590764413
0.45  		0.1297304727 		-0.6152724174
0.48  		0.1771018521 		-0.3730836533
0.51  		0.2159893640 		-0.0925554531
0.54  		0.3878080070 		+0.1397192339
0.57  		0.5685485215 		+0.2306312304
0.6  		0.6607684904 		+0.2133427027
0.63  		0.6681425774 		+0.0020100826
0.66  		0.5504656390 		-0.1514385466
0.69  		0.4314169542 		-0.1374593748
0.72  		0.3591179843 		-0.0879331431
0.75  		0.3593310659 		+0.0058437394
0.78  		0.3847064558 		+0.0170428129
0.81  		0.3666362198 		-0.0373363652
0.84  		0.3097717893 		-0.1012974368
0.87  		0.2513168504 		-0.1488365970
0.9  		0.2158672685 		-0.1260434684
0.93  		0.1907459143 		-0.0679935210
0.96  		0.1787847592 		-0.0042994439
0.99  		0.1898772483 		+0.0134968897
1.02  		0.2122812110 		+0.0020717951
1.05  		0.2205553578 		-0.0586660927
1.08  		0.2058026321 		-0.1078574491
1.11  		0.1926434459 		-0.1055311212
1.14  		0.1411285938 		-0.0813472962
1.17  		0.0942216330 		-0.0158613556
1.2  		0.0783783872 		+0.0721033783
1.23  		0.0939104206 		+0.1452517162
1.26  		0.0981126308 		+0.1657179617
1.29  		0.0888746864 		+0.1319865981
1.32  		0.1074420612 		+0.0787497270
1.35  		0.1263660308 		+0.0779991409
1.38  		0.1468066936 		+0.1064056975
1.41  		0.1229406031 		+0.1550929134
1.44  		0.1139169077 		+0.1619025479
1.47  		0.0939171319 		+0.1757705027
1.5  		0.0494213748 		+0.1976868090
1.53  		0.0495425722 		+0.1902764756
1.56  		0.0512745803 		+0.1793950034
1.59  		0.0596180843 		+0.1682046856
1.62  		0.0500383381 		+0.1562584685
1.65  		0.0471770914 		+0.1367548735
1.68  		0.0548319712 		+0.1233970595
1.71  		0.0498282518 		+0.1232038360
1.74  		0.0398268334 		+0.1181749805
1.77  		0.0381822012 		+0.0927278861
1.8  		0.0238407786 		+0.0702548261
1.83  		0.0124218785 		+0.0562135517
1.86  		0.0053297968 		+0.0562259176
1.89  		0.0044092440 		+0.0653878855
1.92  		-0.0004621919 		+0.0751294841
1.95  		-0.0107679957 		+0.0802040784
1.98  		-0.0188692189 		+0.0740610807
2.01  		-0.0218563919 		+0.0604927967
2.04  		-0.0167500675 		+0.0503039912
2.07  		-0.0073371813 		+0.0437512076
2.1  		-0.0027360751 		+0.0360594467
2.13  		-0.0019582070 		+0.0261235089
2.16  		-0.0023706784 		+0.0159952074
2.19  		-0.0022255514 		+0.0088774018
2.22  		-0.0019310935 		+0.0050610582
2.25  		0.0004716026 		+0.0036691270
2.28  		0.0034986131 		+0.0026744903
2.31  		0.0046729451 		+0.0008993892
2.34  		0.0032705353 		-0.0002465042
2.37  		0.0022557834 		-0.0003568058
2.4  		0.0029986130 		-0.0007961739
2.43  		0.0042185288 		+0.0005735561
2.46  		0.0034503845 		+0.0014560108
2.49  		0.0013518888 		+0.0011685841
2.52  		-0.0009598377 		+0.0008226292
2.55  		-0.0039924676 		+0.0014473325
2.58  		-0.0081944433 		+0.0000043897
2.61  		-0.0110280955 		-0.0018155650
2.64  		-0.0117837020 		-0.0034145279
2.67  		-0.0115006535 		-0.0055165415
2.7  		-0.0118145316 		-0.0051858070
2.73  		-0.0114368267 		-0.0042291190
2.76  		-0.0102808470 		-0.0037228260
2.79  		-0.0080589354 		-0.0016398848
2.82  		-0.0039129034 		-0.0011084945
2.85  		-0.0009686796 		-0.0004508386
2.88  		-0.0000469465 		-0.0000552988
2.91  		0.0001235920 		-0.0000403342
2.94  		0.0007813080 		+0.0002041873
2.97  		0.0018915174 		+0.0007661240
