0  		1.0000000000 		+0.0000000000
0.03  		0.9990964534 		+0.0101788225
0.06  		0.9794548024 		-0.0092322561
0.09  		0.9792312796 		+0.0169748333
0.12  		0.9203066355 		+0.1631295286
0.15  		0.8867609343 		-0.0458827460
0.18  		0.6741373397 		+0.0413720361
0.21  		0.2186469013 		+0.2672705806
0.24  		-0.0797661831 		+0.2495864262
0.27  		0.0951047802 		+0.0362970447
0.3  		0.4551907571 		-0.0085790954
0.33  		0.6149286966 		-0.0373842755
0.36  		0.5783933949 		-0.1555663146
0.39  		0.5887454269 		-0.0677659752
0.42  		0.6610110336 		+0.1187342766
0.45  		0.5990987969 		+0.3598891455
0.48  		0.5514284909 		+0.2495274356
0.51  		0.5733012808 		+0.0292443623
0.54  		0.5012469732 		+0.0262177627
0.57  		0.3458579974 		-0.0085183424
0.6  		0.1679764666 		-0.1499871292
0.63  		0.0613200513 		-0.2450417265
0.66  		0.1101175984 		-0.2927200746
0.69  		0.2235242166 		-0.1503213693
0.72  		-0.1274206925 		-0.0702811962
0.75  		-0.4156106549 		-0.2226021916
0.78  		-0.3041352376 		-0.2968696984
0.81  		-0.1332846293 		-0.1617830270
0.84  		-0.1034632056 		+0.0473342093
0.87  		-0.0396939929 		+0.1803520189
0.9  		-0.0002234080 		+0.2178570646
0.93  		0.0790280329 		+0.1469866312
0.96  		0.2128683707 		-0.0200618444
0.99  		0.3346505129 		-0.1112438319
1.02  		0.2937508477 		-0.0185092072
1.05  		0.0367434919 		+0.0619740595
1.08  		-0.1702590880 		+0.0831614470
1.11  		-0.1387716925 		-0.0001434779
1.14  		-0.0383663591 		-0.1107658297
1.17  		-0.0216714305 		-0.1215339516
1.2  		-0.0063179385 		-0.0919651484
1.23  		0.0141320810 		-0.0930179847
1.26  		0.0276559762 		-0.1070027395
1.29  		0.0043954812 		-0.1158582751
1.32  		-0.0188105582 		-0.1042214113
1.35  		-0.0371355003 		-0.0792314757
1.38  		-0.0436203929 		-0.0567123911
1.41  		-0.0540710711 		-0.0351760318
1.44  		-0.0543982122 		-0.0258486632
1.47  		-0.0359588235 		-0.0249247795
1.5  		-0.0157550729 		-0.0186057597
1.53  		-0.0016327657 		-0.0137609973
1.56  		0.0138740168 		-0.0038940843
1.59  		0.0228251085 		+0.0189153382
1.62  		0.0270714877 		+0.0492738899
1.65  		0.0343535972 		+0.0807159783
1.68  		0.0460112505 		+0.1104990253
1.71  		0.0876850933 		+0.1220341324
1.74  		0.1127425694 		+0.1369441997
1.77  		0.1699762053 		+0.1043591813
1.8  		0.2008475615 		+0.0629135738
1.83  		0.1901237376 		-0.0158483131
1.86  		0.1202304411 		-0.0710828526
1.89  		0.0334437824 		-0.0755636503
1.92  		-0.0466732890 		-0.0363947884
1.95  		-0.0625026694 		-0.0083174698
1.98  		0.0198737917 		-0.0690660761
2.01  		0.0981414646 		-0.1071091839
2.04  		0.0420029083 		+0.0005058046
2.07  		-0.0572165370 		+0.1383573185
2.1  		-0.0823502379 		+0.1503207132
2.13  		-0.0248545772 		+0.0984258231
2.16  		0.0351373221 		+0.0691447480
2.19  		0.0641715061 		+0.0939236668
2.22  		0.0950147445 		+0.1154583046
2.25  		0.1106470790 		+0.0544906994
2.28  		0.1494548080 		-0.0247990056
2.31  		0.1705883992 		-0.0023251685
2.34  		0.1509189218 		+0.0326717193
2.37  		0.1128740924 		-0.0077252690
2.4  		0.1013865112 		-0.0795555682
2.43  		0.1238433522 		-0.0596297345
2.46  		0.1100012833 		-0.0327001731
2.49  		0.0641923327 		-0.0531959396
2.52  		0.0450914983 		-0.0839235683
2.55  		0.0741933482 		-0.0520674331
2.58  		0.0655902218 		-0.0202146923
2.61  		0.0375929450 		-0.0330753592
2.64  		0.0283688199 		-0.0572443384
2.67  		0.0400045882 		-0.0528524876
2.7  		0.0455893430 		-0.0344376649
2.73  		0.0561588107 		-0.0448951103
2.76  		0.0859152877 		-0.0410160096
2.79  		0.0701752097 		-0.0064263017
2.82  		-0.0018008761 		+0.0137478226
2.85  		-0.0546748640 		-0.0237018127
2.88  		-0.0189916946 		-0.0360928758
2.91  		0.0435689140 		+0.0003247125
2.94  		0.0746613306 		+0.0189646503
2.97  		0.0841587838 		-0.0008330727
