0  		1.0000000000 		-0.0000000000
0.03  		0.9921764475 		-0.0373523579
0.06  		0.9144062872 		+0.0023967366
0.09  		0.9542702797 		-0.0203556048
0.12  		0.9645263056 		-0.0294437546
0.15  		0.9001220864 		-0.0446459712
0.18  		0.7102916540 		-0.0725070152
0.21  		0.7633268029 		-0.0986810122
0.24  		0.7708359367 		-0.0629590693
0.27  		0.7946775832 		-0.0746863260
0.3  		0.7319996427 		-0.1111818655
0.33  		0.6299474691 		-0.0337994762
0.36  		0.6291729834 		+0.1049045436
0.39  		0.6032033417 		+0.0861132877
0.42  		0.5869708788 		+0.1035742182
0.45  		0.4030573805 		+0.0228649308
0.48  		0.2841227132 		-0.0761914759
0.51  		0.0305080210 		-0.1292844642
0.54  		-0.1752215157 		-0.0978295493
0.57  		-0.2742725786 		-0.0597587957
0.6  		-0.3107566766 		-0.0593897405
0.63  		-0.2643366211 		-0.0623421987
0.66  		-0.1719155646 		-0.0268770086
0.69  		-0.0653089968 		+0.0060018153
0.72  		0.0224854037 		+0.0214354128
0.75  		0.0825254938 		+0.0371406498
0.78  		0.1189370639 		+0.0361865253
0.81  		0.1146472029 		+0.0384534605
0.84  		0.0812217625 		+0.0397881213
0.87  		0.0998505011 		+0.0480850460
0.9  		0.0798124321 		+0.0286971626
0.93  		0.0618188834 		+0.0092361860
0.96  		0.0483846488 		-0.0241871220
0.99  		0.0184420257 		-0.0474854127
1.02  		0.0181630889 		-0.0370216976
1.05  		0.1105416683 		-0.0163407587
1.08  		0.2389372715 		-0.0234886849
1.11  		0.2788832003 		-0.0651114521
1.14  		0.3927388047 		-0.1114017726
1.17  		0.3312656025 		-0.1189339770
1.2  		0.2180545728 		-0.0678778856
1.23  		0.2020972251 		-0.0883833782
1.26  		0.1915750511 		-0.1309455523
1.29  		0.0863812480 		-0.1166795577
1.32  		0.0501886448 		-0.1344621959
1.35  		0.0107483606 		-0.0688849445
1.38  		0.0077318755 		-0.0484454414
1.41  		-0.0001040083 		-0.0533335657
1.44  		-0.0257356116 		-0.0404958604
1.47  		-0.0283158719 		-0.0196097580
1.5  		-0.0539950908 		-0.0292723257
1.53  		-0.0453718769 		-0.0326603796
1.56  		-0.0189346545 		-0.0179220108
1.59  		-0.0035644578 		-0.0290304289
1.62  		0.0009890380 		-0.0256242290
1.65  		0.0006033381 		-0.0189231001
1.68  		0.0013776809 		-0.0185341142
1.71  		0.0032106864 		-0.0143450121
1.74  		-0.0022457708 		-0.0067650496
1.77  		-0.0094117058 		-0.0055731036
1.8  		-0.0081711566 		+0.0070043159
1.83  		0.0021661253 		+0.0089209271
1.86  		0.0079523631 		+0.0148885721
1.89  		0.0117443790 		+0.0218595235
1.92  		0.0104145158 		+0.0128929798
1.95  		0.0154720741 		+0.0080088477
1.98  		0.0113704862 		-0.0031401689
2.01  		0.0054956736 		-0.0069578501
2.04  		0.0099336389 		-0.0083654752
2.07  		0.0115300591 		-0.0013470483
2.1  		0.0067420595 		+0.0040155601
2.13  		0.0109347896 		+0.0122493492
2.16  		0.0095406793 		+0.0148867089
2.19  		0.0039667021 		+0.0056527668
2.22  		0.0022481618 		+0.0019478556
2.25  		0.0042497748 		-0.0036261175
2.28  		0.0059739084 		-0.0062043136
2.31  		0.0107257012 		-0.0129288116
2.34  		0.0134389209 		-0.0106540569
2.37  		0.0085312755 		-0.0068695940
2.4  		0.0075452800 		-0.0089555612
2.43  		0.0053089776 		-0.0064675596
2.46  		0.0019269649 		-0.0033276011
2.49  		0.0009539658 		-0.0010018907
2.52  		0.0003661971 		+0.0009745925
2.55  		-0.0008700973 		+0.0007556695
2.58  		-0.0033233828 		-0.0015897860
2.61  		-0.0055222430 		-0.0050349362
2.64  		-0.0063080790 		-0.0050634082
2.67  		-0.0088460229 		-0.0029641686
2.7  		-0.0075311697 		-0.0034384721
2.73  		-0.0066645380 		-0.0024737315
2.76  		-0.0064078036 		-0.0001660409
2.79  		-0.0028904452 		+0.0005252406
2.82  		-0.0008584276 		+0.0008499898
2.85  		0.0001423303 		+0.0002639712
2.88  		0.0000656409 		+0.0001207589
2.91  		0.0001438044 		+0.0001231782
2.94  		0.0000599717 		+0.0000244658
2.97  		0.0001544449 		+0.0009907197
