0  		1.0000000000 		+0.0000000000
0.03  		0.9990012588 		+0.0145706026
0.06  		0.9800612667 		+0.0118984562
0.09  		0.9751836572 		-0.0088205287
0.12  		0.9220510659 		-0.0480072178
0.15  		0.8458738834 		-0.1560009651
0.18  		0.7864337692 		-0.2600392261
0.21  		0.7834484999 		-0.1090862708
0.24  		0.8775957980 		+0.1298697067
0.27  		0.9158854969 		-0.0687258241
0.3  		0.8765826961 		-0.0171404809
0.33  		0.8605905713 		-0.0123995611
0.36  		0.8478021800 		-0.0796583850
0.39  		0.7776627992 		-0.0774115546
0.42  		0.7286093631 		+0.0300262585
0.45  		0.6350194576 		+0.0786785371
0.48  		0.4927673865 		+0.1947264708
0.51  		0.2928181938 		+0.3686701030
0.54  		0.1934478731 		+0.4113857226
0.57  		0.1572568995 		+0.3845003953
0.6  		0.1258626547 		+0.3230409902
0.63  		0.0788103178 		+0.2516500033
0.66  		0.0706639615 		+0.1701877609
0.69  		0.1016316570 		+0.1092647649
0.72  		0.1322832581 		+0.0777588047
0.75  		0.1477212403 		+0.0493354963
0.78  		0.1461035077 		+0.0222485046
0.81  		0.1519839140 		-0.0109367266
0.84  		0.1758887436 		-0.0259868550
0.87  		0.2235956993 		-0.0384669419
0.9  		0.2743576470 		+0.0117242472
0.93  		0.2971077000 		+0.0532914309
0.96  		0.2991921338 		+0.0298691553
0.99  		0.2806845336 		+0.0067989540
1.02  		0.2610748955 		-0.0462231333
1.05  		0.2411552038 		-0.0752448864
1.08  		0.2222793828 		-0.0435702054
1.11  		0.1991462873 		-0.0355830099
1.14  		0.1778131034 		-0.0212456016
1.17  		0.1552986246 		+0.0045917894
1.2  		0.1416906628 		+0.0353937197
1.23  		0.1334593614 		+0.0197522201
1.26  		0.1310524403 		+0.0010450718
1.29  		0.1261256577 		-0.0210305333
1.32  		0.1309834453 		-0.0424794819
1.35  		0.1662485587 		-0.0412689409
1.38  		0.1918082371 		-0.0577901714
1.41  		0.2090959699 		-0.0509251135
1.44  		0.2313958105 		+0.0047544568
1.47  		0.2380253930 		+0.0254588453
1.5  		0.2270622755 		+0.0280529897
1.53  		0.1961671478 		+0.0434585883
1.56  		0.1753317904 		-0.0068396579
1.59  		0.1434643522 		-0.0773579839
1.62  		0.1343757411 		-0.1286189818
1.65  		0.1732752801 		-0.1562794538
1.68  		0.2086913187 		-0.1720276725
1.71  		0.2393346966 		-0.1330917129
1.74  		0.2320195216 		-0.0716335216
1.77  		0.2080113613 		+0.0206930445
1.8  		0.1737322785 		+0.0708578767
1.83  		0.1426836532 		+0.0962680053
1.86  		0.1246442879 		+0.1049929002
1.89  		0.1044708933 		+0.1053652368
1.92  		0.0906757463 		+0.0954514026
1.95  		0.0609628604 		+0.0866462399
1.98  		0.0345638934 		+0.0726581575
2.01  		0.0217092752 		+0.0475500649
2.04  		0.0071291291 		+0.0291787074
2.07  		-0.0008096584 		+0.0170463280
2.1  		-0.0011216351 		+0.0084838105
2.13  		-0.0004282634 		+0.0033594899
2.16  		0.0005962533 		+0.0006469851
2.19  		0.0007975965 		-0.0010797822
2.22  		0.0003707676 		-0.0026385425
2.25  		-0.0000151099 		-0.0040114863
2.28  		0.0003554754 		-0.0050890482
2.31  		0.0013412414 		-0.0058370111
2.34  		0.0030354529 		-0.0065797754
2.37  		0.0051471221 		-0.0082084767
2.4  		0.0092824485 		-0.0108628132
2.43  		0.0122939431 		-0.0169324602
2.46  		0.0183549925 		-0.0215404175
2.49  		0.0248045417 		-0.0245541724
2.52  		0.0265285234 		-0.0285816325
2.55  		0.0255789695 		-0.0325000153
2.58  		0.0193585322 		-0.0416883928
2.61  		0.0172070369 		-0.0450511868
2.64  		0.0222162918 		-0.0461920934
2.67  		0.0211416207 		-0.0435747565
2.7  		0.0175400796 		-0.0359136864
2.73  		0.0200238229 		-0.0219087058
2.76  		0.0174877176 		-0.0121996852
2.79  		0.0137078758 		-0.0082680607
2.82  		0.0107852287 		-0.0049266471
2.85  		0.0069454179 		-0.0048972376
2.88  		0.0027374336 		-0.0048329927
2.91  		0.0002683313 		-0.0033298988
2.94  		-0.0011558877 		-0.0018974196
2.97  		-0.0020500542 		-0.0007106297
