0  		1.0000000000 		+0.0000000000
0.03  		0.9937731455 		-0.0143937429
0.06  		0.9906121887 		-0.0050046395
0.09  		0.9711220340 		+0.0216056310
0.12  		0.9434236733 		-0.0189331654
0.15  		0.9208009915 		-0.0294229769
0.18  		0.9125526700 		-0.0034578978
0.21  		0.8030449585 		-0.0387129934
0.24  		0.5450739462 		-0.0009959934
0.27  		0.4435998897 		+0.0623229298
0.3  		0.4901727100 		+0.1746309706
0.33  		0.2932128101 		+0.0852388726
0.36  		0.0374350192 		+0.0173817003
0.39  		0.0288399876 		-0.0336500397
0.42  		0.1061933806 		-0.1092651097
0.45  		0.1174009240 		-0.1792177147
0.48  		0.1658081219 		-0.2344463977
0.51  		0.1534676939 		-0.1800660261
0.54  		0.0491715874 		-0.1078170719
0.57  		0.1034845568 		-0.2255050147
0.6  		0.1429229596 		-0.1158532704
0.63  		0.1807565505 		+0.1153677664
0.66  		0.1558747951 		+0.2204122019
0.69  		0.0823189323 		+0.0490215017
0.72  		0.2749413683 		+0.0525309573
0.75  		0.1849798689 		-0.0644872807
0.78  		0.0480646303 		-0.0684283526
0.81  		-0.0501709641 		-0.0322878467
0.84  		-0.0073943819 		+0.0009181310
0.87  		-0.0166387564 		+0.0280055677
0.9  		-0.0296165594 		+0.0481298478
0.93  		-0.0374397445 		+0.0470701081
0.96  		-0.0323316770 		+0.0127315584
0.99  		-0.0066050814 		-0.0087689250
1.02  		0.0124356027 		-0.0556315779
1.05  		-0.0076514560 		+0.0453866847
1.08  		0.1079151867 		+0.1267742944
1.11  		0.2388176239 		+0.0482229844
1.14  		0.0709092375 		-0.0508897062
1.17  		0.2155869098 		-0.0710198251
1.2  		0.0973633896 		-0.1165574586
1.23  		-0.0141674708 		-0.0400467639
1.26  		-0.0017990790 		+0.0038562232
1.29  		0.0132338115 		+0.0100480959
1.32  		0.0714011395 		+0.0457730789
1.35  		0.0793881557 		-0.0215787324
1.38  		0.0267416947 		-0.0475087388
1.41  		0.0177939237 		-0.0203694957
1.44  		0.0107692230 		-0.0097691011
1.47  		0.0112005466 		-0.0002074174
1.5  		0.0125577951 		+0.0023466155
1.53  		0.0110221773 		-0.0019329840
1.56  		0.0022141712 		-0.0012064764
1.59  		0.0000524563 		-0.0001266142
1.62  		-0.0014482126 		-0.0012514267
1.65  		0.0034490098 		-0.0073322212
1.68  		0.0670458021 		-0.0327629734
1.71  		0.0563750668 		-0.0019400458
1.74  		-0.0115022738 		+0.0020413669
1.77  		-0.0385663582 		+0.0065816840
1.8  		-0.0683627617 		+0.0702036418
1.83  		-0.0347740208 		+0.1283302840
1.86  		-0.0622620574 		+0.1023107594
1.89  		-0.0531738021 		+0.0959886304
1.92  		-0.0133482285 		+0.0622720252
1.95  		0.0040375441 		+0.0268126147
1.98  		-0.0115958898 		-0.0364703355
2.01  		0.0052852504 		-0.0064004446
2.04  		-0.0082867440 		+0.0072775881
2.07  		-0.0051881397 		-0.0011514609
2.1  		-0.0118772409 		+0.0221218235
2.13  		-0.0238568128 		+0.0385188072
2.16  		-0.0087329041 		+0.0176144706
2.19  		-0.0014019496 		+0.0037562195
2.22  		0.0016004174 		-0.0002520433
2.25  		0.0005218721 		-0.0016341050
2.28  		-0.0117144829 		-0.0031180820
2.31  		-0.0092069443 		-0.0012240632
2.34  		0.0137649669 		+0.0002260673
2.37  		0.0057890213 		+0.0038909958
2.4  		0.0079698899 		-0.0160769291
2.43  		0.0449998778 		-0.0546685988
2.46  		-0.0017510408 		-0.0879023076
2.49  		-0.0499852574 		-0.0352897437
2.52  		-0.0949908299 		+0.0833985243
2.55  		0.0474529290 		+0.1309893511
2.58  		0.0428915296 		+0.1106245019
2.61  		0.0473999438 		+0.0787852970
2.64  		0.0296828454 		+0.0579198564
2.67  		-0.0047305857 		+0.0547199869
2.7  		-0.0122672069 		-0.0625409230
2.73  		0.0372781700 		-0.0293072893
2.76  		0.0148991928 		+0.0395712519
2.79  		0.0056515280 		+0.0036283057
2.82  		0.0000900471 		-0.0022184963
2.85  		-0.0079734865 		+0.0048694602
2.88  		0.0039448761 		+0.0047455778
2.91  		0.0006993143 		-0.0049546068
2.94  		-0.0032349454 		-0.0100172582
2.97  		0.0039068292 		-0.0081256689
