0  		1.0000000000 		-0.0000000000
0.03  		0.7416604175 		-0.6548692006
0.06  		0.9931374598 		+0.0142351697
0.09  		0.7658531049 		+0.6070674958
0.12  		0.9703592062 		-0.0257368359
0.15  		0.7514306019 		-0.5290191972
0.18  		0.8870533899 		+0.2059595557
0.21  		0.6689067984 		+0.6381156648
0.24  		0.9475489317 		+0.0178180605
0.27  		0.7109798440 		-0.6017445713
0.3  		0.9293588499 		-0.0618823773
0.33  		0.7409288173 		+0.4998780436
0.36  		0.8598228460 		-0.0932980737
0.39  		0.6459296350 		-0.4941841505
0.42  		0.7632167165 		-0.0072996082
0.45  		0.6151492127 		+0.3237988279
0.48  		0.6639061703 		-0.1092960340
0.51  		0.5204920358 		-0.3746587880
0.54  		0.6454905329 		-0.1006909858
0.57  		0.5812998679 		+0.3070195654
0.6  		0.6770184518 		+0.0400057446
0.63  		0.5955031704 		-0.3091063915
0.66  		0.6733714766 		+0.0576827696
0.69  		0.4930936808 		+0.4139901732
0.72  		0.6217856175 		+0.1177906986
0.75  		0.5549314699 		-0.2204065425
0.78  		0.5786240582 		+0.0599311497
0.81  		0.4841136358 		+0.2910439086
0.84  		0.5885115785 		+0.0277142784
0.87  		0.5236480434 		-0.2689423422
0.9  		0.6033428183 		-0.0438418084
0.93  		0.5800081559 		+0.2201390066
0.96  		0.6273289232 		-0.0162854480
0.99  		0.5000878286 		-0.3762983763
1.02  		0.6063583676 		-0.2247899960
1.05  		0.6173769592 		+0.0995041246
1.08  		0.5713991376 		-0.1684689839
1.11  		0.4655509404 		-0.3263582656
1.14  		0.5154066912 		-0.1258618522
1.17  		0.4663444673 		+0.0292327085
1.2  		0.3957428804 		-0.0719628124
1.23  		0.2923084791 		-0.1074334738
1.26  		0.2115225776 		-0.0476514669
1.29  		0.1261070912 		-0.0143693415
1.32  		0.0536345230 		-0.0080916060
1.35  		0.0074553276 		+0.0043140803
1.38  		-0.0178094573 		+0.0081954682
1.41  		-0.0240373905 		+0.0039810724
1.44  		-0.0166578897 		+0.0013260635
1.47  		-0.0048960117 		+0.0004456318
1.5  		0.0053492544 		+0.0000256231
1.53  		0.0110048221 		+0.0007933601
1.56  		0.0118711365 		+0.0034762974
1.59  		0.0091318052 		+0.0062158897
1.62  		0.0060883073 		+0.0068624060
1.65  		0.0036347746 		+0.0075171790
1.68  		-0.0002194604 		+0.0081961061
1.71  		-0.0027003318 		+0.0071702387
1.74  		-0.0028821532 		+0.0056808497
1.77  		-0.0031399173 		+0.0031035663
1.8  		-0.0027664367 		-0.0005221407
1.83  		-0.0001547357 		-0.0022605246
1.86  		0.0026465123 		-0.0014960936
1.89  		0.0065247567 		+0.0017078979
1.92  		0.0100646629 		+0.0104380510
1.95  		0.0092839900 		+0.0238236146
1.98  		0.0107163957 		+0.0361074689
2.01  		0.0202620389 		+0.0403083002
2.04  		0.0135372108 		+0.0523867786
2.07  		-0.0090158541 		+0.0562794630
2.1  		-0.0084159464 		+0.0557978484
2.13  		0.0061551159 		+0.0465433306
2.16  		-0.0096861891 		+0.0383006660
2.19  		-0.0177447653 		+0.0197508441
2.22  		-0.0098858397 		+0.0085077801
2.25  		-0.0007072857 		+0.0020193617
2.28  		0.0041838265 		+0.0038328570
2.31  		0.0004430462 		+0.0094268361
2.34  		-0.0030144964 		+0.0119130033
2.37  		-0.0034310044 		+0.0120043183
2.4  		-0.0116548370 		+0.0098520706
2.43  		-0.0120694505 		-0.0009592738
2.46  		0.0031420228 		+0.0049866477
2.49  		0.0335645088 		+0.0108459225
2.52  		0.0526238905 		+0.0679976508
2.55  		0.0040698734 		+0.1191030134
2.58  		0.0181301444 		+0.1453366956
2.61  		0.0357793396 		+0.1142186671
2.64  		-0.0078215517 		+0.1258364340
2.67  		-0.0487529920 		+0.0869513957
2.7  		-0.0366017207 		+0.0686047408
2.73  		-0.0104413891 		+0.0371926902
2.76  		-0.0083198065 		+0.0225530670
2.79  		0.0043191395 		+0.0143165272
2.82  		0.0197692592 		+0.0133194493
2.85  		0.0250461370 		+0.0051682487
2.88  		0.0280882101 		+0.0200821941
2.91  		0.0104391652 		+0.0297348945
2.94  		0.0048481766 		+0.0279429442
2.97  		0.0024213661 		+0.0167171192
