0  		1.0000000000 		-0.0000000000
0.03  		0.9998379366 		-0.0053444835
0.06  		0.9980122339 		-0.0057951346
0.09  		0.9794118636 		+0.0003792903
0.12  		0.9614324971 		+0.0146686689
0.15  		0.9622265319 		+0.0128299260
0.18  		0.9119781870 		-0.0216992587
0.21  		0.9046206370 		-0.0094715794
0.24  		0.9316861803 		+0.0423577752
0.27  		0.9480879800 		+0.0546885613
0.3  		0.9372529074 		-0.0232241261
0.33  		0.9240592764 		-0.0236621550
0.36  		0.9268102676 		-0.1453319036
0.39  		0.9243075531 		-0.1566017206
0.42  		0.9109859676 		-0.1634723010
0.45  		0.8990084545 		-0.1755682941
0.48  		0.8624640007 		-0.0850244654
0.51  		0.8303343453 		+0.0849501516
0.54  		0.8191783629 		+0.0901519136
0.57  		0.7884694122 		+0.1188735767
0.6  		0.7653572392 		+0.1110574783
0.63  		0.7503934817 		+0.1547594961
0.66  		0.7625209898 		+0.1757095755
0.69  		0.7687849438 		+0.0829675108
0.72  		0.7136978775 		-0.0463408948
0.75  		0.6387854438 		-0.1531176742
0.78  		0.5713849361 		-0.2502527644
0.81  		0.5061678773 		-0.3782581490
0.84  		0.4284843883 		-0.5043848629
0.87  		0.3322633372 		-0.5930665412
0.9  		0.2055640446 		-0.6410378294
0.93  		0.1531304116 		-0.6732122283
0.96  		0.1527618442 		-0.6718175103
0.99  		0.1126581459 		-0.5624479968
1.02  		0.1409185025 		-0.4194097695
1.05  		0.1770239465 		-0.3110061592
1.08  		0.1838372107 		-0.1972480483
1.11  		0.2095360320 		-0.0661957566
1.14  		0.2717241710 		+0.0724478154
1.17  		0.3484137422 		+0.1576908986
1.2  		0.4213450766 		+0.2044787809
1.23  		0.4786889358 		+0.2230030475
1.26  		0.5285016980 		+0.2066298878
1.29  		0.5660945291 		+0.1251683625
1.32  		0.5631832019 		+0.0130420656
1.35  		0.5009710967 		-0.1617938608
1.38  		0.4009327993 		-0.2544021349
1.41  		0.2546676708 		-0.3123547122
1.44  		0.1390861280 		-0.3081030977
1.47  		0.0760126736 		-0.2981716230
1.5  		0.0216401476 		-0.2680736291
1.53  		-0.0157342497 		-0.2085146599
1.56  		-0.0224220924 		-0.1671745638
1.59  		-0.0256082977 		-0.1502671883
1.62  		-0.0386919001 		-0.1435057917
1.65  		-0.0299352023 		-0.1413478198
1.68  		-0.0263488425 		-0.1501326020
1.71  		-0.0440285666 		-0.1597873619
1.74  		-0.0639160535 		-0.1715070941
1.77  		-0.0493300289 		-0.1897298952
1.8  		-0.0671692393 		-0.1981795887
1.83  		-0.0841882860 		-0.1999913688
1.86  		-0.0870654496 		-0.2021300519
1.89  		-0.0919839306 		-0.2047373982
1.92  		-0.1176613347 		-0.1813805846
1.95  		-0.0939222064 		-0.1677227624
1.98  		-0.0739103533 		-0.1518928695
2.01  		-0.0530838484 		-0.1335436315
2.04  		-0.0170812787 		-0.1102365589
2.07  		0.0068652953 		-0.0860077609
2.1  		0.0148568234 		-0.0672694623
2.13  		0.0125686940 		-0.0469551242
2.16  		0.0025841597 		-0.0304349989
2.19  		-0.0065539966 		-0.0174049535
2.22  		-0.0154494462 		-0.0054521969
2.25  		-0.0197471366 		+0.0045950072
2.28  		-0.0212131376 		+0.0087541552
2.31  		-0.0194697061 		+0.0117512334
2.34  		-0.0161605807 		+0.0125029767
2.37  		-0.0140072550 		+0.0081647042
2.4  		-0.0122518598 		+0.0034737548
2.43  		-0.0105935885 		-0.0008686109
2.46  		-0.0084381188 		-0.0042314232
2.49  		-0.0058430951 		-0.0061765533
2.52  		-0.0027392372 		-0.0061804318
2.55  		0.0007972572 		-0.0049683683
2.58  		0.0044119270 		-0.0033228309
2.61  		0.0078528898 		-0.0023464712
2.64  		0.0114663597 		-0.0023309753
2.67  		0.0140316580 		-0.0029140319
2.7  		0.0157207595 		-0.0037745403
2.73  		0.0155241504 		-0.0076002728
2.76  		0.0160551843 		-0.0087350113
2.79  		0.0145839556 		-0.0128793965
2.82  		0.0108516694 		-0.0177540523
2.85  		0.0047651641 		-0.0212025485
2.88  		-0.0030744468 		-0.0228345865
2.91  		-0.0120948852 		-0.0223977165
2.94  		-0.0191614214 		-0.0189258387
2.97  		-0.0224885231 		-0.0135483701
