0  		1.0000000000 		+0.0000000000
0.03  		0.9980205301 		-0.0397074733
0.06  		0.9111744059 		+0.1341586328
0.09  		0.1320345679 		-0.8565128520
0.12  		0.8027139986 		+0.3843132081
0.15  		0.7212493066 		+0.1434818399
0.18  		0.7548690369 		-0.2924859068
0.21  		0.8592171596 		-0.0235750109
0.24  		0.1100812323 		+0.4698263713
0.27  		0.6514896002 		+0.1274958280
0.3  		0.7183067283 		-0.0694360002
0.33  		0.6297691072 		+0.0123180595
0.36  		0.4920688695 		+0.1324703485
0.39  		0.3670472899 		+0.1496721526
0.42  		0.1087124241 		-0.2864662347
0.45  		0.2144067896 		+0.1109582925
0.48  		0.1812706747 		-0.0709409638
0.51  		0.2093561519 		-0.1298809982
0.54  		0.2570663099 		+0.0059347222
0.57  		0.0672535382 		+0.0344509081
0.6  		0.1546729193 		+0.1541525597
0.63  		0.2987616894 		+0.0654117836
0.66  		0.3170383029 		+0.0544496421
0.69  		0.2931730871 		+0.0423359770
0.72  		0.2643108284 		+0.0595995458
0.75  		0.1491149044 		-0.1294408846
0.78  		0.0884789766 		+0.0765586772
0.81  		0.1299069665 		-0.0420238031
0.84  		0.1206457988 		-0.0129521902
0.87  		0.0852258256 		+0.0292667375
0.9  		0.0380580602 		-0.0241532765
0.93  		0.0288932059 		+0.0322170680
0.96  		0.0291092741 		-0.0077586522
0.99  		0.0160047924 		-0.0051851083
1.02  		0.0063952040 		-0.0073526288
1.05  		0.0029270512 		-0.0053555909
1.08  		-0.0001385854 		-0.0038853232
1.11  		-0.0002707638 		-0.0019921082
1.14  		-0.0024816809 		-0.0068393070
1.17  		0.0012198443 		-0.0104164045
1.2  		-0.0042384067 		-0.0112122451
1.23  		-0.0154436137 		-0.0040854772
1.26  		0.0048323891 		-0.0174801870
1.29  		-0.0106241451 		-0.0107990259
1.32  		-0.0069323979 		-0.0072059042
1.35  		-0.0021957303 		-0.0052228003
1.38  		0.0004011265 		-0.0038582105
1.41  		0.0011937411 		-0.0030801771
1.44  		-0.0007369967 		-0.0022845532
1.47  		0.0026410320 		-0.0026036715
1.5  		0.0030406466 		-0.0006362359
1.53  		0.0024762575 		+0.0002090840
1.56  		0.0027263813 		+0.0011479418
1.59  		-0.0028629144 		+0.0011940972
1.62  		-0.0021626625 		+0.0033999066
1.65  		-0.0045113926 		+0.0026512270
1.68  		-0.0066019451 		-0.0005401500
1.71  		-0.0067530828 		-0.0009939891
1.74  		-0.0063284603 		-0.0016805791
1.77  		-0.0037160334 		+0.0032603181
1.8  		-0.0034570709 		-0.0017199769
1.83  		-0.0020568502 		-0.0005472286
1.86  		-0.0012520622 		-0.0000368022
1.89  		-0.0005207592 		+0.0001726779
1.92  		-0.0002289736 		+0.0002336338
1.95  		0.0002266606 		+0.0005908438
1.98  		0.0002856498 		+0.0007815509
2.01  		0.0003320098 		+0.0006672589
2.04  		0.0003758649 		+0.0005548415
2.07  		0.0005831922 		+0.0004086418
2.1  		0.0007221744 		-0.0000394926
2.13  		0.0004847697 		+0.0003992860
2.16  		0.0004592107 		+0.0002097738
2.19  		0.0002980852 		+0.0001443822
2.22  		0.0000479260 		+0.0001485193
2.25  		-0.0000530998 		+0.0001117278
2.28  		-0.0000490072 		+0.0001494031
2.31  		0.0000252731 		+0.0000477407
2.34  		-0.0000169699 		-0.0000233178
2.37  		-0.0000362107 		+0.0000119229
2.4  		-0.0000288540 		+0.0000181339
2.43  		-0.0000508761 		+0.0000272323
2.46  		-0.0000680252 		-0.0000121899
2.49  		-0.0000952697 		-0.0000300833
2.52  		-0.0000570875 		-0.0002327709
2.55  		0.0004071177 		-0.0007667979
2.58  		0.0005945140 		-0.0015889201
2.61  		0.0025027219 		-0.0021196280
2.64  		0.0038903090 		-0.0017483308
2.67  		0.0044492324 		+0.0000243678
2.7  		0.0039867690 		+0.0008784713
2.73  		0.0027436862 		+0.0018513882
2.76  		0.0020511100 		+0.0013669590
2.79  		0.0016585494 		+0.0004514521
2.82  		0.0013887261 		+0.0001244119
2.85  		0.0008577349 		+0.0001518853
2.88  		0.0005052624 		+0.0000071646
2.91  		0.0002745773 		-0.0000822098
2.94  		0.0001511613 		-0.0000031123
2.97  		0.0000702028 		+0.0000039546
