0  		1.0000000000 		+0.0000000000
0.03  		0.9971654164 		+0.0293873652
0.06  		0.9415426183 		-0.0494295387
0.09  		-0.2821581180 		+0.5231767146
0.12  		0.1183832481 		-0.2703862235
0.15  		0.2953705865 		+0.1790071365
0.18  		-0.0386563740 		-0.0638165823
0.21  		-0.2977343177 		+0.0639166406
0.24  		-0.2491300478 		-0.3067090839
0.27  		-0.1211671981 		-0.2340961936
0.3  		0.3350577793 		-0.1010449133
0.33  		0.2185556149 		-0.0665951698
0.36  		-0.0395292165 		-0.1440616191
0.39  		-0.2088044559 		-0.2387458700
0.42  		-0.1922148736 		-0.3705396742
0.45  		-0.0668902791 		-0.2050768408
0.48  		-0.0140914010 		-0.0128461161
0.51  		-0.0024627557 		+0.1360825560
0.54  		-0.0459350626 		+0.1445097691
0.57  		-0.1157692817 		-0.1236781530
0.6  		0.0562522596 		-0.1426301926
0.63  		0.1078916919 		+0.0284656915
0.66  		0.0071144300 		+0.0723810166
0.69  		-0.0284269854 		+0.0232514262
0.72  		0.0016532655 		-0.0344651290
0.75  		0.0007224543 		-0.0071180195
0.78  		0.0033158110 		+0.0056633057
0.81  		-0.0044390898 		+0.0022844088
0.84  		-0.0006141904 		-0.0001019983
0.87  		-0.0028441752 		+0.0011952446
0.9  		0.0039730797 		-0.0021249751
0.93  		0.0199273883 		-0.0063802634
0.96  		0.0135333678 		-0.0556843124
0.99  		-0.0583352640 		-0.0657149647
1.02  		-0.0585251574 		-0.0236242622
1.05  		-0.0044950969 		-0.0132276715
1.08  		-0.0066870066 		-0.0246938715
1.11  		0.0010583436 		-0.0195630874
1.14  		0.0084231024 		-0.0204886902
1.17  		-0.0627073276 		+0.0024202448
1.2  		0.0083113681 		-0.0006626944
1.23  		0.0074639587 		+0.0377804819
1.26  		0.0127873453 		+0.0735525906
1.29  		0.0560445013 		+0.1167638618
1.32  		0.0945044932 		+0.1608707480
1.35  		0.1252651170 		+0.0750339525
1.38  		0.0428605253 		-0.0157084154
1.41  		-0.0018554145 		-0.0099070369
1.44  		-0.0060397773 		+0.0106894146
1.47  		-0.0036497566 		-0.0009460958
1.5  		-0.0075701973 		-0.0033113263
1.53  		-0.0220829762 		-0.0109830729
1.56  		-0.0376485450 		-0.0455591477
1.59  		0.0488712033 		+0.0634730248
1.62  		-0.0519338115 		+0.0336659600
1.65  		0.0093042943 		+0.0275909350
1.68  		0.0138178316 		-0.0066637723
1.71  		0.0228709770 		-0.0179620026
1.74  		-0.0105755485 		-0.0498268061
1.77  		0.0398309395 		+0.0289209185
1.8  		-0.0209838128 		-0.0094935441
1.83  		-0.0171008702 		+0.0093624213
1.86  		-0.0043749007 		+0.0125124034
1.89  		-0.0160188381 		-0.0178600217
1.92  		0.0852367737 		-0.0381235874
1.95  		0.0289825910 		+0.0253007116
1.98  		-0.0089876921 		+0.0097693638
2.01  		0.0070385842 		+0.0023627705
2.04  		-0.0031129807 		+0.0032106856
2.07  		-0.0100675165 		-0.0066299129
2.1  		-0.0289989348 		-0.0105774445
2.13  		-0.0751628794 		-0.0068485862
2.16  		-0.0863393302 		-0.0557958163
2.19  		-0.0627605690 		-0.0484756908
2.22  		-0.0162819748 		-0.0382568485
2.25  		-0.0048851975 		-0.0153352875
2.28  		-0.0057155071 		-0.0055516408
2.31  		0.0026141249 		-0.0024404631
2.34  		-0.0004072290 		+0.0008681956
2.37  		0.0013674055 		-0.0047259458
2.4  		0.0070207120 		+0.0014421252
2.43  		-0.0018939511 		+0.0001674746
2.46  		0.0011198063 		-0.0010126517
2.49  		0.0133053730 		-0.0060668837
2.52  		-0.0063575890 		-0.0055707154
2.55  		0.0081534841 		-0.0060208330
2.58  		0.0050815794 		-0.0037272833
2.61  		0.0071421916 		-0.0091436413
2.64  		0.0163623605 		-0.0138402452
2.67  		0.0069852529 		-0.0061593617
2.7  		-0.0098500928 		+0.0029529618
2.73  		0.0015703678 		-0.0203309715
2.76  		-0.0076087236 		+0.0202485058
2.79  		0.0150527300 		-0.0064035550
2.82  		-0.0009747536 		-0.0106868343
2.85  		-0.0005847480 		-0.0047149727
2.88  		0.0066699798 		+0.0011237685
2.91  		-0.0000311429 		-0.0082134393
2.94  		0.0090486009 		+0.0043210455
2.97  		0.0081431239 		+0.0043522820
