0  		1.0000000000 		+0.0000000000
0.03  		0.9968974927 		-0.0319477700
0.06  		0.9681632261 		+0.0310663999
0.09  		0.9746507801 		-0.1445448110
0.12  		0.9592819005 		-0.1183884040
0.15  		0.8949469684 		-0.0794899205
0.18  		0.8043479807 		+0.0091020474
0.21  		0.8144205024 		+0.0129177878
0.24  		0.8128852979 		+0.1039772663
0.27  		0.7432331388 		+0.1362538404
0.3  		0.7022797936 		+0.0821958844
0.33  		0.7084350661 		+0.0835777227
0.36  		0.6820672475 		+0.1365676325
0.39  		0.5946831054 		+0.1956608597
0.42  		0.4611542972 		+0.2723358455
0.45  		0.2921038435 		+0.3532480744
0.48  		0.1943854813 		+0.3386022897
0.51  		0.0286193930 		+0.2829761060
0.54  		0.0249311323 		+0.1847260524
0.57  		-0.0229318988 		+0.1403017780
0.6  		-0.0904862295 		+0.1003085467
0.63  		-0.1309398878 		+0.0526846671
0.66  		-0.1586324294 		+0.0104619439
0.69  		-0.1685316446 		+0.0042045571
0.72  		-0.1540788919 		+0.0295256869
0.75  		-0.1377091175 		+0.0134300979
0.78  		-0.1023369968 		-0.0497263825
0.81  		-0.0492125486 		-0.1000304752
0.84  		0.0008991677 		-0.1601223488
0.87  		0.0333374858 		-0.2306161627
0.9  		0.0891444474 		-0.2614076023
0.93  		0.0713686705 		-0.2652953410
0.96  		0.0832296040 		-0.2258149106
0.99  		0.1133849758 		-0.1667166975
1.02  		0.1341357926 		-0.0983950323
1.05  		0.1304724781 		-0.0308392150
1.08  		0.0992804207 		-0.0265750307
1.11  		0.0752281694 		-0.0183772116
1.14  		0.0551003529 		-0.0185400448
1.17  		0.0436968686 		-0.0142366935
1.2  		0.0387772534 		-0.0058418942
1.23  		0.0348773093 		+0.0024408156
1.26  		0.0308029112 		+0.0037420747
1.29  		0.0259091480 		+0.0083986062
1.32  		0.0226323180 		+0.0076344442
1.35  		0.0192212614 		+0.0080868546
1.38  		0.0166896611 		+0.0078937857
1.41  		0.0149247274 		+0.0067879300
1.44  		0.0134077946 		+0.0057815973
1.47  		0.0124370645 		+0.0035052935
1.5  		0.0094615427 		+0.0030911113
1.53  		0.0051009701 		+0.0021509065
1.56  		0.0003889955 		+0.0016064439
1.59  		-0.0056894539 		+0.0017608572
1.62  		-0.0138015384 		+0.0022835346
1.65  		-0.0204323731 		-0.0025270833
1.68  		-0.0256494952 		-0.0045779791
1.71  		-0.0287849810 		-0.0047589804
1.74  		-0.0303009727 		-0.0047236254
1.77  		-0.0297790568 		-0.0050389189
1.8  		-0.0231966825 		-0.0096222810
1.83  		-0.0098246913 		-0.0130708052
1.86  		0.0002295705 		-0.0085742173
1.89  		0.0052296855 		-0.0013351279
1.92  		0.0052489084 		+0.0042807157
1.95  		0.0038302789 		+0.0051706018
1.98  		0.0010978628 		+0.0034788876
2.01  		-0.0005406269 		+0.0004302058
2.04  		-0.0015953039 		-0.0019647636
2.07  		-0.0018117957 		-0.0028331130
2.1  		-0.0016259600 		-0.0023434927
2.13  		-0.0012057154 		-0.0013041614
2.16  		-0.0002538511 		-0.0004430326
2.19  		0.0007506731 		-0.0001879406
2.22  		0.0017347137 		-0.0002160512
2.25  		0.0028651891 		+0.0003309001
2.28  		0.0032995615 		+0.0007738435
2.31  		0.0028063710 		+0.0004613093
2.34  		0.0015750921 		+0.0003999021
2.37  		0.0000100623 		+0.0009599428
2.4  		-0.0015422510 		+0.0011650418
2.43  		-0.0027992057 		-0.0000615010
2.46  		-0.0030776374 		-0.0007818582
2.49  		-0.0025850441 		-0.0012876815
2.52  		-0.0017207074 		-0.0011050625
2.55  		-0.0009456794 		-0.0005812812
2.58  		-0.0003281616 		-0.0003182609
2.61  		-0.0000590280 		-0.0001700741
2.64  		0.0000465708 		-0.0001188431
2.67  		0.0000155482 		-0.0000669359
2.7  		-0.0000228596 		-0.0000111980
2.73  		-0.0000229551 		+0.0000256011
2.76  		-0.0000090327 		+0.0000288962
2.79  		0.0000004206 		+0.0000175735
2.82  		-0.0000044291 		+0.0000082787
2.85  		-0.0000043829 		+0.0000054574
2.88  		-0.0000013805 		+0.0000040517
2.91  		0.0000015272 		+0.0000014495
2.94  		0.0000014705 		-0.0000028547
2.97  		-0.0000027275 		-0.0000092775
