0  		1.0000000000 		+0.0000000000
0.03  		0.9993268791 		+0.0134934103
0.06  		0.9827789914 		-0.0802721049
0.09  		0.9861861817 		+0.0389135764
0.12  		0.9533644200 		-0.0588897245
0.15  		0.9088701919 		+0.0629608730
0.18  		0.9069940657 		+0.1089222806
0.21  		0.8599911664 		-0.0513105940
0.24  		0.7612728836 		-0.1324675403
0.27  		0.7060478594 		-0.2627444993
0.3  		0.6866484908 		-0.3492056176
0.33  		0.6460698350 		-0.3106114382
0.36  		0.5873890411 		-0.1057575872
0.39  		0.5500109832 		+0.1432940847
0.42  		0.5809880892 		+0.1867403462
0.45  		0.6298946946 		-0.0521790542
0.48  		0.6149280204 		-0.1487771919
0.51  		0.6056145413 		-0.2166056143
0.54  		0.6654595579 		-0.2076975167
0.57  		0.7387260419 		-0.1761066171
0.6  		0.7365861467 		-0.2043508055
0.63  		0.7413075879 		-0.1372382120
0.66  		0.7424762120 		-0.1528655955
0.69  		0.7787571028 		+0.0097353602
0.72  		0.8025915855 		+0.1360887649
0.75  		0.8011601162 		+0.0627695801
0.78  		0.7575345342 		-0.1401867115
0.81  		0.6764711108 		-0.0519444580
0.84  		0.5456534545 		+0.1553094764
0.87  		0.4264954522 		+0.2663311782
0.9  		0.3496119048 		+0.2521228444
0.93  		0.3035987644 		+0.1298525653
0.96  		0.2378782883 		+0.0518952007
0.99  		0.1601198366 		-0.0750972828
1.02  		0.0751012202 		-0.1346021111
1.05  		0.0217701505 		-0.1795194238
1.08  		-0.0170414005 		-0.2101571148
1.11  		-0.0706498393 		-0.2049059018
1.14  		-0.1177717782 		-0.1586988787
1.17  		-0.1211038071 		-0.1187897696
1.2  		-0.1217523207 		-0.0740955339
1.23  		-0.1089825368 		-0.0404905516
1.26  		-0.0919694727 		-0.0153251507
1.29  		-0.0683216179 		-0.0164369915
1.32  		-0.0444736159 		-0.0015293702
1.35  		-0.0205247648 		+0.0061427418
1.38  		-0.0047671341 		+0.0066645961
1.41  		0.0004075310 		+0.0034076715
1.44  		0.0012568777 		+0.0027511368
1.47  		0.0044262031 		+0.0040374660
1.5  		0.0105482669 		+0.0053683704
1.53  		0.0180497227 		+0.0004936682
1.56  		0.0219273278 		-0.0012662740
1.59  		0.0239420600 		-0.0070448893
1.62  		0.0237536159 		-0.0092689926
1.65  		0.0204369309 		-0.0133874508
1.68  		0.0135457853 		-0.0162505404
1.71  		0.0115743450 		-0.0137806208
1.74  		0.0093818251 		-0.0133025207
1.77  		0.0068887707 		-0.0132750256
1.8  		0.0006336982 		-0.0128344024
1.83  		-0.0011532675 		-0.0103228452
1.86  		-0.0006578307 		-0.0077051604
1.89  		0.0013848534 		-0.0053224744
1.92  		0.0008754398 		-0.0033088456
1.95  		0.0003208871 		-0.0016465835
1.98  		0.0000708419 		-0.0006583578
2.01  		-0.0000371446 		-0.0002524305
2.04  		0.0000356795 		-0.0001488290
2.07  		0.0002243007 		-0.0001617413
2.1  		0.0005417739 		-0.0001635300
2.13  		0.0007173152 		-0.0003309152
2.16  		0.0006687855 		-0.0005311316
2.19  		0.0004081882 		-0.0006386923
2.22  		0.0002207123 		-0.0004095601
2.25  		0.0000152675 		-0.0001171514
2.28  		-0.0001752437 		+0.0002613379
2.31  		-0.0003777675 		+0.0006241004
2.34  		-0.0005547791 		+0.0008555921
2.37  		-0.0007253404 		+0.0007300356
2.4  		-0.0004141740 		+0.0004972690
2.43  		0.0000603676 		+0.0000066177
2.46  		0.0008590630 		-0.0000340098
2.49  		0.0015261663 		+0.0008748991
2.52  		0.0013737838 		+0.0028330870
2.55  		-0.0003474123 		+0.0053604956
2.58  		-0.0037985642 		+0.0069438926
2.61  		-0.0062356864 		+0.0081007086
2.64  		-0.0097774287 		+0.0085218938
2.67  		-0.0102891818 		+0.0114226415
2.7  		-0.0095395325 		+0.0130009292
2.73  		-0.0032434217 		+0.0120586310
2.76  		0.0011595818 		+0.0057021764
2.79  		0.0044583394 		-0.0026550405
2.82  		0.0017329387 		-0.0100261100
2.85  		-0.0026445912 		-0.0089252584
2.88  		-0.0021859288 		-0.0022524954
2.91  		0.0051853278 		+0.0032305826
2.94  		0.0148219347 		+0.0024466647
2.97  		0.0193323752 		-0.0040089026
