0  		1.0000000000 		+0.0000000000
0.03  		0.9998055046 		+0.0059214419
0.06  		0.9949451449 		+0.0168934736
0.09  		0.9926038185 		+0.0113258428
0.12  		0.9758657061 		+0.0008698708
0.15  		0.9487429025 		+0.0032623907
0.18  		0.9146318064 		+0.0270640456
0.21  		0.8430273883 		+0.0375347146
0.24  		0.6882330101 		+0.0471745273
0.27  		0.4588747673 		-0.0483980011
0.3  		0.2186201851 		-0.2104828776
0.33  		0.0815000217 		-0.2147461379
0.36  		0.1006058661 		-0.0500086154
0.39  		0.3179321103 		+0.0866082757
0.42  		0.5616056677 		+0.0796489534
0.45  		0.6656142287 		+0.0056324569
0.48  		0.6153528686 		-0.0111533528
0.51  		0.5096012349 		+0.0006306542
0.54  		0.4214824636 		-0.0556140559
0.57  		0.3428386144 		-0.1334234633
0.6  		0.2741954985 		-0.1817210865
0.63  		0.2719345384 		-0.1213483757
0.66  		0.2823903951 		-0.0037631456
0.69  		0.3046769277 		+0.0897505653
0.72  		0.3648645403 		+0.1369231393
0.75  		0.4455982515 		+0.1318172930
0.78  		0.4734160273 		+0.1907139446
0.81  		0.4330430965 		+0.3138586154
0.84  		0.4084930875 		+0.3567076170
0.87  		0.4440909665 		+0.1800597380
0.9  		0.3786107710 		-0.1070244032
0.93  		0.1558937595 		-0.2788374667
0.96  		0.0113335036 		-0.1371181669
0.99  		0.1208401890 		+0.0873287064
1.02  		0.3700570193 		+0.1368164651
1.05  		0.5285723001 		-0.0485625067
1.08  		0.4320866604 		-0.2895936157
1.11  		0.2929016261 		-0.2645839693
1.14  		0.3114063594 		-0.0494701513
1.17  		0.4414165999 		+0.1013971452
1.2  		0.5290270470 		+0.1386353875
1.23  		0.5119795029 		+0.0253456070
1.26  		0.3580078233 		-0.0795690757
1.29  		0.2466162040 		+0.0411826660
1.32  		0.2767677228 		+0.1887064095
1.35  		0.3979143357 		+0.2368946312
1.38  		0.4600717698 		+0.1096625979
1.41  		0.3073960980 		-0.0707031236
1.44  		0.0130617981 		-0.0706070269
1.47  		-0.1541614115 		+0.0712810464
1.5  		-0.1126566676 		+0.1519442822
1.53  		0.0207444787 		+0.1251170992
1.56  		0.1154741574 		+0.0654806525
1.59  		0.1444601450 		+0.0429909454
1.62  		0.1385334138 		+0.0350448242
1.65  		0.1214575054 		+0.0220460330
1.68  		0.1089897936 		+0.0024462908
1.71  		0.1055170028 		-0.0033159740
1.74  		0.1077171633 		-0.0023915712
1.77  		0.1114412526 		+0.0191858457
1.8  		0.1169834143 		+0.0381025571
1.83  		0.1317533528 		+0.0310422110
1.86  		0.1514884964 		+0.0172031248
1.89  		0.1837127985 		+0.0162195882
1.92  		0.2405504860 		+0.0142829404
1.95  		0.3197733754 		+0.0082694878
1.98  		0.3800859226 		-0.0314398308
2.01  		0.3766612051 		-0.0513340719
2.04  		0.3148235002 		-0.0410070948
2.07  		0.2682039524 		+0.0293568349
2.1  		0.2689611043 		+0.0984927712
2.13  		0.3166260394 		+0.0880159601
2.16  		0.3528421905 		+0.0463942623
2.19  		0.3516049327 		-0.0073219956
2.22  		0.3138600988 		-0.0363778589
2.25  		0.2618260876 		-0.0491612577
2.28  		0.2183351630 		-0.0513297908
2.31  		0.1935002164 		-0.0389147507
2.34  		0.1770134303 		-0.0439386964
2.37  		0.1627511972 		-0.0457388360
2.4  		0.1470229783 		-0.0483757914
2.43  		0.1330941699 		-0.0424689968
2.46  		0.1220290841 		-0.0247188972
2.49  		0.1089568397 		-0.0194531278
2.52  		0.0960380785 		-0.0189763618
2.55  		0.0857079673 		-0.0170784917
2.58  		0.0746213754 		-0.0204332648
2.61  		0.0669624800 		-0.0139302466
2.64  		0.0595027290 		-0.0082565105
2.67  		0.0451544309 		-0.0053669509
2.7  		0.0141957164 		-0.0223192924
2.73  		-0.0214826833 		-0.0412673166
2.76  		-0.0313058202 		-0.0311056550
2.79  		-0.0079352915 		-0.0011608451
2.82  		0.0102177779 		+0.0075678717
2.85  		-0.0012558912 		-0.0010951619
2.88  		-0.0158635700 		-0.0073509943
2.91  		-0.0176423958 		-0.0052968108
2.94  		-0.0112537246 		-0.0021094894
2.97  		-0.0034430543 		+0.0028353038
