0  		1.0000000000 		-0.0000000000
0.03  		0.9994387868 		+0.0026255827
0.06  		0.9944160077 		+0.0065373729
0.09  		0.9819228728 		-0.0195650076
0.12  		0.9645672815 		+0.0590069978
0.15  		0.9303591831 		+0.0671824771
0.18  		0.9122371760 		+0.0688716114
0.21  		0.8777931211 		+0.1067373561
0.24  		0.8396830589 		+0.0868834457
0.27  		0.7740643639 		+0.1242125277
0.3  		0.6844264885 		+0.1948143619
0.33  		0.6997913971 		+0.0758610251
0.36  		0.7635390331 		+0.0242170653
0.39  		0.8087985301 		-0.0669143161
0.42  		0.7989243445 		-0.2019803532
0.45  		0.7346304199 		-0.2757321299
0.48  		0.6315087932 		-0.2583537401
0.51  		0.5162529808 		-0.1965135923
0.54  		0.3923925919 		-0.1433987910
0.57  		0.2688092111 		-0.1059698462
0.6  		0.1564355020 		-0.0827897417
0.63  		0.0651266360 		-0.0915492928
0.66  		-0.0002068053 		-0.1354579483
0.69  		-0.0359450658 		-0.1873012981
0.72  		-0.0935125347 		-0.2021497053
0.75  		-0.1411969906 		-0.1642180009
0.78  		-0.1397203211 		-0.0854531764
0.81  		-0.0635622301 		-0.0448296022
0.84  		0.0021840942 		-0.0088063226
0.87  		0.0225033275 		+0.0220956506
0.9  		0.0031372540 		+0.0376062490
0.93  		0.0006020693 		-0.0002194342
0.96  		0.1068921075 		-0.0945750111
0.99  		0.3012889544 		-0.1598073821
1.02  		0.4374077974 		-0.1699366530
1.05  		0.4764496804 		-0.1182542948
1.08  		0.4719226551 		+0.0044354275
1.11  		0.4278047981 		+0.0972460952
1.14  		0.3644881721 		+0.1488468169
1.17  		0.2955863213 		+0.1652104752
1.2  		0.2596142222 		+0.1358882248
1.23  		0.2466385508 		+0.0961192744
1.26  		0.2286916512 		+0.0896228017
1.29  		0.2134877222 		+0.0942789495
1.32  		0.2286183949 		+0.0071379835
1.35  		0.1988268409 		-0.0457056473
1.38  		0.1004760317 		-0.0427400701
1.41  		-0.0450136106 		-0.0102483303
1.44  		-0.1765163807 		+0.0105203260
1.47  		-0.2059677841 		-0.0116176822
1.5  		-0.1094607500 		-0.0273725862
1.53  		0.0453606653 		+0.0034232766
1.56  		0.1721128585 		+0.0408795745
1.59  		0.2101534274 		+0.0389426459
1.62  		0.1872430841 		+0.0166473828
1.65  		0.1553378509 		-0.0065358240
1.68  		0.1346867322 		-0.0191599237
1.71  		0.1309294331 		-0.0061195434
1.74  		0.1262585945 		+0.0040587607
1.77  		0.1181505176 		-0.0066692869
1.8  		0.1006750332 		-0.0098342701
1.83  		0.0749451963 		+0.0080119922
1.86  		0.0499586958 		+0.0096728616
1.89  		0.0332255761 		+0.0015211163
1.92  		0.0251209067 		+0.0003922665
1.95  		0.0211458597 		+0.0054703431
1.98  		0.0126614360 		-0.0108740278
2.01  		0.0103012583 		-0.0549102139
2.04  		0.0416872534 		-0.0651315559
2.07  		0.0365385551 		-0.0026711344
2.1  		-0.0359346898 		+0.0720157146
2.13  		-0.1234218683 		+0.0674714069
2.16  		-0.1373302495 		+0.0021915614
2.19  		-0.0915928584 		-0.0311956446
2.22  		-0.0617973502 		-0.0270921996
2.25  		-0.0396216282 		-0.0385210735
2.28  		-0.0132037250 		-0.0479102607
2.31  		0.0085210160 		-0.0479312200
2.34  		0.0288089282 		-0.0376858897
2.37  		0.0427501531 		-0.0095427550
2.4  		0.0342374237 		+0.0174649907
2.43  		0.0174820369 		+0.0294057592
2.46  		0.0031557297 		+0.0294851098
2.49  		-0.0038484076 		+0.0212300149
2.52  		-0.0027753803 		+0.0093597030
2.55  		0.0029884145 		+0.0022077205
2.58  		0.0035133733 		+0.0006566352
2.61  		0.0008698714 		+0.0008275966
2.64  		-0.0001455785 		+0.0000734934
2.67  		0.0000209792 		-0.0001530186
2.7  		-0.0001190587 		-0.0004323905
2.73  		0.0000033649 		-0.0005510277
2.76  		-0.0000060490 		-0.0002287577
2.79  		-0.0000539875 		-0.0001468106
2.82  		0.0001317925 		-0.0000757165
2.85  		0.0002808043 		+0.0002427354
2.88  		0.0003327278 		+0.0009940419
2.91  		-0.0008244331 		+0.0019409250
2.94  		-0.0028420772 		+0.0007818810
2.97  		-0.0028880184 		-0.0018642917
