0  		1.0000000000 		+0.0000000000
0.03  		0.9963482541 		-0.0347134290
0.06  		-0.8702092392 		-0.0361446602
0.09  		0.5850981458 		-0.1446933776
0.12  		-0.0845784165 		-0.0547642883
0.15  		0.0379607612 		-0.0603995704
0.18  		0.0702656087 		-0.0855061988
0.21  		-0.2792037496 		+0.0086988724
0.24  		-0.0522088554 		-0.0187157109
0.27  		-0.0204185211 		-0.0643297668
0.3  		0.2890681701 		-0.0435299675
0.33  		0.1231097106 		+0.1187647015
0.36  		0.0729016444 		+0.0253606580
0.39  		0.0154845773 		+0.0028633285
0.42  		-0.0016053991 		+0.0155637813
0.45  		0.0032431519 		+0.0158952987
0.48  		0.3138457572 		+0.1021413182
0.51  		0.2678218932 		+0.1058076984
0.54  		0.0200894284 		-0.0005754531
0.57  		-0.0285511417 		+0.0702191346
0.6  		0.2284906100 		-0.2775614273
0.63  		0.0073632749 		-0.0535905793
0.66  		0.0171774171 		-0.0829592697
0.69  		-0.0551288210 		+0.1319617890
0.72  		0.0249560084 		-0.1233984668
0.75  		-0.0655173914 		+0.0406596443
0.78  		0.0192648065 		+0.0094427520
0.81  		-0.0897607302 		+0.0218390537
0.84  		0.0481527769 		-0.0563711839
0.87  		-0.1001305306 		-0.0432066242
0.9  		-0.1093510302 		+0.0589615236
0.93  		0.0194469472 		+0.0461776185
0.96  		0.0089927524 		+0.0659463134
0.99  		-0.1132072863 		+0.0728920610
1.02  		-0.1216641751 		-0.0944710985
1.05  		-0.0033436001 		-0.0032570691
1.08  		-0.0215492277 		+0.0137070048
1.11  		0.1172177809 		+0.0225211894
1.14  		0.0178243625 		-0.0044911887
1.17  		-0.0146593889 		-0.0175199589
1.2  		0.0093914461 		-0.0083920423
1.23  		0.0084396299 		+0.0109488263
1.26  		-0.0024684100 		+0.0031810731
1.29  		-0.0031788165 		+0.0097386231
1.32  		-0.0056041455 		-0.0010733570
1.35  		-0.0374230171 		-0.0458069436
1.38  		-0.0722547748 		-0.0887869922
1.41  		-0.0823797269 		-0.1486673721
1.44  		0.0839272653 		-0.0638772552
1.47  		-0.0037938003 		+0.0071876127
1.5  		-0.0298884857 		-0.0415198288
1.53  		-0.0015129809 		-0.0303671818
1.56  		-0.0219004992 		-0.0105983660
1.59  		-0.0012480315 		+0.0020160666
1.62  		0.0024833680 		-0.0025102457
1.65  		-0.0029274953 		-0.0003233163
1.68  		-0.0000418999 		-0.0001442419
1.71  		0.0005823971 		-0.0003698367
1.74  		-0.0021782920 		-0.0008828949
1.77  		0.0011970657 		-0.0007111161
1.8  		0.0001018804 		+0.0012762635
1.83  		0.0001824880 		+0.0000278873
1.86  		0.0001235340 		+0.0003568593
1.89  		0.0004478241 		+0.0003918493
1.92  		-0.0000693556 		-0.0000845657
1.95  		-0.0000090940 		-0.0000022502
1.98  		-0.0000100944 		+0.0000082272
2.01  		0.0000086952 		+0.0001114938
2.04  		0.0000451872 		+0.0000019852
2.07  		0.0000501831 		+0.0001956045
2.1  		-0.0000477047 		-0.0001499312
2.13  		0.0000581234 		-0.0000082337
2.16  		-0.0000018313 		-0.0000003004
2.19  		0.0000187682 		-0.0000839150
2.22  		0.0000767799 		-0.0000184264
2.25  		-0.0000362179 		+0.0000721504
2.28  		0.0000053414 		-0.0000083319
2.31  		-0.0000079498 		+0.0000026616
2.34  		0.0000078998 		-0.0000038004
2.37  		0.0000005561 		-0.0000208694
2.4  		0.0000042797 		-0.0000286013
2.43  		0.0000036379 		-0.0000075407
2.46  		-0.0000141559 		-0.0000060558
2.49  		0.0000032045 		-0.0000016826
2.52  		0.0000001103 		+0.0000001290
2.55  		0.0000067651 		+0.0000005901
2.58  		-0.0000135711 		+0.0000407437
2.61  		0.0000495863 		+0.0001034821
2.64  		-0.0000021218 		+0.0001504682
2.67  		0.0000633976 		-0.0002078512
2.7  		0.0000586334 		-0.0000953522
2.73  		0.0000027106 		-0.0002436936
2.76  		0.0000369796 		+0.0003297872
2.79  		-0.0000030206 		-0.0000021010
2.82  		-0.0000462078 		-0.0000696956
2.85  		-0.0000099437 		+0.0000060379
2.88  		-0.0000439213 		-0.0000443139
2.91  		0.0000500194 		-0.0001633793
2.94  		-0.0002124797 		-0.0001193556
2.97  		0.0001003685 		+0.0000231597
