0  		1.0000000000 		-0.0000000000
0.03  		0.9856410300 		-0.0013059364
0.06  		0.4250036155 		+0.0146514067
0.09  		0.6883420210 		-0.1654927240
0.12  		0.6713885187 		-0.0893176994
0.15  		0.7453064169 		-0.0064989306
0.18  		0.0976830807 		-0.0494691325
0.21  		0.3530033987 		-0.0236293739
0.24  		0.4761802724 		-0.0759904534
0.27  		0.3946557931 		+0.2067499254
0.3  		0.6248174084 		+0.2295596778
0.33  		0.0025937470 		-0.0038368573
0.36  		0.1073260795 		+0.0403382911
0.39  		0.1058943665 		-0.0018901479
0.42  		-0.0110336593 		-0.0584021750
0.45  		0.0417107901 		-0.0427249587
0.48  		-0.0027104664 		-0.0311690073
0.51  		0.0914606631 		-0.1482455926
0.54  		-0.0394246694 		-0.2442306924
0.57  		0.0311598991 		-0.0551542681
0.6  		-0.0959323963 		+0.1507786445
0.63  		0.0716892088 		+0.0373830425
0.66  		0.0043153626 		+0.1001149797
0.69  		0.0245014653 		+0.1252891532
0.72  		0.0028504632 		-0.1066254611
0.75  		0.0405922282 		+0.0911905452
0.78  		-0.0450537343 		+0.3029448079
0.81  		0.0558029197 		+0.1374112520
0.84  		0.0109576600 		+0.2642856815
0.87  		0.0063433477 		-0.0490596681
0.9  		0.0064512316 		+0.1017646339
0.93  		0.0175928476 		+0.0177562466
0.96  		-0.0203582175 		+0.1453001096
0.99  		-0.0107073787 		+0.0113874694
1.02  		0.0623160232 		+0.0434293886
1.05  		0.0946372778 		-0.0143660017
1.08  		0.0229462275 		-0.0125982531
1.11  		0.0327051009 		-0.0185728234
1.14  		0.0128931198 		-0.0309963612
1.17  		-0.0062731217 		-0.0055351361
1.2  		0.0693591816 		+0.0285848477
1.23  		0.0395563412 		+0.0282303282
1.26  		-0.0070390761 		+0.0181724892
1.29  		0.0024521001 		+0.0064959759
1.32  		0.0024345252 		+0.0022262716
1.35  		0.0225448633 		+0.0049192511
1.38  		0.0202478541 		+0.0031783531
1.41  		0.0070712191 		+0.0033806229
1.44  		0.0013461736 		+0.0028967550
1.47  		-0.0025510059 		+0.0049490681
1.5  		-0.0043959160 		-0.0018508630
1.53  		-0.0022738094 		-0.0003147304
1.56  		-0.0002014182 		-0.0006215745
1.59  		-0.0010972407 		-0.0004147115
1.62  		-0.0007643650 		-0.0006446745
1.65  		-0.0005104350 		+0.0005567937
1.68  		-0.0000194753 		-0.0000060526
1.71  		-0.0002396916 		+0.0000900209
1.74  		-0.0002014740 		+0.0001533901
1.77  		-0.0005117027 		+0.0000870064
1.8  		-0.0000459251 		-0.0006614171
1.83  		-0.0005380924 		-0.0000606007
1.86  		0.0005780835 		+0.0006176626
1.89  		-0.0007267564 		+0.0001168126
1.92  		-0.0008105490 		-0.0003925095
1.95  		-0.0022437381 		-0.0042352123
1.98  		0.0059606421 		+0.0001395952
2.01  		0.0025865283 		+0.0016636720
2.04  		0.0025379542 		+0.0019798380
2.07  		0.0000325065 		-0.0015131373
2.1  		-0.0053719943 		+0.0005000994
2.13  		-0.0033498575 		-0.0008670950
2.16  		0.0029591797 		-0.0026086923
2.19  		0.0010363214 		+0.0021333192
2.22  		-0.0004712805 		+0.0008344338
2.25  		-0.0004811825 		-0.0004398874
2.28  		-0.0004246573 		-0.0007918201
2.31  		0.0000276243 		-0.0000992657
2.34  		0.0003910065 		-0.0001662981
2.37  		0.0005449480 		-0.0001235590
2.4  		0.0006450386 		+0.0002014011
2.43  		0.0000613933 		-0.0001754705
2.46  		-0.0011988284 		+0.0016986252
2.49  		-0.0013978528 		+0.0015106348
2.52  		-0.0013042155 		-0.0012210375
2.55  		-0.0035517224 		-0.0054035926
2.58  		0.0015623664 		-0.0030685935
2.61  		0.0017292665 		-0.0009915108
2.64  		0.0026551885 		-0.0010481641
2.67  		-0.0000107848 		-0.0014644192
2.7  		0.0000432558 		+0.0112638327
2.73  		-0.0064305874 		+0.0020555251
2.76  		-0.0038385709 		-0.0012575652
2.79  		-0.0001113160 		-0.0008605540
2.82  		-0.0000751926 		-0.0002052020
2.85  		0.0023918308 		-0.0018913405
2.88  		0.0018848790 		-0.0026467380
2.91  		0.0016354781 		+0.0033975526
2.94  		-0.0013093008 		+0.0004643291
2.97  		-0.0023349608 		-0.0005476016
