0  		1.0000000000 		+0.0000000000
0.03  		0.9933998494 		-0.0104172411
0.06  		0.9055256917 		+0.1410375376
0.09  		0.5766623665 		-0.5197655351
0.12  		0.1699247607 		-0.4071466908
0.15  		0.0132530846 		-0.0265142963
0.18  		0.5524383025 		-0.0686653600
0.21  		0.4219430765 		-0.1510962625
0.24  		0.4038224849 		+0.1088754057
0.27  		0.2335722671 		-0.2148717943
0.3  		0.2667474044 		-0.1932040306
0.33  		-0.0585047327 		-0.2161330763
0.36  		0.0107164469 		-0.1657940624
0.39  		-0.1408098108 		-0.0825497409
0.42  		-0.0879670286 		+0.1543313364
0.45  		-0.1990257988 		+0.0816560333
0.48  		-0.1617847126 		+0.0302655056
0.51  		-0.1160032138 		+0.0931985639
0.54  		-0.1557566148 		+0.0329360216
0.57  		-0.1276595069 		+0.0099613852
0.6  		-0.0609666321 		+0.0021549996
0.63  		-0.0417778875 		+0.0442755866
0.66  		0.0187920675 		+0.0514594232
0.69  		0.0366370220 		+0.0584665150
0.72  		0.0655589113 		+0.0556753591
0.75  		0.0805627331 		-0.0367018147
0.78  		0.0446461545 		+0.0404553243
0.81  		0.0283260916 		+0.0053294856
0.84  		0.0123353504 		-0.0013908989
0.87  		-0.0035722026 		+0.0038189078
0.9  		-0.0038996944 		-0.0031740351
0.93  		-0.0114238339 		+0.0392100332
0.96  		0.0079298270 		+0.0048242172
0.99  		-0.0559176915 		-0.0586059624
1.02  		-0.0573936327 		-0.0717732007
1.05  		-0.0008396605 		-0.1559805407
1.08  		-0.0645342923 		-0.0057711516
1.11  		0.0515276491 		-0.0169694338
1.14  		-0.0274323004 		-0.0252432515
1.17  		-0.0220128534 		-0.0049221170
1.2  		-0.0151312068 		+0.0018678665
1.23  		0.0124414122 		+0.0103535091
1.26  		0.0148178810 		+0.0347927935
1.29  		0.0336546474 		+0.0442730793
1.32  		0.0643685450 		+0.0484258764
1.35  		0.0478627037 		+0.0699826443
1.38  		0.0451385024 		+0.0713933116
1.41  		0.0698950627 		+0.0439616333
1.44  		0.0376803700 		+0.0297672148
1.47  		0.0121980701 		-0.0168335434
1.5  		-0.0043553182 		-0.0056336386
1.53  		-0.0098241182 		-0.0037768868
1.56  		0.0044199699 		+0.0067070709
1.59  		0.0200534788 		-0.0006327106
1.62  		-0.0105288603 		-0.0074046130
1.65  		0.0035588350 		-0.0002346258
1.68  		0.0003007814 		-0.0029488314
1.71  		-0.0000346429 		-0.0011590176
1.74  		-0.0020945743 		-0.0008381086
1.77  		-0.0010130418 		-0.0004974895
1.8  		-0.0009828609 		+0.0001588036
1.83  		-0.0000011588 		+0.0000033814
1.86  		0.0000109169 		-0.0000104893
1.89  		-0.0000031866 		+0.0001259785
1.92  		-0.0000034887 		-0.0002515804
1.95  		-0.0001727553 		-0.0004719112
1.98  		-0.0000304133 		-0.0004443517
2.01  		0.0001411040 		-0.0003581487
2.04  		0.0003614318 		-0.0004939611
2.07  		-0.0001679398 		-0.0007003534
2.1  		-0.0005614476 		-0.0002031516
2.13  		-0.0003713642 		-0.0000122729
2.16  		0.0000022694 		+0.0000001001
2.19  		0.0000702599 		-0.0000188505
2.22  		0.0000849578 		+0.0000842902
2.25  		0.0002257236 		+0.0001142462
2.28  		0.0000023680 		-0.0000508168
2.31  		-0.0000923685 		+0.0000150705
2.34  		-0.0000287488 		+0.0002546673
2.37  		0.0002960743 		-0.0001197750
2.4  		0.0003070251 		-0.0000359392
2.43  		-0.0001612976 		-0.0000919977
2.46  		-0.0000042521 		-0.0000551846
2.49  		-0.0000017788 		-0.0000024245
2.52  		0.0000054482 		-0.0000009171
2.55  		-0.0000006168 		+0.0000001535
2.58  		0.0000001278 		-0.0000004385
2.61  		0.0000005042 		-0.0000002002
2.64  		-0.0000006909 		+0.0000006448
2.67  		0.0000000529 		-0.0000012566
2.7  		-0.0000033817 		-0.0000016926
2.73  		-0.0000032112 		+0.0000014712
2.76  		0.0000001040 		+0.0000026035
2.79  		0.0000016407 		-0.0000009952
2.82  		-0.0000001380 		-0.0000076691
2.85  		0.0000522028 		+0.0000005787
2.88  		0.0000273217 		-0.0000067384
2.91  		-0.0001220032 		-0.0001640183
2.94  		-0.0001974457 		-0.0000958616
2.97  		-0.0000611567 		-0.0000174992
