0  		1.0000000000 		+0.0000000000
0.03  		0.9964475222 		+0.0046916956
0.06  		0.7688560670 		+0.0865106838
0.09  		0.4411976427 		-0.0265843327
0.12  		0.5692114562 		+0.1524600478
0.15  		0.9283335715 		-0.0184225657
0.18  		0.2096147102 		+0.0398166862
0.21  		0.5370400331 		-0.0677705316
0.24  		0.7394205649 		-0.0864251512
0.27  		0.0021255477 		+0.0331708166
0.3  		-0.0104315188 		+0.0234157501
0.33  		0.0316675271 		-0.1351472865
0.36  		0.3827378022 		-0.0517072674
0.39  		0.5641989238 		-0.2166644560
0.42  		0.5996709074 		-0.0605361144
0.45  		-0.1850213821 		-0.2486773643
0.48  		0.0227258593 		-0.0056333405
0.51  		0.1546350804 		+0.0060296848
0.54  		0.2187121351 		+0.1629065023
0.57  		-0.1534537099 		+0.0127276459
0.6  		0.0473720235 		+0.0515714321
0.63  		0.0415098718 		+0.0042008604
0.66  		0.0039084516 		+0.0197915325
0.69  		-0.0058643008 		+0.0362036637
0.72  		0.0140230300 		+0.0181357486
0.75  		-0.0109910717 		+0.0255478229
0.78  		-0.0083754526 		+0.0101255685
0.81  		-0.0010537075 		-0.0070793376
0.84  		-0.0003509858 		-0.0044366899
0.87  		0.0103605593 		+0.0067627516
0.9  		-0.0247563940 		-0.0251782097
0.93  		-0.0295691685 		-0.0018130421
0.96  		0.0131219846 		-0.0006109386
0.99  		-0.0148099960 		-0.0238245540
1.02  		0.0133948907 		-0.0023651301
1.05  		-0.0018232431 		-0.0092405638
1.08  		-0.0109936228 		-0.0033703698
1.11  		0.0028640617 		-0.0045057191
1.14  		0.0020141311 		+0.0020501224
1.17  		0.0002644759 		-0.0000481421
1.2  		0.0003192660 		-0.0000688353
1.23  		-0.0004267794 		-0.0002736096
1.26  		0.0004895380 		+0.0011870932
1.29  		0.0014019791 		-0.0011490948
1.32  		0.0044912047 		+0.0023129493
1.35  		-0.0064243698 		+0.0026043314
1.38  		0.0061787912 		-0.0040737034
1.41  		-0.0036419172 		+0.0018216828
1.44  		0.0010119307 		+0.0030936326
1.47  		0.0119106694 		-0.0181027276
1.5  		0.0078120115 		-0.0199030737
1.53  		0.0110190054 		-0.0017304680
1.56  		-0.0024853201 		+0.0049407790
1.59  		0.0074774762 		-0.0057950862
1.62  		0.0026601548 		-0.0021159524
1.65  		0.0156057693 		-0.0026242951
1.68  		-0.0045679908 		+0.0041406987
1.71  		0.0090846502 		-0.0076550056
1.74  		0.0060710158 		+0.0006249432
1.77  		0.0011579826 		-0.0000037063
1.8  		0.0014213365 		+0.0010935185
1.83  		0.0065574507 		-0.0003569149
1.86  		0.0030833164 		+0.0011227832
1.89  		0.0050710995 		-0.0006194016
1.92  		0.0015331438 		-0.0006454511
1.95  		0.0003392179 		-0.0002117672
1.98  		-0.0001953275 		+0.0003954756
2.01  		-0.0049031144 		-0.0036697913
2.04  		-0.0027503965 		-0.0067893971
2.07  		0.0013297747 		-0.0040331750
2.1  		0.0033338994 		-0.0026967856
2.13  		0.0017976789 		-0.0009653929
2.16  		0.0002545190 		+0.0001711241
2.19  		0.0009756364 		-0.0000488130
2.22  		0.0008986447 		-0.0000620335
2.25  		0.0000419212 		-0.0005384843
2.28  		0.0005375371 		-0.0006036417
2.31  		-0.0000013442 		-0.0001394000
2.34  		0.0004131126 		+0.0003172894
2.37  		0.0002255443 		+0.0003480722
2.4  		-0.0001699836 		+0.0008470367
2.43  		0.0002065563 		-0.0003131111
2.46  		-0.0001402793 		+0.0003727244
2.49  		0.0000511722 		+0.0002216094
2.52  		0.0000311312 		+0.0000757283
2.55  		0.0000326550 		-0.0000020891
2.58  		0.0002440638 		-0.0000304486
2.61  		0.0010688802 		-0.0002037816
2.64  		0.0016529822 		-0.0017671709
2.67  		0.0017335514 		-0.0013952324
2.7  		0.0048468971 		-0.0014562814
2.73  		0.0013070935 		-0.0006920403
2.76  		0.0001019632 		-0.0008506139
2.79  		0.0074633049 		-0.0066940727
2.82  		0.0069175644 		-0.0095160866
2.85  		-0.0005591833 		-0.0137715245
2.88  		-0.0082406315 		-0.0111606333
2.91  		-0.0023848201 		-0.0042614274
2.94  		0.0005396610 		-0.0001328169
2.97  		-0.0197440407 		-0.0052849839
