0  		1.0000000000 		+0.0000000000
0.03  		0.9702044775 		+0.0062575782
0.06  		0.9741866888 		+0.0203707307
0.09  		0.9697424923 		+0.0869105823
0.12  		0.9428063421 		+0.0465866861
0.15  		0.9322950410 		-0.0061298516
0.18  		0.9060621011 		-0.0735604501
0.21  		0.8768670396 		-0.0819319448
0.24  		0.8408004612 		-0.1667807362
0.27  		0.8403804834 		-0.0744051382
0.3  		0.7653324257 		-0.2783287815
0.33  		0.7681089191 		-0.1792795160
0.36  		0.6892688974 		-0.1824200670
0.39  		0.5904536491 		-0.0935725863
0.42  		0.4523228311 		-0.1309173512
0.45  		0.3191323801 		-0.0717896748
0.48  		0.2091304527 		-0.0175767312
0.51  		0.1524328299 		+0.0230372991
0.54  		0.1514719912 		+0.0044692983
0.57  		0.2106373135 		+0.0286856915
0.6  		0.2902025804 		-0.0020109024
0.63  		0.4258957880 		-0.0452377406
0.66  		0.4993076345 		-0.1564518031
0.69  		0.5488567341 		-0.1477131518
0.72  		0.4945876597 		-0.1236432277
0.75  		0.4484293137 		+0.0574696601
0.78  		0.3510977623 		+0.1017448198
0.81  		0.3055755718 		+0.0312325455
0.84  		0.2618830696 		-0.0557282936
0.87  		0.2132636667 		-0.1270056793
0.9  		0.1666954666 		-0.1385868737
0.93  		0.1429531183 		-0.0852289931
0.96  		0.0826199090 		-0.0892042872
0.99  		0.0640582980 		-0.0693288411
1.02  		0.0600963291 		-0.0665970389
1.05  		0.0626595247 		-0.0648559362
1.08  		0.0772095414 		-0.0713762833
1.11  		0.0716322994 		-0.0775885867
1.14  		0.0956024131 		-0.0522524647
1.17  		0.1072629206 		-0.0122727183
1.2  		0.1155192385 		+0.0148734798
1.23  		0.1250799296 		+0.0443327928
1.26  		0.1389946677 		+0.0852658296
1.29  		0.1560359941 		+0.0827940160
1.32  		0.1304240817 		+0.1057095593
1.35  		0.1008126915 		+0.0771401091
1.38  		0.0750353830 		+0.0446001171
1.41  		0.0531256031 		+0.0272829295
1.44  		0.0047262743 		+0.0184321577
1.47  		-0.0293322625 		-0.0187317648
1.5  		-0.0237078347 		-0.0482094633
1.53  		-0.0192712810 		-0.0484997173
1.56  		0.0114303803 		-0.0344475414
1.59  		0.0288843491 		-0.0075841068
1.62  		0.0398562035 		+0.0126512836
1.65  		0.0440127362 		+0.0231401709
1.68  		0.0420695259 		+0.0255380942
1.71  		0.0348112493 		+0.0227262535
1.74  		0.0269556916 		+0.0168362957
1.77  		0.0224080736 		+0.0014993762
1.8  		0.0167915709 		-0.0038058617
1.83  		0.0119263374 		-0.0073780059
1.86  		0.0083908214 		-0.0071891964
1.89  		0.0040585393 		-0.0068984826
1.92  		0.0006272094 		-0.0061557709
1.95  		-0.0030626046 		-0.0042282240
1.98  		-0.0038084982 		-0.0017120675
2.01  		-0.0041554062 		+0.0006394890
2.04  		-0.0041674836 		+0.0020790132
2.07  		-0.0035085412 		+0.0027663723
2.1  		-0.0025120565 		+0.0024406393
2.13  		-0.0020975187 		+0.0009114341
2.16  		-0.0012569763 		-0.0003935572
2.19  		-0.0007091113 		-0.0006203478
2.22  		-0.0005046240 		-0.0006947151
2.25  		-0.0006217098 		-0.0006082771
2.28  		-0.0009702585 		-0.0003824783
2.31  		-0.0010426998 		+0.0000004731
2.34  		-0.0008069792 		+0.0005610549
2.37  		-0.0006255432 		+0.0006687079
2.4  		-0.0005015717 		+0.0008135944
2.43  		-0.0004193101 		+0.0008361760
2.46  		-0.0002625027 		+0.0008007839
2.49  		0.0000233557 		+0.0007508572
2.52  		0.0002662584 		+0.0006623304
2.55  		0.0001805187 		+0.0005981607
2.58  		0.0001088813 		+0.0004154227
2.61  		0.0000070958 		+0.0002249539
2.64  		-0.0000316085 		+0.0000768513
2.67  		-0.0000271121 		-0.0000030219
2.7  		0.0000018822 		-0.0000164010
2.73  		0.0000131181 		-0.0000085795
2.76  		0.0000070570 		-0.0000017198
2.79  		-0.0000000671 		+0.0000117762
2.82  		0.0000003150 		+0.0000230300
2.85  		0.0000122422 		+0.0000194375
2.88  		0.0000175402 		+0.0000053092
2.91  		0.0000158046 		-0.0000033954
2.94  		0.0000099067 		-0.0000063212
2.97  		-0.0000002816 		-0.0000055504
