0  		1.0000000000 		-0.0000000000
0.03  		0.9815147095 		-0.0110289165
0.06  		0.9487715508 		+0.0429682873
0.09  		0.8073663533 		-0.2204714850
0.12  		0.6015743414 		-0.0405543054
0.15  		0.6571654142 		+0.0534043905
0.18  		0.8844532661 		-0.0177640581
0.21  		0.8685693926 		-0.1446494995
0.24  		0.7934269999 		-0.1171893727
0.27  		0.6733780943 		-0.0866364294
0.3  		0.6474387355 		+0.0818106623
0.33  		0.6557489107 		+0.3204495469
0.36  		0.5683454042 		-0.0660249447
0.39  		0.5599741922 		+0.2434598616
0.42  		0.4887415804 		+0.2212726335
0.45  		0.4270317143 		+0.0250860465
0.48  		0.3046180649 		-0.1871317168
0.51  		0.1899885299 		-0.2073848470
0.54  		0.0699677492 		-0.2452256408
0.57  		0.1059965431 		-0.2308935575
0.6  		0.1554775889 		-0.1731316927
0.63  		0.1418992955 		-0.1579955123
0.66  		0.1423524932 		-0.0032437875
0.69  		0.2754810535 		+0.1038361465
0.72  		0.3305149133 		+0.1990306501
0.75  		0.3311645768 		+0.0836032339
0.78  		0.2912092197 		+0.1819946302
0.81  		0.2819453091 		+0.0631463821
0.84  		0.2547482589 		-0.0641568604
0.87  		0.1532508443 		-0.1419433174
0.9  		0.1142953409 		-0.1359373261
0.93  		0.0175816380 		-0.1044596325
0.96  		0.0609028727 		-0.0661929782
0.99  		0.0320370028 		-0.1242693940
1.02  		0.0255967454 		-0.1597670272
1.05  		0.0174036103 		-0.1605890795
1.08  		-0.0047557291 		-0.0894250492
1.11  		-0.0598748832 		-0.0976916380
1.14  		-0.0592826707 		-0.0781642980
1.17  		-0.0415232951 		-0.0185298297
1.2  		0.0003298643 		-0.0374487547
1.23  		0.0288532580 		-0.0200186399
1.26  		0.0475106881 		+0.0244479870
1.29  		0.0279671879 		+0.0468551716
1.32  		0.0240284011 		+0.0716424736
1.35  		0.0170242035 		+0.0646249094
1.38  		-0.0145956176 		+0.0284273163
1.41  		-0.0046174875 		+0.0393061163
1.44  		-0.0072758798 		+0.0174986612
1.47  		-0.0041026327 		+0.0056275094
1.5  		0.0003910469 		+0.0002609294
1.53  		0.0032619567 		+0.0018638379
1.56  		0.0041670776 		+0.0114817198
1.59  		-0.0030007834 		+0.0169207979
1.62  		-0.0066139706 		+0.0277548386
1.65  		-0.0060082269 		+0.0162434219
1.68  		-0.0008053284 		+0.0050923800
1.71  		-0.0024155507 		+0.0014245098
1.74  		-0.0070955587 		-0.0021823717
1.77  		-0.0135025848 		+0.0019245491
1.8  		-0.0110753456 		+0.0060363282
1.83  		-0.0094467378 		+0.0072008775
1.86  		-0.0173434822 		+0.0068535973
1.89  		-0.0099315542 		+0.0052350051
1.92  		-0.0080872915 		+0.0034705566
1.95  		-0.0031575296 		+0.0027109914
1.98  		-0.0017972781 		+0.0029053836
2.01  		-0.0000498542 		+0.0027136931
2.04  		0.0006102984 		+0.0017451274
2.07  		0.0014512221 		-0.0001913739
2.1  		0.0004231891 		-0.0005487826
2.13  		0.0003475982 		-0.0022271029
2.16  		-0.0000922986 		-0.0031800364
2.19  		-0.0003921992 		-0.0023081009
2.22  		-0.0005978689 		-0.0017293351
2.25  		-0.0004772164 		-0.0001664897
2.28  		-0.0004826030 		-0.0020290722
2.31  		-0.0004251581 		-0.0019574559
2.34  		0.0003827254 		-0.0009760941
2.37  		0.0000632420 		-0.0005289583
2.4  		0.0000015998 		-0.0000384516
2.43  		-0.0000436680 		-0.0001362860
2.46  		-0.0000370223 		-0.0000429168
2.49  		-0.0000195314 		-0.0000004924
2.52  		-0.0000162094 		-0.0000002502
2.55  		0.0000006317 		+0.0000014573
2.58  		0.0000386424 		+0.0001033574
2.61  		0.0000547229 		+0.0001485377
2.64  		0.0000129353 		+0.0000627853
2.67  		0.0000027493 		+0.0000766736
2.7  		-0.0000037274 		+0.0000062835
2.73  		-0.0000465419 		+0.0000091398
2.76  		-0.0000408374 		-0.0000333498
2.79  		-0.0000082048 		-0.0000088267
2.82  		0.0000017491 		-0.0000130203
2.85  		0.0000007024 		-0.0000030412
2.88  		-0.0000003455 		-0.0000027568
2.91  		-0.0000012630 		-0.0000005145
2.94  		-0.0000004990 		+0.0000000791
2.97  		-0.0000001540 		+0.0000001802
