0  		1.0000000000 		-0.0000000000
0.03  		0.9974630065 		+0.0123700251
0.06  		0.9890355244 		+0.0267155151
0.09  		0.9218535731 		+0.1101334695
0.12  		0.7549935329 		-0.0684071042
0.15  		0.3887601746 		-0.7287753850
0.18  		0.3805791708 		-0.1868773584
0.21  		0.7092229019 		+0.2512742102
0.24  		0.6308653478 		-0.3821133964
0.27  		0.6166831659 		-0.1173526179
0.3  		0.5631264401 		-0.2662865448
0.33  		0.4318685367 		-0.3065692939
0.36  		0.5297689566 		-0.1997934140
0.39  		0.2224917433 		-0.4217776903
0.42  		0.1465648954 		-0.0857721408
0.45  		0.1709333898 		+0.0064070290
0.48  		0.1087450192 		-0.0959910924
0.51  		0.1016995698 		-0.2383237495
0.54  		-0.0610287990 		-0.2727586378
0.57  		-0.1930749362 		-0.1062815643
0.6  		-0.1388635691 		+0.0183650091
0.63  		-0.0589439289 		+0.0468135334
0.66  		-0.0106782300 		+0.0383552387
0.69  		0.0073765957 		+0.0284614917
0.72  		0.0224136043 		+0.0068473500
0.75  		0.0029319067 		-0.0302202097
0.78  		-0.0013137297 		-0.0260159933
0.81  		0.0162894150 		-0.0760186825
0.84  		-0.0876678363 		-0.0694197421
0.87  		-0.1156117377 		-0.0736940572
0.9  		-0.1838701125 		+0.0930409417
0.93  		0.0185624026 		+0.1879360704
0.96  		0.0616831153 		+0.1655203120
0.99  		0.1375794818 		+0.0218833924
1.02  		0.0434927590 		-0.0000936939
1.05  		0.0187705119 		-0.0064645172
1.08  		-0.0020477405 		-0.0036146957
1.11  		-0.0011809865 		-0.0031392586
1.14  		0.0078939927 		-0.0106175439
1.17  		0.0205394809 		-0.0123588404
1.2  		0.0283257704 		-0.0002255233
1.23  		0.0237339497 		+0.0072562112
1.26  		0.0148612795 		+0.0094461279
1.29  		0.0022174349 		+0.0059681003
1.32  		-0.0013481683 		+0.0013437656
1.35  		-0.0030913697 		+0.0031001278
1.38  		-0.0134193522 		+0.0024199076
1.41  		-0.0672204638 		-0.0570830801
1.44  		-0.1519941980 		-0.0341644551
1.47  		-0.0679534961 		-0.0562750396
1.5  		0.0033941389 		-0.0023668597
1.53  		0.0237347461 		-0.0048798194
1.56  		-0.0251083315 		-0.0427857334
1.59  		-0.1061161558 		+0.0189069003
1.62  		-0.0506295770 		-0.0131234633
1.65  		-0.0555512778 		-0.0633298792
1.68  		-0.0600609043 		+0.0007683938
1.71  		-0.0412148331 		+0.0138872676
1.74  		-0.0189351008 		+0.0108579029
1.77  		-0.0019346033 		+0.0204205924
1.8  		0.0121772236 		+0.0227905990
1.83  		0.0099129480 		+0.0097029919
1.86  		-0.0184683837 		-0.0231663976
1.89  		-0.0351662611 		-0.0378729530
1.92  		-0.0115295623 		-0.0034769765
1.95  		0.0058180617 		-0.0131512919
1.98  		-0.0005418793 		-0.0029739295
2.01  		-0.0069220573 		-0.0021975843
2.04  		-0.0062589939 		+0.0035576181
2.07  		-0.0046672080 		-0.0000915376
2.1  		-0.0060931709 		+0.0015668494
2.13  		-0.0028480349 		+0.0051772866
2.16  		-0.0053888183 		+0.0034512505
2.19  		-0.0049822871 		+0.0054418140
2.22  		-0.0036135498 		+0.0009873021
2.25  		-0.0034199158 		-0.0008047136
2.28  		-0.0015545989 		+0.0015967610
2.31  		-0.0002719144 		+0.0021700980
2.34  		0.0002227056 		+0.0009525974
2.37  		-0.0000375589 		-0.0000994353
2.4  		-0.0005644223 		+0.0000331572
2.43  		0.0007589185 		+0.0007168206
2.46  		0.0025019046 		-0.0013121591
2.49  		0.0006881215 		-0.0022242466
2.52  		-0.0004733260 		-0.0006865457
2.55  		-0.0005388491 		-0.0002791392
2.58  		-0.0005031979 		-0.0009812548
2.61  		0.0009334185 		-0.0030145442
2.64  		-0.0009420602 		-0.0028943550
2.67  		-0.0003027707 		-0.0012758360
2.7  		-0.0003397452 		-0.0006475218
2.73  		-0.0000990654 		-0.0005738300
2.76  		0.0004642798 		-0.0004061877
2.79  		0.0001163823 		-0.0002678863
2.82  		-0.0000258082 		+0.0000751461
2.85  		0.0000753658 		+0.0002679192
2.88  		0.0002096594 		-0.0001354776
2.91  		0.0000689494 		-0.0001067371
2.94  		0.0000623535 		-0.0000665685
2.97  		0.0000835834 		-0.0001860125
