0  		1.0000000000 		+0.0000000000
0.03  		0.9942445790 		-0.0038862547
0.06  		0.9935529087 		-0.0155440005
0.09  		0.9883993985 		+0.0286544326
0.12  		0.9694689366 		+0.0570030205
0.15  		0.9774573034 		+0.0318288374
0.18  		0.9467776209 		-0.0787821966
0.21  		0.9082636329 		-0.0516049901
0.24  		0.8590545856 		-0.0116142098
0.27  		0.8229017996 		+0.1125870964
0.3  		0.8223478938 		+0.0429412958
0.33  		0.8160132090 		+0.0310738387
0.36  		0.8439179069 		-0.0984860932
0.39  		0.8709414736 		-0.0323518173
0.42  		0.8537451100 		+0.0355188117
0.45  		0.7862713070 		+0.0378328026
0.48  		0.7292085431 		-0.0107534129
0.51  		0.6723249534 		-0.0150054246
0.54  		0.6243412373 		+0.0097950335
0.57  		0.5423153869 		+0.1352826603
0.6  		0.4434055905 		+0.1609390393
0.63  		0.3502616510 		+0.1337198439
0.66  		0.2928712723 		+0.1281629822
0.69  		0.3045163104 		+0.1403368809
0.72  		0.3499326146 		+0.1952392742
0.75  		0.4159768137 		+0.2138986511
0.78  		0.4448059518 		+0.1570126799
0.81  		0.4386653795 		+0.1054476640
0.84  		0.4190747544 		+0.0715766795
0.87  		0.3978766119 		+0.0790771944
0.9  		0.3784801138 		+0.0566570335
0.93  		0.3587965323 		-0.0158554474
0.96  		0.3357297519 		-0.0450546490
0.99  		0.3199874837 		-0.0321879080
1.02  		0.2861259263 		+0.0167257333
1.05  		0.1997952549 		+0.0666972143
1.08  		0.0964629234 		+0.0696694064
1.11  		0.0625612787 		+0.0429696535
1.14  		0.0711948169 		+0.0402483969
1.17  		0.0772601896 		+0.0407217857
1.2  		0.0698398950 		+0.0260472312
1.23  		0.0480911602 		+0.0131695255
1.26  		0.0281209965 		+0.0079708432
1.29  		0.0080505993 		+0.0090764132
1.32  		-0.0089809656 		+0.0120689770
1.35  		-0.0245973296 		+0.0175437693
1.38  		-0.0379414242 		+0.0215254045
1.41  		-0.0481307393 		+0.0245577051
1.44  		-0.0512162372 		+0.0315252767
1.47  		-0.0510051420 		+0.0262284895
1.5  		-0.0386677299 		+0.0096556366
1.53  		-0.0205302591 		-0.0052562128
1.56  		-0.0170002904 		-0.0034553788
1.59  		-0.0262400434 		-0.0070902302
1.62  		-0.0270429548 		-0.0107335869
1.65  		-0.0202293846 		-0.0104520602
1.68  		-0.0131896229 		-0.0092232479
1.71  		-0.0076622238 		-0.0084386241
1.74  		-0.0047297160 		-0.0055525140
1.77  		-0.0030417901 		-0.0023932836
1.8  		-0.0019145588 		-0.0003570594
1.83  		-0.0006653533 		-0.0001499910
1.86  		0.0005161682 		-0.0001460859
1.89  		0.0008678386 		+0.0012262257
1.92  		-0.0011640394 		+0.0044701710
1.95  		-0.0056356504 		+0.0048390840
1.98  		-0.0068212569 		+0.0038048705
2.01  		-0.0071376664 		+0.0123689690
2.04  		-0.0147701744 		+0.0264097574
2.07  		-0.0203338025 		+0.0299742832
2.1  		-0.0104439714 		+0.0288790773
2.13  		-0.0010076160 		+0.0289282092
2.16  		0.0007194077 		+0.0312326136
2.19  		0.0057106397 		+0.0305185504
2.22  		0.0166220756 		+0.0226409994
2.25  		0.0218214985 		+0.0185788297
2.28  		0.0225550534 		+0.0150463715
2.31  		0.0198180813 		+0.0121861688
2.34  		0.0180322309 		+0.0103739016
2.37  		0.0142477910 		+0.0081739246
2.4  		0.0075847652 		+0.0067259886
2.43  		0.0051504874 		+0.0029333036
2.46  		0.0070565343 		+0.0002861188
2.49  		0.0088031156 		+0.0009231253
2.52  		0.0072508412 		+0.0019303498
2.55  		0.0048654220 		+0.0014038177
2.58  		0.0039095225 		+0.0006755512
2.61  		0.0026590173 		+0.0005465978
2.64  		0.0012522118 		+0.0000829335
2.67  		0.0003481172 		-0.0001677391
2.7  		-0.0001396209 		-0.0000478735
2.73  		-0.0003667807 		+0.0000492323
2.76  		-0.0003463605 		+0.0000502878
2.79  		-0.0002128628 		+0.0000517117
2.82  		0.0000031313 		-0.0000151663
2.85  		0.0001899392 		+0.0000368103
2.88  		0.0002580391 		+0.0000356316
2.91  		0.0003305097 		+0.0000031149
2.94  		0.0003399350 		+0.0000585038
2.97  		0.0002386707 		+0.0000954033
