0  		1.0000000000 		-0.0000000000
0.03  		0.9893282840 		+0.0064337109
0.06  		0.9186171409 		+0.3038531442
0.09  		0.9593543592 		-0.0376635730
0.12  		0.8494092646 		-0.0963506660
0.15  		0.9011911093 		-0.0483408487
0.18  		0.7951272151 		+0.0763372617
0.21  		0.4885474031 		+0.7172207825
0.24  		0.5280320133 		+0.3373064598
0.27  		0.6538152423 		-0.2161528679
0.3  		0.8134412795 		+0.1967155480
0.33  		0.8097352673 		+0.1103376671
0.36  		0.5112121041 		-0.1748741193
0.39  		0.6341522297 		-0.5121444045
0.42  		0.6903575673 		-0.3959991882
0.45  		0.7150858977 		-0.0244469300
0.48  		0.6948389908 		-0.2336920036
0.51  		0.8064893212 		+0.1284092102
0.54  		0.5019944074 		+0.4707897567
0.57  		0.4755210793 		+0.0088592942
0.6  		0.5180744642 		-0.4432972783
0.63  		0.5431876827 		-0.1513302281
0.66  		0.3715129090 		+0.1307894391
0.69  		0.3345590947 		+0.2995398444
0.72  		0.2635661569 		+0.1697549523
0.75  		0.1583992374 		+0.0984539361
0.78  		0.1052008821 		+0.0531471280
0.81  		0.0299038097 		+0.0197129818
0.84  		-0.0222941625 		+0.0290906229
0.87  		-0.0537147551 		+0.0372570019
0.9  		-0.0482506496 		+0.0392291116
0.93  		-0.0315293790 		+0.0658980592
0.96  		0.0082592444 		+0.0634587406
0.99  		0.0143412477 		+0.0517108653
1.02  		0.0084848667 		+0.0753781552
1.05  		0.0118717073 		+0.0561781862
1.08  		0.0537269863 		+0.0167982204
1.11  		0.0547135538 		+0.0205612238
1.14  		0.0277552311 		+0.0203315222
1.17  		0.0132249549 		-0.0033564991
1.2  		0.0029376843 		-0.0022178148
1.23  		0.0104440808 		+0.0064290736
1.26  		0.0364591958 		+0.0157450335
1.29  		0.0713217386 		+0.0157368198
1.32  		0.1341216406 		+0.0069782005
1.35  		0.1513423277 		+0.0732698118
1.38  		0.1065779142 		+0.0163813080
1.41  		0.1110025823 		-0.1476221330
1.44  		0.1782568645 		-0.0890367459
1.47  		0.1492470739 		+0.0449441158
1.5  		0.1547145425 		+0.0724189261
1.53  		0.0902669973 		+0.1106591513
1.56  		0.0903416207 		+0.0758664445
1.59  		0.0569527973 		+0.0806426616
1.62  		0.0414099691 		+0.0703018252
1.65  		0.0475791616 		+0.0429692222
1.68  		0.0264546792 		+0.0383898257
1.71  		0.0219221659 		+0.0283968884
1.74  		0.0150899323 		+0.0140184342
1.77  		0.0084459238 		+0.0059422470
1.8  		0.0110257942 		-0.0056242952
1.83  		0.0183387363 		-0.0066745268
1.86  		0.0167590839 		-0.0127982046
1.89  		-0.0124794787 		-0.0150460935
1.92  		-0.0192488017 		-0.0173616772
1.95  		-0.0174704165 		-0.0229120955
1.98  		-0.0187380498 		-0.0151296614
2.01  		-0.0190426309 		-0.0067160124
2.04  		-0.0213895676 		+0.0018945034
2.07  		-0.0172628586 		-0.0011091126
2.1  		-0.0115872354 		+0.0060369228
2.13  		-0.0049375198 		+0.0100348913
2.16  		-0.0067224673 		+0.0063695807
2.19  		-0.0022133638 		+0.0057034472
2.22  		0.0048707243 		+0.0037669513
2.25  		0.0057458634 		+0.0038106709
2.28  		0.0047196565 		+0.0048503148
2.31  		0.0035366246 		+0.0072271789
2.34  		0.0048278331 		+0.0062798561
2.37  		0.0054387846 		+0.0047061937
2.4  		0.0038667783 		+0.0041506227
2.43  		0.0043356497 		+0.0035740979
2.46  		0.0040580303 		+0.0021866776
2.49  		0.0025220572 		+0.0003477752
2.52  		0.0015531758 		-0.0007159116
2.55  		0.0004775188 		-0.0004776447
2.58  		-0.0000481485 		-0.0001819562
2.61  		0.0000800456 		-0.0003225553
2.64  		0.0012492087 		-0.0007933257
2.67  		0.0034694017 		-0.0009501803
2.7  		0.0011813024 		-0.0040562948
2.73  		-0.0037162269 		-0.0074481611
2.76  		-0.0013097386 		-0.0093712993
2.79  		-0.0005687200 		-0.0077757164
2.82  		-0.0045321267 		-0.0075835283
2.85  		-0.0035001569 		-0.0083455647
2.88  		-0.0019529405 		-0.0089361627
2.91  		-0.0050425027 		-0.0091727820
2.94  		-0.0117081988 		-0.0044862177
2.97  		-0.0134965044 		-0.0037640524
