0  		1.0000000000 		-0.0000000000
0.03  		0.9986866993 		+0.0008928513
0.06  		0.9973546765 		-0.0107364203
0.09  		0.9958754755 		+0.0281938985
0.12  		0.9656135210 		-0.0068374312
0.15  		0.8200424524 		+0.1974705010
0.18  		0.5865195840 		+0.0149148388
0.21  		0.3498372478 		-0.1889016786
0.24  		0.4598534605 		+0.0635755490
0.27  		0.6735721657 		+0.2978304989
0.3  		0.7906435843 		+0.1511091076
0.33  		0.6742529509 		+0.0235468705
0.36  		0.5789738010 		-0.2256886513
0.39  		0.4680333929 		-0.4620954941
0.42  		0.5619279469 		-0.2557488353
0.45  		0.5736418628 		-0.1344090151
0.48  		0.6391303747 		-0.1461815404
0.51  		0.6760042874 		+0.0615184923
0.54  		0.6658721285 		+0.1740517206
0.57  		0.5217818212 		-0.0327155671
0.6  		0.2216395995 		-0.2219178184
0.63  		0.1090426635 		-0.0212665426
0.66  		0.3001141951 		+0.1267228161
0.69  		0.3760133785 		-0.0525062270
0.72  		0.2435615953 		-0.1200111130
0.75  		0.2491705783 		-0.0388414784
0.78  		0.2993827737 		-0.0351875617
0.81  		0.2114545178 		-0.1214941357
0.84  		0.1283456633 		-0.1137209246
0.87  		0.1507285122 		-0.1488364087
0.9  		0.0849319094 		-0.1510076252
0.93  		0.0138244221 		-0.0605834156
0.96  		0.0380430988 		-0.0118661563
0.99  		0.0101323396 		-0.0393757850
1.02  		-0.0443246323 		-0.0161065519
1.05  		-0.0557612787 		+0.0043786530
1.08  		-0.0469224515 		+0.0280714616
1.11  		-0.0141985168 		+0.0479760647
1.14  		-0.0066273078 		+0.0354474929
1.17  		0.0040892484 		+0.0184659136
1.2  		0.0079567744 		-0.0031345827
1.23  		0.0065222526 		+0.0016889614
1.26  		0.0335908232 		+0.0180295005
1.29  		0.0636143649 		-0.0077988032
1.32  		0.0270958500 		-0.0416776137
1.35  		0.0137997121 		-0.0351055302
1.38  		0.0032351766 		-0.0663652213
1.41  		-0.0351727975 		-0.0935397853
1.44  		-0.0351027152 		-0.0807462113
1.47  		-0.0347414835 		-0.0219213925
1.5  		-0.0065748505 		+0.0092880410
1.53  		0.0143551575 		+0.0101545337
1.56  		0.0156484257 		-0.0037360466
1.59  		0.0029693803 		-0.0098580638
1.62  		-0.0065492469 		-0.0087305776
1.65  		-0.0075718124 		-0.0036216320
1.68  		-0.0008354653 		-0.0052419067
1.71  		0.0016294937 		-0.0126766698
1.74  		-0.0119324018 		-0.0150681401
1.77  		-0.0195966935 		-0.0060926262
1.8  		-0.0216421280 		-0.0060206372
1.83  		-0.0332239436 		-0.0093450516
1.86  		-0.0335857338 		-0.0022818480
1.89  		-0.0135520962 		+0.0014180656
1.92  		-0.0004260302 		-0.0001749667
1.95  		0.0004907378 		+0.0001370224
1.98  		-0.0017479617 		+0.0031161974
2.01  		-0.0030597933 		+0.0026221870
2.04  		-0.0016980896 		+0.0005214822
2.07  		-0.0001098783 		+0.0000231943
2.1  		-0.0003081007 		-0.0002817738
2.13  		-0.0014374493 		-0.0008853854
2.16  		-0.0019146919 		-0.0004511983
2.19  		-0.0012315810 		-0.0000797876
2.22  		0.0008869930 		-0.0019922794
2.25  		0.0023340480 		-0.0041246633
2.28  		0.0003437223 		-0.0046488849
2.31  		0.0008660389 		-0.0036938622
2.34  		0.0020090523 		-0.0045170391
2.37  		-0.0002872944 		-0.0047931887
2.4  		0.0009992269 		-0.0030161103
2.43  		0.0034111984 		-0.0004802262
2.46  		0.0049190866 		-0.0001505891
2.49  		0.0041798000 		-0.0008906001
2.52  		0.0018293853 		+0.0014065045
2.55  		0.0024226026 		+0.0035928099
2.58  		0.0043440084 		+0.0031493507
2.61  		0.0037873823 		+0.0029455246
2.64  		0.0022312867 		+0.0023015180
2.67  		0.0011376879 		+0.0010150906
2.7  		0.0001431544 		+0.0002969041
2.73  		-0.0001309819 		-0.0000059471
2.76  		-0.0000201399 		-0.0000116583
2.79  		0.0001999320 		-0.0001324351
2.82  		0.0002770838 		-0.0003123109
2.85  		0.0000463033 		-0.0002928589
2.88  		0.0000321590 		+0.0000168319
2.91  		-0.0000372277 		-0.0000304760
2.94  		-0.0002753838 		-0.0002383393
2.97  		-0.0013608877 		+0.0003463694
