0  		1.0000000000 		-0.0000000000
0.03  		0.9994231943 		+0.0156350122
0.06  		0.9886774048 		+0.1050794889
0.09  		0.9837874398 		+0.0240880265
0.12  		0.9224359062 		-0.0261077539
0.15  		0.8599831877 		-0.0544546539
0.18  		0.8841195523 		-0.1059728581
0.21  		0.9246169800 		-0.0783484738
0.24  		0.8904025859 		-0.0059121328
0.27  		0.8992087331 		+0.0544433307
0.3  		0.8671990660 		+0.2091897027
0.33  		0.8400364076 		+0.2146759818
0.36  		0.7847185899 		+0.1877310876
0.39  		0.6721214668 		+0.1182664782
0.42  		0.4930950848 		-0.1649496712
0.45  		0.2349351108 		-0.3831048805
0.48  		-0.0803623629 		-0.6048252587
0.51  		-0.3095762002 		-0.6794547305
0.54  		-0.3288173443 		-0.7108752204
0.57  		-0.4020272177 		-0.4606852013
0.6  		-0.2407380201 		-0.1609805301
0.63  		-0.0199361939 		+0.1170616126
0.66  		0.2049384416 		+0.2253414312
0.69  		0.2859682020 		+0.2635709322
0.72  		0.4294522138 		+0.1004102830
0.75  		0.4698055162 		-0.0965002385
0.78  		0.4773624506 		-0.2401859165
0.81  		0.4015060415 		-0.3886701241
0.84  		0.3705655159 		-0.3167773974
0.87  		0.3267469171 		-0.1588663030
0.9  		0.3159452852 		+0.0009116474
0.93  		0.3420037202 		+0.1818350193
0.96  		0.3848240784 		+0.2124722180
0.99  		0.4310600851 		+0.1667938284
1.02  		0.4598016976 		+0.0529262442
1.05  		0.4115180524 		-0.1664388184
1.08  		0.3333966242 		-0.2413329526
1.11  		0.2622332107 		-0.2398116752
1.14  		0.1641234509 		-0.1401610750
1.17  		0.1253983029 		-0.0318115572
1.2  		0.1126512208 		-0.0066640928
1.23  		0.1531377805 		-0.0017403136
1.26  		0.2098633244 		-0.0250157488
1.29  		0.2114128186 		-0.0894974385
1.32  		0.1660046857 		-0.1391587427
1.35  		0.0861741665 		-0.1458295928
1.38  		0.0159579515 		-0.1197043538
1.41  		-0.0161802464 		-0.0500726467
1.44  		-0.0176291755 		+0.0235891242
1.47  		-0.0020500496 		+0.0711880032
1.5  		0.0094129064 		+0.0723045504
1.53  		0.0145001398 		+0.0597451903
1.56  		0.0167384810 		+0.0358267602
1.59  		0.0102078237 		+0.0116679411
1.62  		0.0052101734 		+0.0017268955
1.65  		0.0022395437 		+0.0009711697
1.68  		0.0013951342 		+0.0015549827
1.71  		-0.0019754562 		+0.0062962804
1.74  		-0.0168582766 		+0.0194327449
1.77  		-0.0399294996 		+0.0341992526
1.8  		-0.0581758716 		+0.0395314629
1.83  		-0.0710043010 		+0.0396595294
1.86  		-0.0758171828 		+0.0551040364
1.89  		-0.0767957628 		+0.0689177987
1.92  		-0.0719071112 		+0.0720501252
1.95  		-0.0710412787 		+0.0771750470
1.98  		-0.0719628213 		+0.0814830988
2.01  		-0.0528382796 		+0.0943576046
2.04  		-0.0320010974 		+0.0886667537
2.07  		-0.0107701666 		+0.0689326808
2.1  		0.0067137829 		+0.0360175759
2.13  		0.0071752530 		+0.0110509373
2.16  		0.0053347198 		-0.0020133839
2.19  		0.0022735953 		+0.0034953288
2.22  		0.0058333156 		+0.0095584929
2.25  		0.0067756727 		+0.0064356404
2.28  		0.0045486725 		+0.0037634103
2.31  		0.0035132330 		+0.0019885898
2.34  		0.0030791844 		+0.0005395067
2.37  		0.0029404185 		-0.0004269918
2.4  		0.0021815878 		-0.0014436034
2.43  		0.0013215866 		-0.0014604287
2.46  		0.0006059576 		-0.0012685653
2.49  		-0.0002126591 		-0.0010083633
2.52  		-0.0010393474 		-0.0006122939
2.55  		-0.0014703081 		-0.0000897203
2.58  		-0.0010441574 		+0.0002965456
2.61  		-0.0003074698 		+0.0001907790
2.64  		-0.0000326411 		+0.0001200493
2.67  		-0.0000225667 		-0.0000106052
2.7  		-0.0002990649 		+0.0002749362
2.73  		-0.0012761510 		+0.0011217430
2.76  		-0.0021124240 		+0.0022723962
2.79  		-0.0020092191 		+0.0036961273
2.82  		0.0000596185 		+0.0060179475
2.85  		0.0039483541 		+0.0073083248
2.88  		0.0047316468 		+0.0062299673
2.91  		0.0020087870 		+0.0046716089
2.94  		-0.0004974777 		+0.0035566078
2.97  		-0.0029732825 		+0.0035628444
