0  		1.0000000000 		-0.0000000000
0.03  		0.9904605882 		+0.0007273326
0.06  		0.5729817553 		-0.3638083832
0.09  		0.0701573102 		-0.4459042666
0.12  		0.4623263823 		-0.2536992241
0.15  		-0.0288115531 		-0.2097558364
0.18  		-0.0858875425 		+0.0316798695
0.21  		-0.0070476654 		+0.4015892990
0.24  		0.2036630298 		-0.2517350981
0.27  		0.3194944629 		-0.3426351114
0.3  		-0.0793961989 		+0.0986679846
0.33  		0.2303996784 		+0.0524285735
0.36  		0.2818474563 		+0.0620747965
0.39  		0.2283455602 		+0.0220923986
0.42  		0.2247593283 		+0.2225727080
0.45  		0.2678034686 		+0.1156527517
0.48  		0.2509207820 		-0.0262343331
0.51  		-0.0367107737 		-0.0887390988
0.54  		-0.1907420934 		-0.0183049490
0.57  		0.0498726586 		+0.0402707947
0.6  		0.1663592108 		-0.0652403529
0.63  		-0.0038518989 		-0.0446192259
0.66  		-0.0178900501 		+0.0247854175
0.69  		0.0439347943 		+0.0374166742
0.72  		0.0133533786 		-0.0414113976
0.75  		-0.0107696361 		-0.0394800548
0.78  		-0.0280658271 		+0.0279759062
0.81  		0.0876260281 		+0.0013478808
0.84  		0.1200159875 		+0.0267569001
0.87  		0.0996055320 		-0.0735894592
0.9  		0.0187161226 		-0.0391140254
0.93  		0.1438376522 		+0.1306861603
0.96  		-0.0722105390 		-0.1432749883
0.99  		0.0778720928 		+0.0524275187
1.02  		0.1675166739 		-0.0486137149
1.05  		0.1213579006 		-0.1277157696
1.08  		0.0274248116 		+0.0022197046
1.11  		0.0086834130 		-0.0147515181
1.14  		0.0231205818 		-0.0316143394
1.17  		-0.0010609005 		+0.0031886342
1.2  		0.0062773077 		+0.0018652003
1.23  		0.0011793150 		+0.0035014858
1.26  		0.0435598214 		-0.0094159299
1.29  		0.0747559425 		-0.0745644489
1.32  		-0.0602918565 		-0.0346541993
1.35  		0.0963294325 		-0.0571383791
1.38  		0.0621153272 		-0.0482680202
1.41  		0.0526487069 		-0.0501842411
1.44  		0.0736025788 		-0.0200786023
1.47  		0.0602922893 		+0.0041220430
1.5  		0.0919663401 		-0.0014550555
1.53  		-0.0362722188 		+0.0228026802
1.56  		-0.0245713334 		+0.0382680049
1.59  		-0.0181934230 		-0.0129049408
1.62  		-0.0358353363 		+0.0518979553
1.65  		-0.0476572213 		-0.0149463134
1.68  		-0.0620278095 		+0.0032477178
1.71  		-0.0100371465 		+0.0497101601
1.74  		0.0830835953 		+0.0286323104
1.77  		0.0720205436 		-0.0471026924
1.8  		0.0552423113 		-0.0580891179
1.83  		0.0732641956 		-0.0365803107
1.86  		0.0020416128 		-0.0197029629
1.89  		0.0037513719 		-0.0160188750
1.92  		0.0067392090 		+0.0020273287
1.95  		-0.0001895244 		-0.0001312692
1.98  		-0.0013455959 		+0.0036623825
2.01  		-0.0081454674 		+0.0078849703
2.04  		0.0075747928 		+0.0082197205
2.07  		0.0018832409 		-0.0005259993
2.1  		0.0003462994 		+0.0005994141
2.13  		-0.0004948125 		+0.0002391216
2.16  		-0.0000421463 		+0.0000477510
2.19  		-0.0000190334 		+0.0002402746
2.22  		-0.0001604830 		-0.0000799820
2.25  		0.0000230351 		+0.0001013377
2.28  		0.0000934740 		+0.0000809914
2.31  		0.0000071036 		+0.0001848634
2.34  		0.0000767930 		+0.0000961517
2.37  		-0.0000949206 		+0.0000843789
2.4  		-0.0002005170 		+0.0003044829
2.43  		-0.0011269647 		+0.0006160212
2.46  		-0.0023678598 		+0.0005784272
2.49  		-0.0026404070 		-0.0019188490
2.52  		-0.0015850078 		-0.0004773984
2.55  		0.0001634028 		+0.0000348574
2.58  		0.0001209104 		-0.0001739161
2.61  		-0.0000643565 		+0.0000807063
2.64  		0.0001316348 		-0.0003073360
2.67  		-0.0008168594 		+0.0024131968
2.7  		-0.0016287971 		+0.0011187088
2.73  		-0.0005757911 		+0.0000666348
2.76  		0.0017926769 		-0.0027845962
2.79  		0.0013483276 		-0.0073997020
2.82  		0.0054382544 		-0.0085389945
2.85  		0.0047364378 		-0.0056077561
2.88  		0.0046753696 		-0.0046680014
2.91  		-0.0008081698 		+0.0012724255
2.94  		-0.0037348281 		+0.0062642181
2.97  		0.0056030192 		+0.0029962845
