0  		1.0000000000 		+0.0000000000
0.03  		0.9997249927 		+0.0018877726
0.06  		0.9907637997 		-0.0696497796
0.09  		0.9579244358 		-0.0498415057
0.12  		0.9193469218 		+0.1551771732
0.15  		0.9160056775 		+0.1671982852
0.18  		0.9127104183 		+0.0695755700
0.21  		0.8751342758 		-0.0674394558
0.24  		0.7656907248 		-0.2553566353
0.27  		0.5985152026 		-0.0443558110
0.3  		0.3087433760 		+0.0939040022
0.33  		-0.0569704907 		+0.3657033074
0.36  		-0.4037271611 		+0.3890150673
0.39  		-0.4470200957 		+0.2633925441
0.42  		-0.2604694840 		-0.0301226708
0.45  		0.1266210559 		-0.2670980882
0.48  		0.4896508949 		-0.2427673022
0.51  		0.6546158324 		-0.1642613902
0.54  		0.6750617701 		+0.0412270560
0.57  		0.5093930595 		+0.0880145882
0.6  		0.3219702028 		+0.0423642642
0.63  		0.2562149295 		-0.0192670768
0.66  		0.2365825949 		+0.0336479182
0.69  		0.1050600205 		+0.1521255223
0.72  		-0.0759547571 		+0.1679688797
0.75  		-0.1869482913 		+0.0986358335
0.78  		-0.1499714119 		+0.1292227754
0.81  		-0.1498656728 		+0.2425056871
0.84  		-0.2081429081 		+0.2723873725
0.87  		-0.2965996760 		+0.0745337956
0.9  		-0.2184969137 		-0.0568634621
0.93  		-0.1074762120 		-0.0825309999
0.96  		-0.0158185823 		-0.0304831086
0.99  		-0.0302643318 		+0.0084992542
1.02  		-0.0831670487 		-0.0438672359
1.05  		-0.0934202021 		-0.1054654494
1.08  		-0.0027186212 		-0.1513968337
1.11  		0.0770688867 		-0.1513857388
1.14  		0.1131313471 		-0.1330320472
1.17  		0.1089866663 		-0.1105030578
1.2  		0.0884375910 		-0.0952472451
1.23  		0.0856065867 		-0.0679734653
1.26  		0.0804405895 		-0.0389476232
1.29  		0.0639835023 		-0.0226008662
1.32  		0.0471304945 		-0.0132476038
1.35  		0.0325712871 		-0.0179979459
1.38  		0.0269473649 		-0.0165058635
1.41  		0.0259913974 		-0.0134174114
1.44  		0.0240788671 		-0.0141279233
1.47  		0.0276011065 		-0.0059941842
1.5  		0.0313393671 		+0.0007968327
1.53  		0.0369341916 		+0.0111985017
1.56  		0.0395239015 		+0.0247278174
1.59  		0.0349969407 		+0.0366846297
1.62  		0.0271716547 		+0.0410451489
1.65  		0.0221578145 		+0.0371927587
1.68  		0.0298419746 		+0.0266752311
1.71  		0.0323410341 		+0.0254580933
1.74  		0.0402019173 		+0.0190576149
1.77  		0.0433673941 		+0.0188375747
1.8  		0.0405208832 		+0.0281267392
1.83  		0.0403671708 		+0.0330458848
1.86  		0.0299422930 		+0.0491447312
1.89  		0.0254611603 		+0.0556702802
1.92  		0.0090252634 		+0.0589733366
1.95  		-0.0109256561 		+0.0536069342
1.98  		-0.0223219700 		+0.0465017649
2.01  		-0.0335404607 		+0.0365008069
2.04  		-0.0330000806 		+0.0346580143
2.07  		-0.0276356969 		+0.0371434675
2.1  		-0.0227605170 		+0.0354055912
2.13  		-0.0094459459 		+0.0380375664
2.16  		0.0033614696 		+0.0394449451
2.19  		0.0151177626 		+0.0386764081
2.22  		0.0258063381 		+0.0336905562
2.25  		0.0282550144 		+0.0291426342
2.28  		0.0264960738 		+0.0265639146
2.31  		0.0282545618 		+0.0240131196
2.34  		0.0352074276 		+0.0163018848
2.37  		0.0408179877 		+0.0083123197
2.4  		0.0402881227 		+0.0153295199
2.43  		0.0299077722 		+0.0410712262
2.46  		0.0105023323 		+0.0682981791
2.49  		-0.0006088269 		+0.0634279959
2.52  		-0.0068675542 		+0.0225017414
2.55  		-0.0009451032 		-0.0248283471
2.58  		0.0138305860 		-0.0643974932
2.61  		0.0537933505 		-0.0843649561
2.64  		0.1166081026 		-0.0490175723
2.67  		0.1383221205 		+0.0163724973
2.7  		0.1022528237 		+0.0310806893
2.73  		0.0871810926 		-0.0123999877
2.76  		0.1279888193 		-0.0225967263
2.79  		0.1343595968 		+0.0427967414
2.82  		0.0771941062 		+0.0923882105
2.85  		0.0192142743 		+0.0895821525
2.88  		-0.0075340938 		+0.0589391759
2.91  		0.0220417446 		+0.0441756531
2.94  		0.0433244747 		+0.0436582415
2.97  		0.0343001267 		+0.0527933367
