0  		1.0000000000 		-0.0000000000
0.03  		0.9996168407 		-0.0054344489
0.06  		0.9902170704 		-0.0084278303
0.09  		0.9781846968 		+0.0302338384
0.12  		0.9423750210 		+0.0490180599
0.15  		0.9501222702 		-0.0604818096
0.18  		0.9430951686 		-0.1259159693
0.21  		0.9391590011 		+0.0391873826
0.24  		0.8480986560 		+0.1449912655
0.27  		0.6667583059 		+0.1761679417
0.3  		0.3436428538 		+0.2702805491
0.33  		0.0761529414 		+0.1391443896
0.36  		0.0015275601 		-0.1283627660
0.39  		-0.1627316569 		-0.2182549700
0.42  		-0.3211156970 		-0.0335319492
0.45  		-0.4028047570 		+0.1150588222
0.48  		-0.1985323741 		+0.0785572466
0.51  		0.1840793774 		-0.0316425113
0.54  		0.5151672912 		+0.0276660359
0.57  		0.6589095485 		-0.0275121494
0.6  		0.6592577300 		-0.2171453098
0.63  		0.6981543026 		-0.2022642062
0.66  		0.7031593331 		+0.0563351906
0.69  		0.6268966789 		+0.2345546256
0.72  		0.4721363312 		+0.3443376701
0.75  		0.3290667731 		+0.3350699865
0.78  		0.2869046442 		+0.2250801016
0.81  		0.3034832417 		+0.1249155560
0.84  		0.2707979536 		+0.1107197675
0.87  		0.1976058226 		+0.1392887420
0.9  		0.1326839602 		+0.1221219591
0.93  		0.0862655347 		+0.0671230243
0.96  		0.0700362517 		+0.0077029952
0.99  		0.0731553442 		-0.0236636560
1.02  		0.0737129668 		-0.0306900357
1.05  		0.0677060467 		-0.0347405468
1.08  		0.0702937743 		-0.0367404401
1.11  		0.0834607735 		-0.0348437845
1.14  		0.0933649430 		-0.0210894495
1.17  		0.0967336243 		-0.0077668557
1.2  		0.0975744552 		+0.0111089411
1.23  		0.0947161821 		+0.0436031874
1.26  		0.0703448050 		+0.0926935567
1.29  		0.0557455061 		+0.1342497794
1.32  		0.0580556304 		+0.1800663659
1.35  		0.0569076673 		+0.2106685858
1.38  		0.0839827392 		+0.2121665494
1.41  		0.1594586106 		+0.1409766785
1.44  		0.1903179626 		+0.0588314245
1.47  		0.1667519816 		+0.0453271244
1.5  		0.1099726397 		+0.0631337460
1.53  		0.0688841572 		+0.0933487502
1.56  		0.0618433031 		+0.1369895746
1.59  		0.0523703214 		+0.1473466056
1.62  		0.0052769029 		+0.1119785824
1.65  		-0.0210657501 		+0.0492566252
1.68  		-0.0307459813 		+0.0055251725
1.71  		-0.0233097031 		-0.0081872441
1.74  		-0.0106286575 		-0.0075333600
1.77  		-0.0021498314 		-0.0073837131
1.8  		-0.0048929950 		-0.0109567074
1.83  		-0.0135241763 		-0.0080687151
1.86  		-0.0165172876 		+0.0025360946
1.89  		-0.0062064810 		+0.0148397583
1.92  		0.0056449703 		+0.0142514768
1.95  		0.0117143949 		+0.0072741619
1.98  		0.0109789412 		-0.0026984121
2.01  		0.0012525077 		-0.0092754821
2.04  		-0.0074761613 		-0.0077541096
2.07  		-0.0104723381 		-0.0033100491
2.1  		-0.0077561199 		+0.0023547953
2.13  		-0.0028527471 		+0.0042909933
2.16  		-0.0004624752 		+0.0031617003
2.19  		-0.0000825410 		+0.0019594576
2.22  		-0.0000841954 		+0.0016751791
2.25  		0.0006553561 		+0.0017913039
2.28  		0.0014418599 		+0.0010489262
2.31  		0.0011791747 		-0.0004193925
2.34  		-0.0001775194 		-0.0011517277
2.37  		-0.0010703320 		-0.0007844434
2.4  		-0.0010254897 		-0.0004017599
2.43  		-0.0007572970 		+0.0000055288
2.46  		-0.0002347034 		+0.0004599599
2.49  		0.0005517180 		+0.0004235617
2.52  		0.0008180356 		-0.0002081039
2.55  		0.0004078029 		-0.0005584714
2.58  		0.0001941889 		-0.0004105089
2.61  		0.0001833750 		-0.0000976757
2.64  		0.0001675928 		+0.0001384140
2.67  		0.0001205961 		+0.0002504254
2.7  		0.0003113366 		+0.0003280028
2.73  		0.0009487982 		+0.0003579741
2.76  		0.0017578806 		+0.0010086356
2.79  		0.0014293893 		+0.0025488049
2.82  		0.0009163344 		+0.0029687090
2.85  		0.0014357287 		+0.0020755360
2.88  		0.0016065900 		+0.0015966213
2.91  		0.0008527560 		+0.0016296597
2.94  		-0.0004002405 		+0.0012606988
2.97  		-0.0017988543 		+0.0007622166
