0  		1.0000000000 		+0.0000000000
0.03  		0.9959540087 		-0.0158773987
0.06  		0.8385043822 		-0.0760310857
0.09  		0.3515964336 		-0.2593348677
0.12  		0.8761521603 		-0.3229469309
0.15  		0.9554436815 		+0.0152970328
0.18  		0.8187225581 		+0.3894577615
0.21  		0.4016818833 		+0.0911019154
0.24  		0.6469375920 		+0.1372773012
0.27  		0.5120323547 		-0.0930373738
0.3  		0.5115546732 		-0.3295509808
0.33  		0.4470706253 		-0.4016732889
0.36  		0.4074502723 		-0.2582778685
0.39  		0.0275726143 		-0.2768499514
0.42  		0.3932202124 		-0.1860369123
0.45  		0.2406842432 		+0.0819631685
0.48  		0.2563392460 		+0.0669360893
0.51  		0.1645942458 		-0.0401283898
0.54  		0.1883203507 		+0.1401840786
0.57  		0.2564565310 		+0.0044543929
0.6  		0.2556370252 		-0.0007071088
0.63  		0.2228705099 		-0.0164850354
0.66  		0.1945946222 		-0.0747737505
0.69  		0.0012594086 		-0.1803279808
0.72  		0.2352295001 		-0.0811301952
0.75  		0.2050066596 		+0.0185414141
0.78  		0.1565899739 		+0.0156679862
0.81  		0.0854960158 		-0.1018192514
0.84  		0.1529095042 		+0.0297627524
0.87  		0.2014413312 		-0.0372623703
0.9  		0.2367986590 		+0.0151411082
0.93  		0.2154108729 		+0.0985329110
0.96  		0.1853567329 		+0.1382108903
0.99  		0.0699086286 		-0.1815832289
1.02  		0.2678668496 		-0.0090433725
1.05  		0.2335950434 		+0.0353105171
1.08  		0.1858197067 		-0.0457688229
1.11  		0.1506680268 		-0.1252056265
1.14  		0.1896184870 		+0.1443588373
1.17  		0.1705031777 		-0.1087941330
1.2  		0.2912114318 		-0.1130625645
1.23  		0.2524846671 		-0.0991377899
1.26  		0.1905189992 		-0.0464563730
1.29  		0.0320978550 		-0.1046438773
1.32  		0.0618087419 		+0.0134262891
1.35  		0.0328728553 		+0.0030841712
1.38  		0.0381978955 		-0.0095433665
1.41  		0.0458533514 		-0.0308529084
1.44  		0.0421692877 		+0.0623157790
1.47  		0.0947356651 		-0.0048469681
1.5  		0.0965077945 		+0.0151920678
1.53  		0.0741580612 		+0.0107848589
1.56  		0.0464619728 		+0.0034711728
1.59  		0.0021126482 		-0.0209579962
1.62  		0.0053313583 		-0.0004388142
1.65  		0.0001731729 		-0.0000971257
1.68  		-0.0008733471 		-0.0001385903
1.71  		-0.0011277047 		-0.0005008337
1.74  		0.0007955691 		-0.0011725096
1.77  		-0.0001469292 		-0.0018458393
1.8  		0.0022178798 		-0.0028342882
1.83  		0.0056545444 		-0.0017371284
1.86  		0.0081813288 		+0.0022724949
1.89  		0.0093429471 		-0.0062141141
1.92  		0.0232697971 		+0.0166686444
1.95  		0.0496838667 		+0.0053017633
1.98  		0.0656863987 		-0.0205867059
2.01  		0.0822486786 		-0.0297350872
2.04  		0.0536882303 		+0.0981598626
2.07  		0.0909025354 		-0.0047197027
2.1  		0.0942578483 		-0.0241168426
2.13  		0.0882967488 		-0.0298203056
2.16  		0.0639839061 		+0.0007501063
2.19  		0.0171313476 		-0.0190514916
2.22  		0.0036984961 		-0.0006175251
2.25  		-0.0072598503 		-0.0025020905
2.28  		-0.0069218900 		+0.0090238342
2.31  		-0.0040351439 		+0.0118853036
2.34  		-0.0063970941 		+0.0018658598
2.37  		0.0001018555 		+0.0004605269
2.4  		-0.0000827249 		-0.0026924350
2.43  		-0.0004693567 		-0.0025208489
2.46  		-0.0000160060 		-0.0010994248
2.49  		-0.0001799186 		-0.0005267663
2.52  		0.0005677794 		-0.0006522903
2.55  		-0.0007245439 		-0.0020654035
2.58  		-0.0038516361 		-0.0042299783
2.61  		-0.0063325802 		-0.0051353078
2.64  		0.0012140423 		-0.0074083802
2.67  		-0.0026419581 		-0.0006402664
2.7  		0.0003647521 		+0.0001427947
2.73  		0.0004138413 		+0.0010324679
2.76  		-0.0002199830 		+0.0014027698
2.79  		0.0003040539 		+0.0004139831
2.82  		0.0000152050 		+0.0002388796
2.85  		-0.0000113055 		-0.0000109955
2.88  		0.0003226705 		+0.0008582439
2.91  		-0.0003996701 		+0.0033942899
2.94  		-0.0039046059 		+0.0013864053
2.97  		-0.0021004296 		+0.0051721481
