0  		1.0000000000 		-0.0000000000
0.03  		0.9966349085 		+0.0154104607
0.06  		0.8359471634 		-0.1129545014
0.09  		0.9319522992 		+0.0170140811
0.12  		0.8955393445 		+0.0225640410
0.15  		0.7339875941 		+0.1350045280
0.18  		0.5442185110 		-0.1113793152
0.21  		0.2021103763 		+0.0269842453
0.24  		-0.1727416152 		-0.0715737729
0.27  		-0.5387709193 		-0.3834043553
0.3  		-0.5800495225 		+0.1043402819
0.33  		0.0638150632 		+0.2614692296
0.36  		0.5907039494 		+0.0902683642
0.39  		0.6385621660 		-0.2025487800
0.42  		0.4088840069 		-0.0510745094
0.45  		0.1983434675 		+0.0918781208
0.48  		0.1628560446 		+0.0852779048
0.51  		0.1422680020 		+0.1091610618
0.54  		0.0974374249 		+0.1882341042
0.57  		0.1183355545 		+0.1018885929
0.6  		0.0916466832 		-0.0112565212
0.63  		0.0459073261 		+0.0007217364
0.66  		0.0283843136 		+0.0371877344
0.69  		0.0519801610 		+0.0096753374
0.72  		0.0037631560 		-0.0328752344
0.75  		-0.0365626365 		+0.0119107570
0.78  		0.0346035125 		+0.0578831146
0.81  		0.0374718548 		-0.0677193748
0.84  		-0.0511300981 		-0.0652238513
0.87  		-0.0588921549 		-0.0196598711
0.9  		-0.0189985329 		+0.0239498538
0.93  		0.0015265193 		+0.0041458736
0.96  		0.0023650781 		+0.0001680781
0.99  		0.0021712710 		+0.0007115262
1.02  		-0.0008714755 		-0.0000887651
1.05  		-0.0046161573 		-0.0005760060
1.08  		-0.0054012800 		+0.0036240671
1.11  		-0.0056030542 		+0.0122150711
1.14  		-0.0079081688 		+0.0201895925
1.17  		-0.0099068302 		+0.0281917694
1.2  		0.0148820260 		+0.0445222169
1.23  		0.0301135258 		+0.0337083437
1.26  		-0.0120738795 		+0.0502099734
1.29  		-0.0814126934 		+0.0339691094
1.32  		-0.0837216871 		+0.0003245936
1.35  		-0.0492983296 		+0.0081188872
1.38  		-0.0419357826 		+0.0163171039
1.41  		-0.0228014483 		+0.0629082386
1.44  		-0.0076288664 		+0.0763430696
1.47  		-0.0000609263 		+0.0511203083
1.5  		-0.0017302056 		+0.0282131890
1.53  		-0.0036292659 		+0.0124918509
1.56  		-0.0066622462 		+0.0048196367
1.59  		-0.0092727058 		-0.0018514975
1.62  		-0.0131000253 		-0.0061630046
1.65  		-0.0196439104 		-0.0068449377
1.68  		-0.0250262710 		+0.0012417333
1.71  		-0.0326846820 		-0.0014986732
1.74  		-0.0321676612 		-0.0011533218
1.77  		-0.0225788229 		+0.0005990648
1.8  		-0.0176954563 		-0.0024594279
1.83  		-0.0189219258 		-0.0086189702
1.86  		-0.0215778734 		-0.0107403882
1.89  		-0.0170403024 		-0.0096913700
1.92  		-0.0076775539 		-0.0106766818
1.95  		-0.0034657177 		-0.0081073055
1.98  		-0.0040863830 		-0.0047752994
2.01  		-0.0024686235 		-0.0046684535
2.04  		-0.0009592194 		-0.0060096508
2.07  		0.0006767601 		-0.0073407277
2.1  		0.0040132681 		-0.0073665068
2.13  		0.0077027331 		-0.0021128984
2.16  		0.0052918715 		+0.0001559343
2.19  		0.0017211033 		+0.0000602743
2.22  		-0.0017612600 		+0.0008243705
2.25  		-0.0050254518 		-0.0008021076
2.28  		-0.0036888711 		+0.0016281905
2.31  		-0.0013468639 		+0.0033757796
2.34  		-0.0008850386 		+0.0033539363
2.37  		0.0007483561 		+0.0026686724
2.4  		0.0012727338 		+0.0005670745
2.43  		0.0008129526 		-0.0002362349
2.46  		0.0003650371 		-0.0010946931
2.49  		-0.0001213972 		-0.0009886366
2.52  		-0.0003110744 		-0.0001626873
2.55  		-0.0003865568 		+0.0002858785
2.58  		-0.0000961818 		+0.0005059995
2.61  		0.0001327296 		+0.0001020493
2.64  		-0.0001037573 		-0.0003442973
2.67  		-0.0009058057 		-0.0008584888
2.7  		-0.0020535993 		-0.0009458827
2.73  		-0.0021901916 		+0.0007886940
2.76  		-0.0047181650 		+0.0042231479
2.79  		-0.0090340623 		+0.0037676127
2.82  		-0.0107584888 		-0.0007623748
2.85  		-0.0094620585 		-0.0058009762
2.88  		-0.0085084468 		-0.0039749935
2.91  		-0.0043467037 		-0.0015316174
2.94  		0.0003227977 		-0.0025977690
2.97  		0.0044447957 		-0.0007552772
