0  		1.0000000000 		+0.0000000000
0.03  		0.9998216456 		+0.0013936890
0.06  		0.9972318626 		+0.0108369487
0.09  		0.9914102543 		-0.0004805082
0.12  		0.9825015462 		-0.0267355132
0.15  		0.9631436551 		+0.0585603766
0.18  		0.9359230738 		+0.0435909000
0.21  		0.9009280989 		-0.0591152955
0.24  		0.8831200712 		-0.1018246289
0.27  		0.8712454708 		-0.0716096552
0.3  		0.8503721760 		+0.0009712741
0.33  		0.8095235807 		+0.1352439551
0.36  		0.7338383990 		+0.3202743564
0.39  		0.7146875078 		+0.2636834557
0.42  		0.6431190862 		+0.1725040675
0.45  		0.4969527570 		+0.0124892971
0.48  		0.2606865346 		-0.1831729320
0.51  		0.0286605925 		-0.2249315074
0.54  		-0.0785425268 		-0.1866127256
0.57  		-0.0968257554 		-0.1286272341
0.6  		-0.0879907713 		-0.0575274490
0.63  		-0.0569448953 		-0.0182592334
0.66  		-0.0268363384 		-0.0004819405
0.69  		0.0005423785 		+0.0071396425
0.72  		0.0203328130 		+0.0039660765
0.75  		0.0277140360 		-0.0071861384
0.78  		0.0228742887 		-0.0227618057
0.81  		0.0146262808 		-0.0358865549
0.84  		0.0199938458 		-0.0432741715
0.87  		0.0244712689 		-0.0450071599
0.9  		0.0215463952 		-0.0337096037
0.93  		0.0173825341 		-0.0152789898
0.96  		0.0129322887 		-0.0038487338
0.99  		0.0123294747 		+0.0016110443
1.02  		0.0153627769 		+0.0112553293
1.05  		0.0229962374 		+0.0248804358
1.08  		0.0422025675 		+0.0302015980
1.11  		0.0538040278 		+0.0271907185
1.14  		0.0486846694 		+0.0194345580
1.17  		0.0334300945 		+0.0090572016
1.2  		0.0160548276 		+0.0041368661
1.23  		0.0070428587 		-0.0026790873
1.26  		0.0114139205 		-0.0071131398
1.29  		0.0200481388 		-0.0044723961
1.32  		0.0224985306 		+0.0023905626
1.35  		0.0163616011 		+0.0065315249
1.38  		0.0054400855 		+0.0088673894
1.41  		-0.0054533689 		+0.0078877098
1.44  		-0.0139468826 		+0.0020545012
1.47  		-0.0151223129 		-0.0079304551
1.5  		-0.0065808654 		-0.0150222613
1.53  		0.0047329164 		-0.0109898662
1.56  		0.0076634280 		-0.0000257364
1.59  		0.0049421304 		+0.0099997321
1.62  		0.0000816086 		+0.0153597114
1.65  		0.0006755846 		+0.0173020234
1.68  		0.0037979976 		+0.0163433997
1.71  		0.0050911520 		+0.0106393170
1.74  		0.0014229699 		+0.0040921325
1.77  		-0.0051573265 		+0.0007979597
1.8  		-0.0106457748 		-0.0020831936
1.83  		-0.0129265481 		-0.0050476108
1.86  		-0.0122855863 		-0.0071378515
1.89  		-0.0075399948 		-0.0103082344
1.92  		-0.0028099652 		-0.0112011194
1.95  		0.0004521471 		-0.0120360007
1.98  		0.0002794985 		-0.0134852320
2.01  		-0.0039484933 		-0.0128990391
2.04  		-0.0073504869 		-0.0064622843
2.07  		-0.0049703279 		+0.0022248377
2.1  		-0.0014498804 		+0.0094461739
2.13  		0.0009936105 		+0.0131421546
2.16  		0.0010807407 		+0.0137894641
2.19  		-0.0003806219 		+0.0119980553
2.22  		-0.0012985687 		+0.0086431392
2.25  		-0.0000775724 		+0.0051375302
2.28  		0.0005594632 		+0.0023644401
2.31  		0.0009058729 		+0.0005588092
2.34  		0.0006128683 		-0.0002119182
2.37  		-0.0000630408 		+0.0000258448
2.4  		-0.0007712419 		+0.0004083364
2.43  		-0.0008936257 		+0.0006669707
2.46  		-0.0004623865 		+0.0008086049
2.49  		0.0000043541 		+0.0006506576
2.52  		0.0003018619 		+0.0002669397
2.55  		0.0002352811 		-0.0000589851
2.58  		0.0000731383 		-0.0002036653
2.61  		-0.0001285771 		-0.0003181480
2.64  		-0.0002897205 		-0.0005056832
2.67  		-0.0003155189 		-0.0009074088
2.7  		0.0001822440 		-0.0015008749
2.73  		0.0012351451 		-0.0015383861
2.76  		0.0020542098 		-0.0002117624
2.79  		0.0015548562 		+0.0011448566
2.82  		0.0004837027 		+0.0017643153
2.85  		-0.0007383535 		+0.0015492055
2.88  		-0.0014575586 		+0.0004125990
2.91  		-0.0010943786 		-0.0006568878
2.94  		-0.0003140693 		-0.0011974250
2.97  		0.0005687008 		-0.0013360323
