0  		1.0000000000 		+0.0000000000
0.03  		0.9973783823 		+0.0475337884
0.06  		0.8690665578 		+0.0023111162
0.09  		0.2997431121 		+0.4726385299
0.12  		0.9538524710 		+0.1715303843
0.15  		0.8802712142 		-0.0169735516
0.18  		0.6428994546 		-0.2096176199
0.21  		0.5919742770 		-0.1997641697
0.24  		-0.0557554341 		-0.6030347480
0.27  		0.7834210466 		-0.2652147787
0.3  		0.6978756048 		-0.2353867170
0.33  		0.6493826250 		-0.0590662418
0.36  		0.6430786375 		+0.1905644051
0.39  		0.4670795597 		+0.4192860997
0.42  		0.3187477471 		-0.5100832024
0.45  		0.4674546343 		-0.1869478879
0.48  		0.6063831745 		+0.0841099730
0.51  		0.6206658583 		-0.2034258301
0.54  		0.1626833473 		-0.4046395841
0.57  		0.4195729521 		+0.1592917049
0.6  		0.3536273438 		+0.3288413302
0.63  		0.4189743333 		+0.1400376300
0.66  		0.4083887123 		-0.0600772903
0.69  		0.3300414841 		-0.0749595988
0.72  		0.1700374934 		+0.0735090782
0.75  		0.1793727768 		+0.1149601388
0.78  		0.1636549355 		+0.0992291207
0.81  		0.1518023181 		+0.0353673543
0.84  		0.1227319349 		+0.0237739734
0.87  		0.1124691535 		-0.0882599257
0.9  		0.1386781548 		-0.0405337154
0.93  		0.1410852660 		-0.0169128220
0.96  		0.1433574006 		-0.0197198836
0.99  		0.1576893997 		-0.0577971541
1.02  		0.1809010153 		-0.0818398300
1.05  		0.2117692085 		-0.1236333981
1.08  		0.3299510123 		-0.0403300728
1.11  		0.3737286094 		-0.0402026955
1.14  		0.3819039056 		-0.0656734873
1.17  		0.4016950753 		+0.0034890648
1.2  		0.4109789495 		+0.1040720646
1.23  		0.3921296149 		+0.2020996897
1.26  		0.3510538308 		+0.2349595270
1.29  		0.4236587512 		+0.0854132888
1.32  		0.3575245814 		-0.1369050996
1.35  		0.2972649808 		+0.0004782614
1.38  		0.1566203041 		+0.2173785922
1.41  		0.1171162898 		+0.2478614785
1.44  		0.1820401466 		+0.1530805028
1.47  		0.1625043031 		+0.1100323198
1.5  		0.0630877068 		+0.1271102367
1.53  		0.1056894283 		+0.0723440401
1.56  		0.0939696688 		+0.0513539977
1.59  		0.0773124026 		+0.0378302759
1.62  		0.0587602835 		+0.0489996991
1.65  		0.0682697588 		+0.0070635582
1.68  		0.0529599521 		+0.0433877056
1.71  		0.0520066364 		+0.0302177539
1.74  		0.0388340673 		+0.0236914520
1.77  		0.0245160100 		+0.0133011679
1.8  		0.0035083138 		+0.0164251390
1.83  		0.0074356720 		+0.0068695625
1.86  		0.0004624391 		+0.0074440336
1.89  		0.0023676290 		+0.0051843760
1.92  		0.0035997751 		+0.0017637010
1.95  		0.0014580522 		-0.0002081468
1.98  		0.0009973332 		+0.0002999071
2.01  		0.0001299479 		-0.0009540157
2.04  		-0.0006269989 		-0.0021855403
2.07  		-0.0003018157 		-0.0033353925
2.1  		-0.0008864117 		-0.0032997644
2.13  		0.0015057073 		-0.0015658434
2.16  		0.0002922392 		-0.0024758635
2.19  		0.0002173463 		-0.0018958771
2.22  		0.0001249245 		-0.0010326083
2.25  		0.0003542028 		-0.0004694454
2.28  		-0.0002441502 		-0.0001412710
2.31  		-0.0000652490 		-0.0000961497
2.34  		-0.0000301512 		+0.0000215648
2.37  		0.0000200896 		+0.0000236161
2.4  		0.0000239961 		-0.0000011649
2.43  		0.0000068175 		+0.0000069474
2.46  		-0.0000000382 		-0.0000006551
2.49  		-0.0000043376 		+0.0000022626
2.52  		-0.0000047652 		+0.0000052353
2.55  		-0.0000028662 		+0.0000062303
2.58  		0.0000011713 		+0.0000056295
2.61  		-0.0000116500 		+0.0000054902
2.64  		0.0000040308 		+0.0000289721
2.67  		0.0001332749 		+0.0001777258
2.7  		0.0005533949 		+0.0008984788
2.73  		0.0012930684 		+0.0027792826
2.76  		-0.0012902420 		+0.0039787246
2.79  		0.0081087203 		+0.0100668413
2.82  		0.0137206677 		+0.0085123416
2.85  		0.0046803857 		+0.0157899387
2.88  		-0.0177909854 		+0.0064502644
2.91  		-0.0066569864 		+0.0230197170
2.94  		-0.0243795761 		+0.0103854398
2.97  		-0.0269415554 		+0.0081104773
