0  		1.0000000000 		-0.0000000000
0.03  		0.8328674551 		+0.0250429290
0.06  		0.6407040058 		-0.1291971300
0.09  		0.7243351088 		+0.0782826038
0.12  		0.6047731649 		-0.3211768392
0.15  		0.4590870737 		+0.0481803705
0.18  		0.4841626744 		+0.3804416187
0.21  		0.0937285289 		-0.3939030307
0.24  		0.1258598913 		-0.0517562144
0.27  		0.5652660477 		+0.1915891194
0.3  		0.2065470400 		+0.3692043987
0.33  		-0.0920252947 		+0.0438100496
0.36  		-0.1479299629 		+0.1783436158
0.39  		-0.0757384764 		-0.0041965467
0.42  		-0.0761943143 		+0.2469848206
0.45  		-0.0756818497 		+0.1853341622
0.48  		-0.0325606071 		+0.0356900906
0.51  		0.1304302253 		+0.0024745402
0.54  		0.1881735353 		+0.2521793826
0.57  		0.0247690032 		+0.2348434734
0.6  		0.0314532572 		+0.0507878546
0.63  		-0.0958528693 		+0.0722057247
0.66  		-0.0844736820 		+0.1075563533
0.69  		-0.1086049834 		+0.0530690238
0.72  		-0.0443130178 		+0.0868214716
0.75  		0.0199537083 		+0.0356231616
0.78  		0.0163184741 		+0.1894613849
0.81  		-0.1504572423 		+0.1303816968
0.84  		-0.1748062159 		+0.0096528436
0.87  		0.0051794280 		-0.0140776289
0.9  		-0.0848480240 		-0.0873522557
0.93  		-0.0535114079 		-0.0313908434
0.96  		-0.0174482883 		-0.0106423497
0.99  		0.0013396592 		-0.0038064803
1.02  		-0.0140900500 		-0.0005068395
1.05  		-0.0032716493 		-0.0030079831
1.08  		-0.0081118627 		+0.0090344369
1.11  		-0.0590832081 		-0.0320532045
1.14  		-0.0406146539 		+0.0094101024
1.17  		-0.0092785356 		+0.0179548461
1.2  		-0.0935170935 		+0.0542795179
1.23  		-0.0057950060 		+0.0172253083
1.26  		-0.0644533422 		-0.0504596193
1.29  		0.0032711112 		-0.0752289898
1.32  		0.0464788468 		-0.0604060036
1.35  		0.0498682010 		-0.0215200556
1.38  		0.0122993977 		-0.0059162988
1.41  		0.0093764032 		+0.0003628628
1.44  		0.0268048622 		+0.0079856814
1.47  		0.0215479691 		+0.0387975024
1.5  		-0.0384919939 		+0.0637448376
1.53  		-0.0767517571 		+0.0457757454
1.56  		-0.0515143442 		+0.0548695960
1.59  		-0.0066612626 		+0.0371946836
1.62  		-0.0714210762 		+0.0862394965
1.65  		-0.0620890920 		+0.1019245817
1.68  		-0.0417083551 		+0.0956744964
1.71  		0.0056296925 		+0.0105227976
1.74  		0.0176809560 		+0.0393961621
1.77  		0.0716995206 		+0.0697294512
1.8  		0.0125076843 		+0.0991681333
1.83  		-0.0015195083 		+0.0872297705
1.86  		-0.0738559076 		+0.0416441895
1.89  		-0.0936881657 		+0.0112725189
1.92  		-0.0548209268 		-0.0182545254
1.95  		-0.0313787988 		-0.0018130380
1.98  		-0.0251061806 		-0.0194673340
2.01  		0.0147133509 		-0.0166237089
2.04  		0.0161442967 		-0.0208782150
2.07  		0.0586596300 		-0.0399771539
2.1  		0.0319257456 		-0.0254679097
2.13  		0.0056373680 		-0.0335078865
2.16  		0.0061021772 		-0.0600386933
2.19  		0.0034098018 		-0.1006238514
2.22  		-0.0154406011 		-0.0165083701
2.25  		0.0055513947 		-0.0092925508
2.28  		-0.0077331836 		-0.0068890515
2.31  		-0.0128047923 		-0.0277371559
2.34  		0.0114949956 		-0.0308453321
2.37  		0.0058309228 		+0.0126323381
2.4  		0.0847724998 		+0.0395556860
2.43  		0.0323462692 		+0.0672829570
2.46  		0.0171131792 		+0.0803108241
2.49  		0.0384670797 		+0.0720558485
2.52  		0.0584385672 		+0.0564078799
2.55  		0.0540927037 		+0.0742284145
2.58  		0.0264858493 		+0.0115939869
2.61  		0.0408121910 		-0.0275762434
2.64  		0.0560090725 		+0.0148585127
2.67  		0.0287666371 		+0.0903728486
2.7  		0.0064555915 		+0.1051865832
2.73  		-0.0122539429 		+0.0653592180
2.76  		-0.0240952410 		+0.0429074518
2.79  		0.0038756480 		+0.0120111890
2.82  		0.0209033420 		+0.0193168176
2.85  		-0.0006821857 		+0.0146928310
2.88  		-0.0025859304 		+0.0089457284
2.91  		-0.0008466413 		-0.0002535806
2.94  		-0.0023667111 		+0.0006696608
2.97  		-0.0019597332 		-0.0021184831
