0  		1.0000000000 		-0.0000000000
0.03  		0.9998740346 		-0.0067256583
0.06  		0.9956957270 		+0.0123744723
0.09  		0.9925940751 		+0.0214345781
0.12  		0.9869404951 		+0.0592913317
0.15  		0.9744259831 		+0.0401483843
0.18  		0.9099861076 		-0.0295797840
0.21  		0.7711262569 		-0.1263414940
0.24  		0.6456339622 		-0.1648699748
0.27  		0.6355941207 		-0.1185344758
0.3  		0.6955014701 		-0.0782624635
0.33  		0.7465537013 		-0.0023660115
0.36  		0.7325029260 		-0.0316182836
0.39  		0.7101962424 		+0.0512082054
0.42  		0.6952496505 		+0.1335102915
0.45  		0.6953376282 		+0.1424283462
0.48  		0.6973552434 		+0.0493658572
0.51  		0.6725540448 		+0.0178331662
0.54  		0.6303508164 		+0.0204821251
0.57  		0.5906883385 		+0.0267048664
0.6  		0.5094607285 		-0.0233460690
0.63  		0.2950024944 		+0.0041235327
0.66  		0.0283047854 		-0.0076067234
0.69  		-0.0555881159 		-0.0157782550
0.72  		0.0077741571 		+0.0015861199
0.75  		-0.0153345124 		+0.0019443275
0.78  		-0.1604217726 		+0.0383456562
0.81  		-0.2586934504 		+0.0636563240
0.84  		-0.2523954565 		+0.0027563727
0.87  		-0.1770576180 		+0.0354768858
0.9  		-0.0585024955 		+0.0789940500
0.93  		0.0279678733 		+0.0601457029
0.96  		0.0883780358 		+0.0273248052
0.99  		0.1579077536 		+0.0151999856
1.02  		0.2852098619 		+0.0021073987
1.05  		0.4356454637 		+0.0427869014
1.08  		0.4571060570 		+0.0892944683
1.11  		0.1525160080 		+0.0887105615
1.14  		-0.3119274433 		+0.0680473732
1.17  		-0.4829103213 		+0.0272456359
1.2  		-0.2021473550 		+0.0468342792
1.23  		0.2071246256 		-0.1110925002
1.26  		0.4760953486 		-0.0333796846
1.29  		0.4884530902 		+0.1343778672
1.32  		0.4269990086 		+0.2160036076
1.35  		0.4026267643 		+0.2198341339
1.38  		0.4092730974 		+0.1271842422
1.41  		0.3726344962 		+0.0894808867
1.44  		0.3205357402 		+0.0097426205
1.47  		0.2408950180 		+0.0179340643
1.5  		0.1430636899 		+0.0496527620
1.53  		0.0614938185 		+0.0254672572
1.56  		0.0173252889 		-0.0030529713
1.59  		0.0032376741 		-0.0045396107
1.62  		0.0008592115 		+0.0000680092
1.65  		0.0024624022 		-0.0016439279
1.68  		-0.0039029525 		-0.0203749866
1.71  		-0.0290628360 		-0.0485929691
1.74  		-0.0431879872 		-0.0728255724
1.77  		-0.0535099237 		-0.0924569542
1.8  		-0.0415891498 		-0.1344884391
1.83  		-0.0999750647 		-0.1598147553
1.86  		-0.1704376907 		-0.1589809336
1.89  		-0.1940228602 		-0.1517458176
1.92  		-0.1559181618 		-0.1694274239
1.95  		-0.0813672602 		-0.1974776469
1.98  		-0.0396923233 		-0.2006210025
2.01  		0.0003319853 		-0.1979463491
2.04  		-0.0256102674 		-0.2024233489
2.07  		-0.1089892447 		-0.1936233287
2.1  		-0.1486334496 		-0.1616898058
2.13  		-0.1212082476 		-0.1022871294
2.16  		-0.0663548993 		-0.0419033803
2.19  		-0.0370851812 		+0.0109032235
2.22  		-0.0146771150 		+0.0295669358
2.25  		-0.0026232433 		+0.0068454956
2.28  		-0.0174235889 		-0.0215469463
2.31  		-0.0333679167 		-0.0129897824
2.34  		-0.0157169830 		-0.0051619501
2.37  		0.0046108478 		+0.0011459029
2.4  		0.0109401419 		+0.0085956877
2.43  		0.0111944664 		+0.0148797668
2.46  		0.0201935835 		+0.0215533598
2.49  		0.0489250299 		+0.0114643521
2.52  		0.0599235534 		-0.0249320037
2.55  		0.0309530163 		-0.0299584265
2.58  		-0.0031982154 		-0.0146557232
2.61  		-0.0214850241 		+0.0004272989
2.64  		-0.0173727435 		+0.0156315905
2.67  		0.0025085752 		+0.0290894888
2.7  		0.0298427479 		+0.0274826560
2.73  		0.0459725093 		+0.0004270276
2.76  		0.0363125496 		-0.0269558547
2.79  		0.0167051818 		-0.0300921145
2.82  		0.0107768843 		-0.0239167952
2.85  		-0.0001939652 		-0.0141476373
2.88  		0.0032062809 		-0.0014804275
2.91  		0.0142139414 		+0.0083940427
2.94  		0.0337477973 		-0.0211120336
2.97  		-0.0163035160 		-0.0546695836
