0  		1.0000000000 		-0.0000000000
0.03  		0.9976114347 		-0.0102472098
0.06  		0.9960804237 		-0.0113605950
0.09  		0.9647113183 		-0.0505929040
0.12  		0.8387206411 		-0.3301550398
0.15  		0.8696784704 		+0.1173119989
0.18  		0.8495346069 		+0.2615431207
0.21  		0.7061159468 		+0.2279874990
0.24  		0.6166153902 		-0.2498098817
0.27  		0.6092522461 		-0.1365833703
0.3  		0.5880976974 		-0.1341004506
0.33  		0.5567845687 		+0.0106790252
0.36  		0.5711373866 		-0.0561294813
0.39  		0.5122495833 		-0.0024097803
0.42  		0.4179805486 		-0.1021173954
0.45  		0.3863589704 		-0.1390763106
0.48  		0.3973304595 		-0.0363886699
0.51  		0.3344437229 		-0.0938407860
0.54  		0.2175459121 		-0.2520301566
0.57  		0.1568705165 		-0.2213074655
0.6  		0.1991137260 		-0.0145014909
0.63  		0.1487879276 		+0.0119142081
0.66  		0.0946082339 		+0.0027504005
0.69  		0.0582325698 		-0.0081180371
0.72  		0.0317737664 		-0.0003995501
0.75  		0.0161868902 		-0.0050150560
0.78  		0.0082380015 		-0.0048287248
0.81  		0.0062065494 		-0.0055070997
0.84  		0.0071368557 		-0.0061970889
0.87  		0.0117857428 		-0.0043633843
0.9  		0.0164981447 		+0.0056918203
0.93  		0.0179261562 		+0.0217930529
0.96  		0.0209084638 		+0.0371351345
0.99  		0.0408318598 		+0.0598270093
1.02  		0.0410710041 		+0.0952210899
1.05  		0.0407299030 		+0.1241684864
1.08  		0.0875629870 		+0.1333827430
1.11  		0.0874435696 		+0.1212686351
1.14  		0.0816218444 		+0.0763350763
1.17  		0.0815264681 		+0.0040533997
1.2  		0.0769428874 		-0.0239819489
1.23  		0.0836447702 		-0.0099710572
1.26  		0.0770828126 		-0.0291695823
1.29  		0.0674829811 		-0.0494623853
1.32  		0.0620868699 		-0.0200987299
1.35  		0.0460536097 		+0.0106545507
1.38  		0.0265634904 		+0.0139907332
1.41  		0.0115220972 		+0.0117893920
1.44  		0.0026367864 		+0.0078084829
1.47  		-0.0047281014 		+0.0057447216
1.5  		-0.0099240671 		+0.0063273561
1.53  		-0.0130818299 		+0.0091362381
1.56  		-0.0117936937 		+0.0146666677
1.59  		-0.0074159645 		+0.0187274093
1.62  		-0.0039348220 		+0.0193033585
1.65  		-0.0073357731 		+0.0183257036
1.68  		-0.0079496704 		+0.0190177962
1.71  		0.0041046169 		+0.0198396716
1.74  		0.0088564928 		+0.0225464895
1.77  		0.0020925872 		+0.0279855068
1.8  		0.0013565709 		+0.0280077090
1.83  		0.0075438136 		+0.0275726481
1.86  		0.0024181159 		+0.0277887815
1.89  		0.0025850947 		+0.0278557186
1.92  		-0.0002331632 		+0.0284069183
1.95  		-0.0151222631 		+0.0255693963
1.98  		-0.0230853673 		+0.0139594377
2.01  		-0.0212005967 		+0.0094223748
2.04  		-0.0199983647 		-0.0034477572
2.07  		-0.0023965156 		-0.0137572867
2.1  		0.0096540646 		-0.0016594827
2.13  		0.0031202533 		+0.0098627029
2.16  		-0.0063081285 		+0.0090620665
2.19  		-0.0101211576 		-0.0007894978
2.22  		-0.0075882298 		-0.0072229772
2.25  		-0.0030173635 		-0.0074041065
2.28  		0.0012163890 		-0.0017768178
2.31  		0.0008235915 		+0.0030572208
2.34  		0.0009365968 		+0.0024448573
2.37  		0.0021769441 		-0.0012365690
2.4  		0.0081979084 		-0.0041138824
2.43  		0.0108652528 		-0.0144494461
2.46  		0.0012780450 		-0.0259897891
2.49  		-0.0050754258 		-0.0341098191
2.52  		0.0004191812 		-0.0359825590
2.55  		-0.0013263394 		-0.0275376786
2.58  		-0.0011900996 		-0.0158607101
2.61  		0.0013936224 		-0.0058215149
2.64  		0.0027829014 		-0.0010702799
2.67  		0.0029987566 		+0.0030727129
2.7  		0.0005628560 		+0.0041206974
2.73  		-0.0007754301 		+0.0027980249
2.76  		-0.0001752363 		+0.0019834213
2.79  		-0.0009797259 		+0.0009921344
2.82  		-0.0009610829 		+0.0002157975
2.85  		-0.0009899482 		-0.0002101523
2.88  		-0.0014164888 		+0.0004808523
2.91  		-0.0023675327 		+0.0008597467
2.94  		-0.0040094498 		+0.0006226974
2.97  		-0.0059525575 		-0.0006273477
