0  		1.0000000000 		-0.0000000000
0.03  		0.9973220398 		-0.0227870857
0.06  		0.9830975513 		-0.0116937044
0.09  		0.9779865111 		-0.0032452012
0.12  		0.9728347707 		+0.0057437432
0.15  		0.9505081655 		+0.1720815919
0.18  		0.9400035397 		+0.1651054555
0.21  		0.9395970692 		+0.0240136199
0.24  		0.8983073420 		+0.0629521448
0.27  		0.7809099939 		+0.2063997396
0.3  		0.6844890376 		+0.3530495876
0.33  		0.5676560674 		+0.4664043384
0.36  		0.4304500835 		+0.3968703868
0.39  		0.4154907398 		+0.1530364268
0.42  		0.4862697580 		-0.1223807757
0.45  		0.5842825584 		-0.1518448000
0.48  		0.6214593340 		-0.1006920687
0.51  		0.6582383404 		-0.0191189930
0.54  		0.6050463258 		+0.0322412146
0.57  		0.5223320747 		-0.0979915333
0.6  		0.4673155220 		-0.1565934104
0.63  		0.4524919496 		-0.1065837665
0.66  		0.4422272996 		-0.0011751528
0.69  		0.4229261498 		+0.0675166830
0.72  		0.4073712405 		+0.0463434691
0.75  		0.4186933660 		-0.0208587566
0.78  		0.4382557274 		-0.0606510557
0.81  		0.4166115254 		+0.1435615306
0.84  		0.2963114485 		+0.3101961356
0.87  		0.2547496445 		+0.2807888714
0.9  		0.2952112206 		+0.0738319090
0.93  		0.3116505922 		-0.1373565071
0.96  		0.3339993625 		-0.2772525460
0.99  		0.3485549424 		-0.2715145389
1.02  		0.3625371472 		-0.0987832864
1.05  		0.2924008928 		+0.0202956076
1.08  		0.1257547144 		+0.0041139508
1.11  		-0.0815963454 		-0.0742838248
1.14  		-0.2559584635 		-0.0765186850
1.17  		-0.2933966213 		+0.0178142401
1.2  		-0.1865083464 		+0.0143797966
1.23  		0.0246113190 		+0.0074570478
1.26  		0.2488652569 		-0.0094183326
1.29  		0.3990194722 		-0.0775928922
1.32  		0.4749861416 		-0.0819826875
1.35  		0.4729069130 		-0.0528587628
1.38  		0.4486035451 		+0.0127465169
1.41  		0.4208631163 		+0.0760094574
1.44  		0.4210939553 		+0.0189096185
1.47  		0.4278395461 		-0.0060257943
1.5  		0.4183888336 		+0.0163114931
1.53  		0.3827536885 		+0.0295224761
1.56  		0.3133106954 		+0.0586956792
1.59  		0.2238634190 		+0.1150414015
1.62  		0.1278020985 		+0.1674386279
1.65  		0.0568038958 		+0.1313436950
1.68  		0.0448575909 		+0.0646797135
1.71  		0.0417049338 		+0.0292382987
1.74  		0.0373258179 		+0.0220229631
1.77  		0.0190120416 		+0.0214572086
1.8  		0.0073479307 		+0.0101939441
1.83  		0.0018003228 		+0.0010436873
1.86  		-0.0033123532 		+0.0083252812
1.89  		0.0031414102 		+0.0273297947
1.92  		0.0161605614 		+0.0426678457
1.95  		0.0195691971 		+0.0353863548
1.98  		0.0099992713 		+0.0070285967
2.01  		0.0062231009 		-0.0228253968
2.04  		-0.0038578526 		-0.0337993398
2.07  		-0.0078730958 		-0.0281439703
2.1  		-0.0041183019 		-0.0168197179
2.13  		0.0016190480 		-0.0077545331
2.16  		0.0028799208 		-0.0020321144
2.19  		0.0027157307 		+0.0008447152
2.22  		0.0050875829 		+0.0001971122
2.25  		0.0108591453 		-0.0033231510
2.28  		0.0190304707 		-0.0011959652
2.31  		0.0250207140 		+0.0091064932
2.34  		0.0254520242 		+0.0223919607
2.37  		0.0240727538 		+0.0320099388
2.4  		0.0300401787 		+0.0271745824
2.43  		0.0384013599 		+0.0117574254
2.46  		0.0402580647 		+0.0006512658
2.49  		0.0422814188 		-0.0052387154
2.52  		0.0405382919 		-0.0181098626
2.55  		0.0324931682 		-0.0169722410
2.58  		0.0090486270 		-0.0032655709
2.61  		-0.0297776368 		+0.0175792738
2.64  		-0.0629471410 		+0.0401023674
2.67  		-0.0614011671 		+0.0595288836
2.7  		-0.0205103240 		+0.0558324337
2.73  		0.0303593054 		+0.0215870202
2.76  		0.0691216969 		-0.0327575491
2.79  		0.0607649958 		-0.0914359318
2.82  		0.0525147319 		-0.0871407531
2.85  		0.0414846909 		-0.0545043378
2.88  		0.0269890456 		-0.0166651837
2.91  		0.0187324632 		-0.0034006545
2.94  		0.0188959413 		-0.0127987428
2.97  		0.0118256571 		-0.0254876268
