0  		1.0000000000 		+0.0000000000
0.03  		0.9420555964 		-0.0018919504
0.06  		0.9900122576 		-0.0094268432
0.09  		0.9430265371 		+0.0077674266
0.12  		0.8167885730 		+0.1039901446
0.15  		0.8750072001 		-0.0407254719
0.18  		0.7419021775 		+0.1241356355
0.21  		0.8144554058 		+0.1702275667
0.24  		0.8198479526 		+0.1911364516
0.27  		0.7802582850 		+0.0372573716
0.3  		0.7513718373 		-0.1429623549
0.33  		0.6472860783 		-0.0554871882
0.36  		0.6279878579 		+0.1012353850
0.39  		0.5524282557 		+0.1819326156
0.42  		0.4816791074 		+0.1228397017
0.45  		0.3933814054 		+0.0774950358
0.48  		0.2904886121 		+0.0534876985
0.51  		0.2127758352 		+0.0269059321
0.54  		0.1814987936 		-0.0354084252
0.57  		0.2057510896 		-0.0177307475
0.6  		0.2244470935 		+0.0310396205
0.63  		0.2092237473 		+0.0590668801
0.66  		0.2519217248 		+0.0540823821
0.69  		0.2343416322 		+0.0970972716
0.72  		0.1979522268 		+0.0844334134
0.75  		0.1459506084 		+0.1068716407
0.78  		0.1169128516 		+0.0766323307
0.81  		0.1113149498 		+0.0553743886
0.84  		0.1177783467 		+0.0334742215
0.87  		0.1271204737 		+0.0429843651
0.9  		0.1294307051 		+0.0218284838
0.93  		0.0941519818 		+0.0146808862
0.96  		0.0622992509 		+0.0176564411
0.99  		0.0366959636 		+0.0008475416
1.02  		0.0237438870 		-0.0038599431
1.05  		0.0185264870 		-0.0100117481
1.08  		0.0176098334 		-0.0069216021
1.11  		0.0172417249 		-0.0039993561
1.14  		0.0126328479 		+0.0013557706
1.17  		0.0078176738 		+0.0000975516
1.2  		0.0060188627 		-0.0000502995
1.23  		0.0039981097 		-0.0010945880
1.26  		0.0032247731 		-0.0008054315
1.29  		0.0022938867 		-0.0011563299
1.32  		0.0008569601 		-0.0012698462
1.35  		-0.0000895445 		-0.0003351916
1.38  		0.0000343503 		+0.0003711907
1.41  		0.0006436327 		+0.0002624591
1.44  		0.0008465240 		-0.0001310353
1.47  		0.0002928203 		-0.0000210812
1.5  		-0.0000976184 		+0.0001055152
1.53  		-0.0000535598 		+0.0000265523
1.56  		0.0002423990 		-0.0001359380
1.59  		-0.0004276495 		-0.0002581166
1.62  		-0.0017291274 		+0.0011983836
1.65  		0.0008242203 		+0.0050428125
1.68  		0.0091423353 		+0.0058565741
1.71  		0.0188856231 		+0.0027733782
1.74  		0.0236997278 		-0.0015404853
1.77  		0.0226637205 		-0.0027775853
1.8  		0.0130934840 		-0.0065149034
1.83  		0.0083054475 		-0.0032383272
1.86  		0.0037468241 		+0.0013738553
1.89  		0.0002669667 		+0.0014617210
1.92  		-0.0009275577 		+0.0005018910
1.95  		-0.0009726196 		+0.0000180149
1.98  		-0.0005951453 		+0.0000169797
2.01  		-0.0000332591 		-0.0000018414
2.04  		0.0001867588 		-0.0000018147
2.07  		-0.0004412167 		-0.0004109545
2.1  		-0.0021636062 		-0.0010145767
2.13  		-0.0047311909 		-0.0007151523
2.16  		-0.0070430350 		+0.0008156035
2.19  		-0.0071562984 		+0.0043756406
2.22  		-0.0041124479 		+0.0065293386
2.25  		0.0002104739 		+0.0049187239
2.28  		0.0024655222 		+0.0015244461
2.31  		0.0009745968 		-0.0011888560
2.34  		-0.0015998319 		-0.0014261942
2.37  		-0.0028931074 		+0.0003576377
2.4  		-0.0023210680 		+0.0021936564
2.43  		-0.0001357657 		+0.0019201718
2.46  		0.0002464509 		-0.0006988724
2.49  		-0.0023878690 		-0.0024549255
2.52  		-0.0043747799 		-0.0023880503
2.55  		-0.0043962121 		-0.0017349598
2.58  		-0.0035457928 		-0.0001284681
2.61  		-0.0021890952 		+0.0001786096
2.64  		-0.0011447853 		+0.0000916327
2.67  		-0.0005788566 		+0.0000251234
2.7  		-0.0002864287 		+0.0000483398
2.73  		-0.0001227592 		+0.0001287599
2.76  		-0.0000540399 		+0.0001345018
2.79  		-0.0000150185 		+0.0001136689
2.82  		0.0000159376 		+0.0000710610
2.85  		0.0000094393 		+0.0000339861
2.88  		-0.0000080473 		+0.0000184980
2.91  		-0.0000330501 		+0.0000114075
2.94  		-0.0000551617 		-0.0000329290
2.97  		-0.0000651999 		-0.0000802672
