0  		1.0000000000 		+0.0000000000
0.03  		0.9998582832 		-0.0003536184
0.06  		0.9982724049 		+0.0055257933
0.09  		0.9939292258 		+0.0024185945
0.12  		0.9787714464 		-0.0278530353
0.15  		0.9615376265 		-0.0045595798
0.18  		0.9627506265 		+0.0091197530
0.21  		0.9343823297 		+0.0480478101
0.24  		0.8747172941 		-0.0000995012
0.27  		0.7881396873 		-0.1386242249
0.3  		0.6466403921 		-0.2807061538
0.33  		0.5617782078 		-0.2590954369
0.36  		0.5464344657 		-0.1983235648
0.39  		0.6137580046 		-0.1038385452
0.42  		0.6956212065 		+0.0067846516
0.45  		0.7113507941 		+0.0235089592
0.48  		0.6680455734 		+0.0652734660
0.51  		0.5936396682 		+0.1479679778
0.54  		0.4827221856 		+0.2906242081
0.57  		0.3863996075 		+0.3567800309
0.6  		0.3425940833 		+0.3299135554
0.63  		0.3439867014 		+0.2179502803
0.66  		0.3633947134 		+0.0690570181
0.69  		0.4065444265 		-0.0449825257
0.72  		0.4704046357 		-0.1269007852
0.75  		0.5001887802 		-0.2005814861
0.78  		0.5048561954 		-0.2094528453
0.81  		0.5163506647 		-0.1485649569
0.84  		0.4981442358 		-0.0283431213
0.87  		0.3991033089 		+0.0928975559
0.9  		0.2613308521 		+0.0805220886
0.93  		0.1235988500 		-0.0316747818
0.96  		-0.0222796233 		-0.1000333577
0.99  		-0.0886800343 		-0.0664848545
1.02  		-0.0262713079 		-0.0113399017
1.05  		0.1014412918 		+0.0211298186
1.08  		0.1931357073 		+0.0606065419
1.11  		0.1917768647 		+0.0940825834
1.14  		0.1206213458 		+0.1213161578
1.17  		0.0466233686 		+0.1185987905
1.2  		0.0006010644 		+0.1123379969
1.23  		-0.0166274575 		+0.1244900486
1.26  		-0.0203055543 		+0.1464178798
1.29  		-0.0365972215 		+0.1496920808
1.32  		-0.0710450632 		+0.1180984618
1.35  		-0.1039105204 		+0.0599036215
1.38  		-0.1024740094 		+0.0114414245
1.41  		-0.0748814219 		-0.0058137808
1.44  		-0.0433225062 		-0.0067551163
1.47  		-0.0195813887 		-0.0020943832
1.5  		-0.0050300313 		+0.0000627124
1.53  		0.0009094851 		-0.0010463514
1.56  		-0.0010376871 		-0.0018339930
1.59  		-0.0048825920 		+0.0031460360
1.62  		-0.0038103411 		+0.0112120670
1.65  		-0.0035109808 		+0.0115888470
1.68  		-0.0227225669 		-0.0073104886
1.71  		-0.0678263978 		-0.0458454167
1.74  		-0.1099651777 		-0.0934839857
1.77  		-0.1258151678 		-0.1147951204
1.8  		-0.1084884482 		-0.1072395849
1.83  		-0.0664520876 		-0.1103605392
1.86  		-0.0544532007 		-0.1374716817
1.89  		-0.0825289764 		-0.1651923418
1.92  		-0.1236827545 		-0.1500247951
1.95  		-0.1295635122 		-0.1059186113
1.98  		-0.0940715094 		-0.0717951594
2.01  		-0.0585781006 		-0.0772214185
2.04  		-0.0644019528 		-0.0784084565
2.07  		-0.0753756032 		-0.0544883456
2.1  		-0.0678529632 		-0.0204906500
2.13  		-0.0447247523 		-0.0008619692
2.16  		-0.0259137182 		-0.0016338759
2.19  		-0.0253148470 		-0.0030471244
2.22  		-0.0307192025 		+0.0061620911
2.25  		-0.0257508298 		+0.0249375057
2.28  		-0.0084646619 		+0.0360325071
2.31  		0.0069547879 		+0.0341383284
2.34  		0.0155987772 		+0.0316982312
2.37  		0.0275576013 		+0.0287152363
2.4  		0.0403914135 		+0.0158315620
2.43  		0.0434478761 		+0.0001717984
2.46  		0.0400262047 		-0.0018728008
2.49  		0.0402169555 		+0.0065877897
2.52  		0.0502631226 		+0.0187100968
2.55  		0.0687263346 		+0.0221282627
2.58  		0.0857375579 		+0.0052846835
2.61  		0.0898052056 		-0.0160315285
2.64  		0.0954739242 		-0.0279527406
2.67  		0.1299092552 		-0.0292828363
2.7  		0.1819005436 		-0.0572713726
2.73  		0.1896784335 		-0.1107930883
2.76  		0.1229661987 		-0.1220462207
2.79  		0.0337124762 		-0.0574714333
2.82  		-0.0216855271 		+0.0282093519
2.85  		-0.0246984779 		+0.0697598284
2.88  		0.0126498100 		+0.0568056803
2.91  		0.0626655300 		+0.0240444636
2.94  		0.0941158557 		-0.0028946889
2.97  		0.0978053347 		+0.0012005006
