0  		1.0000000000 		-0.0000000000
0.03  		0.9949900669 		+0.0379935272
0.06  		0.6523386159 		+0.1500341021
0.09  		-0.2649334754 		+0.0995252444
0.12  		0.7556578937 		+0.1016744016
0.15  		0.3245685307 		+0.1911375303
0.18  		0.3958712247 		-0.1614453828
0.21  		0.7016608531 		+0.0872125513
0.24  		-0.0644460592 		-0.1404197445
0.27  		0.5128364272 		+0.1401532520
0.3  		0.4554401415 		-0.2672113385
0.33  		0.2634285392 		-0.2006182947
0.36  		0.1350430971 		+0.2715490845
0.39  		-0.0145124094 		+0.0294820148
0.42  		-0.0737133524 		+0.0437807026
0.45  		0.4343861863 		-0.0405987217
0.48  		0.2126635630 		-0.1193375221
0.51  		0.4297909924 		-0.0732455053
0.54  		0.2006690663 		-0.0098059276
0.57  		-0.0663227289 		-0.0048698408
0.6  		0.4520676525 		+0.0102033415
0.63  		0.3371523672 		-0.1392153219
0.66  		0.3193428628 		-0.0425820249
0.69  		-0.0776089852 		+0.1972010265
0.72  		-0.0118118860 		-0.0955650246
0.75  		0.0146018000 		-0.1061578818
0.78  		0.0814187644 		-0.0579459074
0.81  		0.1867375845 		-0.1629954241
0.84  		-0.1806075476 		+0.0455894286
0.87  		-0.0035276323 		-0.1929663607
0.9  		-0.0014297709 		-0.1420118111
0.93  		-0.2524288775 		-0.2271411173
0.96  		-0.0051672818 		-0.4437457432
0.99  		-0.2071242747 		-0.0995848298
1.02  		-0.2345797501 		-0.1291054046
1.05  		0.0610747482 		-0.0274605180
1.08  		0.0192832710 		+0.0327252487
1.11  		-0.0514637123 		+0.0644067106
1.14  		-0.0327650963 		-0.0216146026
1.17  		0.0256340445 		-0.0573943010
1.2  		-0.0190545012 		+0.0075884714
1.23  		-0.0027142067 		-0.0005788616
1.26  		0.0431128008 		-0.0020437883
1.29  		0.0083363102 		+0.0078002268
1.32  		-0.0122150365 		+0.0038441928
1.35  		0.0040534546 		+0.0101274145
1.38  		-0.0089074475 		+0.0008880529
1.41  		-0.0070325803 		+0.0084663183
1.44  		-0.0035175535 		-0.0000918253
1.47  		-0.0026314831 		-0.0025454992
1.5  		0.0009566936 		+0.0050873825
1.53  		0.0022726698 		-0.0020427835
1.56  		0.0003123086 		+0.0005409402
1.59  		0.0005718159 		-0.0002717996
1.62  		-0.0001271619 		-0.0000183552
1.65  		0.0001304195 		-0.0015131063
1.68  		-0.0030196499 		+0.0021916030
1.71  		0.0028683092 		+0.0008433866
1.74  		0.0038901738 		-0.0070617932
1.77  		-0.0040766528 		-0.0050762625
1.8  		0.0099865129 		+0.0116271778
1.83  		0.0055335214 		-0.0200659906
1.86  		-0.0075802695 		+0.0093980165
1.89  		-0.0005894970 		-0.0007534693
1.92  		0.0015523239 		+0.0015369012
1.95  		0.0050451300 		+0.0090920383
1.98  		-0.0174506110 		-0.0043422407
2.01  		0.0186309896 		-0.0090250501
2.04  		-0.0012737847 		+0.0180011361
2.07  		-0.0090363179 		-0.0399202914
2.1  		0.0188674960 		-0.0439664370
2.13  		-0.0440403291 		-0.0163299419
2.16  		-0.0371813105 		-0.0213290376
2.19  		-0.0068271530 		-0.0105053948
2.22  		0.0042987812 		-0.0130812699
2.25  		0.0001943041 		-0.0001433549
2.28  		-0.0006094562 		-0.0045641992
2.31  		-0.0000780467 		-0.0003072919
2.34  		0.0003026099 		+0.0003051888
2.37  		-0.0009925556 		-0.0003556122
2.4  		-0.0013044307 		-0.0022319357
2.43  		-0.0023897403 		-0.0012709098
2.46  		-0.0025052949 		+0.0000188936
2.49  		-0.0009921780 		+0.0012933594
2.52  		0.0002548681 		+0.0007469311
2.55  		0.0009077413 		+0.0015636223
2.58  		0.0099073435 		-0.0022778244
2.61  		-0.0021736552 		+0.0021597972
2.64  		-0.0064079616 		+0.0094400484
2.67  		-0.0006650394 		-0.0008962014
2.7  		0.0104891523 		+0.0081200752
2.73  		-0.0057635905 		-0.0148903154
2.76  		-0.0036124488 		-0.0158778416
2.79  		-0.0203905610 		-0.0023525128
2.82  		-0.0157089734 		+0.0272476232
2.85  		0.0095038937 		-0.0117836631
2.88  		-0.0235704181 		+0.0035397070
2.91  		-0.0156862832 		+0.0361657934
2.94  		-0.0150795427 		+0.0234047109
2.97  		-0.0092391502 		+0.0039529065
