0  		1.0000000000 		-0.0000000000
0.03  		0.9997354849 		-0.0008863984
0.06  		0.9954175458 		+0.0159306949
0.09  		0.9905242509 		+0.0532339043
0.12  		0.9590022798 		+0.0882573126
0.15  		0.9215495490 		+0.0405689275
0.18  		0.8906877418 		-0.1173193583
0.21  		0.8361240791 		-0.2017205066
0.24  		0.7494523659 		-0.0746852374
0.27  		0.6295712942 		+0.1048766612
0.3  		0.5076112013 		+0.1266820783
0.33  		0.3511903954 		+0.1931312727
0.36  		0.2449045995 		+0.1165413050
0.39  		0.1497857263 		-0.0557111354
0.42  		-0.0563602789 		-0.2163023489
0.45  		-0.3137756016 		-0.1291410742
0.48  		-0.3699955895 		+0.1578159341
0.51  		-0.1758388589 		+0.3286595906
0.54  		0.1114653323 		+0.1803993550
0.57  		0.1769488331 		-0.1113939345
0.6  		0.0583545450 		-0.1895267307
0.63  		0.0099877848 		-0.0602653543
0.66  		0.0544281114 		+0.0243592512
0.69  		0.0568668801 		+0.0034538367
0.72  		-0.0093151128 		-0.0122212752
0.75  		-0.0363813926 		-0.0023209860
0.78  		-0.0215962708 		-0.0054492467
0.81  		-0.0029374474 		-0.0080034181
0.84  		0.0176009517 		+0.0000179900
0.87  		0.0257140171 		-0.0035588824
0.9  		0.0179822155 		-0.0082161326
0.93  		0.0095486898 		-0.0096271641
0.96  		0.0018418529 		-0.0095952368
0.99  		-0.0012171462 		-0.0058386674
1.02  		0.0004236004 		-0.0032772324
1.05  		0.0017726109 		-0.0014183141
1.08  		0.0009651427 		+0.0006683080
1.11  		-0.0005410225 		+0.0019274645
1.14  		-0.0014925823 		+0.0027905015
1.17  		-0.0022207154 		+0.0026308561
1.2  		-0.0020158584 		+0.0014943306
1.23  		-0.0005165139 		+0.0005289296
1.26  		-0.0001297225 		-0.0003734857
1.29  		-0.0019715345 		-0.0001715395
1.32  		-0.0019816567 		+0.0010354437
1.35  		-0.0006387290 		+0.0011298696
1.38  		0.0003846816 		+0.0004754123
1.41  		0.0003102271 		-0.0002728552
1.44  		-0.0004258829 		-0.0005564790
1.47  		-0.0005773702 		-0.0009271081
1.5  		0.0003634718 		-0.0023918961
1.53  		0.0010387412 		-0.0048025754
1.56  		-0.0021789033 		-0.0067416928
1.59  		-0.0064552579 		-0.0047997551
1.62  		-0.0088001404 		+0.0014056076
1.65  		-0.0064154258 		+0.0089197345
1.68  		0.0018163267 		+0.0114779082
1.71  		0.0063917361 		+0.0051418557
1.74  		0.0041995288 		-0.0020805077
1.77  		0.0008179088 		-0.0040197969
1.8  		-0.0018889220 		-0.0037056232
1.83  		-0.0033948986 		-0.0025568793
1.86  		-0.0038231594 		+0.0006506623
1.89  		-0.0015164509 		+0.0022947630
1.92  		-0.0002357725 		+0.0016174303
1.95  		0.0001600377 		+0.0014653691
1.98  		0.0010906756 		+0.0017337125
2.01  		0.0019419843 		+0.0012071102
2.04  		0.0017426843 		-0.0004160647
2.07  		0.0006391620 		-0.0010163262
2.1  		-0.0001619526 		-0.0009400499
2.13  		-0.0007632310 		-0.0007589412
2.16  		-0.0014008956 		+0.0000559445
2.19  		-0.0008833733 		+0.0013020973
2.22  		0.0007940055 		+0.0015737201
2.25  		0.0013767106 		+0.0016102456
2.28  		0.0015586975 		+0.0017983334
2.31  		0.0014674826 		+0.0014913952
2.34  		0.0005493649 		+0.0005035549
2.37  		-0.0008930758 		-0.0002042521
2.4  		-0.0014165489 		+0.0001578467
2.43  		-0.0007346891 		+0.0004098558
2.46  		0.0000541023 		+0.0001727039
2.49  		0.0000403835 		-0.0000545915
2.52  		0.0002828415 		+0.0000249174
2.55  		0.0003934882 		-0.0004436869
2.58  		0.0002463336 		-0.0006837940
2.61  		0.0002306184 		-0.0008555657
2.64  		-0.0002697147 		-0.0010757827
2.67  		-0.0009175558 		-0.0006922268
2.7  		-0.0010119647 		+0.0002292730
2.73  		-0.0007191976 		+0.0005719558
2.76  		-0.0004873336 		+0.0006576067
2.79  		-0.0004094735 		+0.0006079767
2.82  		-0.0005032600 		+0.0005293740
2.85  		-0.0003889505 		+0.0005297198
2.88  		-0.0000791834 		+0.0004272910
2.91  		0.0000867627 		+0.0002194938
2.94  		0.0000962263 		+0.0000315251
2.97  		0.0000090456 		-0.0000193413
