0  		1.0000000000 		-0.0000000000
0.03  		0.9998379874 		-0.0053444636
0.06  		0.9980127788 		-0.0057951141
0.09  		0.9794125171 		+0.0003793733
0.12  		0.9614347794 		+0.0146691723
0.15  		0.9622273202 		+0.0128297759
0.18  		0.9119785590 		-0.0216991575
0.21  		0.9046209712 		-0.0094715987
0.24  		0.9316866051 		+0.0423579678
0.27  		0.9480882439 		+0.0546884453
0.3  		0.9372539466 		-0.0232240080
0.33  		0.9240612121 		-0.0236628608
0.36  		0.9268106864 		-0.1453320024
0.39  		0.9243078069 		-0.1566017733
0.42  		0.9109861462 		-0.1634722878
0.45  		0.8990085442 		-0.1755683176
0.48  		0.8624642615 		-0.0850244829
0.51  		0.8303347051 		+0.0849501803
0.54  		0.8191789713 		+0.0901520681
0.57  		0.7884711214 		+0.1188740098
0.6  		0.7653577115 		+0.1110574903
0.63  		0.7503938043 		+0.1547595972
0.66  		0.7625211350 		+0.1757098284
0.69  		0.7687854109 		+0.0829676801
0.72  		0.7136980786 		-0.0463410404
0.75  		0.6387863347 		-0.1531178395
0.78  		0.5713857517 		-0.2502535846
0.81  		0.5061680188 		-0.3782582337
0.84  		0.4284844294 		-0.5043849236
0.87  		0.3322633963 		-0.5930666586
0.9  		0.2055640187 		-0.6410378783
0.93  		0.1531304264 		-0.6732125133
0.96  		0.1527618270 		-0.6718176582
0.99  		0.1126582924 		-0.5624484211
1.02  		0.1409187899 		-0.4194104799
1.05  		0.1770240838 		-0.3110063717
1.08  		0.1838372897 		-0.1972481438
1.11  		0.2095360906 		-0.0661956499
1.14  		0.2717242865 		+0.0724478757
1.17  		0.3484137854 		+0.1576908862
1.2  		0.4213456190 		+0.2044790262
1.23  		0.4786895849 		+0.2230030278
1.26  		0.5285017891 		+0.2066299226
1.29  		0.5660945972 		+0.1251683673
1.32  		0.5631832651 		+0.0130419840
1.35  		0.5009711340 		-0.1617938872
1.38  		0.4009328934 		-0.2544021879
1.41  		0.2546677162 		-0.3123547535
1.44  		0.1390862319 		-0.3081032744
1.47  		0.0760127890 		-0.2981719964
1.5  		0.0216401745 		-0.2680737794
1.53  		-0.0157342696 		-0.2085147577
1.56  		-0.0224219961 		-0.1671746289
1.59  		-0.0256083050 		-0.1502672796
1.62  		-0.0386918908 		-0.1435058153
1.65  		-0.0299352453 		-0.1413479620
1.68  		-0.0263489120 		-0.1501326680
1.71  		-0.0440285857 		-0.1597873795
1.74  		-0.0639160519 		-0.1715071103
1.77  		-0.0493300744 		-0.1897298968
1.8  		-0.0671692536 		-0.1981796096
1.83  		-0.0841882852 		-0.1999913858
1.86  		-0.0870654453 		-0.2021300784
1.89  		-0.0919839584 		-0.2047374686
1.92  		-0.1176614510 		-0.1813807619
1.95  		-0.0939222327 		-0.1677227983
1.98  		-0.0739103815 		-0.1518929227
2.01  		-0.0530837782 		-0.1335436903
2.04  		-0.0170812940 		-0.1102366392
2.07  		0.0068653086 		-0.0860077743
2.1  		0.0148568224 		-0.0672695040
2.13  		0.0125686877 		-0.0469551309
2.16  		0.0025841565 		-0.0304350055
2.19  		-0.0065539956 		-0.0174049563
2.22  		-0.0154494490 		-0.0054521925
2.25  		-0.0197471398 		+0.0045950096
2.28  		-0.0212131401 		+0.0087541553
2.31  		-0.0194697072 		+0.0117512354
2.34  		-0.0161605824 		+0.0125029788
2.37  		-0.0140072616 		+0.0081647085
2.4  		-0.0122518607 		+0.0034737554
2.43  		-0.0105935904 		-0.0008686120
2.46  		-0.0084381170 		-0.0042314280
2.49  		-0.0058430989 		-0.0061765569
2.52  		-0.0027392367 		-0.0061804330
2.55  		0.0007972566 		-0.0049683699
2.58  		0.0044119277 		-0.0033228309
2.61  		0.0078528907 		-0.0023464724
2.64  		0.0114663627 		-0.0023309741
2.67  		0.0140316574 		-0.0029140385
2.7  		0.0157207644 		-0.0037745444
2.73  		0.0155241513 		-0.0076002733
2.76  		0.0160551864 		-0.0087350141
2.79  		0.0145839563 		-0.0128793968
2.82  		0.0108516708 		-0.0177540548
2.85  		0.0047651650 		-0.0212025504
2.88  		-0.0030744438 		-0.0228345903
2.91  		-0.0120948792 		-0.0223977260
2.94  		-0.0191614326 		-0.0189258441
2.97  		-0.0224885271 		-0.0135483748
