0  		1.0000000000 		-0.0000000000
0.03  		0.7928278441 		+0.0052715186
0.06  		0.8863771138 		+0.1574017852
0.09  		0.8187371855 		+0.2169485925
0.12  		0.8616804408 		-0.0706044574
0.15  		0.4263987677 		+0.0731942746
0.18  		0.1865861321 		+0.5412918950
0.21  		-0.3791024478 		+0.3901773860
0.24  		0.1296364731 		-0.5371668785
0.27  		-0.1188389577 		-0.4185811960
0.3  		0.3680618802 		+0.1078169350
0.33  		0.3542096779 		-0.2703023523
0.36  		0.6870435102 		-0.2026337996
0.39  		0.6487346249 		+0.2447154430
0.42  		0.2332543672 		-0.3398999578
0.45  		0.5181811731 		-0.5515387545
0.48  		0.6569211196 		+0.2701562228
0.51  		0.0370068652 		+0.0419777516
0.54  		-0.0356586116 		-0.6246959199
0.57  		0.0691184079 		-0.2790587752
0.6  		0.6096116762 		+0.2578177122
0.63  		0.6525820141 		+0.1009184809
0.66  		0.4344034313 		-0.2272264880
0.69  		0.4287333746 		-0.2731308378
0.72  		0.4734140622 		-0.2004397537
0.75  		0.3342680995 		+0.1522644562
0.78  		0.3961212728 		+0.0299921787
0.81  		-0.0718378290 		+0.1554867590
0.84  		0.3807362840 		-0.1505256343
0.87  		0.3272473689 		-0.1532795718
0.9  		0.0859368869 		-0.0108330310
0.93  		0.1114766300 		+0.1845730256
0.96  		0.0605016920 		-0.0069415406
0.99  		0.2061693261 		-0.1750090548
1.02  		0.2109983356 		-0.0314338099
1.05  		0.0857481604 		+0.0459189829
1.08  		0.0918718517 		-0.1145842549
1.11  		0.1370066421 		-0.0556751332
1.14  		0.0803522848 		-0.0267459515
1.17  		0.0262531394 		-0.0950320851
1.2  		0.0500707367 		+0.0498771161
1.23  		0.0512055130 		+0.0145262450
1.26  		0.0481099424 		-0.0444579491
1.29  		0.0739276684 		-0.0461006069
1.32  		0.0951956075 		-0.0229224899
1.35  		0.0786858049 		-0.0084616584
1.38  		0.0960794614 		-0.0023652948
1.41  		0.0726518546 		+0.0297397716
1.44  		0.0672687911 		+0.0306418965
1.47  		0.0945926589 		-0.0081608522
1.5  		0.0883269468 		-0.0083486300
1.53  		0.1096778064 		-0.0248873471
1.56  		0.1290060535 		-0.0574473643
1.59  		0.0503853755 		-0.0909458993
1.62  		0.0778559646 		-0.0670282101
1.65  		0.1810860683 		-0.0897274879
1.68  		0.1960788396 		-0.0556137131
1.71  		0.2051373498 		-0.1221934061
1.74  		0.2272986125 		-0.0974905181
1.77  		0.2436562671 		+0.0797112492
1.8  		0.2680178072 		+0.1078051108
1.83  		0.1797484776 		-0.1455843802
1.86  		0.2929519324 		-0.0116269163
1.89  		0.0560307675 		-0.1660532387
1.92  		0.1998913547 		-0.1280902612
1.95  		0.1259101398 		-0.0693752897
1.98  		-0.0002914097 		-0.0311770960
2.01  		0.0036926533 		+0.0055323194
2.04  		-0.0049207254 		-0.0002881724
2.07  		0.0001790435 		-0.0034481245
2.1  		0.0127336732 		-0.0233816743
2.13  		0.0185785386 		+0.0022089691
2.16  		0.0227779336 		-0.0222176005
2.19  		0.0160557577 		-0.0292790711
2.22  		-0.0028634027 		-0.0021412538
2.25  		0.0117204491 		-0.0057856005
2.28  		0.0041974742 		-0.0061521372
2.31  		0.0094285928 		-0.0008574994
2.34  		0.0010759822 		-0.0000881291
2.37  		-0.0044428607 		-0.0018784576
2.4  		-0.0023092707 		-0.0040370948
2.43  		0.0019917907 		-0.0065347652
2.46  		0.0035170387 		-0.0061854551
2.49  		-0.0033581212 		-0.0099335016
2.52  		0.0097647306 		+0.0014774286
2.55  		0.0028391832 		-0.0237037921
2.58  		0.0074022607 		-0.0273856396
2.61  		0.0017688877 		-0.0309081137
2.64  		-0.0024608171 		-0.0417407738
2.67  		0.0120387630 		-0.0433236431
2.7  		-0.0008771214 		-0.0391634007
2.73  		0.0108605462 		-0.0046346887
2.76  		0.0001800157 		+0.0063465764
2.79  		0.0009964823 		-0.0021135597
2.82  		0.0055286962 		+0.0214544478
2.85  		-0.0260624133 		+0.0065424963
2.88  		-0.0095731334 		+0.0023196731
2.91  		-0.0021605260 		+0.0054701652
2.94  		0.0058792930 		-0.0041327837
2.97  		0.0135465806 		+0.0009982101
