0  		1.0000000000 		-0.0000000000
0.03  		0.9628955317 		-0.2255644641
0.06  		-0.4265023262 		+0.7911827079
0.09  		-0.6266787915 		+0.1239756970
0.12  		0.7149210632 		+0.1902718784
0.15  		0.1477759425 		+0.7239945246
0.18  		0.8300119371 		-0.3174573321
0.21  		0.7282999362 		-0.0621318198
0.24  		0.4598804819 		+0.2859625767
0.27  		-0.1177490109 		+0.2860189801
0.3  		-0.1039089966 		+0.1881457381
0.33  		0.1152878194 		+0.1404422934
0.36  		0.3218261359 		+0.1449981593
0.39  		0.5620787041 		-0.0753757918
0.42  		0.3057106337 		+0.1850054436
0.45  		0.2278860413 		+0.1262202220
0.48  		0.1194668618 		-0.3364432176
0.51  		0.2913099589 		-0.0672735291
0.54  		0.2059108359 		+0.0425117080
0.57  		0.0854263160 		+0.0795604290
0.6  		-0.0094311906 		-0.0809174218
0.63  		0.0571178104 		-0.0648582431
0.66  		-0.1052764087 		+0.1275079997
0.69  		0.0986388037 		-0.0835640686
0.72  		-0.0714540273 		+0.1533031875
0.75  		-0.0448012602 		+0.0952205525
0.78  		-0.0147012695 		+0.0221503690
0.81  		0.0122490102 		+0.0083666283
0.84  		0.0547077347 		-0.0193607563
0.87  		0.0713739611 		+0.0307632572
0.9  		-0.0113784130 		-0.0058626990
0.93  		0.0388534969 		-0.0866330009
0.96  		0.1092085390 		-0.0382103715
0.99  		0.0758841091 		+0.0231978020
1.02  		0.0339152485 		+0.0154253253
1.05  		0.0200716038 		+0.0130248735
1.08  		0.0090297034 		+0.0260990772
1.11  		0.0055515122 		+0.0329101375
1.14  		-0.0140943175 		-0.0017094466
1.17  		0.0150431861 		+0.0060544632
1.2  		0.0416571327 		+0.0187678794
1.23  		0.0293632220 		-0.0331243459
1.26  		0.0200511947 		+0.0293958586
1.29  		0.0139721146 		+0.0162130405
1.32  		-0.0054425321 		-0.0032439467
1.35  		0.0020409739 		-0.0009388254
1.38  		-0.0004589226 		-0.0019720307
1.41  		0.0007397880 		-0.0015872279
1.44  		-0.0002030407 		+0.0002714968
1.47  		-0.0000492271 		+0.0009366213
1.5  		-0.0009358294 		-0.0000577077
1.53  		-0.0006476144 		-0.0014753276
1.56  		0.0022265423 		+0.0011913786
1.59  		0.0009770496 		-0.0005976302
1.62  		0.0021217842 		-0.0002383390
1.65  		-0.0049380320 		+0.0038545144
1.68  		-0.0080954261 		+0.0003375562
1.71  		-0.0105758575 		-0.0046304427
1.74  		-0.0088467607 		+0.0040348579
1.77  		-0.0150849804 		+0.0159129662
1.8  		-0.0311302715 		-0.0103236764
1.83  		-0.0274391397 		-0.0155906990
1.86  		0.0007058702 		+0.0120342973
1.89  		0.0076024294 		-0.0171621968
1.92  		0.0498314281 		+0.0081113817
1.95  		0.0109715244 		+0.0511988580
1.98  		0.0570905975 		+0.0042227015
2.01  		-0.0488901604 		+0.0287593301
2.04  		0.0157441842 		-0.0180691437
2.07  		0.0230249637 		+0.0335582782
2.1  		-0.0465124667 		+0.0009845280
2.13  		-0.0250405211 		+0.0340903531
2.16  		-0.0144140816 		+0.0280845382
2.19  		-0.0308360742 		-0.0088266582
2.22  		0.0085448035 		+0.0310719581
2.25  		0.0079664139 		+0.0254975326
2.28  		-0.0137762922 		+0.0205110850
2.31  		-0.0011087050 		+0.0310219903
2.34  		-0.0109756077 		+0.0372144211
2.37  		-0.0012265642 		+0.0203501982
2.4  		-0.0026266129 		-0.0014935810
2.43  		0.0001476533 		-0.0064537429
2.46  		0.0060497409 		-0.0048964578
2.49  		0.0040543356 		-0.0019976507
2.52  		0.0005584630 		+0.0000638485
2.55  		0.0001497858 		+0.0011386579
2.58  		-0.0014918883 		-0.0025514704
2.61  		0.0028982468 		+0.0003204582
2.64  		0.0010501933 		+0.0021541300
2.67  		0.0021050035 		+0.0007114213
2.7  		0.0019268360 		-0.0010748560
2.73  		-0.0017370755 		+0.0017519371
2.76  		0.0004355087 		+0.0000755563
2.79  		0.0015420188 		-0.0016290743
2.82  		0.0010728380 		+0.0000279647
2.85  		0.0000407847 		-0.0011381772
2.88  		0.0004468478 		-0.0005931621
2.91  		0.0001862243 		-0.0000556771
2.94  		-0.0000305254 		-0.0000582717
2.97  		-0.0000483628 		-0.0000977920
