0  		1.0000000000 		-0.0000000000
0.03  		0.9188796109 		+0.1376066776
0.06  		0.9460111851 		+0.1802864256
0.09  		0.9715594675 		-0.1322847583
0.12  		0.8917487016 		+0.1955944030
0.15  		0.8372519750 		+0.2657340946
0.18  		0.6587918782 		+0.2943577669
0.21  		0.7504868825 		+0.0002432958
0.24  		0.8225514750 		+0.0028252637
0.27  		0.8295139925 		-0.0681593511
0.3  		0.7793832294 		+0.0678790655
0.33  		0.5943946755 		+0.4282140823
0.36  		0.7212137536 		+0.0779935788
0.39  		0.6177406051 		+0.1123979906
0.42  		0.5867883298 		-0.2044055197
0.45  		0.5924818796 		+0.0117317689
0.48  		0.4523347161 		+0.2765491208
0.51  		0.4354301081 		-0.0032259104
0.54  		0.1898816838 		+0.0799514904
0.57  		0.1977100739 		+0.0324250130
0.6  		0.4146591016 		-0.0058458357
0.63  		0.4727704331 		+0.0517623011
0.66  		0.4755958364 		-0.1184956634
0.69  		0.3977370213 		-0.1035723436
0.72  		0.3969466745 		+0.0728201055
0.75  		0.3142020224 		-0.1146592281
0.78  		0.2765637354 		-0.1049645601
0.81  		0.2999298119 		-0.0943749444
0.84  		0.2270887452 		-0.2530655523
0.87  		0.2993987008 		-0.1081733387
0.9  		0.2052690951 		-0.0062517863
0.93  		0.1186710899 		+0.0035484832
0.96  		0.2293427263 		-0.1783532532
0.99  		0.3054057359 		-0.2969106736
1.02  		0.3296181748 		-0.1101559793
1.05  		0.3758605411 		-0.0526982120
1.08  		0.4896143411 		+0.0313378385
1.11  		0.4546001580 		+0.0393975182
1.14  		0.4666769971 		+0.0182494956
1.17  		0.4857638142 		+0.0102836219
1.2  		0.3933239565 		+0.0803059891
1.23  		0.3200978398 		+0.0345006645
1.26  		0.1623701294 		+0.0630515521
1.29  		0.0767694809 		+0.0162911707
1.32  		0.1253615462 		-0.0826232275
1.35  		0.2225480522 		-0.0414156380
1.38  		0.1679009093 		+0.0247857587
1.41  		0.1061796222 		-0.0095947338
1.44  		0.0578781400 		+0.0039383915
1.47  		0.0009737644 		+0.0209307140
1.5  		-0.0206479723 		+0.0195359795
1.53  		-0.0352200664 		+0.0151718591
1.56  		-0.0112672014 		+0.0040220979
1.59  		0.0078759020 		-0.0003593866
1.62  		0.0169525317 		+0.0023138756
1.65  		0.0174148025 		-0.0049236796
1.68  		0.0159403390 		-0.0009078967
1.71  		0.0122467559 		-0.0042004011
1.74  		0.0057743031 		-0.0007643040
1.77  		-0.0002473513 		+0.0000045073
1.8  		-0.0021482008 		+0.0006847010
1.83  		0.0002704120 		-0.0005510022
1.86  		0.0039531420 		+0.0005027848
1.89  		0.0076869083 		+0.0030136874
1.92  		0.0057794479 		+0.0034108645
1.95  		0.0022705307 		+0.0002563147
1.98  		0.0034471520 		+0.0001478658
2.01  		0.0048047408 		+0.0028655126
2.04  		0.0057613317 		+0.0020192266
2.07  		0.0040404594 		-0.0008616842
2.1  		0.0015977870 		-0.0013109784
2.13  		0.0008685419 		-0.0009310662
2.16  		0.0014048481 		-0.0004199600
2.19  		0.0010148826 		-0.0013082252
2.22  		0.0008233097 		-0.0011170338
2.25  		0.0001813478 		-0.0005247468
2.28  		-0.0000460495 		+0.0001564486
2.31  		-0.0001497187 		+0.0000908015
2.34  		-0.0000241499 		+0.0000709025
2.37  		0.0000364518 		-0.0000313218
2.4  		0.0000769688 		-0.0000080609
2.43  		-0.0001190107 		-0.0000393400
2.46  		-0.0003525672 		-0.0007750222
2.49  		-0.0020113150 		-0.0024626726
2.52  		-0.0024762048 		-0.0049883733
2.55  		-0.0022146648 		-0.0063295050
2.58  		-0.0012220674 		-0.0019345008
2.61  		-0.0001116449 		-0.0003207315
2.64  		0.0019433628 		+0.0028243028
2.67  		0.0106805030 		+0.0047996533
2.7  		0.0106385077 		+0.0131253938
2.73  		0.0067102101 		+0.0048544537
2.76  		-0.0006494826 		-0.0014767081
2.79  		0.0012474895 		+0.0015395351
2.82  		0.0070942288 		+0.0033909770
2.85  		0.0016586456 		+0.0030354307
2.88  		-0.0000728589 		-0.0000784555
2.91  		0.0013452463 		+0.0006866331
2.94  		-0.0003460253 		-0.0007728748
2.97  		-0.0044415470 		-0.0051173312
