0  		1.0000000000 		-0.0000000000
0.03  		0.9973995933 		-0.0031717797
0.06  		0.9589825746 		-0.0020576348
0.09  		0.9772104276 		+0.0292396957
0.12  		0.9193709370 		-0.0147879045
0.15  		0.8291284821 		+0.0630143537
0.18  		0.7824653968 		+0.1699861344
0.21  		0.7658284241 		+0.0562093165
0.24  		0.6655093419 		+0.0565232160
0.27  		0.5653138204 		+0.0001061687
0.3  		0.3552628018 		+0.0233007028
0.33  		0.0553809096 		+0.0196693427
0.36  		-0.2229338300 		-0.0112497862
0.39  		-0.3540112256 		-0.0058251508
0.42  		-0.2493000462 		+0.0160486319
0.45  		-0.0936905074 		+0.0557132583
0.48  		-0.0050082447 		+0.0350269756
0.51  		-0.0183248393 		-0.0223273488
0.54  		-0.1407488206 		-0.1125633771
0.57  		-0.2926046574 		-0.0616003437
0.6  		-0.2296019785 		-0.0818161435
0.63  		-0.1454517098 		-0.0067992893
0.66  		-0.0203410169 		+0.0336528132
0.69  		0.0551544380 		+0.0342072932
0.72  		0.0623859416 		-0.0002466355
0.75  		0.0890066981 		-0.0069787643
0.78  		0.1337510241 		-0.0209800816
0.81  		0.0706192294 		-0.0298540177
0.84  		0.0025604679 		-0.0114539367
0.87  		0.0036173115 		-0.0032204055
0.9  		0.0243352737 		+0.0088087324
0.93  		0.0404037495 		+0.0163318353
0.96  		0.0335443600 		+0.0231809863
0.99  		0.0217202575 		+0.0113368028
1.02  		0.0023071917 		-0.0010368702
1.05  		0.0130088033 		+0.0155005562
1.08  		0.0810245174 		+0.0401197539
1.11  		0.1578724286 		+0.0395835132
1.14  		0.1353054460 		+0.0183412863
1.17  		0.0054137340 		-0.0315960329
1.2  		-0.0448413932 		-0.0086182931
1.23  		-0.0045102847 		+0.0020884704
1.26  		0.0046892088 		+0.0313808678
1.29  		0.0951077569 		+0.1332555662
1.32  		0.1276464885 		+0.0860218941
1.35  		0.0299854925 		+0.0031354091
1.38  		-0.0175008525 		+0.0238625790
1.41  		0.0332157657 		+0.0551350983
1.44  		0.0304579630 		+0.0127538444
1.47  		0.0007431739 		-0.0002906097
1.5  		0.0020388411 		+0.0018435785
1.53  		0.0090255382 		-0.0005690984
1.56  		0.0164684477 		-0.0201433505
1.59  		0.0062941824 		-0.0288340452
1.62  		-0.0022066044 		-0.0086424664
1.65  		-0.0009471441 		+0.0015297140
1.68  		0.0012341283 		+0.0011504042
1.71  		0.0002622395 		-0.0004377768
1.74  		0.0009894574 		+0.0019021597
1.77  		0.0060904505 		-0.0002624551
1.8  		0.0070980204 		-0.0055517163
1.83  		0.0078954019 		-0.0076010086
1.86  		0.0071770675 		-0.0136974202
1.89  		0.0034071514 		-0.0119927224
1.92  		0.0019682160 		+0.0007396625
1.95  		-0.0034789425 		-0.0027706207
1.98  		-0.0052344435 		-0.0225485923
2.01  		-0.0095689085 		-0.0188073687
2.04  		0.0034863362 		+0.0027899738
2.07  		0.0000276222 		-0.0001177770
2.1  		-0.0122186223 		+0.0053142988
2.13  		0.0035388057 		+0.0030349003
2.16  		-0.0003357875 		-0.0002214543
2.19  		0.0001838304 		+0.0001227367
2.22  		0.0001757564 		+0.0000326645
2.25  		0.0003685710 		+0.0004724451
2.28  		0.0008151619 		+0.0001071961
2.31  		0.0006421442 		-0.0001996377
2.34  		0.0002345314 		-0.0008530130
2.37  		-0.0008713069 		-0.0005370733
2.4  		-0.0003863368 		+0.0008578576
2.43  		0.0002781504 		+0.0009197143
2.46  		0.0008281329 		-0.0000121947
2.49  		0.0004421300 		-0.0004430482
2.52  		0.0002677104 		-0.0010374437
2.55  		-0.0005730331 		-0.0008108748
2.58  		0.0001519017 		+0.0007899640
2.61  		0.0006837814 		-0.0000066184
2.64  		-0.0000141510 		-0.0001338394
2.67  		0.0000034628 		-0.0000063065
2.7  		0.0004662259 		-0.0013219310
2.73  		-0.0003979313 		-0.0031618046
2.76  		-0.0005503877 		-0.0008131047
2.79  		0.0000608632 		+0.0004064377
2.82  		0.0002446700 		+0.0014601391
2.85  		0.0003848433 		+0.0008223631
2.88  		0.0000785798 		+0.0002694664
2.91  		-0.0000957434 		+0.0000667600
2.94  		-0.0000007000 		-0.0000414202
2.97  		0.0000110599 		-0.0000024503
