0  		1.0000000000 		-0.0000000000
0.03  		0.9957760669 		-0.0067864020
0.06  		0.9676837624 		+0.0177256196
0.09  		0.4797476884 		-0.0647484118
0.12  		0.4502736939 		-0.0219601011
0.15  		0.4323001891 		-0.0005784144
0.18  		0.6015707503 		+0.1428418409
0.21  		0.7524888059 		+0.1994607230
0.24  		0.7145663773 		-0.0191889169
0.27  		0.0346905933 		+0.0567438609
0.3  		-0.4334747229 		-0.0884001634
0.33  		0.5360633720 		+0.0079901363
0.36  		0.5639418496 		+0.1194354911
0.39  		0.6516461001 		-0.2261731295
0.42  		0.3328594127 		-0.3103767381
0.45  		0.5302426185 		-0.2562849704
0.48  		0.1312174097 		-0.2277951502
0.51  		-0.0323377233 		-0.0553803389
0.54  		-0.0325981660 		-0.0167093359
0.57  		-0.1860347670 		-0.0019588233
0.6  		-0.1225571063 		+0.2825302372
0.63  		0.1290924547 		+0.1007303676
0.66  		0.0459033277 		+0.0004220386
0.69  		0.0271075342 		-0.2291270157
0.72  		-0.0957784699 		+0.0136518683
0.75  		0.1771350346 		+0.0311977550
0.78  		0.0569630100 		+0.1108270140
0.81  		0.0034627140 		-0.0698380384
0.84  		0.0087009182 		+0.0033259703
0.87  		-0.0857215669 		-0.0445251675
0.9  		0.0281887297 		+0.0097914428
0.93  		-0.0010826167 		+0.0096908863
0.96  		-0.0343503220 		+0.0058755343
0.99  		0.0350829096 		-0.0283961462
1.02  		0.0022671264 		+0.0118323732
1.05  		0.0003217447 		+0.0038960529
1.08  		-0.0000449196 		-0.0145602028
1.11  		0.0106225234 		-0.0137750224
1.14  		-0.0057182841 		+0.0035474230
1.17  		0.0165149716 		+0.0027589188
1.2  		-0.0010664355 		-0.0038745226
1.23  		-0.0003416708 		-0.0039392300
1.26  		-0.0027767119 		+0.0057177206
1.29  		0.0033236707 		+0.0094297284
1.32  		0.0001011668 		+0.0005290355
1.35  		0.0001240109 		+0.0000724941
1.38  		-0.0000405589 		-0.0014872677
1.41  		0.0053978109 		-0.0110916521
1.44  		0.0121144702 		-0.0052511348
1.47  		0.0431938983 		-0.0412817514
1.5  		0.0186120055 		-0.0098583336
1.53  		0.0041588712 		+0.0038343000
1.56  		-0.0008793484 		-0.0014555328
1.59  		-0.0004705022 		+0.0030579473
1.62  		-0.0013497203 		+0.0005227665
1.65  		-0.0007182077 		-0.0005675984
1.68  		0.0001351145 		-0.0002162101
1.71  		0.0004708737 		-0.0003117637
1.74  		0.0000141568 		-0.0000106401
1.77  		0.0000540640 		+0.0001395662
1.8  		-0.0004261524 		-0.0007058286
1.83  		-0.0001305898 		-0.0000404711
1.86  		0.0000500677 		+0.0000656946
1.89  		-0.0004657100 		-0.0003802349
1.92  		-0.0002225639 		-0.0003181145
1.95  		0.0000063591 		+0.0002086775
1.98  		0.0004869448 		+0.0006616424
2.01  		0.0006609060 		+0.0011575904
2.04  		0.0007338108 		+0.0023427181
2.07  		0.0002927260 		+0.0007432971
2.1  		0.0003156205 		+0.0002312379
2.13  		0.0000120278 		+0.0000001019
2.16  		-0.0000482787 		+0.0000137139
2.19  		-0.0000031932 		-0.0000824271
2.22  		0.0000336646 		-0.0001033082
2.25  		0.0000844996 		-0.0001670284
2.28  		0.0001171591 		-0.0001718375
2.31  		0.0000250462 		-0.0000687358
2.34  		-0.0000019609 		-0.0000022256
2.37  		-0.0000024129 		+0.0000062565
2.4  		-0.0003006868 		+0.0000391429
2.43  		-0.0002132829 		-0.0000901240
2.46  		-0.0000817118 		+0.0000168948
2.49  		0.0002385771 		-0.0000688498
2.52  		0.0002911573 		+0.0005558132
2.55  		0.0002710338 		+0.0004893104
2.58  		0.0002891740 		+0.0000086423
2.61  		-0.0003681959 		+0.0020197241
2.64  		0.0003354041 		+0.0024847740
2.67  		0.0011687358 		-0.0001940790
2.7  		0.0000501313 		-0.0007804280
2.73  		-0.0016146525 		-0.0000701908
2.76  		0.0002511745 		-0.0002309956
2.79  		0.0013502200 		+0.0003259924
2.82  		0.0005455435 		+0.0006226709
2.85  		-0.0006341010 		-0.0011875627
2.88  		0.0004073343 		+0.0004582542
2.91  		0.0004585515 		-0.0000483134
2.94  		-0.0003347233 		-0.0000027832
2.97  		0.0029628931 		-0.0000083152
