0  		1.0000000000 		-0.0000000000
0.03  		0.9996377347 		+0.0039429818
0.06  		0.9966485673 		+0.0018551344
0.09  		0.9809780678 		+0.0372325108
0.12  		0.9012118879 		+0.1032286439
0.15  		0.8278886549 		-0.0329535142
0.18  		0.8068976511 		-0.0212364027
0.21  		0.7315463041 		-0.1175877440
0.24  		0.5272256434 		-0.3220501992
0.27  		0.3891950212 		-0.3615274342
0.3  		0.4085230378 		-0.3189318219
0.33  		0.5431557739 		-0.2748682951
0.36  		0.5458240655 		-0.3113551657
0.39  		0.3939225695 		-0.3158055108
0.42  		0.3185250489 		-0.3720695390
0.45  		0.2105428313 		-0.3585973304
0.48  		0.0598947576 		-0.3227014379
0.51  		-0.1329734228 		-0.2593444466
0.54  		-0.2507413569 		-0.1156367173
0.57  		-0.2498900182 		-0.0900606086
0.6  		-0.2520755293 		-0.0992806208
0.63  		-0.1648930600 		-0.0603081830
0.66  		-0.1392429235 		-0.0148728913
0.69  		-0.1570638439 		+0.0224644961
0.72  		-0.0734929394 		+0.0290479768
0.75  		-0.0401795020 		+0.0531389305
0.78  		0.0469000081 		+0.1496324140
0.81  		0.2533870616 		+0.1902292636
0.84  		0.3908196121 		+0.0778145725
0.87  		0.2837930571 		+0.0132925044
0.9  		0.0194378949 		+0.0010949309
0.93  		0.0977236355 		-0.0032002739
0.96  		0.1672277170 		+0.1027602588
0.99  		0.0858174402 		+0.1931719963
1.02  		-0.0469882911 		+0.2593514452
1.05  		-0.0931383701 		+0.2980522560
1.08  		-0.2219954473 		+0.2858302152
1.11  		-0.3239948337 		+0.3069854412
1.14  		-0.1102860847 		+0.0592428818
1.17  		0.1071331615 		-0.0277385952
1.2  		0.0000065660 		+0.0007443833
1.23  		0.1415830691 		-0.0416643673
1.26  		0.0626344813 		-0.0387032553
1.29  		-0.0680603398 		+0.0161072053
1.32  		-0.1130681825 		+0.0433353462
1.35  		-0.1107004253 		-0.0038311954
1.38  		-0.0950725381 		-0.0459609774
1.41  		0.0446318400 		+0.0355128721
1.44  		0.0473435284 		+0.0580694716
1.47  		-0.0655610207 		-0.1368652224
1.5  		-0.1045619487 		-0.2073096071
1.53  		-0.1052994565 		-0.2449502521
1.56  		-0.1457275282 		-0.2348362235
1.59  		-0.0740593397 		-0.2135682697
1.62  		-0.0371062649 		-0.1844374995
1.65  		-0.0234669538 		-0.0328567995
1.68  		0.0086297428 		-0.0019380533
1.71  		-0.0039726385 		+0.0048996287
1.74  		0.0354642533 		-0.0330232152
1.77  		0.0119987541 		-0.0133948607
1.8  		-0.0139671769 		+0.0105941192
1.83  		-0.0254966139 		+0.0138964629
1.86  		-0.0233433420 		+0.0004100810
1.89  		-0.0166456705 		+0.0034817754
1.92  		0.0000155030 		+0.0000401668
1.95  		0.0050682094 		-0.0008409761
1.98  		-0.0020444222 		-0.0016473620
2.01  		-0.0134337923 		-0.0060842503
2.04  		-0.0192933474 		-0.0008056986
2.07  		-0.0184047070 		+0.0058368214
2.1  		-0.0129212962 		+0.0067801023
2.13  		-0.0063266453 		+0.0059849654
2.16  		0.0045240810 		+0.0015472101
2.19  		0.0006310836 		-0.0002696948
2.22  		-0.0035639846 		-0.0124511231
2.25  		0.0012165561 		+0.0127318048
2.28  		0.0020215215 		+0.0040027180
2.31  		-0.0097027471 		-0.0072270971
2.34  		-0.0128221710 		+0.0074597077
2.37  		-0.0033181357 		+0.0185575883
2.4  		0.0144676651 		+0.0224254417
2.43  		0.0196269778 		+0.0072190856
2.46  		-0.0120501543 		+0.0041663520
2.49  		-0.0020723334 		+0.0028974733
2.52  		0.0006465601 		-0.0043512011
2.55  		-0.0044230638 		+0.0008011403
2.58  		-0.0026123250 		+0.0047873103
2.61  		-0.0013804603 		+0.0063591253
2.64  		-0.0015516130 		+0.0064419861
2.67  		0.0026643411 		+0.0051544945
2.7  		0.0001211398 		-0.0015272645
2.73  		0.0050138196 		+0.0019913077
2.76  		-0.0002381843 		-0.0008296163
2.79  		0.0006662635 		+0.0003834373
2.82  		0.0030519209 		-0.0020606371
2.85  		0.0040121492 		-0.0010065356
2.88  		0.0029859888 		+0.0013269731
2.91  		0.0020490834 		+0.0035276981
2.94  		0.0061373589 		+0.0060776363
2.97  		-0.0010379497 		+0.0021671372
