0  		1.0000000000 		-0.0000000000
0.03  		0.9936576483 		+0.0955731769
0.06  		0.6051499051 		+0.7147479755
0.09  		0.3815699781 		+0.0833467424
0.12  		-0.1307954073 		+0.0945168227
0.15  		-0.5141041196 		-0.4382137087
0.18  		0.6188494888 		+0.3602461716
0.21  		0.7864465236 		+0.0704958049
0.24  		0.6184578806 		-0.3314670843
0.27  		0.8198592120 		+0.0130928527
0.3  		0.8435134984 		-0.0865938183
0.33  		0.7693624031 		-0.1673080052
0.36  		-0.5259822327 		-0.5713263298
0.39  		0.7797611397 		+0.0061469003
0.42  		0.4461206563 		+0.0345947974
0.45  		0.6365970239 		+0.2196226908
0.48  		0.5824635413 		-0.0292961394
0.51  		0.4728493060 		+0.0485667490
0.54  		0.3769954926 		+0.0069936827
0.57  		-0.2274856371 		+0.0570677036
0.6  		0.1367303255 		+0.0554938245
0.63  		0.0584390018 		+0.0354063650
0.66  		-0.0161661932 		-0.0379861980
0.69  		-0.0226595059 		-0.0241455865
0.72  		0.0388883358 		+0.0055654729
0.75  		0.0725975387 		-0.0348769113
0.78  		-0.0359458181 		+0.0721534039
0.81  		0.0703397534 		-0.0224169290
0.84  		0.0553851980 		-0.0052337705
0.87  		0.0295678942 		+0.0008164630
0.9  		0.0085265221 		+0.0094785554
0.93  		-0.0060088722 		+0.0065487492
0.96  		-0.0193996279 		+0.0158445892
0.99  		-0.0226193805 		-0.0131625582
1.02  		0.0113584560 		+0.0305828925
1.05  		0.0812126505 		+0.0337715482
1.08  		0.1432169104 		+0.0035058090
1.11  		0.1322791231 		+0.1247588333
1.14  		0.2693482091 		+0.0156963326
1.17  		0.2102091119 		-0.0568445544
1.2  		0.0179439238 		+0.0688534173
1.23  		0.0441093830 		-0.0360954361
1.26  		0.0701373465 		-0.0344293020
1.29  		-0.0317078878 		-0.0552931111
1.32  		0.0390136115 		-0.0297561097
1.35  		0.0337869078 		-0.0095498706
1.38  		0.0224464609 		+0.0016058094
1.41  		0.0093338371 		+0.0073331823
1.44  		-0.0006671640 		+0.0000556837
1.47  		-0.0002268906 		-0.0019516514
1.5  		0.0022023726 		-0.0000394670
1.53  		-0.0015681256 		-0.0028814873
1.56  		-0.0037354867 		-0.0031840488
1.59  		-0.0049134778 		-0.0025467441
1.62  		-0.0046814404 		-0.0014192006
1.65  		-0.0062604134 		-0.0052336721
1.68  		-0.0060613711 		-0.0082468721
1.71  		0.0034252534 		+0.0095492031
1.74  		0.0029968402 		-0.0130783564
1.77  		0.0078818864 		-0.0076222844
1.8  		0.0107129332 		-0.0063773578
1.83  		0.0072933873 		-0.0068003284
1.86  		0.0073870852 		+0.0005598696
1.89  		0.0055415762 		-0.0003684231
1.92  		-0.0014418722 		+0.0033954638
1.95  		0.0022886823 		-0.0001007332
1.98  		0.0007681514 		-0.0008030750
2.01  		-0.0003483897 		+0.0007842606
2.04  		0.0002403345 		+0.0007551054
2.07  		0.0004301386 		-0.0007858768
2.1  		0.0005272614 		-0.0002624570
2.13  		-0.0000283743 		+0.0003019199
2.16  		0.0000833340 		+0.0001768803
2.19  		-0.0000379905 		+0.0001505281
2.22  		0.0000510417 		+0.0000607144
2.25  		0.0000436141 		-0.0000344540
2.28  		0.0000594901 		+0.0000032651
2.31  		0.0002463812 		-0.0001966833
2.34  		0.0006808554 		-0.0000176376
2.37  		0.0006645940 		-0.0004523848
2.4  		0.0003593586 		-0.0006993054
2.43  		0.0001485187 		-0.0002651423
2.46  		0.0001031220 		-0.0001097698
2.49  		-0.0000138953 		+0.0000185848
2.52  		0.0000448636 		+0.0000222580
2.55  		-0.0000126651 		-0.0000766918
2.58  		-0.0002008724 		-0.0003643236
2.61  		-0.0006196733 		-0.0009926374
2.64  		-0.0004772982 		+0.0017537852
2.67  		-0.0029188680 		-0.0026649029
2.7  		-0.0037401459 		-0.0035563271
2.73  		-0.0055584234 		-0.0014046877
2.76  		-0.0050899808 		+0.0041430499
2.79  		0.0039307251 		-0.0028722231
2.82  		0.0061369270 		-0.0062339914
2.85  		0.0003241588 		-0.0056858415
2.88  		-0.0013674092 		+0.0025982074
2.91  		0.0017822637 		-0.0005364167
2.94  		0.0020501854 		-0.0037715606
2.97  		-0.0017528148 		-0.0008288273
