0  		1.0000000000 		-0.0000000000
0.03  		0.9959483612 		-0.0158779905
0.06  		0.8385019025 		-0.0760311696
0.09  		0.3515959769 		-0.2593345718
0.12  		0.8761510791 		-0.3229464618
0.15  		0.9554427602 		+0.0152981729
0.18  		0.8187221740 		+0.3894575663
0.21  		0.4016814271 		+0.0911018341
0.24  		0.6469373864 		+0.1372774029
0.27  		0.5120318345 		-0.0930370574
0.3  		0.5115539372 		-0.3295507549
0.33  		0.4470684496 		-0.4016704336
0.36  		0.4074489910 		-0.2582767647
0.39  		0.0275727453 		-0.2768497143
0.42  		0.3932198133 		-0.1860368117
0.45  		0.2406840579 		+0.0819630069
0.48  		0.2563384761 		+0.0669355965
0.51  		0.1645941732 		-0.0401282900
0.54  		0.1883202530 		+0.1401839260
0.57  		0.2564562585 		+0.0044543067
0.6  		0.2556364253 		-0.0007069886
0.63  		0.2228701573 		-0.0164849645
0.66  		0.1945943838 		-0.0747739008
0.69  		0.0012594178 		-0.1803277428
0.72  		0.2352292993 		-0.0811301202
0.75  		0.2050062549 		+0.0185412767
0.78  		0.1565889081 		+0.0156679478
0.81  		0.0854959246 		-0.1018191734
0.84  		0.1529090318 		+0.0297625827
0.87  		0.2014412268 		-0.0372623914
0.9  		0.2367983142 		+0.0151410566
0.93  		0.2154106007 		+0.0985328327
0.96  		0.1853564857 		+0.1382108789
0.99  		0.0699083909 		-0.1815827141
1.02  		0.2678662439 		-0.0090432326
1.05  		0.2335946089 		+0.0353105922
1.08  		0.1858195877 		-0.0457687364
1.11  		0.1506679592 		-0.1252054093
1.14  		0.1896176724 		+0.1443583359
1.17  		0.1705032055 		-0.1087940373
1.2  		0.2912111091 		-0.1130622580
1.23  		0.2524844213 		-0.0991376526
1.26  		0.1905187437 		-0.0464563941
1.29  		0.0320978139 		-0.1046436038
1.32  		0.0618086730 		+0.0134262677
1.35  		0.0328728224 		+0.0030841808
1.38  		0.0381978774 		-0.0095433721
1.41  		0.0458533158 		-0.0308528687
1.44  		0.0421691642 		+0.0623155071
1.47  		0.0947355670 		-0.0048469102
1.5  		0.0965077274 		+0.0151920640
1.53  		0.0741580395 		+0.0107848558
1.56  		0.0464619263 		+0.0034711377
1.59  		0.0021126498 		-0.0209579514
1.62  		0.0053313539 		-0.0004388199
1.65  		0.0001731728 		-0.0000971257
1.68  		-0.0008733464 		-0.0001385901
1.71  		-0.0011277024 		-0.0005008331
1.74  		0.0007955658 		-0.0011725035
1.77  		-0.0001469289 		-0.0018458373
1.8  		0.0022178658 		-0.0028342729
1.83  		0.0056545360 		-0.0017371224
1.86  		0.0081813259 		+0.0022724980
1.89  		0.0093429453 		-0.0062141074
1.92  		0.0232697629 		+0.0166686651
1.95  		0.0496837899 		+0.0053017483
1.98  		0.0656863346 		-0.0205866499
2.01  		0.0822486313 		-0.0297350442
2.04  		0.0536882131 		+0.0981598381
2.07  		0.0909024508 		-0.0047197408
2.1  		0.0942576238 		-0.0241166625
2.13  		0.0882967385 		-0.0298203024
2.16  		0.0639838387 		+0.0007501388
2.19  		0.0171313320 		-0.0190514848
2.22  		0.0036984937 		-0.0006175251
2.25  		-0.0072598262 		-0.0025020723
2.28  		-0.0069218892 		+0.0090238198
2.31  		-0.0040351458 		+0.0118852977
2.34  		-0.0063970910 		+0.0018658628
2.37  		0.0001018555 		+0.0004605263
2.4  		-0.0000827249 		-0.0026924345
2.43  		-0.0004693605 		-0.0025208460
2.46  		-0.0000160066 		-0.0010994235
2.49  		-0.0001799182 		-0.0005267654
2.52  		0.0005677783 		-0.0006522895
2.55  		-0.0007245389 		-0.0020653932
2.58  		-0.0038516358 		-0.0042299760
2.61  		-0.0063325524 		-0.0051352777
2.64  		0.0012140398 		-0.0074083682
2.67  		-0.0026419561 		-0.0006402667
2.7  		0.0003647517 		+0.0001427945
2.73  		0.0004138398 		+0.0010324678
2.76  		-0.0002199828 		+0.0014027690
2.79  		0.0003040533 		+0.0004139828
2.82  		0.0000152050 		+0.0002388796
2.85  		-0.0000113055 		-0.0000109955
2.88  		0.0003226703 		+0.0008582430
2.91  		-0.0003996723 		+0.0033942743
2.94  		-0.0039046046 		+0.0013864061
2.97  		-0.0021004306 		+0.0051721435
