0  		1.0000000000 		-0.0000000000
0.03  		0.9865341768 		-0.0129119013
0.06  		0.9807850166 		+0.0518287864
0.09  		0.9348472183 		-0.0090288113
0.12  		0.8685436745 		+0.0199114208
0.15  		0.9248856793 		-0.0719333549
0.18  		0.8943674277 		-0.1384818307
0.21  		0.9137083755 		+0.0400739534
0.24  		0.8510634557 		+0.0666169990
0.27  		0.8624085119 		+0.0623926361
0.3  		0.8821953275 		+0.0769671947
0.33  		0.8478027172 		-0.1035195260
0.36  		0.7691999563 		-0.0045889330
0.39  		0.6714065981 		+0.0574736371
0.42  		0.6301141032 		+0.0550803190
0.45  		0.4872532589 		+0.1033582532
0.48  		0.3529593689 		+0.0792626385
0.51  		0.2101317896 		+0.0591551279
0.54  		0.1048303821 		+0.0447461400
0.57  		0.0660913969 		+0.0008609248
0.6  		0.0739780960 		-0.0167076014
0.63  		0.1313747200 		-0.0039165805
0.66  		0.2192291755 		+0.0087895213
0.69  		0.3093724479 		+0.0988876846
0.72  		0.3764445467 		+0.1231854357
0.75  		0.3981125410 		+0.1779355920
0.78  		0.3792756179 		+0.2174176976
0.81  		0.3624964838 		+0.2119117794
0.84  		0.3598702747 		+0.1214810988
0.87  		0.3012676592 		+0.0388272021
0.9  		0.2782831191 		-0.1013824570
0.93  		0.2170152795 		-0.1844152468
0.96  		0.1105753672 		-0.2745167068
0.99  		0.0275781211 		-0.2816717704
1.02  		-0.0170931009 		-0.2878273283
1.05  		-0.0046561073 		-0.2658309249
1.08  		0.0571327840 		-0.2272847406
1.11  		0.0882867980 		-0.1572438497
1.14  		0.0991974675 		-0.1184238713
1.17  		0.1280342311 		-0.0449603139
1.2  		0.1319353777 		+0.0259104119
1.23  		0.1067644433 		+0.0876473037
1.26  		0.0689531093 		+0.1613383817
1.29  		0.0183773041 		+0.2141388953
1.32  		-0.0039566949 		+0.2321859492
1.35  		-0.0375895051 		+0.2216556983
1.38  		0.0265620059 		+0.2465815402
1.41  		0.0675969082 		+0.2411363696
1.44  		0.1347231701 		+0.1991124768
1.47  		0.1424085847 		+0.1557656569
1.5  		0.1949455442 		+0.1348041116
1.53  		0.2210922430 		+0.0823998180
1.56  		0.2112234666 		+0.0624874283
1.59  		0.1560822646 		+0.0763637392
1.62  		0.1643801523 		+0.0666174432
1.65  		0.1318076472 		+0.0640605222
1.68  		0.1088963226 		+0.0566128534
1.71  		0.0767847871 		+0.0393369156
1.74  		0.0675202466 		+0.0447558801
1.77  		0.0627511871 		+0.0334203761
1.8  		0.0543257325 		+0.0138505978
1.83  		0.0441020675 		+0.0022715099
1.86  		0.0444540421 		-0.0038638470
1.89  		0.0346956935 		-0.0102508285
1.92  		0.0215924209 		-0.0121459244
1.95  		0.0101213235 		-0.0065401713
1.98  		0.0027193452 		-0.0019549024
2.01  		-0.0048741976 		+0.0031682636
2.04  		-0.0112166021 		+0.0069687411
2.07  		-0.0130955007 		+0.0073510511
2.1  		-0.0176247353 		+0.0088578850
2.13  		-0.0188068424 		+0.0088986568
2.16  		-0.0162088612 		+0.0120300349
2.19  		-0.0116800339 		+0.0129416873
2.22  		-0.0064280627 		+0.0161563324
2.25  		-0.0021376726 		+0.0177905420
2.28  		0.0018146656 		+0.0183646352
2.31  		0.0049081658 		+0.0159990752
2.34  		0.0090736095 		+0.0186547426
2.37  		0.0138075789 		+0.0159339363
2.4  		0.0159243259 		+0.0113255252
2.43  		0.0155577790 		+0.0056776959
2.46  		0.0138446791 		+0.0023244571
2.49  		0.0115103513 		-0.0019375216
2.52  		0.0105344916 		-0.0034877439
2.55  		0.0094165430 		-0.0058144182
2.58  		0.0096906878 		-0.0091141262
2.61  		0.0097008724 		-0.0165227299
2.64  		0.0091146285 		-0.0202453172
2.67  		0.0103182744 		-0.0230316265
2.7  		0.0134822450 		-0.0203380743
2.73  		0.0164838192 		-0.0151924022
2.76  		0.0182512266 		-0.0074978670
2.79  		0.0186451895 		-0.0023223271
2.82  		0.0207969184 		+0.0025276748
2.85  		0.0262141874 		+0.0044391784
2.88  		0.0305871300 		+0.0047760618
2.91  		0.0331746858 		+0.0033122848
2.94  		0.0305506370 		+0.0046635238
2.97  		0.0250597394 		+0.0014820082
