0  		1.0000000000 		-0.0000000000
0.03  		0.8866225415 		-0.0348892087
0.06  		0.9808655487 		-0.0152333230
0.09  		0.8769246978 		-0.0141694003
0.12  		0.8741257170 		+0.0203562689
0.15  		0.9503037556 		-0.0878260264
0.18  		0.8307147207 		+0.0127215362
0.21  		0.6089087532 		+0.2797113177
0.24  		0.4622442525 		+0.3438656781
0.27  		0.4110140285 		+0.1416949486
0.3  		0.5893594081 		-0.0555484523
0.33  		0.8337126923 		-0.0750984408
0.36  		0.7308263064 		+0.0157761777
0.39  		0.7188105461 		-0.0638727326
0.42  		0.6223899720 		-0.1523236516
0.45  		0.6977061965 		-0.0751020858
0.48  		0.5839044755 		+0.1142622256
0.51  		0.4606086693 		+0.0264115647
0.54  		0.4250930170 		-0.0226225840
0.57  		0.3248809099 		+0.0977625331
0.6  		0.1705392463 		+0.1435920485
0.63  		0.1098714467 		+0.0815015474
0.66  		0.0890228492 		+0.0167806438
0.69  		0.0679488859 		+0.0020748512
0.72  		0.0788401121 		-0.0033933035
0.75  		0.0698397797 		-0.0101412316
0.78  		0.0788216212 		-0.0195233855
0.81  		0.0697619621 		-0.0173257664
0.84  		0.0910294004 		-0.0136410523
0.87  		0.0956012338 		-0.0265133390
0.9  		0.0854281051 		-0.0373172380
0.93  		0.0788745510 		-0.0303293647
0.96  		0.0659300309 		-0.0271262750
0.99  		0.0404990563 		-0.0253394501
1.02  		0.0192255744 		-0.0291921504
1.05  		0.0035425023 		-0.0175346064
1.08  		-0.0021479665 		-0.0068819847
1.11  		-0.0046102168 		+0.0033955822
1.14  		-0.0004806310 		+0.0126946198
1.17  		0.0053665305 		+0.0201445730
1.2  		0.0091611121 		+0.0209631068
1.23  		0.0154866930 		+0.0222939891
1.26  		0.0147457038 		+0.0175948831
1.29  		0.0101991671 		+0.0103681066
1.32  		0.0050866692 		+0.0073718854
1.35  		-0.0003579473 		+0.0072565940
1.38  		-0.0032811395 		+0.0046286275
1.41  		-0.0084784641 		+0.0015186225
1.44  		-0.0121725299 		-0.0011889032
1.47  		-0.0117194646 		-0.0038466302
1.5  		-0.0083338678 		-0.0010735729
1.53  		0.0145726487 		+0.0007738590
1.56  		0.0407696720 		-0.0002698742
1.59  		0.0793768056 		+0.0089758689
1.62  		0.1101515940 		+0.0186793837
1.65  		0.1233799550 		-0.0226633216
1.68  		0.1091015187 		-0.0648143403
1.71  		0.1509120469 		-0.0395619240
1.74  		0.1018957262 		+0.0286671808
1.77  		0.0494049761 		+0.0416343545
1.8  		0.0309208302 		+0.0783800172
1.83  		-0.0160034797 		+0.1249191204
1.86  		-0.0605388938 		+0.0630647880
1.89  		-0.0654949221 		+0.0812909953
1.92  		-0.0489600586 		+0.0351513709
1.95  		-0.0307624494 		-0.0002467498
1.98  		0.0009821308 		-0.0138724915
2.01  		0.0058177361 		-0.0099548671
2.04  		0.0038457113 		-0.0051097757
2.07  		0.0027793195 		+0.0061644089
2.1  		-0.0081685736 		+0.0139664583
2.13  		-0.0096776065 		+0.0086653677
2.16  		-0.0023944338 		+0.0017169054
2.19  		0.0005747125 		-0.0004861830
2.22  		-0.0027472958 		+0.0043654615
2.25  		-0.0068325558 		+0.0098883374
2.28  		-0.0146682584 		+0.0389290901
2.31  		-0.0145820770 		+0.0492227519
2.34  		-0.0263835171 		+0.0998842666
2.37  		-0.0346640858 		+0.1093960248
2.4  		-0.0456582878 		+0.1043214803
2.43  		-0.0351038948 		+0.0523544208
2.46  		-0.0363141608 		+0.0325391166
2.49  		-0.0130545408 		-0.0011346349
2.52  		0.0069528536 		-0.0048387445
2.55  		0.0082380398 		-0.0066773477
2.58  		0.0077142032 		-0.0303054464
2.61  		0.0125187739 		-0.0589971089
2.64  		0.0301324318 		-0.0361677093
2.67  		0.0540403293 		-0.0516649361
2.7  		0.0797074777 		-0.0509594306
2.73  		0.1041688791 		-0.0292239751
2.76  		0.0929416389 		+0.0117662505
2.79  		0.0651036131 		+0.0036944569
2.82  		0.0509345624 		-0.0057133659
2.85  		0.0424128576 		-0.0093527732
2.88  		0.0327596211 		-0.0066298992
2.91  		0.0186594668 		-0.0146344240
2.94  		0.0064195971 		-0.0166239966
2.97  		0.0088572298 		-0.0235455819
