0  		1.0000000000 		-0.0000000000
0.03  		0.4495448192 		+0.5727864894
0.06  		-0.5764487981 		-0.1772127140
0.09  		0.9643428700 		-0.0724973909
0.12  		0.9333070235 		+0.0680625073
0.15  		0.1506822372 		-0.7923483078
0.18  		0.6378164285 		-0.2072323355
0.21  		0.8113890962 		+0.1273325882
0.24  		0.0845721164 		+0.4114421672
0.27  		-0.0645340259 		-0.4212261505
0.3  		0.1955986774 		+0.1699032706
0.33  		0.6847390510 		+0.1459723282
0.36  		-0.3372580232 		+0.5162623556
0.39  		0.6729732660 		+0.2324773855
0.42  		0.6488478069 		+0.2837593192
0.45  		0.5485732784 		+0.1025420176
0.48  		0.6429584365 		-0.2010492558
0.51  		0.4509778270 		+0.1167421693
0.54  		0.4721402605 		+0.3366792054
0.57  		0.7214337352 		-0.0168635521
0.6  		0.6954400559 		-0.2505262495
0.63  		-0.3326915276 		-0.0799961542
0.66  		0.7280437169 		+0.2094875867
0.69  		0.5611027995 		+0.2473779933
0.72  		0.5967541278 		-0.1883428984
0.75  		0.0865312748 		+0.1548196723
0.78  		-0.4157569191 		-0.1677871116
0.81  		0.4937900102 		+0.0664237066
0.84  		-0.2094270118 		+0.1113306171
0.87  		-0.3789498056 		+0.0876050688
0.9  		0.4688391410 		-0.0766416620
0.93  		0.4197346108 		-0.0225326919
0.96  		0.0100238711 		-0.1450185589
0.99  		0.3307420013 		+0.0278363705
1.02  		0.2844647272 		+0.0831315098
1.05  		0.1352192907 		+0.1704854156
1.08  		0.0976672332 		+0.1927188124
1.11  		0.1153787596 		+0.0597997202
1.14  		0.0515228463 		+0.1319741464
1.17  		-0.0295829249 		+0.0975807143
1.2  		-0.0163295166 		+0.0233205864
1.23  		-0.0297643686 		+0.0627193424
1.26  		-0.0422845604 		+0.0582895226
1.29  		0.0555196496 		+0.0132523170
1.32  		-0.0025403489 		-0.0764237092
1.35  		0.0050678748 		+0.1185871908
1.38  		0.0854760066 		-0.1170874736
1.41  		0.0315877528 		+0.1046556669
1.44  		-0.0627565144 		+0.1488670476
1.47  		-0.0127677177 		+0.1662779453
1.5  		-0.1678945800 		+0.0600575254
1.53  		-0.0166238030 		+0.0169456333
1.56  		-0.0867943835 		+0.0868331805
1.59  		-0.0900059468 		-0.0104717738
1.62  		-0.0204628359 		+0.0502341426
1.65  		0.0011367975 		+0.0009652545
1.68  		0.0178086413 		+0.0029625143
1.71  		0.0177766397 		-0.0379810745
1.74  		0.0265604992 		-0.0614143520
1.77  		0.0463238313 		-0.0666230273
1.8  		-0.0328130163 		-0.0700420041
1.83  		0.0749535634 		-0.0262063079
1.86  		0.0321948508 		-0.0061964052
1.89  		-0.0300795222 		-0.0136063998
1.92  		0.0143780447 		-0.0159318441
1.95  		0.0111883314 		+0.0049480756
1.98  		-0.0033839124 		+0.0026613243
2.01  		0.0001484367 		-0.0098104208
2.04  		-0.0183370781 		+0.0043681479
2.07  		-0.0248146593 		-0.0010238517
2.1  		0.0245795152 		-0.0098324006
2.13  		-0.0271330208 		+0.0134513018
2.16  		-0.0494295683 		-0.0241615726
2.19  		0.0101589551 		-0.0410634250
2.22  		0.0287010159 		+0.0247969087
2.25  		-0.0297881532 		-0.0339601987
2.28  		-0.0211813954 		-0.0298717784
2.31  		-0.0250980805 		-0.0026592634
2.34  		-0.0085710461 		+0.0007229273
2.37  		-0.0147885778 		-0.0067903197
2.4  		-0.0063323394 		-0.0024409383
2.43  		-0.0022749744 		+0.0039027734
2.46  		-0.0033201459 		-0.0013427812
2.49  		-0.0031158795 		-0.0023699791
2.52  		0.0008717887 		+0.0000368538
2.55  		-0.0010579684 		-0.0007117094
2.58  		-0.0006134419 		-0.0001621914
2.61  		-0.0001358288 		+0.0000165142
2.64  		-0.0001295470 		-0.0000736334
2.67  		-0.0000343915 		-0.0000274768
2.7  		-0.0000085038 		-0.0000024202
2.73  		-0.0000027030 		+0.0000061826
2.76  		0.0000003947 		+0.0000034756
2.79  		0.0000001086 		-0.0000003092
2.82  		0.0000002633 		+0.0000003132
2.85  		0.0000002404 		+0.0000000801
2.88  		-0.0000002756 		-0.0000016396
2.91  		0.0000026802 		+0.0000040561
2.94  		-0.0000180928 		+0.0000177382
2.97  		-0.0000588164 		-0.0000567338
