0  		1.0000000000 		-0.0000000000
0.03  		0.9998988395 		+0.0028087399
0.06  		0.9979735630 		+0.0131726048
0.09  		0.9926352484 		+0.0266099090
0.12  		0.9703653389 		+0.1184114812
0.15  		0.9371700380 		+0.1771963162
0.18  		0.9270264944 		-0.0354985148
0.21  		0.8580927431 		-0.0152010987
0.24  		0.7097848787 		-0.0320005165
0.27  		0.5629535577 		-0.0834189991
0.3  		0.5171251203 		-0.0090204637
0.33  		0.5672949848 		-0.0240899954
0.36  		0.5974829896 		+0.0415566762
0.39  		0.4867849152 		-0.0212810905
0.42  		0.2671007993 		-0.0324050594
0.45  		0.0328812334 		-0.0002528949
0.48  		-0.1410088507 		+0.0159291463
0.51  		-0.2191031651 		+0.0497212783
0.54  		-0.1843885409 		+0.0658158767
0.57  		-0.0578060856 		+0.0900198589
0.6  		0.0830718527 		+0.1460838018
0.63  		0.2065266015 		+0.1834227386
0.66  		0.2363888416 		+0.2204326150
0.69  		0.2382947624 		+0.2175272836
0.72  		0.2212150482 		+0.1738455906
0.75  		0.1473630101 		+0.1105817557
0.78  		0.0265001836 		+0.0264876692
0.81  		-0.0737093184 		-0.0650095376
0.84  		-0.1372859982 		-0.0870526991
0.87  		-0.1124599363 		-0.0352207423
0.9  		0.0138680047 		+0.0023400187
0.93  		0.1218746264 		-0.0535668009
0.96  		0.1554839914 		-0.0932911050
0.99  		0.1703809535 		-0.0993953392
1.02  		0.2017752574 		-0.1087525379
1.05  		0.2313552892 		-0.1618124137
1.08  		0.1832075905 		-0.2684363688
1.11  		0.0923318802 		-0.2926619621
1.14  		0.0337559514 		-0.2373888078
1.17  		0.0020158961 		-0.1668466360
1.2  		-0.0012492026 		-0.1125364262
1.23  		0.0082145352 		-0.0873390902
1.26  		0.0246687363 		-0.0825034155
1.29  		0.0567156814 		-0.0771485186
1.32  		0.0527396458 		-0.0678394635
1.35  		0.0148979936 		-0.0344646141
1.38  		-0.0406673044 		+0.0188989196
1.41  		-0.0639579540 		+0.0658430331
1.44  		-0.0533225318 		+0.0526710576
1.47  		0.0066665830 		+0.0120369241
1.5  		0.0588039385 		-0.0298314665
1.53  		0.0758349389 		-0.0310586955
1.56  		0.0659019182 		-0.0242807601
1.59  		0.0533312439 		-0.0218740608
1.62  		0.0386566675 		-0.0280857142
1.65  		0.0187054106 		-0.0331993700
1.68  		0.0097592313 		-0.0247474056
1.71  		0.0229991700 		-0.0174540151
1.74  		0.0355501542 		-0.0219624439
1.77  		0.0274768472 		-0.0186048424
1.8  		0.0059806272 		-0.0122177473
1.83  		0.0115790641 		-0.0131827908
1.86  		0.0350969054 		-0.0251192496
1.89  		0.0402071097 		-0.0237716074
1.92  		0.0181326483 		-0.0132759508
1.95  		-0.0068656188 		-0.0057288207
1.98  		-0.0077028040 		+0.0050257516
2.01  		0.0047942793 		+0.0059223253
2.04  		0.0133073995 		-0.0107400656
2.07  		0.0124864456 		-0.0234427445
2.1  		0.0123962214 		-0.0200519665
2.13  		0.0247676095 		-0.0164993897
2.16  		0.0368591774 		-0.0240654206
2.19  		0.0322255972 		-0.0329692621
2.22  		0.0168220924 		-0.0236071589
2.25  		0.0114175877 		+0.0063585565
2.28  		0.0194034992 		+0.0341915951
2.31  		0.0313538370 		+0.0348193656
2.34  		0.0289791291 		+0.0146290701
2.37  		0.0111495436 		+0.0036262893
2.4  		-0.0073972264 		+0.0103034977
2.43  		-0.0148278199 		+0.0197385124
2.46  		-0.0095540158 		+0.0219805058
2.49  		-0.0058313966 		+0.0153482307
2.52  		-0.0085084672 		+0.0039262038
2.55  		-0.0170080739 		-0.0062406839
2.58  		-0.0223445009 		-0.0055633140
2.61  		-0.0152442528 		+0.0028085613
2.64  		-0.0012312932 		+0.0076199744
2.67  		0.0033067872 		+0.0003357869
2.7  		-0.0013796842 		-0.0029924310
2.73  		-0.0021137790 		-0.0017577673
2.76  		-0.0025012033 		-0.0009978916
2.79  		-0.0013455369 		+0.0005576271
2.82  		-0.0010598832 		+0.0002107572
2.85  		-0.0025048437 		+0.0038639151
2.88  		0.0016418535 		+0.0076985038
2.91  		0.0031385163 		+0.0047397815
2.94  		-0.0002722896 		+0.0029407906
2.97  		-0.0019934200 		+0.0037957279
