0  		1.0000000000 		-0.0000000000
0.03  		0.9982356343 		-0.0009491827
0.06  		0.9883814816 		+0.0202591087
0.09  		0.9608557346 		+0.0441532806
0.12  		0.9451508637 		-0.1327818017
0.15  		0.6406526235 		-0.0398311579
0.18  		-0.1405408010 		+0.3096324085
0.21  		-0.5643294515 		+0.2527641799
0.24  		-0.0051016845 		-0.1666859619
0.27  		0.7478999256 		+0.0500499593
0.3  		0.6712056882 		+0.2877620585
0.33  		0.4656433210 		+0.0911809663
0.36  		0.5228321804 		+0.0619003506
0.39  		0.5766298427 		+0.0723598262
0.42  		0.4775276975 		-0.1988937603
0.45  		0.5071013710 		-0.1828608054
0.48  		0.3715220945 		+0.0617654246
0.51  		0.2046790913 		+0.0778729820
0.54  		0.1179272559 		+0.1542360917
0.57  		-0.1138528522 		+0.1607661259
0.6  		-0.1306701261 		+0.0232209046
0.63  		-0.0568379572 		+0.1332905074
0.66  		-0.1777659859 		+0.0504162243
0.69  		-0.0651776405 		-0.0748043957
0.72  		0.0001505900 		-0.0073715133
0.75  		0.0777001697 		-0.0037912093
0.78  		0.0804683677 		+0.0545967125
0.81  		0.0824420288 		+0.0408217298
0.84  		0.1832151498 		+0.0987604439
0.87  		0.1104263236 		+0.1577141675
0.9  		-0.0696645120 		+0.0318330868
0.93  		-0.1255287072 		-0.0892063641
0.96  		-0.0178786056 		-0.0378754971
0.99  		0.0845489164 		+0.0215509909
1.02  		0.1034749803 		+0.0073929084
1.05  		0.0917434591 		-0.0168096138
1.08  		0.0899404581 		-0.0208606195
1.11  		0.0949851596 		+0.0074771782
1.14  		0.0889934754 		+0.0386975356
1.17  		0.0794233569 		+0.0601526795
1.2  		0.0488588136 		+0.0853874958
1.23  		0.0077226604 		+0.0889110815
1.26  		0.0041349857 		+0.0731447648
1.29  		0.0077011017 		+0.0445943612
1.32  		-0.0044771516 		+0.0205179014
1.35  		-0.0038696084 		+0.0090636558
1.38  		0.0112509005 		-0.0013435833
1.41  		0.0212076223 		-0.0016808880
1.44  		0.0143331465 		+0.0054115231
1.47  		-0.0007091767 		+0.0097065511
1.5  		-0.0245312780 		+0.0049759181
1.53  		-0.0469693244 		-0.0173288520
1.56  		-0.0760423359 		-0.0175368637
1.59  		-0.1031510454 		-0.0307705400
1.62  		-0.1029437742 		-0.0704477714
1.65  		-0.1496338434 		-0.0302882200
1.68  		-0.1452798981 		-0.0769231487
1.71  		0.0448934617 		-0.1761486256
1.74  		0.0657696158 		-0.0073777799
1.77  		-0.1456242415 		+0.0306430365
1.8  		-0.0826746538 		-0.1376381424
1.83  		-0.0041960180 		-0.0812155949
1.86  		-0.0564587437 		+0.0046983020
1.89  		-0.0613048030 		-0.0149423825
1.92  		-0.0138956819 		-0.0214150252
1.95  		-0.0097553957 		-0.0008327315
1.98  		-0.0146106888 		-0.0050809784
2.01  		-0.0010515933 		-0.0076551354
2.04  		0.0010881989 		+0.0020012259
2.07  		-0.0020929106 		-0.0005303408
2.1  		0.0000983588 		+0.0000851149
2.13  		-0.0024805975 		-0.0034406416
2.16  		-0.0070860272 		-0.0100018229
2.19  		-0.0137562414 		-0.0166207818
2.22  		-0.0256138166 		-0.0205377023
2.25  		-0.0433057238 		-0.0127416369
2.28  		-0.0562962301 		-0.0083760449
2.31  		-0.0622268757 		-0.0054435504
2.34  		-0.0636250118 		+0.0126722821
2.37  		-0.0611075384 		+0.0105293813
2.4  		-0.0537102127 		+0.0092691885
2.43  		-0.0450174272 		+0.0127572740
2.46  		-0.0363966923 		+0.0030377422
2.49  		-0.0256792061 		+0.0056473184
2.52  		-0.0174809872 		+0.0179314741
2.55  		-0.0180756979 		+0.0199047498
2.58  		-0.0147937776 		+0.0185207212
2.61  		-0.0031663733 		+0.0208923100
2.64  		0.0046457971 		+0.0235929286
2.67  		0.0165955668 		+0.0226822591
2.7  		0.0268404156 		+0.0158418575
2.73  		0.0274949054 		+0.0125515084
2.76  		0.0240786824 		+0.0062812870
2.79  		0.0150811993 		-0.0015057763
2.82  		0.0042407144 		+0.0013998594
2.85  		0.0062045522 		+0.0057436225
2.88  		0.0006329514 		+0.0058556766
2.91  		-0.0120567123 		+0.0023870844
2.94  		-0.0127016654 		-0.0052477856
2.97  		-0.0043908291 		-0.0029074479
