0  		1.0000000000 		-0.0000000000
0.03  		0.9998535332 		-0.0063879375
0.06  		0.9987693904 		-0.0099519960
0.09  		0.9880059928 		-0.0101053535
0.12  		0.9658944525 		-0.0210712022
0.15  		0.9665299251 		+0.0368169551
0.18  		0.9486420060 		+0.1087310574
0.21  		0.9399364189 		+0.0855613020
0.24  		0.9431735754 		-0.0019501023
0.27  		0.9165928094 		-0.0760399228
0.3  		0.8312947147 		-0.0579337982
0.33  		0.6584102757 		-0.0634828192
0.36  		0.4065976264 		-0.0431001205
0.39  		0.1337711201 		-0.0028389078
0.42  		-0.0993456680 		+0.0171655565
0.45  		-0.1957731905 		-0.0132092797
0.48  		-0.1328300040 		-0.0416827025
0.51  		-0.0226647711 		-0.0362113865
0.54  		0.0250941509 		+0.0096003132
0.57  		0.0397731145 		+0.0399176219
0.6  		0.0800663135 		+0.0441876584
0.63  		0.1133500287 		+0.0225319246
0.66  		0.0998288314 		-0.0071140807
0.69  		0.0564666783 		-0.0183844958
0.72  		0.0204622675 		-0.0074370090
0.75  		0.0077911339 		+0.0170186094
0.78  		0.0141424860 		+0.0256221766
0.81  		0.0552225292 		-0.0060234274
0.84  		0.1348079025 		-0.0553796033
0.87  		0.1953536206 		-0.1010278463
0.9  		0.2120413293 		-0.1576212802
0.93  		0.2297814947 		-0.2069597083
0.96  		0.2798206233 		-0.1708974136
0.99  		0.2802509416 		-0.0823570317
1.02  		0.2236350998 		-0.0469393247
1.05  		0.1822818616 		-0.0605346712
1.08  		0.1545186496 		-0.0649329602
1.11  		0.1407390892 		-0.0644701741
1.14  		0.1781572988 		-0.0580494379
1.17  		0.2771714156 		-0.0481395213
1.2  		0.3926910849 		+0.0584703442
1.23  		0.4392463658 		+0.1482450665
1.26  		0.4274169452 		+0.1295785877
1.29  		0.3764400827 		+0.0404079499
1.32  		0.2751653152 		-0.0986702311
1.35  		0.1477975145 		-0.1976489699
1.38  		0.0841417369 		-0.2012841246
1.41  		0.0948791058 		-0.1369680807
1.44  		0.0996151122 		-0.0402596112
1.47  		0.0539668399 		+0.0385903098
1.5  		-0.0604228833 		+0.0454371586
1.53  		-0.1313865490 		-0.0290046291
1.56  		-0.1134044931 		-0.0577611510
1.59  		-0.0481982677 		-0.0233684413
1.62  		0.0156777973 		+0.0000081410
1.65  		0.0245673915 		-0.0119269459
1.68  		-0.0136461896 		-0.0236383193
1.71  		-0.0469720111 		-0.0232209006
1.74  		-0.0477923773 		-0.0236248997
1.77  		-0.0214662640 		-0.0279432941
1.8  		0.0186744374 		-0.0214956708
1.83  		0.0404664101 		+0.0054179242
1.86  		0.0414978186 		+0.0322733328
1.89  		0.0279936211 		+0.0538232986
1.92  		0.0105123327 		+0.0571730770
1.95  		0.0083112780 		+0.0491639838
1.98  		0.0158095972 		+0.0347347606
2.01  		0.0191725140 		+0.0211129789
2.04  		0.0188256349 		+0.0117286067
2.07  		0.0175219276 		+0.0092147558
2.1  		0.0135577408 		+0.0123762490
2.13  		0.0072113653 		+0.0145031047
2.16  		0.0017429599 		+0.0134670064
2.19  		-0.0015125506 		+0.0117436748
2.22  		-0.0042977418 		+0.0094719375
2.25  		-0.0055486593 		+0.0075651733
2.28  		-0.0054706966 		+0.0068945917
2.31  		-0.0047758816 		+0.0064932810
2.34  		-0.0033499339 		+0.0057550371
2.37  		-0.0008044731 		+0.0064190892
2.4  		0.0010299936 		+0.0076880610
2.43  		0.0025963027 		+0.0089518619
2.46  		0.0044687405 		+0.0096272902
2.49  		0.0081830756 		+0.0102959126
2.52  		0.0164508306 		+0.0106509105
2.55  		0.0274253686 		+0.0079126958
2.58  		0.0379885611 		-0.0009866437
2.61  		0.0500426153 		-0.0111831908
2.64  		0.0625491913 		-0.0129863573
2.67  		0.0644072603 		-0.0102954201
2.7  		0.0559942245 		-0.0014269441
2.73  		0.0430263481 		+0.0018372829
2.76  		0.0292548044 		+0.0078555008
2.79  		0.0160640345 		+0.0090017995
2.82  		0.0052489087 		+0.0063324359
2.85  		-0.0023488845 		+0.0028266105
2.88  		-0.0081253383 		+0.0015682391
2.91  		-0.0127386395 		+0.0035615354
2.94  		-0.0139356483 		+0.0073454889
2.97  		-0.0123123149 		+0.0086565172
