0  		1.0000000000 		+0.0000000000
0.03  		0.9827986484 		-0.0089139691
0.06  		0.9492503196 		+0.0425252713
0.09  		0.8075155196 		-0.2206878880
0.12  		0.6019735997 		-0.0398231458
0.15  		0.6571735811 		+0.0535210564
0.18  		0.8880321192 		-0.0180169794
0.21  		0.8688607642 		-0.1445673574
0.24  		0.7943015467 		-0.1173844670
0.27  		0.6828270696 		-0.0843576982
0.3  		0.6591497095 		+0.0805627638
0.33  		0.6562726555 		+0.3207373167
0.36  		0.5689170044 		-0.0655915581
0.39  		0.5603322168 		+0.2435932292
0.42  		0.4887230753 		+0.2213197936
0.45  		0.4282822249 		+0.0244765938
0.48  		0.3046624888 		-0.1871751645
0.51  		0.1906183776 		-0.2069682074
0.54  		0.0688472773 		-0.2455518266
0.57  		0.1059967781 		-0.2308934822
0.6  		0.1560352151 		-0.1736716217
0.63  		0.1420074745 		-0.1579579090
0.66  		0.1423690738 		-0.0032695734
0.69  		0.2756094777 		+0.1036433677
0.72  		0.3305881275 		+0.1992448689
0.75  		0.3344695439 		+0.0844448449
0.78  		0.2913526780 		+0.1818748309
0.81  		0.2822529064 		+0.0632010234
0.84  		0.2567116371 		-0.0636960320
0.87  		0.1555169678 		-0.1444604849
0.9  		0.1143324345 		-0.1359968719
0.93  		0.0177261689 		-0.1044872983
0.96  		0.0609108298 		-0.0661918705
0.99  		0.0320428552 		-0.1242681124
1.02  		0.0256846362 		-0.1604339893
1.05  		0.0173563451 		-0.1606028474
1.08  		-0.0043674186 		-0.0894502901
1.11  		-0.0603838479 		-0.0974383459
1.14  		-0.0592824995 		-0.0781645339
1.17  		-0.0416796858 		-0.0186097379
1.2  		0.0003400867 		-0.0374494406
1.23  		0.0288541295 		-0.0200178548
1.26  		0.0476601446 		+0.0244054756
1.29  		0.0280143272 		+0.0469441813
1.32  		0.0243067597 		+0.0727875642
1.35  		0.0172624622 		+0.0647549761
1.38  		-0.0146066611 		+0.0284489803
1.41  		-0.0046690349 		+0.0393771467
1.44  		-0.0073587416 		+0.0176695215
1.47  		-0.0041024795 		+0.0056284075
1.5  		0.0003910773 		+0.0002608862
1.53  		0.0032634491 		+0.0018665918
1.56  		0.0041677553 		+0.0114817213
1.59  		-0.0030228875 		+0.0169684986
1.62  		-0.0066047027 		+0.0277571613
1.65  		-0.0060742936 		+0.0162223272
1.68  		-0.0007928227 		+0.0051013339
1.71  		-0.0024155573 		+0.0014245227
1.74  		-0.0071080991 		-0.0021931554
1.77  		-0.0135025831 		+0.0019245720
1.8  		-0.0110830802 		+0.0060387093
1.83  		-0.0094780056 		+0.0072369060
1.86  		-0.0174130874 		+0.0068914879
1.89  		-0.0101186896 		+0.0052952714
1.92  		-0.0081354024 		+0.0035362720
1.95  		-0.0031587551 		+0.0027119900
1.98  		-0.0017973053 		+0.0029058916
2.01  		-0.0000521960 		+0.0027229782
2.04  		0.0006103275 		+0.0017451195
2.07  		0.0014521913 		-0.0001942321
2.1  		0.0004237989 		-0.0005492001
2.13  		0.0003485853 		-0.0022271397
2.16  		-0.0000944162 		-0.0031823247
2.19  		-0.0003925892 		-0.0023080360
2.22  		-0.0005952848 		-0.0017328314
2.25  		-0.0004778320 		-0.0001668088
2.28  		-0.0004826366 		-0.0020290822
2.31  		-0.0004245046 		-0.0019578094
2.34  		0.0003830292 		-0.0009760253
2.37  		0.0000634299 		-0.0005304107
2.4  		0.0000016539 		-0.0000385739
2.43  		-0.0000440780 		-0.0001371455
2.46  		-0.0000373888 		-0.0000436534
2.49  		-0.0000197707 		-0.0000004271
2.52  		-0.0000162114 		-0.0000002502
2.55  		0.0000006313 		+0.0000014575
2.58  		0.0000386351 		+0.0001033828
2.61  		0.0000547117 		+0.0001485443
2.64  		0.0000130654 		+0.0000629348
2.67  		0.0000027918 		+0.0000767222
2.7  		-0.0000037374 		+0.0000062781
2.73  		-0.0000465160 		+0.0000092837
2.76  		-0.0000408378 		-0.0000333493
2.79  		-0.0000082257 		-0.0000088513
2.82  		0.0000017673 		-0.0000130259
2.85  		0.0000007024 		-0.0000030413
2.88  		-0.0000003495 		-0.0000027594
2.91  		-0.0000012636 		-0.0000005155
2.94  		-0.0000005021 		+0.0000000796
2.97  		-0.0000001544 		+0.0000001801
