0  		1.0000000000 		+0.0000000000
0.03  		0.9986462588 		-0.0243648598
0.06  		0.9895117066 		+0.0347941030
0.09  		0.9789131515 		-0.0624096034
0.12  		0.9539609165 		-0.0579097531
0.15  		0.9136100862 		-0.0289735531
0.18  		0.8383789395 		+0.0164436739
0.21  		0.7699553406 		+0.2465183750
0.24  		0.7439487642 		+0.2550712515
0.27  		0.6312921329 		+0.2720941341
0.3  		0.5694156157 		+0.1532303015
0.33  		0.4062355160 		+0.3269311473
0.36  		0.3448925931 		+0.3064339951
0.39  		0.2779293262 		+0.2629070381
0.42  		0.2953112540 		+0.1093743885
0.45  		0.3076630806 		-0.0521658161
0.48  		0.3497483807 		-0.0155773741
0.51  		0.2463070270 		+0.0902031664
0.54  		0.1198377412 		+0.0708757981
0.57  		0.0656901991 		+0.0233451376
0.6  		-0.0468518649 		-0.0223169669
0.63  		-0.1425511544 		-0.0238510266
0.66  		-0.2249994574 		+0.0957633995
0.69  		-0.3323980303 		+0.2083234776
0.72  		-0.3756572691 		+0.2718773245
0.75  		-0.4478934449 		+0.0499786348
0.78  		-0.2882790846 		-0.2256719797
0.81  		-0.0939559376 		-0.2386216932
0.84  		0.0336013151 		-0.2021046527
0.87  		0.0743401580 		-0.1573376951
0.9  		0.0900034151 		-0.1303279520
0.93  		0.1479889919 		-0.1612784870
0.96  		0.1921233652 		-0.0653424641
0.99  		0.1157271914 		-0.0088835552
1.02  		0.0604820836 		+0.0221569682
1.05  		0.0255429198 		+0.0246741279
1.08  		0.0047140953 		+0.0173595188
1.11  		-0.0009242130 		+0.0085610270
1.14  		-0.0011516379 		+0.0024866816
1.17  		-0.0002307007 		+0.0009428979
1.2  		-0.0003291878 		+0.0011488079
1.23  		-0.0011716630 		+0.0014939043
1.26  		-0.0024246570 		+0.0008704780
1.29  		-0.0034282381 		-0.0001014158
1.32  		-0.0025200236 		-0.0024298799
1.35  		-0.0020724838 		-0.0018704549
1.38  		-0.0020586239 		-0.0006743320
1.41  		-0.0011733250 		+0.0003441522
1.44  		0.0001343909 		+0.0008192514
1.47  		0.0013686075 		+0.0006349364
1.5  		0.0014338450 		-0.0000238125
1.53  		0.0000416273 		-0.0000723050
1.56  		-0.0016313243 		-0.0004339423
1.59  		-0.0032604205 		-0.0029824009
1.62  		-0.0019730961 		-0.0065155087
1.65  		0.0015247680 		-0.0081517802
1.68  		0.0068381053 		-0.0051528244
1.71  		0.0069354659 		-0.0000775276
1.74  		0.0034091044 		+0.0019453919
1.77  		0.0004546279 		+0.0013811255
1.8  		-0.0003214009 		+0.0004600773
1.83  		-0.0008598840 		-0.0005217248
1.86  		-0.0003627069 		-0.0015139920
1.89  		0.0006048903 		-0.0012607962
1.92  		0.0007492945 		-0.0010722684
1.95  		0.0011090447 		-0.0002316305
1.98  		0.0014044919 		+0.0012829552
2.01  		0.0014151901 		+0.0035923276
2.04  		-0.0005086093 		+0.0064433301
2.07  		-0.0026953375 		+0.0086485806
2.1  		-0.0026659131 		+0.0108644077
2.13  		0.0001000226 		+0.0130382727
2.16  		0.0019037847 		+0.0149492101
2.19  		0.0060918855 		+0.0164894611
2.22  		0.0103007863 		+0.0195446213
2.25  		0.0148890818 		+0.0260873851
2.28  		0.0185055601 		+0.0341419329
2.31  		0.0197601953 		+0.0433370527
2.34  		0.0266924252 		+0.0525045420
2.37  		0.0379201625 		+0.0607638697
2.4  		0.0122436122 		+0.0803572959
2.43  		0.0011475448 		+0.0834484137
2.46  		-0.0106895266 		+0.0744777607
2.49  		0.0134791870 		+0.0581745601
2.52  		0.0327047170 		+0.0390876394
2.55  		0.0499446086 		+0.0162716727
2.58  		0.0491769889 		+0.0069273413
2.61  		0.0401573977 		+0.0075787670
2.64  		0.0382643625 		+0.0123047701
2.67  		0.0441039736 		+0.0166496725
2.7  		0.0518399966 		+0.0104478637
2.73  		0.0624922837 		-0.0107097477
2.76  		0.0727562788 		-0.0385652633
2.79  		0.0800841359 		-0.0589584995
2.82  		0.0985962291 		-0.0492391067
2.85  		0.1154462355 		+0.0071530306
2.88  		0.1045836343 		+0.0425459550
2.91  		0.0822735145 		+0.0574706796
2.94  		0.0352178354 		+0.0540636336
2.97  		0.0157529731 		+0.0345276361
