0  		1.0000000000 		+0.0000000000
0.045  		0.9947853100 		-0.0008509907
0.09  		0.9851983321 		-0.0046996573
0.135  		0.9822986546 		+0.0238531968
0.18  		0.8855513118 		+0.0036221701
0.225  		0.9919136987 		+0.0124973116
0.27  		0.9651672216 		-0.0844512811
0.315  		0.9497733906 		+0.0803856904
0.36  		0.9644070559 		+0.1149536914
0.405  		0.9546807508 		-0.0424871223
0.45  		0.8504591435 		-0.1737944777
0.495  		0.8387045948 		-0.0454443012
0.54  		0.1519591426 		-0.0372146525
0.585  		-0.4610449801 		+0.1833570579
0.63  		0.0526515821 		-0.2691639118
0.675  		0.4723712786 		-0.0295166164
0.72  		0.5341336537 		-0.0945569251
0.765  		0.8042217115 		-0.1252589141
0.81  		0.7664179540 		+0.1502271209
0.855  		0.7946934725 		-0.0577930310
0.9  		0.6688429678 		+0.0740141976
0.945  		0.6669770585 		-0.0066168197
0.99  		0.6647262654 		+0.0140964035
1.035  		0.7474869530 		+0.0694513152
1.08  		0.7496772175 		-0.3215090621
1.125  		0.6474952977 		-0.1482230178
1.17  		0.3283152684 		-0.1159238992
1.215  		-0.0061268983 		+0.1417216960
1.26  		-0.2505008502 		+0.2396984162
1.305  		-0.1466520239 		+0.1852713751
1.35  		0.0765895834 		-0.0109496236
1.395  		0.4170553995 		-0.0111228135
1.44  		0.6282015275 		-0.1213553580
1.485  		0.6381656944 		-0.0447005534
1.53  		0.5497536391 		+0.1141401012
1.575  		0.4959879051 		-0.0286791089
1.62  		0.4385868188 		+0.0238308713
1.665  		0.3236845087 		-0.0688800383
1.71  		0.0255144464 		+0.0761281695
1.755  		-0.0615329924 		+0.0187663732
1.8  		0.1506986929 		-0.1275266078
1.845  		0.0451801563 		+0.1642720304
1.89  		0.1564367280 		+0.2545033386
1.935  		0.4058751785 		+0.1272510664
1.98  		0.4092858814 		+0.0261840187
2.025  		0.2757289948 		-0.0980055212
2.07  		0.0900626333 		-0.0513842277
2.115  		0.0785844379 		-0.0407008643
2.16  		0.0264999408 		-0.0271451178
2.205  		-0.0111443853 		+0.0256460727
2.25  		-0.0466615035 		+0.0434960990
2.295  		-0.0598622377 		+0.0540830727
2.34  		-0.0456791227 		-0.0036483559
2.385  		-0.0197950975 		-0.0086987527
2.43  		-0.0023878010 		-0.0035096467
2.475  		0.0007020003 		+0.0005037443
2.52  		-0.0002323194 		+0.0010447550
2.565  		-0.0002961264 		+0.0000717821
2.61  		-0.0005783498 		-0.0011921966
2.655  		-0.0013449693 		-0.0005323189
2.7  		-0.0015806537 		-0.0001257470
2.745  		-0.0006971023 		+0.0000912172
2.79  		-0.0008342125 		-0.0004230381
2.835  		0.0001556230 		+0.0000023779
2.88  		-0.0004727370 		+0.0001736987
2.925  		0.0000497122 		+0.0003348853
2.97  		-0.0004864515 		+0.0006348798
3.015  		-0.0012775294 		-0.0003358860
3.06  		-0.0009935735 		-0.0020505436
3.105  		-0.0018527143 		-0.0029621358
3.15  		0.0052797700 		-0.0008853123
3.195  		-0.0030141310 		+0.0232054725
3.24  		0.0068073182 		+0.0411575789
3.285  		0.0010847373 		+0.0344082407
3.33  		0.0120814604 		+0.0128647123
3.375  		0.0068436941 		-0.0006952937
3.42  		0.0018202122 		-0.0014866709
3.465  		-0.0001326236 		+0.0001146794
3.51  		0.0006076326 		+0.0002052107
3.555  		0.0004695439 		-0.0001133867
3.6  		0.0000040056 		+0.0007170137
3.645  		-0.0009509537 		+0.0014176629
3.69  		-0.0008239274 		+0.0019587160
3.735  		0.0010960745 		+0.0024305138
3.78  		0.0021023912 		+0.0033713283
3.825  		0.0007665165 		+0.0042537306
3.87  		-0.0004473998 		+0.0032751586
3.915  		-0.0009467517 		+0.0009999139
3.96  		0.0000016240 		-0.0005009322
4.005  		0.0005340966 		-0.0003656759
4.05  		0.0011958136 		+0.0000733257
4.095  		0.0019935215 		+0.0005313698
4.14  		0.0025427469 		+0.0029498516
4.185  		0.0057910375 		+0.0060892097
4.23  		0.0018698387 		+0.0177626847
4.275  		0.0006886203 		+0.0278964966
4.32  		-0.0044040220 		+0.0181930716
4.365  		-0.0196222969 		+0.0056998641
4.41  		-0.0046428082 		+0.0086346330
4.455  		-0.0038389726 		+0.0070711640
