0  		1.0000000001 		+0.0000000000
0.045  		0.9969900544 		+0.0250527666
0.09  		0.9527848082 		-0.1381254069
0.135  		0.0521993760 		+0.1628360157
0.18  		-0.2642812974 		-0.1688637301
0.225  		0.6778641923 		-0.0112541644
0.27  		0.1577999663 		+0.0158613329
0.315  		0.5825170762 		+0.4163939372
0.36  		0.3052683499 		-0.1582705720
0.405  		0.6335258745 		+0.5334330817
0.45  		-0.5241511705 		-0.1261082776
0.495  		0.4069061508 		+0.0760905963
0.54  		0.5625957594 		+0.1424479119
0.585  		0.3339703754 		+0.0934815130
0.63  		0.2512319484 		-0.0300090509
0.675  		0.3090436287 		+0.0731756798
0.72  		-0.0325935163 		-0.0544156996
0.765  		-0.1878339592 		+0.0099196467
0.81  		0.2441821148 		-0.1043506476
0.855  		-0.0964290072 		+0.0177527057
0.9  		-0.0983599839 		+0.3232926447
0.945  		-0.0418894431 		+0.0578407086
0.99  		0.2505549248 		+0.0329071038
1.035  		0.0153233190 		-0.0025577364
1.08  		0.0967004957 		+0.0430716274
1.125  		-0.1932046830 		+0.0829352845
1.17  		-0.0129106244 		+0.0110843570
1.215  		0.0036350155 		-0.0037158215
1.26  		0.0697363124 		+0.0252499821
1.305  		0.0655049767 		-0.0652463263
1.35  		0.1559615341 		+0.0242463082
1.395  		0.1379820415 		-0.0143595776
1.44  		0.0870439394 		+0.0230433498
1.485  		-0.0110443557 		-0.0092886660
1.53  		-0.0226526015 		-0.0224246037
1.575  		-0.0049375168 		-0.0293132436
1.62  		-0.0052483481 		-0.0106313773
1.665  		0.0122358113 		+0.0027812774
1.71  		0.0448981907 		+0.0037019486
1.755  		0.0498100493 		+0.0234495956
1.8  		0.0588662358 		+0.0305343946
1.845  		0.0505469999 		-0.0080235967
1.89  		0.0216721434 		+0.0088962426
1.935  		0.0031313186 		+0.0029791767
1.98  		-0.0000958095 		+0.0019372973
2.025  		0.0182299645 		-0.0246584512
2.07  		-0.0036187541 		+0.0170661689
2.115  		0.0194608770 		+0.0016954843
2.16  		0.0260839319 		-0.0044336850
2.205  		-0.0064853686 		+0.0112337230
2.25  		0.0074040012 		-0.0000183801
2.295  		0.0782880318 		-0.0283125924
2.34  		0.1201242922 		+0.0057061516
2.385  		0.1674455021 		+0.1130377478
2.43  		0.0848740439 		-0.1048584451
2.475  		0.1379503645 		-0.0318691869
2.52  		0.0602791616 		+0.0450641962
2.565  		-0.0184755367 		+0.0082458697
2.61  		0.0092187381 		-0.0284944389
2.655  		0.0017988043 		+0.0179311321
2.7  		0.0186925132 		+0.0036573352
2.745  		0.0098263530 		-0.0018093553
2.79  		-0.0056491888 		-0.0381962832
2.835  		0.0269561855 		-0.0253434586
2.88  		0.0057634681 		-0.0144676799
2.925  		-0.0067685967 		+0.0057867656
2.97  		0.0342367005 		+0.0654735679
3.015  		0.0521692316 		+0.0982871034
3.06  		0.0446513139 		+0.0851751970
3.105  		-0.0357460713 		+0.0281855362
3.15  		-0.1081179031 		-0.1205698323
3.195  		0.0359749156 		+0.0994510193
3.24  		0.0912447883 		+0.0317738395
3.285  		0.0360633136 		+0.0068776675
3.33  		0.0017451928 		-0.0038522097
3.375  		0.0021144900 		-0.0019390928
3.42  		-0.0103109312 		-0.0002268978
3.465  		0.0011302885 		-0.0011158800
3.51  		0.0106710876 		-0.0175276206
3.555  		0.0055720731 		-0.0026417404
3.6  		0.0026347746 		-0.0087312089
3.645  		-0.0026151351 		-0.0082653905
3.69  		0.0053463155 		-0.0025235349
3.735  		-0.0029130743 		-0.0068264838
3.78  		-0.0005293101 		-0.0042963614
3.825  		0.0003853206 		+0.0003474094
3.87  		0.0000171043 		+0.0000543515
3.915  		-0.0000405405 		-0.0001511311
3.96  		0.0000044997 		+0.0000055373
4.005  		-0.0000709977 		+0.0000170050
4.05  		-0.0000146502 		+0.0000405749
4.095  		-0.0000838432 		-0.0011777358
4.14  		-0.0004403519 		-0.0034277654
4.185  		-0.0001147317 		-0.0035701045
4.23  		-0.0011249879 		-0.0010826696
4.275  		-0.0001870700 		+0.0002868819
4.32  		-0.0000041739 		+0.0000043360
4.365  		0.0000457230 		+0.0001076673
4.41  		0.0007560055 		-0.0004913719
4.455  		0.0002903111 		+0.0002451838
