0  		1.0000000000 		-0.0000000000
0.045  		0.9996904561 		+0.0042161950
0.09  		0.9979128737 		+0.0130320662
0.135  		0.8556583284 		-0.0214148850
0.18  		0.9407860015 		-0.1148172207
0.225  		0.7726143382 		-0.2269489766
0.27  		0.8496240239 		+0.3050035667
0.315  		-0.1158592789 		-0.5160540042
0.36  		0.3679521395 		-0.4321931638
0.405  		0.2958995767 		+0.0570940723
0.45  		0.5702099191 		+0.3441598823
0.495  		0.5822007079 		+0.0481528328
0.54  		0.8149438266 		-0.2717615871
0.585  		0.6718525116 		-0.1489264201
0.63  		0.4303749824 		-0.0585128997
0.675  		0.2567627230 		+0.0879269346
0.72  		0.1855641355 		+0.1705108152
0.765  		0.0919202932 		+0.0646528753
0.81  		-0.0028892045 		+0.0075373695
0.855  		-0.0872043737 		+0.0534591617
0.9  		0.1441044568 		-0.1896170406
0.945  		0.4851642861 		+0.1049250143
0.99  		-0.2972061570 		+0.2956661634
1.035  		0.1811353280 		-0.1128851821
1.08  		0.3960778106 		+0.3219333384
1.125  		0.5231610552 		-0.0404200669
1.17  		0.0395407027 		-0.0511341261
1.215  		0.3573707014 		+0.1262747026
1.26  		0.5015393143 		-0.0890734528
1.305  		0.3443412995 		-0.3089625270
1.35  		0.3694892704 		-0.0872466815
1.395  		0.5682681110 		+0.0027241200
1.44  		-0.3691163229 		-0.0476170912
1.485  		0.3270396637 		+0.0652169234
1.53  		0.3911131670 		+0.2516329525
1.575  		0.3002612961 		+0.0764149649
1.62  		0.1463243554 		-0.0724894758
1.665  		-0.0691744979 		-0.0005615491
1.71  		-0.1194814703 		+0.0731314626
1.755  		0.0647648827 		-0.1954957261
1.8  		0.1406862830 		-0.1611356079
1.845  		0.2973454722 		-0.1474737542
1.89  		0.2921170220 		-0.0652934735
1.935  		-0.0473347546 		+0.0308997589
1.98  		0.0783987262 		+0.0207502190
2.025  		0.0780432512 		-0.0475256332
2.07  		0.0082765223 		+0.0060418054
2.115  		0.0296664159 		-0.0121667227
2.16  		-0.0038438016 		-0.0740157796
2.205  		-0.0005672622 		+0.0493676561
2.25  		-0.0193341665 		+0.0650634340
2.295  		-0.0163700231 		-0.0089471648
2.34  		0.0041036232 		-0.0030934718
2.385  		0.0023130012 		+0.0030555910
2.43  		-0.0040299753 		+0.0249267838
2.475  		0.0713707583 		-0.0506696408
2.52  		-0.0473641327 		-0.0114809308
2.565  		-0.0297409573 		+0.0150056307
2.61  		-0.0110581301 		-0.0291581392
2.655  		0.0710070139 		-0.0398373758
2.7  		0.0302312273 		-0.0173218307
2.745  		0.0083086871 		-0.0124160539
2.79  		0.0166023619 		-0.0135436560
2.835  		0.0581529769 		+0.0084382519
2.88  		0.1579650223 		+0.0328979935
2.925  		0.2522643621 		-0.0619521107
2.97  		0.0783636426 		+0.1099229204
3.015  		-0.0958417792 		+0.1723715983
3.06  		0.1548597706 		-0.0631236918
3.105  		0.0847885810 		-0.0135831076
3.15  		0.0858004741 		-0.0392018876
3.195  		0.0914391425 		+0.0306159574
3.24  		0.1440306071 		+0.0871283406
3.285  		-0.0932351336 		-0.0232177205
3.33  		0.1943142357 		-0.0049156649
3.375  		0.2270600990 		+0.0362212587
3.42  		0.2148961189 		-0.0039341067
3.465  		0.0506513016 		-0.0037010237
3.51  		-0.0366883958 		+0.0023665195
3.555  		-0.0757098656 		-0.0107603287
3.6  		0.0184191142 		+0.0084878654
3.645  		0.1125536865 		+0.0168347413
3.69  		0.0832560778 		+0.0091802936
3.735  		-0.1152355117 		-0.0447560220
3.78  		0.0726821654 		+0.0045911466
3.825  		0.0085193133 		-0.0010141348
3.87  		0.0044806599 		+0.0017312691
3.915  		0.0068098619 		-0.0018925267
3.96  		-0.0023659023 		-0.0013463867
4.005  		0.0011801890 		+0.0005807042
4.05  		-0.0022566123 		-0.0006217488
4.095  		-0.0000435840 		+0.0003438162
4.14  		-0.0001553526 		-0.0003127440
4.185  		-0.0078216564 		+0.0014994367
4.23  		0.0124095987 		-0.0092388867
4.275  		0.0174992359 		-0.0190362076
4.32  		-0.0119648771 		-0.0076729924
4.365  		-0.0275052543 		-0.0049618531
4.41  		-0.0155378997 		+0.0024701514
4.455  		-0.0063341083 		-0.0021573783
