0  		1.0000000000 		-0.0000000000
0.045  		0.9978008488 		+0.0021140172
0.09  		0.9954886846 		-0.0058529815
0.135  		0.9142917257 		+0.0595606366
0.18  		0.8805452771 		+0.0048221026
0.225  		0.8921276069 		-0.0646706879
0.27  		0.9361079236 		+0.0178294499
0.315  		0.8964870037 		+0.0849346072
0.36  		0.9569533186 		+0.0245715262
0.405  		0.9489091065 		+0.0759659526
0.45  		0.9696635617 		-0.0485926168
0.495  		0.8857872919 		-0.1397847237
0.54  		0.7783016802 		-0.1602550848
0.585  		0.7863162221 		-0.1145631556
0.63  		0.3431053362 		-0.0415745026
0.675  		-0.0112892990 		+0.0422056546
0.72  		-0.0199427340 		+0.0482339104
0.765  		0.3415513426 		-0.1082679030
0.81  		0.5546233679 		+0.0400736906
0.855  		0.3742733753 		-0.0420169104
0.9  		0.2371285749 		-0.0317831674
0.945  		0.1006748903 		+0.0172260688
0.99  		0.1890830991 		+0.0411401786
1.035  		0.1319753457 		+0.0446967088
1.08  		0.0005563805 		+0.0320160844
1.125  		-0.0041605734 		+0.0071527947
1.17  		-0.0088487100 		+0.0081322368
1.215  		0.0885950844 		+0.0578406294
1.26  		0.0868274093 		+0.0782732128
1.305  		0.0015824502 		-0.0401483922
1.35  		0.2058783869 		-0.0933768902
1.395  		0.3116500376 		+0.0046793879
1.44  		0.3876835255 		+0.0979453179
1.485  		0.2177746616 		+0.0284200260
1.53  		0.2578215957 		-0.1410049735
1.575  		0.0184476077 		-0.0002677156
1.62  		0.6408093649 		+0.1687092492
1.665  		0.2835805394 		+0.2086771175
1.71  		0.1707236024 		-0.0012582383
1.755  		0.0369139496 		+0.0281318515
1.8  		-0.0562037470 		+0.0990124732
1.845  		-0.1378508697 		+0.0551295266
1.89  		-0.0819726078 		+0.0335557497
1.935  		-0.0294574479 		+0.0415049549
1.98  		0.0060794798 		-0.0235646921
2.025  		0.0321937237 		-0.0751974390
2.07  		0.0285683930 		-0.1245536010
2.115  		0.1414463002 		-0.1260503689
2.16  		0.1187984860 		-0.0902034361
2.205  		-0.0446013501 		+0.0040749928
2.25  		0.1583512553 		+0.1813199822
2.295  		0.0705339970 		+0.2575208983
2.34  		0.2628036718 		+0.1227967381
2.385  		0.3778534837 		-0.0089192008
2.43  		0.3437051259 		+0.0367948207
2.475  		0.3502657253 		+0.1226417017
2.52  		0.2497606229 		+0.0443826980
2.565  		0.1555237721 		-0.0938476338
2.61  		0.0925655154 		-0.1159419743
2.655  		0.0992322792 		-0.0494473081
2.7  		0.0533906566 		-0.0204377101
2.745  		0.0033146109 		-0.0000430243
2.79  		-0.0007907800 		+0.0012606623
2.835  		-0.0005056939 		-0.0002485651
2.88  		-0.0636535381 		-0.0536017762
2.925  		-0.0244717060 		-0.0279893163
2.97  		0.1147323580 		+0.0198938950
3.015  		0.2122501779 		+0.0986821295
3.06  		0.2169955987 		+0.1369164447
3.105  		0.1983986531 		+0.0975402000
3.15  		0.1649089227 		-0.0230047686
3.195  		0.1435178905 		-0.0781431768
3.24  		0.1097136311 		+0.0039365457
3.285  		0.0292041605 		+0.0394948667
3.33  		0.0108194617 		+0.0176847253
3.375  		-0.0006535417 		-0.0006185756
3.42  		0.0000393803 		+0.0001298286
3.465  		-0.0025601900 		-0.0004113470
3.51  		-0.0033146010 		+0.0072839652
3.555  		-0.0124390783 		+0.0231045243
3.6  		-0.0359179178 		+0.0110985879
3.645  		-0.0386239781 		-0.0151263921
3.69  		-0.0225250596 		-0.0021426582
3.735  		-0.0035961139 		+0.0101588964
3.78  		0.0037634303 		+0.0006587494
3.825  		-0.0014578849 		+0.0003466480
3.87  		-0.0003068021 		+0.0009797423
3.915  		0.0021869576 		-0.0011676090
3.96  		0.0054793216 		+0.0040875125
4.005  		-0.0051434681 		-0.0002585510
4.05  		0.0031597197 		+0.0008131843
4.095  		0.0255253621 		+0.0071464243
4.14  		0.0377346198 		+0.0192947974
4.185  		0.0322062510 		+0.0426951975
4.23  		-0.0036262340 		+0.0370182079
4.275  		-0.0362532383 		+0.0022323019
4.32  		-0.0408529517 		-0.0049685646
4.365  		-0.0259533817 		-0.0044188939
4.41  		0.0079854867 		-0.0155365103
4.455  		0.0408178047 		-0.0306816989
