0  		1.0000000000 		+0.0000000000
0.045  		0.9998885957 		-0.0005801343
0.09  		0.9915128691 		-0.0068938220
0.135  		0.9743092629 		-0.0010058167
0.18  		0.8818959741 		-0.0010542660
0.225  		0.4024839522 		-0.0348475867
0.27  		0.4913631804 		+0.0372155922
0.315  		0.8779435892 		+0.0665338096
0.36  		0.8122325293 		+0.0306206603
0.405  		0.9325158742 		+0.0151950265
0.45  		0.7968042350 		-0.0404666470
0.495  		0.6910193583 		-0.1385324953
0.54  		0.7183656408 		+0.1119308719
0.585  		0.7086627752 		+0.2857720121
0.63  		0.5997924872 		+0.1918171845
0.675  		-0.0626667677 		-0.0773738334
0.72  		-0.3559631955 		-0.1309091816
0.765  		0.0882461738 		+0.0382095980
0.81  		0.6045617180 		+0.0131672938
0.855  		0.4751792117 		+0.0304869184
0.9  		0.6893558136 		+0.0869011275
0.945  		0.8096968614 		-0.0082393408
0.99  		0.6942449865 		+0.0043629879
1.035  		0.7782952560 		+0.1383575523
1.08  		0.5757138299 		-0.1707593531
1.125  		0.5728594083 		-0.2631436295
1.17  		0.5563767916 		-0.4292582825
1.215  		0.6287533001 		-0.1439956437
1.26  		-0.0315564920 		-0.0202524112
1.305  		0.5278765035 		+0.1415445993
1.35  		0.5033061176 		+0.0461254723
1.395  		0.4555963310 		-0.1344884288
1.44  		0.4368276060 		-0.0523762562
1.485  		0.4392048913 		+0.1012708193
1.53  		0.4474407437 		+0.1626886472
1.575  		0.1627881436 		+0.0829940605
1.62  		0.2584152842 		+0.2432682725
1.665  		0.1514823413 		+0.0099289525
1.71  		-0.0629396197 		-0.0089839907
1.755  		0.0770909610 		-0.0054816502
1.8  		-0.0631551918 		+0.0204945634
1.845  		-0.0083834361 		-0.0073955598
1.89  		0.0014329006 		-0.0021897878
1.935  		-0.0000581599 		-0.0000199953
1.98  		0.0003469586 		+0.0005025931
2.025  		0.0001474538 		+0.0000904252
2.07  		0.0003441015 		+0.0001954551
2.115  		-0.0038850750 		-0.0028963504
2.16  		-0.0012853669 		-0.0037439687
2.205  		0.0041220701 		-0.0100066891
2.25  		-0.0024262463 		+0.0037174790
2.295  		-0.0008648699 		-0.0002481850
2.34  		-0.0015947280 		+0.0012334645
2.385  		0.0021143803 		-0.0002188607
2.43  		0.0003479377 		-0.0003693869
2.475  		0.0053899345 		-0.0061360836
2.52  		0.0144022834 		-0.0280354497
2.565  		0.0320313339 		-0.0555540483
2.61  		0.0209840865 		-0.0536370009
2.655  		0.0077185880 		-0.0252837632
2.7  		-0.0020265004 		-0.0046934765
2.745  		-0.0022727812 		+0.0030581741
2.79  		0.0037977957 		-0.0002836678
2.835  		0.0228961342 		-0.0120528481
2.88  		0.0400483162 		-0.0161601810
2.925  		0.0260662129 		-0.0036053971
2.97  		-0.0349022749 		+0.0221341881
3.015  		0.0444820918 		-0.0054187407
3.06  		-0.0617117771 		+0.0348751050
3.105  		-0.0407830684 		+0.0160577543
3.15  		-0.0216296953 		+0.0041523146
3.195  		-0.0054146654 		+0.0002348685
3.24  		0.0018815191 		+0.0006263478
3.285  		-0.0001746747 		-0.0000593122
3.33  		0.0000128588 		-0.0000682337
3.375  		0.0003783048 		-0.0005262778
3.42  		0.0023424050 		-0.0012619529
3.465  		-0.0003068541 		-0.0003767994
3.51  		-0.0032586563 		-0.0009252908
3.555  		-0.0001540183 		+0.0002938396
3.6  		-0.0065741873 		+0.0011075974
3.645  		-0.0154039680 		-0.0045370800
3.69  		-0.0122731367 		+0.0019889449
3.735  		0.0013796764 		-0.0010940529
3.78  		-0.0003236441 		+0.0018817059
3.825  		0.0001906543 		+0.0000596717
3.87  		-0.0004028970 		+0.0005637553
3.915  		0.0007708117 		-0.0001877218
3.96  		0.0007036123 		+0.0007685537
4.005  		0.0007588470 		+0.0008196249
4.05  		0.0008724994 		-0.0001082854
4.095  		0.0005486971 		-0.0021179779
4.14  		-0.0001646848 		-0.0049646756
4.185  		-0.0036764752 		-0.0056052158
4.23  		-0.0023799771 		-0.0037459405
4.275  		-0.0022393265 		-0.0049269146
4.32  		-0.0016281406 		-0.0024689981
4.365  		0.0005430654 		-0.0006944182
4.41  		0.0034393235 		-0.0016679556
4.455  		0.0001633086 		+0.0001700757
