0  		1.0000000001 		-0.0000000000
0.045  		0.9988893997 		-0.0059663704
0.09  		0.9035850680 		+0.0037151457
0.135  		0.9223060550 		-0.0167733712
0.18  		0.8465603244 		+0.0301268027
0.225  		0.1494966508 		+0.0029857385
0.27  		0.6438189635 		+0.1987185669
0.315  		0.8565916742 		-0.0507689023
0.36  		0.1375231073 		+0.0750792197
0.405  		0.5290979556 		+0.1085866152
0.45  		0.5439373099 		-0.1054478222
0.495  		0.6087939937 		+0.0524140619
0.54  		0.3239083196 		+0.2544403544
0.585  		0.0574533642 		-0.0040156919
0.63  		0.2083938919 		-0.0009966856
0.675  		-0.0065099774 		+0.0890140986
0.72  		-0.0127833303 		-0.2394454195
0.765  		0.0207492100 		+0.0392663999
0.81  		0.0959327040 		-0.0000389356
0.855  		0.0037079253 		-0.0090696118
0.9  		0.0188321127 		-0.0010799397
0.945  		0.3238135076 		+0.1640556721
0.99  		0.1123144037 		+0.0517542118
1.035  		0.0787789357 		+0.0130149356
1.08  		0.3354304025 		-0.3067910918
1.125  		0.3404889767 		+0.0727059033
1.17  		0.0762050729 		+0.0301070915
1.215  		0.0904648788 		-0.2246446060
1.26  		0.0289965535 		-0.1302180799
1.305  		0.0670235627 		+0.0125086702
1.35  		0.0834692455 		-0.0499621873
1.395  		0.3769308149 		+0.0747162827
1.44  		0.0031049639 		+0.0023037452
1.485  		0.1179970263 		+0.0503253464
1.53  		-0.0505431591 		-0.0400352895
1.575  		0.4257262964 		-0.0798039285
1.62  		0.1256385045 		-0.0287504994
1.665  		-0.0038511219 		-0.0051185869
1.71  		0.0003502068 		-0.0002949670
1.755  		-0.0270374440 		+0.0025611823
1.8  		0.0111241396 		-0.0008637069
1.845  		-0.0506096983 		+0.0325398188
1.89  		0.0097790382 		-0.0179671095
1.935  		0.0529883600 		-0.0278337671
1.98  		-0.0002179122 		+0.0004585142
2.025  		-0.0087317948 		-0.0132590729
2.07  		-0.0047622481 		-0.0002379047
2.115  		-0.0025097581 		-0.0734235222
2.16  		0.0034042166 		-0.0444886904
2.205  		0.0452820876 		+0.0155727649
2.25  		-0.0650383730 		-0.0350038775
2.295  		0.1491567910 		+0.0059793039
2.34  		-0.2672451456 		+0.1130863362
2.385  		0.1712305571 		-0.0316118083
2.43  		-0.0079550879 		-0.0047991981
2.475  		0.0262960378 		-0.0059777966
2.52  		-0.0031530869 		-0.0054731625
2.565  		-0.0099719448 		+0.0093622651
2.61  		0.0228429738 		-0.0053674531
2.655  		-0.0016526998 		-0.0020255903
2.7  		0.0030950269 		+0.0023991135
2.745  		-0.0018804464 		-0.0000156783
2.79  		-0.0023080829 		-0.0024683391
2.835  		0.0341546161 		-0.0177178495
2.88  		0.0154681768 		+0.0009269512
2.925  		-0.0017213617 		-0.0101276660
2.97  		0.0103849359 		-0.0007297097
3.015  		-0.0000820700 		-0.0002323492
3.06  		-0.0023766891 		+0.0021357224
3.105  		0.0006703743 		+0.0007527688
3.15  		-0.0012041618 		-0.0005488025
3.195  		-0.0011355259 		-0.0003670432
3.24  		0.0109882941 		+0.0186181195
3.285  		-0.0048059678 		-0.0028145497
3.33  		0.0978522712 		+0.0117469328
3.375  		-0.0461895011 		-0.0150243960
3.42  		0.1449938635 		+0.0259941168
3.465  		-0.0126761078 		+0.0074609792
3.51  		0.0101013671 		+0.0107424576
3.555  		-0.0009533989 		-0.0501636113
3.6  		-0.0474364701 		-0.0282461105
3.645  		0.0660022844 		+0.0355103266
3.69  		0.0404529944 		-0.0216838980
3.735  		-0.0011556377 		+0.0012278031
3.78  		0.0010780458 		-0.0007317533
3.825  		-0.0130648322 		+0.0058455175
3.87  		-0.0230905127 		-0.0013702295
3.915  		-0.0535363686 		+0.0066920184
3.96  		-0.0424401111 		+0.0032545485
4.005  		0.0490214248 		-0.0237195273
4.05  		-0.0000677446 		-0.0001834676
4.095  		0.0380364019 		-0.0558683523
4.14  		-0.0305662775 		-0.0429073014
4.185  		-0.0300782718 		+0.0159773371
4.23  		-0.0248726798 		+0.0081665262
4.275  		-0.0017727706 		-0.0070645902
4.32  		0.0002363405 		+0.0013343451
4.365  		-0.0013780943 		-0.0012630007
4.41  		0.0308526935 		+0.0103310134
4.455  		-0.0114340351 		+0.0118411240
