0  		1.0000000000 		-0.0000000000
0.045  		0.9999892881 		-0.0025507556
0.09  		0.9994552469 		-0.0017546728
0.135  		0.9989355205 		-0.0214317863
0.18  		0.9947583528 		+0.0313705712
0.225  		0.9606176219 		-0.0152437159
0.27  		0.9867290572 		+0.0265633097
0.315  		0.9732562885 		+0.0180622094
0.36  		0.9125284055 		+0.0568625171
0.405  		0.9751085053 		-0.0327935886
0.45  		0.9643691195 		+0.0728777365
0.495  		0.9261096432 		-0.0564638725
0.54  		0.8936978473 		-0.1434590972
0.585  		0.9024995197 		-0.0087099920
0.63  		0.8898322414 		-0.0078371444
0.675  		0.8667177424 		+0.0131869176
0.72  		0.8637922221 		+0.0102559303
0.765  		0.8645005278 		+0.0480803295
0.81  		0.8438944848 		+0.0808221369
0.855  		0.8476854535 		+0.0789426427
0.9  		0.8641640099 		-0.0462159566
0.945  		0.8381486656 		-0.0282415298
0.99  		0.7787771733 		-0.0439829944
1.035  		0.7049953083 		-0.0783031384
1.08  		0.6528292590 		-0.0128351453
1.125  		0.6037153564 		+0.1061042929
1.17  		0.6062629508 		+0.1002042418
1.215  		0.6564905518 		-0.0878073160
1.26  		0.5879944392 		-0.2812817873
1.305  		0.4151975973 		-0.2566444751
1.35  		0.2081568840 		-0.1006651855
1.395  		0.0758636642 		-0.0132501517
1.44  		0.0361525617 		+0.0048251946
1.485  		0.0328637800 		+0.0034184000
1.53  		0.0363351631 		-0.0045868680
1.575  		0.0489511911 		-0.0126897055
1.62  		0.0745092300 		-0.0230445363
1.665  		0.0969544702 		-0.0208385352
1.71  		0.0797400036 		-0.0130405006
1.755  		0.0171457965 		-0.0071116949
1.8  		-0.0807988486 		+0.0183862331
1.845  		-0.1016685370 		+0.0580571486
1.89  		0.0251200363 		+0.0987217525
1.935  		0.2206322416 		+0.1692849465
1.98  		0.3949102925 		+0.1847024447
2.025  		0.4451389698 		+0.0934353447
2.07  		0.2464938914 		-0.0242665798
2.115  		0.1485918572 		-0.0472598587
2.16  		0.1927167510 		-0.0889966024
2.205  		0.1778410908 		-0.1145772216
2.25  		0.1477637649 		-0.0577524851
2.295  		0.1231593202 		+0.0291426379
2.34  		0.0864570927 		+0.0691340625
2.385  		0.0538393410 		+0.0945924970
2.43  		0.0348230851 		+0.1156512716
2.475  		0.0210966721 		+0.1284674553
2.52  		0.0680623033 		+0.1152511624
2.565  		0.1334904444 		+0.0751788358
2.61  		0.1766021498 		+0.0138198485
2.655  		0.2164191034 		-0.0670290486
2.7  		0.2776433374 		-0.0754647373
2.745  		0.3518134545 		+0.0225719151
2.79  		0.3788975946 		+0.0693703865
2.835  		0.3230965487 		+0.0988556129
2.88  		0.1995103908 		+0.0489222112
2.925  		0.1198666738 		+0.0443038019
2.97  		0.0603527064 		+0.0129589686
3.015  		-0.0087470764 		-0.0179043666
3.06  		-0.0765612166 		-0.0179078415
3.105  		-0.1185788881 		+0.0012361644
3.15  		-0.1421665890 		+0.0196460051
3.195  		-0.1252245515 		+0.0083548142
3.24  		-0.1158062807 		-0.0105041788
3.285  		-0.1094779131 		-0.0217951046
3.33  		-0.0870083085 		+0.0017004137
3.375  		-0.0534593644 		+0.0055257346
3.42  		-0.0110688116 		-0.0066328653
3.465  		0.0018263861 		-0.0022673107
3.51  		-0.0123846479 		+0.0012186540
3.555  		0.0278437572 		+0.0075552789
3.6  		0.0430906549 		+0.0438815379
3.645  		0.0065280954 		+0.0416457720
3.69  		-0.0275013346 		+0.0209246133
3.735  		-0.0667783088 		-0.0170824784
3.78  		-0.0986205190 		-0.0405143153
3.825  		-0.1070021076 		-0.0926459303
3.87  		-0.0946764063 		-0.1423171301
3.915  		-0.0979487105 		-0.1741349152
3.96  		-0.1277777742 		-0.1874035664
4.005  		-0.1713388167 		-0.1758837409
4.05  		-0.2080880153 		-0.1300079291
4.095  		-0.2046739982 		-0.0852377311
4.14  		-0.1663851182 		-0.0424841108
4.185  		-0.1204416732 		+0.0632630442
4.23  		-0.0593762484 		+0.1310894235
4.275  		0.0268628619 		+0.1341248478
4.32  		0.0552724894 		+0.0994062023
4.365  		0.0660055273 		+0.0925009812
4.41  		0.0807894381 		+0.1209556901
4.455  		0.0954836324 		+0.1289769604
