0  		1.0000000000 		-0.0000000000
0.045  		0.9987928124 		-0.0225449292
0.09  		0.9416088435 		+0.0488374346
0.135  		0.7133274715 		-0.3565772860
0.18  		-0.3043788138 		+0.1641344732
0.225  		0.8052097514 		-0.1035295523
0.27  		0.3437945417 		+0.0749441641
0.315  		0.0089014518 		+0.0097114610
0.36  		0.4959633502 		+0.2825451284
0.405  		0.5147728771 		-0.0289428418
0.45  		0.3771689473 		-0.2750449410
0.495  		0.6474848920 		+0.1915310820
0.54  		0.4333540393 		+0.2465149904
0.585  		0.3061850561 		-0.7118222459
0.63  		0.2994273030 		+0.0429639538
0.675  		0.4608832446 		-0.1718765358
0.72  		-0.0986630845 		+0.2300139273
0.765  		0.0730045509 		-0.0902993199
0.81  		0.2034924144 		-0.2087952044
0.855  		0.6026242333 		+0.2421822677
0.9  		0.0952413603 		+0.1762883970
0.945  		0.1510963032 		-0.0390387247
0.99  		0.3726114111 		-0.2388907978
1.035  		0.3609359718 		-0.1105399867
1.08  		-0.0202709550 		+0.0717140282
1.125  		-0.0204195279 		+0.0129659446
1.17  		0.0761789561 		-0.0123872914
1.215  		-0.0210936696 		+0.0122870544
1.26  		-0.0257110943 		+0.0422502201
1.305  		0.0137353249 		+0.0016792179
1.35  		0.0098249991 		+0.0430296833
1.395  		0.0108635432 		+0.0037666838
1.44  		0.0011657070 		+0.0181359200
1.485  		0.0200919133 		-0.0019011202
1.53  		0.0105205778 		-0.0143498137
1.575  		-0.0110854143 		-0.0038717146
1.62  		-0.0084709021 		-0.0077847821
1.665  		0.1337462273 		+0.0047236341
1.71  		0.0176054933 		-0.1133032554
1.755  		0.0063492078 		-0.0511793255
1.8  		0.1023615464 		-0.0310918173
1.845  		0.0009941363 		-0.1474736440
1.89  		0.0010074464 		-0.0134837109
1.935  		0.0474985062 		+0.0188190066
1.98  		0.0826684318 		+0.0116515301
2.025  		0.0669253300 		+0.0199125042
2.07  		0.0360312568 		+0.0189617473
2.115  		0.0848452057 		-0.0579985957
2.16  		0.0562259896 		-0.0019800333
2.205  		0.0374826766 		+0.0074368169
2.25  		0.0157815560 		+0.0017081533
2.295  		0.0025446372 		+0.0280233984
2.34  		-0.0069203376 		+0.0053168656
2.385  		0.0043806217 		-0.0062284054
2.43  		0.0068517732 		-0.0078487584
2.475  		0.0095845788 		+0.0061142536
2.52  		0.0075411015 		+0.0150243608
2.565  		0.0273341034 		-0.0063936019
2.61  		0.0068942642 		-0.0051339926
2.655  		-0.0040829803 		+0.0007054601
2.7  		0.0155320779 		-0.0196422479
2.745  		0.0173045837 		-0.0179778658
2.79  		0.0199089182 		-0.0255687385
2.835  		0.0651875699 		-0.0313693376
2.88  		0.0152888702 		-0.0194180663
2.925  		0.0065855884 		-0.0839502879
2.97  		0.0165742168 		-0.0386809474
3.015  		0.0564596183 		-0.0114485690
3.06  		0.0350365935 		+0.0015161875
3.105  		0.0008656008 		-0.0000720590
3.15  		-0.0030792233 		-0.0036009928
3.195  		-0.0045266855 		+0.0029668966
3.24  		-0.0003319973 		+0.0072331323
3.285  		-0.0048317885 		+0.0053190240
3.33  		-0.0001430411 		-0.0001643277
3.375  		0.0004843593 		+0.0009351062
3.42  		-0.0002702541 		-0.0001264821
3.465  		-0.0000275054 		-0.0001427852
3.51  		-0.0000010963 		-0.0000030658
3.555  		-0.0000283210 		-0.0001298702
3.6  		0.0002088177 		-0.0001715651
3.645  		-0.0002583004 		+0.0001916040
3.69  		-0.0000413804 		-0.0000213833
3.735  		-0.0001223906 		-0.0000319646
3.78  		-0.0000267778 		+0.0002063790
3.825  		-0.0003748371 		-0.0002577418
3.87  		-0.0003790280 		-0.0006797264
3.915  		-0.0001669194 		-0.0001559024
3.96  		0.0000270745 		-0.0000706735
4.005  		0.0000353201 		+0.0000159799
4.05  		-0.0000761987 		+0.0000403164
4.095  		0.0003748266 		-0.0000406594
4.14  		-0.0002679540 		-0.0001319339
4.185  		-0.0004005951 		+0.0000415841
4.23  		0.0004566823 		+0.0000781591
4.275  		-0.0000139286 		+0.0000096229
4.32  		-0.0000416711 		+0.0000091283
4.365  		-0.0004698878 		-0.0001043949
4.41  		-0.0006583820 		+0.0003965649
4.455  		-0.0000616815 		+0.0002589235
