0  		1.0000000000 		-0.0000000000
0.045  		0.9999930096 		+0.0002173123
0.09  		0.9998110993 		-0.0098539233
0.135  		0.9957989187 		-0.0008148150
0.18  		0.9971672136 		-0.0000886757
0.225  		0.9906585777 		+0.0088018461
0.27  		0.9663107632 		-0.0124269700
0.315  		0.9696088459 		-0.0150288896
0.36  		0.8885640166 		+0.0920775495
0.405  		0.9177764608 		-0.0214199156
0.45  		0.8835218262 		+0.0008323365
0.495  		0.8461237365 		-0.0362346781
0.54  		0.7631281099 		+0.0088784857
0.585  		0.5624609180 		-0.0062879963
0.63  		0.2600316187 		-0.2147164403
0.675  		0.0310935434 		-0.1093484081
0.72  		0.0383242991 		-0.0938325872
0.765  		0.3145494035 		-0.2966881071
0.81  		0.3148871041 		-0.4316563771
0.855  		0.4197725052 		-0.0161741340
0.9  		0.6693265675 		+0.1894755283
0.945  		0.7687496705 		-0.0245968822
0.99  		0.6794272088 		+0.1580679109
1.035  		0.7575207420 		+0.3036712511
1.08  		0.7974290699 		+0.0142132417
1.125  		0.7749227598 		+0.1688082586
1.17  		0.7957816889 		+0.0617015847
1.215  		0.6897876837 		-0.1140813027
1.26  		0.6179038157 		-0.1033811875
1.305  		0.4835353846 		-0.1703340975
1.35  		0.3386344035 		-0.2418721667
1.395  		0.2188497099 		-0.2656562077
1.44  		0.2194502172 		-0.1783823153
1.485  		0.1997973045 		-0.1594460368
1.53  		0.2235112373 		-0.0541440257
1.575  		0.2178652740 		-0.0034305334
1.62  		0.1913228059 		-0.0365042283
1.665  		0.1605360106 		+0.0001954428
1.71  		0.1306801476 		+0.0081658451
1.755  		0.0699756971 		-0.0019712766
1.8  		-0.0058847350 		+0.0004027231
1.845  		-0.0410931629 		-0.0198514104
1.89  		-0.0189022268 		-0.0232750689
1.935  		-0.0037446985 		-0.0118187642
1.98  		-0.0002648258 		-0.0024618880
2.025  		0.0000216434 		+0.0000360269
2.07  		-0.0003108675 		+0.0005111020
2.115  		0.0004278896 		+0.0011184019
2.16  		0.0006718688 		+0.0000678835
2.205  		-0.0004911124 		+0.0005212471
2.25  		0.0007051797 		+0.0007395319
2.295  		0.0025509786 		-0.0016034753
2.34  		0.0012338457 		+0.0008193362
2.385  		0.0000082458 		-0.0000791409
2.43  		0.0006763335 		+0.0007557728
2.475  		-0.0017976696 		+0.0018946284
2.52  		0.0003239099 		-0.0044491288
2.565  		0.0035224211 		+0.0062296669
2.61  		-0.0355381758 		+0.0019110495
2.655  		-0.0619225671 		-0.0740124866
2.7  		-0.0299797755 		-0.1411542113
2.745  		0.0313062606 		-0.1373161583
2.79  		0.0348110278 		-0.1001855509
2.835  		0.0208272356 		-0.0745425735
2.88  		0.0310872911 		-0.0586765875
2.925  		0.0613223801 		-0.0363300398
2.97  		0.0987406318 		+0.0230841878
3.015  		0.1048843134 		+0.1072337847
3.06  		0.0680072349 		+0.1933421957
3.105  		-0.0473884781 		+0.2243679057
3.15  		-0.0815231086 		+0.1473984426
3.195  		-0.0718578040 		+0.0707143148
3.24  		-0.0565618211 		+0.0212515450
3.285  		-0.0331276685 		+0.0129712818
3.33  		-0.0289130774 		+0.0108833340
3.375  		-0.0192973426 		+0.0145459362
3.42  		-0.0093540830 		+0.0094893990
3.465  		-0.0057487048 		+0.0088014146
3.51  		-0.0032746321 		+0.0100849196
3.555  		-0.0060540504 		+0.0061426332
3.6  		-0.0070351260 		-0.0010104419
3.645  		-0.0034734287 		-0.0047571629
3.69  		0.0008932704 		-0.0033765594
3.735  		0.0014466387 		+0.0001942427
3.78  		-0.0012028607 		+0.0011800743
3.825  		-0.0052190856 		-0.0031038054
3.87  		0.0012872821 		-0.0169635290
3.915  		0.0064696943 		-0.0246422784
3.96  		0.0022736266 		-0.0280676535
4.005  		0.0056409940 		-0.0058705392
4.05  		0.0009733857 		+0.0010458439
4.095  		-0.0010115021 		+0.0006713104
4.14  		-0.0003151054 		+0.0004337124
4.185  		0.0015809092 		+0.0046348062
4.23  		-0.0006466157 		+0.0116411921
4.275  		-0.0090741557 		+0.0094802458
4.32  		-0.0097855109 		+0.0020782856
4.365  		-0.0069218870 		+0.0016532651
4.41  		-0.0098623978 		+0.0069872703
4.455  		-0.0221603991 		+0.0131175863
