0  		1.0000000000 		+0.0000000000
0.045  		0.9984450826 		+0.0019365568
0.09  		0.9685452332 		+0.0291266598
0.135  		-0.0674576522 		-0.1551059132
0.18  		0.5881001693 		-0.1930222539
0.225  		0.0297441026 		+0.2036564579
0.27  		0.5247419209 		+0.2460581717
0.315  		0.3647378063 		+0.4760101790
0.36  		0.6051919002 		+0.2440858722
0.405  		-0.3492005072 		-0.3110615972
0.45  		-0.2273804100 		+0.0786519651
0.495  		0.2772050895 		-0.0753337789
0.54  		0.1953569466 		-0.0890506450
0.585  		0.4036222955 		-0.2744927136
0.63  		0.5694475542 		-0.3951374142
0.675  		0.2872220908 		+0.2887993097
0.72  		-0.1692735103 		-0.2406919297
0.765  		0.2878494208 		-0.0088299175
0.81  		0.0155871506 		+0.0475130941
0.855  		0.2592295690 		+0.0139760048
0.9  		0.1943213528 		+0.0121871970
0.945  		0.3001027666 		-0.1587579619
0.99  		0.6599601175 		-0.0037193813
1.035  		0.3046124096 		-0.5174303971
1.08  		0.5539144871 		-0.1968232968
1.125  		0.0490655276 		-0.3658147201
1.17  		-0.1334790393 		+0.1331663602
1.215  		-0.0239771995 		+0.0025385768
1.26  		-0.0784607202 		+0.0350177117
1.305  		-0.0533556938 		+0.0086917791
1.35  		-0.0122516293 		-0.0057600372
1.395  		0.0202915856 		-0.0011651231
1.44  		0.2034560335 		-0.0285892547
1.485  		-0.1511685854 		-0.0980222718
1.53  		0.1965490864 		+0.1856490689
1.575  		0.3265098338 		-0.1987551328
1.62  		0.2369939677 		-0.2761136681
1.665  		-0.4264053178 		-0.1816104058
1.71  		0.5273431764 		-0.0875849610
1.755  		0.3238828901 		-0.0645672537
1.8  		0.6154798683 		+0.0870043586
1.845  		0.6168833563 		+0.1175889720
1.89  		0.5442584325 		+0.1374902583
1.935  		0.4493881756 		+0.0082970123
1.98  		0.2750828821 		-0.0101176694
2.025  		0.1277012245 		+0.0715999160
2.07  		-0.0756082956 		+0.0481481975
2.115  		0.0414058344 		-0.0325902238
2.16  		0.0472798450 		+0.0026689077
2.205  		0.1703398816 		+0.0261993156
2.25  		0.2094525995 		-0.0065067996
2.295  		-0.2247332936 		-0.0647313622
2.34  		-0.1602319146 		-0.1042050549
2.385  		0.4452882743 		+0.1457154169
2.43  		0.0733503117 		+0.3862903018
2.475  		0.1281582000 		+0.0612612127
2.52  		-0.1294936100 		+0.1175319457
2.565  		-0.0264107186 		+0.0441158432
2.61  		-0.0364101247 		-0.0563991311
2.655  		-0.1524401840 		-0.0078254260
2.7  		-0.1527287932 		+0.0998079800
2.745  		-0.0013011952 		+0.2064825806
2.79  		0.1626871858 		+0.1813219941
2.835  		-0.0814881629 		+0.1532463647
2.88  		0.0839978942 		+0.1420083541
2.925  		0.0779142644 		+0.0884619546
2.97  		-0.2561143138 		+0.2051065644
3.015  		0.3226355697 		-0.0109569607
3.06  		-0.2695832671 		-0.0495432346
3.105  		0.1098044570 		-0.0138569696
3.15  		0.0591682551 		-0.3368202208
3.195  		0.1337695362 		-0.3663533506
3.24  		0.1334204581 		-0.1385390215
3.285  		0.1151894549 		-0.0317614208
3.33  		0.0778993697 		+0.0206300884
3.375  		0.0220381847 		-0.0145234042
3.42  		-0.0137048694 		+0.0256328629
3.465  		-0.0202496340 		+0.0038164361
3.51  		0.0857332327 		+0.1767851774
3.555  		0.1262569170 		-0.1799099128
3.6  		-0.0161309909 		-0.1777451996
3.645  		-0.0193674811 		+0.0301217315
3.69  		0.0811095133 		-0.0644321432
3.735  		0.1894135321 		-0.0335672848
3.78  		0.2873285446 		+0.0952916363
3.825  		0.2434120536 		+0.1434092085
3.87  		0.0418546202 		+0.0709864852
3.915  		0.0136792786 		+0.0251955922
3.96  		0.0008951400 		-0.0255106749
4.005  		-0.0443790214 		-0.0077517453
4.05  		0.0057953222 		-0.0089022675
4.095  		-0.0002646457 		-0.0000691674
4.14  		-0.0060459608 		+0.0030855407
4.185  		0.0147086454 		-0.0123763298
4.23  		0.0004618234 		+0.0008264127
4.275  		0.0000868617 		-0.0000259182
4.32  		-0.0078414577 		+0.0015314334
4.365  		0.0007992432 		+0.0000017233
4.41  		0.0095360539 		+0.0107357905
4.455  		0.0073512260 		+0.0203245568
