0  		1.0000000000 		+0.0000000000
0.045  		0.9999779627 		+0.0038202112
0.09  		0.9998212626 		+0.0010971757
0.135  		0.9991321989 		+0.0219176619
0.18  		0.9954473393 		-0.0014171245
0.225  		0.9909236753 		-0.0268004131
0.27  		0.9808334932 		+0.1150857575
0.315  		0.9792297521 		+0.0024246038
0.36  		0.9607896752 		+0.0231470856
0.405  		0.7849747032 		+0.3455029916
0.45  		0.8176794128 		+0.0103331422
0.495  		0.8709826392 		-0.0262173390
0.54  		0.9503080333 		-0.0021466759
0.585  		0.9413071328 		+0.0509649179
0.63  		0.7988189137 		+0.0179239194
0.675  		0.6776936774 		-0.1604010833
0.72  		0.7360232467 		+0.0143714798
0.765  		0.4009147736 		+0.0495847140
0.81  		-0.4340353574 		+0.1325621875
0.855  		-0.7302784493 		+0.0857500664
0.9  		0.0056791648 		+0.0136886522
0.945  		0.5528342680 		+0.0615130626
0.99  		0.4380562552 		-0.0325633956
1.035  		0.3327101435 		-0.0788337425
1.08  		0.4218086458 		-0.1800403402
1.125  		0.5790854043 		-0.0186821244
1.17  		0.5431187717 		+0.1923288369
1.215  		0.4972401067 		+0.0852960054
1.26  		0.3270226450 		+0.0259719767
1.305  		0.1381589903 		-0.0331586073
1.35  		0.0337055554 		-0.0036270461
1.395  		0.0764664772 		-0.0031692074
1.44  		0.2833177931 		-0.0037897097
1.485  		0.4006087676 		+0.0045737891
1.53  		0.2922193123 		-0.1568347037
1.575  		0.1240467012 		-0.0678962190
1.62  		0.0256243773 		-0.0134027624
1.665  		0.0206033353 		-0.0078780559
1.71  		0.0497792829 		-0.0117169699
1.755  		0.1148567945 		+0.0069205613
1.8  		0.2212764900 		+0.1198974254
1.845  		0.3291657721 		+0.2520948601
1.89  		0.4398204204 		+0.1841534946
1.935  		0.4647383918 		+0.0320407335
1.98  		0.3207534904 		-0.0193746010
2.025  		0.0705077086 		-0.0039414706
2.07  		0.0195425293 		-0.0017864418
2.115  		0.0587762837 		+0.0504215918
2.16  		0.0384373396 		+0.0591717109
2.205  		0.0156892946 		+0.0198693033
2.25  		0.0272033169 		+0.0020019058
2.295  		0.0521038703 		-0.0253281517
2.34  		0.0164235086 		-0.0415457047
2.385  		0.0004130212 		+0.0005999676
2.43  		-0.0112171035 		+0.0038793261
2.475  		-0.0092513780 		-0.0017530914
2.52  		0.0042978935 		+0.0001934071
2.565  		-0.0417810470 		-0.0302112377
2.61  		-0.0966755687 		-0.0308678301
2.655  		-0.0220398970 		-0.0533948805
2.7  		-0.0268181483 		+0.0064117231
2.745  		-0.1298964162 		+0.0836726179
2.79  		-0.1765232626 		+0.0692631246
2.835  		-0.0578336320 		+0.0175716216
2.88  		0.0083565314 		+0.0009350660
2.925  		0.0120391548 		+0.0039299122
2.97  		0.0062477762 		+0.0054744166
3.015  		0.0031317123 		+0.0081113086
3.06  		-0.0002802011 		+0.0109995985
3.105  		-0.0004261515 		+0.0062698359
3.15  		-0.0016274317 		+0.0005298661
3.195  		-0.0015991198 		-0.0005602740
3.24  		-0.0028595949 		+0.0009797134
3.285  		-0.0051823308 		+0.0031096467
3.33  		-0.0070415429 		+0.0054256609
3.375  		-0.0047458906 		+0.0057271506
3.42  		0.0022426137 		+0.0006700268
3.465  		-0.0023769384 		+0.0043967351
3.51  		-0.0001370029 		+0.0096448519
3.555  		0.0044946970 		+0.0010703353
3.6  		0.0003224773 		+0.0004053243
3.645  		0.0029242332 		+0.0065543230
3.69  		0.0012522093 		+0.0105460481
3.735  		0.0007362052 		+0.0105389035
3.78  		0.0009727102 		+0.0057036021
3.825  		0.0026258285 		+0.0024131188
3.87  		0.0106176250 		+0.0027742285
3.915  		0.0173399819 		-0.0074250418
3.96  		0.0054463277 		-0.0089209636
4.005  		-0.0017132581 		+0.0054630900
4.05  		0.0038074847 		-0.0033192175
4.095  		0.0013083652 		-0.0248566362
4.14  		-0.0006200892 		-0.0158092727
4.185  		-0.0056798265 		+0.0041343822
4.23  		-0.0045564131 		+0.0143551481
4.275  		-0.0000524441 		+0.0105558619
4.32  		0.0031194927 		+0.0030388805
4.365  		0.0035508561 		+0.0014849880
4.41  		0.0027157355 		+0.0017168382
4.455  		0.0000821722 		+0.0020329025
