0  		1.0000000001 		+0.0000000000
0.045  		0.9999494003 		-0.0058934410
0.09  		0.9976087507 		-0.0225160563
0.135  		0.9851809090 		+0.0366734134
0.18  		0.9554560064 		+0.1443334944
0.225  		0.9191449992 		-0.2356363668
0.27  		0.2932090445 		-0.0544797340
0.315  		0.3740449515 		-0.8178799657
0.36  		-0.5756771134 		-0.4125544082
0.405  		0.7439878057 		-0.0584637840
0.45  		0.3834579010 		+0.5550338585
0.495  		0.1359456701 		+0.0056592312
0.54  		0.4585662711 		-0.4518625215
0.585  		0.6708034434 		-0.3914254920
0.63  		0.8235697344 		+0.0815863526
0.675  		0.1257501159 		+0.5734774915
0.72  		0.0970880748 		+0.1063299656
0.765  		0.1300929932 		-0.3600317008
0.81  		0.4687483048 		-0.4499753298
0.855  		0.0796676597 		+0.0582021755
0.9  		0.2352402493 		+0.2672041653
0.945  		0.3495324734 		-0.1403374853
0.99  		-0.0646977877 		+0.0486639117
1.035  		0.4723138437 		+0.3790616532
1.08  		0.4914163175 		-0.0888503373
1.125  		0.2344090417 		-0.2450805694
1.17  		0.0898937284 		-0.0642264674
1.215  		0.1494236548 		+0.2303488929
1.26  		0.2310368608 		-0.0630941167
1.305  		-0.0557141467 		-0.2440366270
1.35  		0.0101149508 		-0.1995002749
1.395  		0.2453073870 		-0.1072017166
1.44  		0.2262340382 		-0.0287594049
1.485  		0.3560936075 		-0.1199877711
1.53  		0.1135939053 		+0.1526698356
1.575  		0.1125444842 		-0.2379951534
1.62  		-0.1162210955 		-0.0260623524
1.665  		0.0014118287 		-0.0357933566
1.71  		0.0149536662 		-0.0053380555
1.755  		-0.0318495438 		-0.0117470296
1.8  		0.0343426493 		-0.0431980058
1.845  		0.0468767412 		+0.0804428547
1.89  		-0.0279806234 		+0.0680764406
1.935  		-0.0040925125 		-0.0067574817
1.98  		-0.0294754927 		-0.0273657481
2.025  		0.0063653675 		-0.0906073158
2.07  		0.1078792441 		-0.1079095416
2.115  		0.0457331074 		-0.0035591181
2.16  		-0.0000596152 		+0.0002964860
2.205  		0.0125605715 		-0.0055959996
2.25  		0.0004881549 		+0.0119964374
2.295  		0.1384745098 		-0.1881946793
2.34  		0.1719400193 		-0.0540873366
2.385  		0.2237167696 		+0.0961041628
2.43  		0.2690804698 		-0.0543375683
2.475  		0.1087561522 		-0.1089797137
2.52  		0.0398543303 		+0.0050367747
2.565  		0.0214630300 		+0.0296416957
2.61  		0.0291537492 		+0.0095165533
2.655  		0.0022665471 		-0.0076921865
2.7  		-0.0011363663 		-0.0034530048
2.745  		-0.0102331087 		-0.0095657596
2.79  		-0.0087242801 		-0.0090858823
2.835  		-0.0012438244 		+0.0038574970
2.88  		-0.0014670914 		+0.0002068366
2.925  		-0.0000887932 		-0.0002742028
2.97  		-0.0048477471 		-0.0032484115
3.015  		0.0326740785 		-0.0228858815
3.06  		0.0315573231 		+0.0386878950
3.105  		0.0457770053 		+0.0673686286
3.15  		0.0619807118 		+0.0075860879
3.195  		0.0545964453 		-0.0409877443
3.24  		0.0425317432 		-0.0077066411
3.285  		0.0139969888 		+0.0046996282
3.33  		-0.0127156751 		-0.0137186772
3.375  		0.0024480662 		-0.0041325269
3.42  		-0.0003105281 		+0.0439670194
3.465  		-0.0211168883 		-0.0349233982
3.51  		-0.0290767777 		-0.0086048372
3.555  		-0.0115914258 		+0.0138733853
3.6  		-0.0058686281 		-0.0023957909
3.645  		0.0019550313 		+0.0008396847
3.69  		0.0004495738 		+0.0005689735
3.735  		0.0000135316 		+0.0001757438
3.78  		0.0001389909 		+0.0005402464
3.825  		0.0002118972 		+0.0000847156
3.87  		0.0001641728 		-0.0000190913
3.915  		0.0000346858 		+0.0000259493
3.96  		-0.0000110092 		+0.0000035618
4.005  		0.0000150282 		+0.0000358913
4.05  		0.0000519678 		+0.0003455846
4.095  		0.0004354999 		-0.0000931623
4.14  		0.0001274904 		-0.0003252716
4.185  		0.0017143694 		-0.0021029852
4.23  		-0.0042448560 		+0.0065495268
4.275  		-0.0080428138 		+0.0015580938
4.32  		-0.0084707122 		+0.0053004915
4.365  		-0.0026281637 		+0.0074568421
4.41  		0.0232542180 		+0.0012959557
4.455  		0.0101591244 		-0.0179253206
