0  		1.0000000000 		-0.0000000000
0.045  		0.9997724170 		+0.0042342216
0.09  		0.9891306655 		+0.0051034953
0.135  		0.4563851841 		-0.0205683183
0.18  		0.9157547919 		+0.0223794078
0.225  		0.1917716696 		-0.2038753998
0.27  		0.8700874241 		+0.0610909265
0.315  		0.4661429963 		-0.0067220510
0.36  		0.7703554701 		+0.1578176193
0.405  		0.4030361119 		-0.0501219400
0.45  		0.7521509409 		-0.0246623559
0.495  		0.7778698823 		+0.2496931786
0.54  		0.3751222388 		-0.3523700868
0.585  		0.3235918185 		-0.1350330833
0.63  		0.0613180774 		+0.0775680292
0.675  		0.3639521251 		-0.1226913212
0.72  		0.6866905967 		+0.0885789882
0.765  		0.7271553807 		-0.0853593470
0.81  		0.5408735687 		+0.0555012366
0.855  		0.2479705911 		-0.1235761841
0.9  		-0.1224562461 		-0.0311065220
0.945  		0.3046724780 		-0.1088037584
0.99  		-0.3450659747 		+0.0984187746
1.035  		0.5777101593 		-0.0277954186
1.08  		0.2206283855 		-0.1291910332
1.125  		0.0155959630 		-0.0157786878
1.17  		0.3665833750 		+0.1187622409
1.215  		0.2015854146 		-0.0063602282
1.26  		-0.1053159194 		+0.0049203827
1.305  		0.1991437761 		-0.2385907352
1.35  		0.1498476600 		-0.2226373976
1.395  		0.0974976780 		-0.1172244007
1.44  		0.0655584851 		-0.1260376202
1.485  		-0.0079238103 		-0.0173763051
1.53  		-0.1851767788 		+0.0731379272
1.575  		-0.1155554505 		+0.1531603235
1.62  		-0.0558493610 		+0.0649680148
1.665  		-0.1308969895 		+0.0245606857
1.71  		-0.0212675042 		+0.0686286092
1.755  		0.0009857003 		-0.0052778092
1.8  		0.2660361573 		+0.1413999901
1.845  		0.1541456726 		+0.2149376952
1.89  		-0.0674871787 		+0.1468062449
1.935  		-0.0925076189 		+0.0110493347
1.98  		0.0703974602 		-0.0206185797
2.025  		-0.0258897961 		-0.0246835819
2.07  		0.0048574489 		+0.1624164405
2.115  		0.0213963634 		-0.0061144025
2.16  		0.0334939550 		+0.0203553308
2.205  		-0.0219646231 		+0.0810012501
2.25  		-0.1606381619 		+0.1036580623
2.295  		0.0764321547 		-0.0031554743
2.34  		-0.1513889706 		-0.1030212415
2.385  		0.0062793151 		-0.0343139275
2.43  		-0.0007016633 		-0.0145826286
2.475  		-0.0078339518 		+0.0092682026
2.52  		0.0003915580 		-0.0266723160
2.565  		0.0021811830 		+0.0178650159
2.61  		0.0036871232 		-0.0050799069
2.655  		-0.0211299298 		-0.0282917404
2.7  		-0.0065766597 		-0.0031025962
2.745  		0.0002454284 		+0.0031105153
2.79  		0.0000809667 		+0.0000349269
2.835  		0.0023178448 		+0.0001111095
2.88  		0.0005937498 		+0.0023318006
2.925  		0.0084529514 		-0.0036479347
2.97  		0.0060618157 		+0.0013719928
3.015  		0.0007050379 		-0.0013553605
3.06  		-0.0003905951 		+0.0001539780
3.105  		0.0001285269 		-0.0002603342
3.15  		0.0028427902 		+0.0022680976
3.195  		0.0002152788 		+0.0060311367
3.24  		0.0011888959 		-0.0033675040
3.285  		-0.0026946620 		+0.0009415108
3.33  		0.0004260235 		+0.0004958976
3.375  		0.0000434476 		+0.0000014053
3.42  		-0.0004214401 		-0.0031513043
3.465  		0.0088794294 		-0.0021623477
3.51  		-0.0021561275 		+0.0023271126
3.555  		-0.0022014254 		+0.0130165522
3.6  		-0.0018043301 		+0.0055182846
3.645  		0.0000908294 		-0.0000766360
3.69  		-0.0011788491 		+0.0027846527
3.735  		-0.0090398061 		+0.0101486287
3.78  		-0.0157403677 		+0.0091199116
3.825  		-0.0061521682 		-0.0007468564
3.87  		0.0005548477 		-0.0015596038
3.915  		-0.0000769193 		+0.0001446719
3.96  		-0.0061108726 		+0.0080441157
4.005  		-0.0236831815 		+0.0062765726
4.05  		-0.0044021157 		+0.0052444713
4.095  		0.0018799430 		+0.0015385556
4.14  		0.0008845871 		+0.0028990685
4.185  		-0.0000718429 		+0.0000030269
4.23  		-0.0008730878 		-0.0003823135
4.275  		-0.0017863493 		-0.0069528050
4.32  		0.0133277688 		-0.0121003029
4.365  		-0.0132362100 		-0.0007354015
4.41  		0.0019876079 		-0.0029097511
4.455  		0.0002615950 		-0.0031790407
