0  		1.0000000001 		-0.0000000000
0.045  		0.9985469015 		-0.0026520774
0.09  		0.9928681868 		-0.0283924540
0.135  		0.9367328932 		-0.0970522419
0.18  		0.5357504007 		+0.2674365424
0.225  		0.3790806139 		-0.0272119680
0.27  		-0.0179474078 		+0.2110985068
0.315  		0.3993893952 		+0.1558455753
0.36  		0.4613934997 		+0.1797840710
0.405  		0.4166092127 		-0.0829219585
0.45  		-0.6859974785 		-0.0925959336
0.495  		0.3848672721 		-0.0253898815
0.54  		0.2040336056 		+0.0818669525
0.585  		0.5694657815 		+0.1689650051
0.63  		0.4140146946 		+0.0386355786
0.675  		0.1245804895 		+0.0833823826
0.72  		0.6316721735 		+0.0838041140
0.765  		0.2041897602 		+0.0369521125
0.81  		0.4507639317 		+0.3930956259
0.855  		0.1074292923 		+0.0292244044
0.9  		0.2032367608 		-0.0592151670
0.945  		0.2325268187 		-0.0947467657
0.99  		0.3696984713 		-0.0385916392
1.035  		0.6617675463 		+0.0341964314
1.08  		0.6878684662 		+0.0440957318
1.125  		0.0371112919 		-0.2293243931
1.17  		0.0172662837 		-0.1091063234
1.215  		-0.5387035461 		+0.0989516788
1.26  		0.3192762592 		-0.1764806746
1.305  		0.0271459669 		-0.0195641589
1.35  		-0.0115491962 		+0.0730130714
1.395  		0.0680170642 		-0.0422245576
1.44  		-0.0161968953 		+0.0048035766
1.485  		0.1622013558 		+0.0611289576
1.53  		0.0983475676 		-0.0063632611
1.575  		-0.0483209412 		+0.0145286149
1.62  		-0.0006687585 		-0.0008060780
1.665  		0.0725678070 		+0.0281131873
1.71  		0.1209782985 		-0.0021022847
1.755  		-0.1280445655 		+0.1480593319
1.8  		0.3580200588 		-0.0295463520
1.845  		0.3048377072 		-0.0507933844
1.89  		0.2565223072 		+0.0678105945
1.935  		0.2562534216 		+0.1397481797
1.98  		0.1690971488 		+0.1168533416
2.025  		-0.0009412099 		-0.0074983303
2.07  		0.0092569840 		-0.0236128515
2.115  		-0.0030744803 		+0.0041298793
2.16  		-0.0368770461 		+0.0224238270
2.205  		-0.0062567717 		+0.0259801112
2.25  		0.0429686348 		-0.0018192221
2.295  		0.0156911991 		-0.0208130213
2.34  		-0.0019842473 		+0.0026954277
2.385  		0.0269556072 		-0.0062651678
2.43  		0.0046680324 		+0.0059096418
2.475  		-0.0452238337 		+0.0126110848
2.52  		0.0809160426 		-0.0130537402
2.565  		0.0155972854 		-0.1233330109
2.61  		-0.0758812043 		+0.0189206293
2.655  		-0.0297908271 		-0.0852531597
2.7  		-0.1988891040 		-0.0892004791
2.745  		-0.1170492612 		+0.0026805961
2.79  		-0.0353858392 		-0.0688042758
2.835  		0.1823522093 		-0.0879774308
2.88  		0.1508258566 		-0.0028109357
2.925  		0.1618841032 		-0.0572244710
2.97  		-0.2223098470 		+0.0111352810
3.015  		0.1635397851 		+0.0107848954
3.06  		-0.0878387954 		-0.0875107409
3.105  		0.0628391027 		+0.0261888268
3.15  		0.0056089514 		-0.0679716774
3.195  		-0.0191105153 		-0.0341692505
3.24  		-0.0012575978 		+0.0000990713
3.285  		-0.0020188008 		+0.0091678572
3.33  		-0.0294019589 		+0.0220583625
3.375  		0.0062140148 		+0.0125107017
3.42  		-0.0021196964 		-0.0011451531
3.465  		0.0000139603 		-0.0001459508
3.51  		0.0000972445 		+0.0001392494
3.555  		-0.0004562040 		+0.0009184857
3.6  		0.0002699402 		+0.0001020292
3.645  		-0.0000162344 		-0.0000989745
3.69  		0.0000000435 		+0.0000008987
3.735  		-0.0000083057 		+0.0000102150
3.78  		-0.0000079369 		+0.0000096319
3.825  		0.0003292041 		+0.0001902577
3.87  		0.0010806252 		-0.0012589231
3.915  		-0.0078545798 		-0.0054732242
3.96  		-0.0031965544 		-0.0036463243
4.005  		0.0005583427 		+0.0021387761
4.05  		-0.0009760703 		-0.0011541308
4.095  		-0.0008489151 		+0.0006247786
4.14  		-0.0003156541 		+0.0021440679
4.185  		-0.0008028613 		-0.0005207904
4.23  		-0.0001408544 		-0.0001724479
4.275  		0.0007684687 		+0.0020594224
4.32  		0.0000096648 		+0.0003073486
4.365  		-0.0001007137 		+0.0005963065
4.41  		0.0009781917 		-0.0007338052
4.455  		0.0009946747 		+0.0001769710
