0  		1.0000000001 		-0.0000000000
0.045  		0.2402037040 		+0.0648424171
0.09  		-0.4270637593 		-0.0125664906
0.135  		0.9472596432 		+0.2720783564
0.18  		0.3964436965 		-0.1280609581
0.225  		0.9046092946 		+0.2540154224
0.27  		0.4198116499 		+0.1539693713
0.315  		0.8453633905 		-0.0584908923
0.36  		0.9275317990 		+0.0777888847
0.405  		-0.4344806686 		-0.0888091957
0.45  		0.2092544930 		-0.3132076756
0.495  		0.1486105565 		+0.4564743164
0.54  		-0.2963268550 		+0.1415312879
0.585  		0.1810720712 		+0.0872341594
0.63  		0.0352978282 		+0.0295865092
0.675  		-0.0152102191 		-0.0108512934
0.72  		0.4889079992 		+0.1102408931
0.765  		0.2491368004 		+0.2032721289
0.81  		0.5262681884 		-0.1945394973
0.855  		0.0433406119 		-0.0147465754
0.9  		0.1330018596 		+0.0192989393
0.945  		-0.1517598455 		+0.2207001707
0.99  		0.0195223503 		-0.0484901000
1.035  		-0.3025837338 		+0.0113413869
1.08  		0.6602126831 		+0.3141556874
1.125  		0.1642696072 		-0.1195278386
1.17  		0.6355153998 		+0.0049847713
1.215  		0.2002981623 		+0.0964385799
1.26  		0.4136800996 		+0.2379004687
1.305  		0.5564028081 		-0.1472428673
1.35  		-0.4002035300 		-0.0974696883
1.395  		0.5967983948 		-0.0958528729
1.44  		-0.0776480909 		+0.4815443424
1.485  		-0.3376618611 		+0.0667441736
1.53  		0.4862851454 		-0.2024224516
1.575  		0.3622605448 		-0.2286345455
1.62  		0.0660192267 		-0.1399116222
1.665  		0.2705728801 		-0.0873602915
1.71  		0.0409765816 		+0.0322707016
1.755  		0.0573385375 		+0.0661504354
1.8  		0.0166804472 		-0.0090167150
1.845  		0.0028739245 		-0.0261487564
1.89  		0.1584822229 		-0.0184481416
1.935  		-0.0196213410 		+0.0093371393
1.98  		0.0211550669 		-0.0068966609
2.025  		-0.0031884035 		-0.0576746815
2.07  		-0.1123374895 		+0.0839617195
2.115  		-0.2061899397 		+0.0029996260
2.16  		-0.1302830657 		-0.1134329070
2.205  		-0.1538691241 		+0.0218437754
2.25  		-0.0203903109 		-0.0081196619
2.295  		-0.0550571072 		-0.0025341663
2.34  		0.2030485226 		+0.0062514261
2.385  		-0.0675746437 		+0.4305990288
2.43  		-0.2271231765 		+0.0343509841
2.475  		0.2260632503 		-0.0729765758
2.52  		0.3644239161 		+0.0243821982
2.565  		0.0080891563 		-0.0041491033
2.61  		0.2301123423 		+0.0074531986
2.655  		0.0477805089 		+0.0088807679
2.7  		0.1406620806 		+0.2820908836
2.745  		-0.0975044511 		-0.0616780266
2.79  		0.0781879331 		-0.0106551965
2.835  		0.2492783218 		+0.0760561035
2.88  		0.0401719228 		+0.0425884202
2.925  		-0.0137082532 		-0.0156748774
2.97  		-0.0110953520 		+0.1523958001
3.015  		0.1091482779 		+0.0889541061
3.06  		0.0152319645 		+0.0674218730
3.105  		0.0005400343 		+0.0338231903
3.15  		-0.0066771368 		-0.0157722923
3.195  		-0.0121404961 		-0.0373543282
3.24  		0.0088915362 		+0.0065709904
3.285  		-0.0124657795 		-0.0005197279
3.33  		0.0072764673 		-0.0088949925
3.375  		-0.0004017058 		-0.0038551077
3.42  		-0.0000781599 		+0.0018967908
3.465  		0.0017366424 		-0.0042386494
3.51  		0.0024060082 		-0.0017624128
3.555  		0.0039791164 		-0.0021728745
3.6  		0.0005833229 		+0.0010777685
3.645  		-0.0167716041 		-0.0099879192
3.69  		0.0120126931 		-0.0005913595
3.735  		-0.0164571108 		+0.0061989356
3.78  		-0.0462812495 		-0.0158665659
3.825  		0.0003654109 		-0.0018996129
3.87  		0.0016950163 		-0.0014441481
3.915  		-0.0012088889 		-0.0020746202
3.96  		0.0026405906 		-0.0001942099
4.005  		0.0037753465 		+0.0007552126
4.05  		0.0033592478 		-0.0005650130
4.095  		0.0021345929 		-0.0025126616
4.14  		0.0013422146 		+0.0002499607
4.185  		0.0001771987 		+0.0004317638
4.23  		-0.0017033248 		+0.0019602211
4.275  		-0.0023241702 		-0.0014996290
4.32  		-0.0023819351 		+0.0011772938
4.365  		0.0015373223 		+0.0002735268
4.41  		-0.0022795339 		-0.0030484431
4.455  		-0.0017745665 		-0.0079818490
