0  		1.0000000001 		-0.0000000000
0.045  		0.9956758812 		+0.0050322003
0.09  		0.9830842507 		-0.0089515450
0.135  		0.8558636785 		+0.0638628363
0.18  		0.6698476765 		-0.2766486103
0.225  		0.9479079610 		+0.1048206207
0.27  		0.8989737544 		+0.1417993195
0.315  		0.3752376739 		+0.0773386935
0.36  		0.1694753645 		+0.2107878323
0.405  		0.7778583746 		-0.2485678080
0.45  		0.8325453131 		+0.1717012551
0.495  		0.5358847614 		-0.5495078744
0.54  		0.8227443183 		+0.2773772896
0.585  		0.1357071950 		-0.0336495646
0.63  		-0.2326823354 		+0.1240336885
0.675  		0.1760027657 		-0.0498870998
0.72  		0.6399443830 		+0.0560334740
0.765  		0.2480063257 		-0.0278359422
0.81  		0.1163012875 		+0.0778410629
0.855  		0.1881051829 		+0.0194327389
0.9  		0.5031575438 		-0.2905025045
0.945  		-0.1820833311 		-0.3816924286
0.99  		0.6661002923 		-0.1191719864
1.035  		0.4997269018 		+0.0327509238
1.08  		0.3680243202 		-0.2054643467
1.125  		0.6339049782 		-0.0591252602
1.17  		0.5808263262 		-0.0763485303
1.215  		0.6645034975 		+0.0701904784
1.26  		0.5042673977 		+0.2001096296
1.305  		0.3532750049 		-0.0216638557
1.35  		0.1606787921 		-0.0348006271
1.395  		0.0534268085 		-0.0403980511
1.44  		-0.1854748826 		-0.0026731027
1.485  		-0.4393760322 		-0.1887216843
1.53  		-0.6196677715 		-0.0289978427
1.575  		-0.1465667390 		-0.0285290710
1.62  		0.0843927283 		-0.1032004170
1.665  		0.2113449375 		-0.0372149306
1.71  		0.1518162020 		-0.0076735635
1.755  		0.0618331507 		+0.0037696835
1.8  		0.0192601455 		+0.0210820916
1.845  		-0.0086730894 		-0.0136868871
1.89  		-0.0402905952 		-0.0165277460
1.935  		0.0761965644 		+0.0771720872
1.98  		0.1428699888 		+0.0883227951
2.025  		-0.0009207955 		-0.0224428022
2.07  		0.2235451659 		+0.0792018394
2.115  		0.1707591477 		+0.0370517631
2.16  		0.2346429811 		+0.2062185733
2.205  		0.2194413518 		-0.0788392307
2.25  		0.1674311324 		-0.0061667066
2.295  		0.0609719712 		+0.0008014395
2.34  		0.0369927120 		-0.0106013672
2.385  		0.0201797099 		+0.0029566151
2.43  		-0.0119786018 		-0.0157156964
2.475  		0.0921456279 		-0.0155494939
2.52  		0.2019119043 		+0.0648647635
2.565  		0.2645890877 		+0.1447868401
2.61  		0.1441214797 		+0.0158700849
2.655  		0.1692412680 		+0.1389258118
2.7  		0.1923220033 		+0.1930737824
2.745  		0.2132403919 		+0.0998247715
2.79  		0.1839793735 		+0.0855833009
2.835  		0.0968090814 		-0.0135924353
2.88  		0.1253309750 		+0.0149038479
2.925  		0.0594663705 		-0.0246104465
2.97  		0.0268049888 		-0.0105644045
3.015  		-0.0431500429 		+0.0383353060
3.06  		0.0011669314 		+0.0017090284
3.105  		-0.0011866122 		-0.0923258617
3.15  		-0.0644169538 		+0.1370587540
3.195  		-0.1586851691 		+0.0456193091
3.24  		-0.0751938404 		+0.0737101467
3.285  		-0.0461627794 		+0.0079715985
3.33  		-0.0209580709 		-0.0074830644
3.375  		-0.0126620003 		-0.0054421997
3.42  		0.0000298214 		+0.0001855798
3.465  		-0.0077077707 		-0.0054943016
3.51  		-0.0317386588 		-0.0480753175
3.555  		-0.0796407231 		-0.0627990357
3.6  		-0.2041156805 		-0.1326873390
3.645  		-0.2734698729 		-0.0947693640
3.69  		-0.2698937334 		+0.0152249607
3.735  		-0.1811174196 		-0.1756251046
3.78  		-0.3557131247 		-0.0726988900
3.825  		-0.1132863512 		-0.0911922815
3.87  		-0.0355999564 		-0.0811388405
3.915  		0.0006635067 		-0.0030818505
3.96  		-0.0154678355 		-0.0395642062
4.005  		-0.0533104031 		-0.0871866424
4.05  		-0.0180817027 		-0.0619794399
4.095  		0.0017103180 		-0.0038421294
4.14  		-0.0919499172 		+0.0913692127
4.185  		-0.0745219527 		+0.1623428287
4.23  		-0.0275562565 		+0.1464590793
4.275  		-0.0063149900 		+0.0625040553
4.32  		-0.0027136211 		+0.0213710954
4.365  		-0.0005101918 		-0.0057477564
4.41  		0.0118819856 		-0.0150063039
4.455  		0.0455028816 		-0.0292960616
