0  		1.0000000000 		+0.0000000000
0.045  		0.9985734413 		-0.0082736763
0.09  		0.9869768213 		-0.0160307443
0.135  		0.9636115203 		+0.0332665159
0.18  		0.5613298416 		-0.0302569705
0.225  		0.0773249155 		-0.2019102495
0.27  		0.2615228845 		+0.2608544475
0.315  		0.3276940184 		-0.2498677843
0.36  		0.0608705463 		-0.7185298803
0.405  		0.0160003458 		+0.2506126331
0.45  		0.1410865113 		+0.1098113434
0.495  		0.4714755877 		-0.2513598377
0.54  		0.0948374430 		+0.1986486061
0.585  		0.0476217546 		+0.3319115182
0.63  		0.1576212836 		-0.2746488913
0.675  		0.5231418106 		-0.2892165698
0.72  		0.7258968380 		+0.1408459277
0.765  		0.3772622705 		+0.3366506030
0.81  		0.0926968976 		+0.0525920178
0.855  		0.3879796894 		-0.2672329293
0.9  		0.3694557305 		+0.2308250010
0.945  		-0.2534001287 		+0.0007477665
0.99  		0.3326032805 		+0.1161078410
1.035  		0.3131800656 		+0.1844714541
1.08  		0.1995070702 		-0.1935177802
1.125  		0.4116520494 		-0.4512673924
1.17  		-0.0365816765 		+0.2890094348
1.215  		0.8178555589 		-0.1473882425
1.26  		0.1210343269 		+0.1588200640
1.305  		-0.0414413170 		-0.2525079913
1.35  		0.2949634928 		+0.0150028841
1.395  		0.2405913554 		-0.0064265417
1.44  		0.1696773927 		-0.0056811954
1.485  		0.1129908969 		-0.0317438513
1.53  		0.1271051412 		-0.0136499749
1.575  		-0.0204512405 		-0.0470838589
1.62  		0.1898256628 		-0.0460011685
1.665  		0.0540840627 		-0.2765602873
1.71  		-0.3262039405 		-0.1291516015
1.755  		0.5038688187 		+0.0290047720
1.8  		-0.0576598762 		-0.1090376078
1.845  		0.0582455477 		-0.0350099721
1.89  		0.2018099204 		-0.3104713024
1.935  		0.3072169310 		-0.0871847642
1.98  		0.1090362850 		-0.0099699661
2.025  		0.0864527627 		+0.0262235826
2.07  		0.0102291551 		-0.0123045058
2.115  		0.0096635981 		-0.0162884441
2.16  		-0.0204008534 		+0.0051611331
2.205  		-0.0025112260 		+0.0095461070
2.25  		0.0113608796 		-0.0006559677
2.295  		-0.0372628299 		-0.0378754573
2.34  		-0.1701170771 		-0.0402121551
2.385  		-0.1631450736 		+0.0700526535
2.43  		-0.3955308125 		+0.3203655913
2.475  		-0.2339478927 		+0.3719275070
2.52  		0.0684897666 		-0.0848862910
2.565  		0.0059167409 		+0.0830352194
2.61  		0.0918845806 		+0.1248642880
2.655  		0.1179245030 		+0.2368999726
2.7  		0.0635484362 		+0.2125220985
2.745  		0.0799128022 		+0.0362672521
2.79  		0.0191860767 		+0.0393363295
2.835  		0.0069839358 		-0.0139049628
2.88  		-0.0333383176 		+0.0014911236
2.925  		-0.0190727776 		+0.0083464095
2.97  		-0.0341105093 		+0.0045581074
3.015  		0.0052846234 		-0.0324819044
3.06  		0.0233846148 		-0.0031775118
3.105  		-0.0115168820 		-0.0022778283
3.15  		-0.0049306683 		-0.0060955626
3.195  		-0.0057722249 		+0.0041508577
3.24  		-0.0009006660 		-0.0044747613
3.285  		0.0056816852 		+0.0034379167
3.33  		0.0122434064 		+0.0136712777
3.375  		0.0522034226 		+0.0451548531
3.42  		-0.0060003766 		+0.0574293231
3.465  		0.0307280592 		+0.0698175698
3.51  		0.0073183216 		-0.0672845869
3.555  		0.1109091274 		-0.0030197926
3.6  		-0.0367880186 		+0.0181884973
3.645  		-0.0243512878 		+0.0676665351
3.69  		-0.1003801214 		-0.0146180819
3.735  		-0.1414933120 		+0.0724398819
3.78  		-0.1733890566 		-0.0160351507
3.825  		-0.1882784583 		+0.0266171024
3.87  		0.0908395868 		-0.1249928767
3.915  		-0.0147079657 		+0.0478883199
3.96  		0.0026370440 		-0.0008732813
4.005  		0.0008543037 		-0.0034710711
4.05  		-0.0190940980 		+0.0341639868
4.095  		0.0012410457 		+0.0033902214
4.14  		-0.0508935271 		-0.0021188781
4.185  		-0.0965977211 		-0.0442344715
4.23  		-0.0512573080 		-0.0254342032
4.275  		-0.0144567945 		+0.0020876246
4.32  		0.0052847887 		+0.0158971134
4.365  		-0.0016120981 		+0.0029192695
4.41  		-0.0341114432 		-0.0079179951
4.455  		-0.0023651921 		+0.0062782393
