0  		1.0000000000 		-0.0000000000
0.045  		0.9999729600 		-0.0016086947
0.09  		0.9994363536 		+0.0007973804
0.135  		0.9958341020 		-0.0035550315
0.18  		0.9562248465 		-0.0436113638
0.225  		0.8675068275 		+0.1158053535
0.27  		0.9814642843 		-0.0845305058
0.315  		0.9839668547 		-0.0142487940
0.36  		0.9709528574 		+0.0784287293
0.405  		0.9387416335 		+0.0141545490
0.45  		0.8347323040 		-0.1148688354
0.495  		0.6825680914 		+0.0171188038
0.54  		0.7335983714 		-0.0458642749
0.585  		0.8463304878 		-0.1251480471
0.63  		0.7933279609 		-0.3114237862
0.675  		0.8544094939 		-0.0854900161
0.72  		0.7743855665 		-0.1309047662
0.765  		0.5637190613 		+0.5358792215
0.81  		0.3521438997 		+0.7888936624
0.855  		0.6876137405 		+0.0218601942
0.9  		0.7487245343 		-0.3789795051
0.945  		0.7350321953 		+0.0065654537
0.99  		0.5761572671 		+0.1069570763
1.035  		0.6445216926 		-0.0161960079
1.08  		0.6836076464 		-0.1885606017
1.125  		0.5636880880 		-0.3041838421
1.17  		0.3529710639 		-0.3037716781
1.215  		-0.0073241625 		-0.3451893599
1.26  		-0.2556314885 		-0.3247027887
1.305  		-0.0450158264 		-0.4119490632
1.35  		0.4121252599 		-0.2494913725
1.395  		0.5165026950 		-0.1594728100
1.44  		0.3480443828 		-0.1234920316
1.485  		0.1553895791 		-0.0928846167
1.53  		0.0290442867 		-0.0551186850
1.575  		-0.0440466122 		-0.1277790844
1.62  		0.1145074172 		-0.1472969054
1.665  		0.2480305494 		+0.0103994651
1.71  		0.2043264840 		+0.1560663682
1.755  		0.1679766488 		+0.0530839001
1.8  		0.1573240308 		-0.0972687234
1.845  		0.1655470167 		-0.0993695114
1.89  		0.1540927868 		+0.0654300681
1.935  		0.1666093298 		+0.0441109196
1.98  		0.1973539016 		+0.0176775902
2.025  		0.2643447273 		-0.1593042376
2.07  		0.3172166409 		-0.2895483935
2.115  		0.4511341718 		-0.0213722691
2.16  		0.3393716496 		+0.0925667673
2.205  		0.2535900764 		-0.0454696920
2.25  		0.2632159671 		+0.0398051836
2.295  		0.1615618868 		+0.1263006583
2.34  		0.0827464011 		-0.0495088496
2.385  		-0.0049054680 		-0.0613919421
2.43  		-0.0171117546 		-0.0524352310
2.475  		-0.0272105206 		-0.0766241473
2.52  		-0.0598887293 		-0.0601540254
2.565  		-0.0480786936 		-0.0321230975
2.61  		-0.0284173892 		-0.0171847555
2.655  		-0.0110339371 		-0.0152777412
2.7  		0.0293719037 		-0.0036242952
2.745  		0.0142703311 		+0.0475068177
2.79  		0.0293210619 		+0.0501779704
2.835  		0.0740347099 		+0.0116634795
2.88  		0.1028452338 		-0.0404602885
2.925  		0.1283082996 		+0.0164101910
2.97  		0.0952162791 		+0.0668164383
3.015  		0.0660299899 		+0.0278030778
3.06  		0.0540345956 		-0.0085542489
3.105  		0.0489581978 		-0.0013280518
3.15  		0.0352745539 		+0.0283671152
3.195  		0.0057491746 		+0.0471136414
3.24  		0.0216170233 		+0.0283169219
3.285  		0.0413735286 		+0.0016685724
3.33  		0.0461272911 		-0.0148903534
3.375  		0.0496620567 		-0.0074843956
3.42  		0.0382172745 		+0.0019779738
3.465  		0.0166891062 		-0.0147810036
3.51  		0.0074197520 		-0.0339140438
3.555  		0.0324881271 		-0.0281799093
3.6  		0.0338728859 		+0.0157577264
3.645  		0.0110448653 		+0.0246002513
3.69  		-0.0289808209 		+0.0085103437
3.735  		-0.0505290967 		-0.0159496420
3.78  		-0.0371707375 		-0.0142758142
3.825  		0.0005995263 		+0.0098727817
3.87  		0.0408123948 		+0.0158774489
3.915  		0.0407083117 		+0.0220223616
3.96  		0.0251750558 		+0.0385035609
4.005  		0.0250593954 		+0.0139295799
4.05  		0.0245064423 		+0.0261544519
4.095  		0.0068514522 		+0.0509299314
4.14  		-0.0071050844 		+0.0631281931
4.185  		0.0035083699 		+0.0684185897
4.23  		0.0002758078 		+0.0619348157
4.275  		0.0055239793 		+0.0460990496
4.32  		0.0287741886 		+0.0262810659
4.365  		0.0457386802 		+0.0084679283
4.41  		0.0627919972 		-0.0020386169
4.455  		0.0805562031 		-0.0125930757
