0  		1.0000000000 		+0.0000000000
0.045  		0.9998758101 		-0.0029505517
0.09  		0.9975503079 		+0.0225134294
0.135  		0.9246010739 		+0.2315353360
0.18  		-0.4043986211 		+0.3745382083
0.225  		0.7849184371 		+0.1596692383
0.27  		0.8468324151 		-0.1199249719
0.315  		0.6694210386 		+0.0705820929
0.36  		0.8752151651 		+0.0082322437
0.405  		0.8637055369 		-0.0654871104
0.45  		0.3127852870 		-0.0694173723
0.495  		0.3406617818 		-0.0330667420
0.54  		-0.0747815095 		-0.0263448052
0.585  		-0.1216527905 		+0.1039523623
0.63  		-0.1634617188 		+0.6979735563
0.675  		0.1405281965 		-0.1316867474
0.72  		0.6480394537 		-0.4746853574
0.765  		0.3474553391 		+0.2754791319
0.81  		0.2624823137 		+0.1908487543
0.855  		-0.1360659275 		+0.3340771851
0.9  		0.2056001355 		-0.1396501061
0.945  		0.3840269486 		-0.2500265911
0.99  		0.4237348112 		-0.0375943313
1.035  		0.4674228277 		-0.1306465753
1.08  		0.4097751297 		-0.2041248052
1.125  		0.2572311800 		-0.1146701972
1.17  		0.0532307283 		+0.0044928796
1.215  		0.0024845928 		-0.0006640195
1.26  		0.0280847109 		+0.0110036954
1.305  		0.0005837773 		-0.0012632252
1.35  		-0.0021266671 		-0.0013526889
1.395  		0.0215775336 		+0.0256014892
1.44  		0.1022656107 		-0.0418439220
1.485  		0.1262429439 		-0.1771999193
1.53  		0.1506283731 		-0.1503898724
1.575  		0.1744014066 		-0.2494853976
1.62  		0.1151824136 		+0.1419596036
1.665  		-0.0202509460 		-0.1665024516
1.71  		-0.0501529294 		-0.0012612434
1.755  		-0.0862257801 		+0.1084516714
1.8  		-0.1042042730 		+0.0807896030
1.845  		-0.0058058567 		-0.0166761588
1.89  		0.0397473106 		-0.0424873315
1.935  		-0.0360869596 		+0.0339041610
1.98  		-0.1819881994 		+0.0884189710
2.025  		-0.1675741992 		+0.2127952699
2.07  		-0.0402429671 		+0.1700183228
2.115  		0.1156621814 		-0.0247350055
2.16  		-0.0247955916 		-0.0813003238
2.205  		-0.1153501324 		-0.0705921530
2.25  		-0.2697791491 		-0.0344227249
2.295  		-0.0890907905 		+0.2198233849
2.34  		0.0940742244 		+0.1500625927
2.385  		0.0770113748 		+0.0437529121
2.43  		0.0293266420 		+0.0079797438
2.475  		0.0120207389 		-0.0093740663
2.52  		0.0172862000 		-0.0164459078
2.565  		0.0232991922 		-0.0126199535
2.61  		-0.0057136418 		-0.0343335567
2.655  		-0.0204987158 		+0.0073274247
2.7  		-0.0075576412 		+0.0367503274
2.745  		0.0190219084 		+0.0000133462
2.79  		-0.0206892283 		+0.0093062030
2.835  		0.0084055590 		-0.0046123338
2.88  		-0.0017082963 		+0.0190885768
2.925  		0.0059675509 		+0.0399793758
2.97  		0.0751015952 		+0.0199804650
3.015  		0.0508747852 		-0.0155276032
3.06  		-0.0029527396 		-0.0218673987
3.105  		-0.0023285075 		+0.0014342684
3.15  		-0.0105581223 		-0.0083227434
3.195  		0.0113335418 		+0.0011104155
3.24  		0.0233975544 		+0.0028774279
3.285  		0.0192982591 		+0.0017368203
3.33  		0.0146094114 		-0.0210168279
3.375  		0.0117892609 		-0.0025937472
3.42  		0.0031115951 		-0.0031068684
3.465  		0.0018940772 		+0.0009636641
3.51  		-0.0000456644 		+0.0009791008
3.555  		-0.0001688309 		-0.0011875348
3.6  		-0.0005795278 		-0.0003227527
3.645  		-0.0008933448 		+0.0002594319
3.69  		-0.0005235487 		+0.0010778995
3.735  		-0.0006650981 		+0.0007468938
3.78  		-0.0000194746 		+0.0004833086
3.825  		0.0001012110 		-0.0003047986
3.87  		-0.0002372085 		-0.0004986709
3.915  		-0.0000882010 		+0.0007812682
3.96  		0.0000480256 		-0.0002516404
4.005  		0.0000171842 		-0.0000737128
4.05  		-0.0000347921 		+0.0000279540
4.095  		-0.0013083905 		+0.0007512913
4.14  		-0.0022294164 		+0.0041448603
4.185  		0.0078657158 		+0.0049938805
4.23  		0.0009178185 		-0.0030327287
4.275  		-0.0066212226 		-0.0012009219
4.32  		0.0028173499 		-0.0007510742
4.365  		-0.0015610869 		-0.0005986533
4.41  		-0.0054486249 		+0.0066685328
4.455  		-0.0058091349 		-0.0013421491
