0  		1.0000000001 		+0.0000000000
0.045  		0.9999039375 		+0.0035204426
0.09  		0.9967644817 		+0.0035615015
0.135  		0.9259241694 		-0.0170768625
0.18  		0.9518334514 		+0.0804708699
0.225  		0.8660693000 		+0.0240201328
0.27  		-0.2429780222 		-0.0239820707
0.315  		0.6460525539 		-0.2050709293
0.36  		0.8194982031 		+0.0213606033
0.405  		0.6680286057 		-0.1165414431
0.45  		0.7634149915 		-0.0462651328
0.495  		0.7849771270 		+0.0071171085
0.54  		0.7584539344 		-0.0349668209
0.585  		0.1947364929 		+0.0421743208
0.63  		-0.2843068150 		+0.0123250340
0.675  		0.2259092563 		-0.0395759949
0.72  		-0.2494520701 		-0.1637857148
0.765  		-0.3179236410 		-0.0148376784
0.81  		-0.0076630840 		-0.1874843907
0.855  		0.0107117953 		-0.4284830116
0.9  		0.1297951317 		-0.0531063624
0.945  		0.4607514602 		+0.0413347037
0.99  		0.1808829551 		+0.0732333863
1.035  		0.2490299020 		+0.0763908772
1.08  		0.1101602830 		+0.0066034710
1.125  		0.2151359305 		+0.0214449693
1.17  		0.1735075235 		+0.0109244315
1.215  		0.2259024062 		+0.0598308660
1.26  		-0.2470597891 		-0.1814116296
1.305  		0.4638910673 		-0.0203652126
1.35  		0.6584317559 		-0.1616110917
1.395  		0.5836114594 		+0.1696983998
1.44  		0.3815265015 		+0.1590305181
1.485  		0.5486242038 		+0.0743567512
1.53  		-0.1403310880 		-0.0353862272
1.575  		0.5088821359 		-0.1023994381
1.62  		0.5673065458 		-0.0586690461
1.665  		0.3389176206 		+0.0551753199
1.71  		0.4938446292 		-0.0420773592
1.755  		0.3973689940 		+0.0749054099
1.8  		-0.1960680412 		-0.0959521810
1.845  		0.4129901721 		+0.0326862754
1.89  		0.5104485298 		+0.0664281676
1.935  		0.1915239132 		-0.0921728218
1.98  		0.3848509679 		-0.2258267981
2.025  		0.0986169865 		-0.2945933793
2.07  		-0.0207475990 		-0.1217989809
2.115  		0.0317417787 		-0.0198683217
2.16  		-0.1110073708 		+0.0054294946
2.205  		0.0736121011 		-0.0409120928
2.25  		0.0820424642 		+0.0595458855
2.295  		0.0111935008 		+0.0040628735
2.34  		-0.0671197521 		-0.0044636420
2.385  		0.0063431814 		+0.0033851645
2.43  		0.0117452815 		+0.0300586328
2.475  		0.0507478322 		+0.0316293132
2.52  		0.0093347554 		+0.0254104016
2.565  		-0.0009587944 		-0.0002279824
2.61  		-0.0005928978 		-0.0003530116
2.655  		0.0033271595 		+0.0004565708
2.7  		0.0009695090 		-0.0085384700
2.745  		0.0067377502 		-0.0023780157
2.79  		0.0054636407 		+0.0096189960
2.835  		-0.0005577775 		-0.0011644177
2.88  		-0.0011606479 		-0.0014599573
2.925  		0.0006657934 		-0.0008032912
2.97  		-0.0010891742 		+0.0010490609
3.015  		0.0055293869 		+0.0003286416
3.06  		0.0031201250 		-0.0004985365
3.105  		-0.0164828881 		+0.0200165164
3.15  		0.0151976766 		-0.0155554774
3.195  		0.0618082833 		-0.0254008936
3.24  		0.0170044772 		-0.0121880239
3.285  		0.0083881280 		-0.0021021189
3.33  		0.0005675809 		+0.0067095755
3.375  		0.0047966250 		+0.0006752994
3.42  		0.0131697364 		+0.0038549596
3.465  		0.0054368553 		-0.0013245947
3.51  		0.0020928852 		-0.0001886243
3.555  		-0.0009027419 		-0.0002014975
3.6  		-0.0000174589 		-0.0007849914
3.645  		0.0007736542 		-0.0008692135
3.69  		0.0073262044 		-0.0066491001
3.735  		-0.0021047472 		+0.0080644113
3.78  		0.0022284709 		-0.0014836807
3.825  		0.0020078454 		+0.0074373103
3.87  		-0.0060378379 		+0.0041603865
3.915  		0.0021971226 		+0.0015864245
3.96  		0.0279597566 		-0.0049964309
4.005  		0.0583425223 		+0.0158156538
4.05  		-0.0205021247 		-0.0307288084
4.095  		0.1293314940 		+0.0187542693
4.14  		0.1135409742 		+0.0942443759
4.185  		0.0866681747 		+0.0613692835
4.23  		0.0588111254 		+0.0449706326
4.275  		0.0741392610 		-0.0033065017
4.32  		0.0192424861 		+0.0046853952
4.365  		-0.0024946224 		+0.0054875000
4.41  		-0.0185749158 		-0.0111899922
4.455  		0.0328780363 		+0.0005081501
