0  		1.0000000001 		+0.0000000000
0.045  		0.9999857080 		+0.0015828208
0.09  		0.9998911112 		-0.0025391094
0.135  		0.9992852993 		-0.0075800954
0.18  		0.9988373002 		+0.0039334493
0.225  		0.9939891264 		+0.0052337353
0.27  		0.9863022688 		-0.0114257465
0.315  		0.9881766759 		+0.0081934756
0.36  		0.9824353195 		+0.0605900505
0.405  		0.9274880703 		-0.0281260487
0.45  		0.8817764282 		+0.2811398930
0.495  		0.9136788211 		+0.0891372954
0.54  		0.8734779499 		+0.0825467782
0.585  		0.8095392644 		+0.0350891493
0.63  		0.7217893075 		+0.0896773130
0.675  		0.6002946319 		+0.0805896851
0.72  		0.6708284662 		-0.0372648599
0.765  		0.8267933394 		-0.0113467029
0.81  		0.8199736464 		+0.0186850640
0.855  		0.7216025861 		+0.0146735995
0.9  		0.5263845784 		-0.0008449797
0.945  		0.3917567398 		+0.1297509682
0.99  		0.3929525861 		+0.1655662627
1.035  		0.5050094933 		+0.0972508103
1.08  		0.6742193416 		-0.0583421494
1.125  		0.7062202646 		-0.0607825943
1.17  		0.5316351557 		+0.1639896324
1.215  		0.3155756913 		+0.1619039835
1.26  		0.0493911199 		-0.0100153115
1.305  		-0.2347941807 		-0.0771987057
1.35  		-0.3446119240 		+0.1501634665
1.395  		-0.1537438215 		+0.0769535964
1.44  		0.0167179758 		-0.0021959881
1.485  		0.0116537036 		+0.0109026502
1.53  		-0.0462499876 		-0.0302479964
1.575  		-0.1216533048 		-0.1063614724
1.62  		-0.1674416040 		-0.0876897883
1.665  		-0.1286942987 		-0.0648843553
1.71  		0.0287663507 		-0.0049004164
1.755  		0.3974757964 		-0.0190802217
1.8  		0.6574510290 		+0.0070718167
1.845  		0.5571394926 		+0.0776061626
1.89  		0.3389574941 		+0.0767883974
1.935  		0.1265536106 		+0.0265374585
1.98  		0.0057775799 		+0.0327369363
2.025  		-0.0065251349 		+0.0440863892
2.07  		0.0146693998 		+0.0606087968
2.115  		0.0012654932 		+0.0301263052
2.16  		-0.0020852087 		+0.0079603304
2.205  		0.0178954149 		-0.0054267666
2.25  		0.0885124035 		+0.0153050679
2.295  		0.1087146731 		+0.1122183655
2.34  		0.1364100773 		+0.0982219071
2.385  		0.0851013579 		+0.0813371811
2.43  		0.0681884110 		+0.0410558584
2.475  		0.0802757574 		+0.0221929894
2.52  		0.1042385868 		+0.0174075094
2.565  		0.1205150956 		-0.0171089896
2.61  		0.1481240963 		-0.0285495542
2.655  		0.1815936525 		-0.0214963558
2.7  		0.1145211641 		-0.0028063572
2.745  		-0.0197240418 		-0.0049786970
2.79  		-0.0480199846 		-0.0111894087
2.835  		0.0451275455 		-0.0008782396
2.88  		0.1346045697 		-0.0401333820
2.925  		0.1685969550 		-0.0704187827
2.97  		0.1608169420 		-0.0032691076
3.015  		0.1121073694 		+0.0167792249
3.06  		0.0670982937 		+0.0225721188
3.105  		0.1070672462 		+0.0275697391
3.15  		0.1682159852 		+0.1008274190
3.195  		0.2428814428 		+0.0317135056
3.24  		0.2071593110 		+0.0657385418
3.285  		0.1697190794 		+0.0621938460
3.33  		0.1857465878 		+0.0532345608
3.375  		0.2041827876 		+0.0357523025
3.42  		0.1771496294 		-0.0235389412
3.465  		0.1086747171 		-0.0235005927
3.51  		0.0470606196 		-0.0059283055
3.555  		0.0092299491 		+0.0066440866
3.6  		-0.0029404763 		+0.0024413085
3.645  		-0.0096688604 		+0.0063755584
3.69  		-0.0164754868 		+0.0294006695
3.735  		-0.0211719547 		+0.0446277838
3.78  		-0.0282925154 		+0.0316027332
3.825  		-0.0283864090 		+0.0126943648
3.87  		-0.0124405906 		+0.0056347306
3.915  		-0.0008323221 		+0.0014417440
3.96  		0.0003190483 		-0.0002785671
4.005  		0.0005626202 		+0.0003638302
4.05  		0.0016815987 		+0.0008218736
4.095  		0.0016249438 		+0.0012775056
4.14  		0.0026716032 		-0.0005134858
4.185  		-0.0220192466 		-0.0300334645
4.23  		-0.0398433671 		-0.0425294550
4.275  		-0.0113928197 		-0.0171659500
4.32  		0.0106343579 		+0.0085516873
4.365  		0.0051700621 		+0.0020725073
4.41  		0.0002933855 		-0.0011208217
4.455  		0.0007000770 		+0.0001207306
