0  		1.0000000001 		+0.0000000000
0.045  		0.9999798834 		-0.0018385857
0.09  		0.9985934629 		-0.0006948249
0.135  		0.9948072141 		+0.0215172095
0.18  		0.9834756100 		+0.0195283657
0.225  		0.9159228340 		-0.0119264300
0.27  		0.7668102266 		-0.1267472530
0.315  		-0.1529883452 		-0.0464827077
0.36  		-0.3410393517 		-0.0734626802
0.405  		0.5836505917 		-0.1861170080
0.45  		0.7115363982 		+0.0046580834
0.495  		0.6851715968 		+0.0268774053
0.54  		0.6877013096 		-0.0028334800
0.585  		0.6198430157 		-0.1218399685
0.63  		0.6398589498 		+0.0616070719
0.675  		0.6117975014 		+0.2551751611
0.72  		0.4573660954 		+0.4180601771
0.765  		0.5383454787 		+0.0069790586
0.81  		0.7233780020 		-0.0986767230
0.855  		0.7002424876 		+0.1660968646
0.9  		0.6953346260 		-0.0276293010
0.945  		0.6833141830 		-0.0190435337
0.99  		0.6303684711 		-0.0020521627
1.035  		0.2694345891 		-0.3715739159
1.08  		0.3363246127 		+0.0125526630
1.125  		0.3131911410 		-0.0429920893
1.17  		0.3160534825 		+0.0434050123
1.215  		0.2078989449 		+0.0895664863
1.26  		0.1174991202 		+0.0154262952
1.305  		0.0749690472 		-0.0248893203
1.35  		0.0984495681 		-0.0371480441
1.395  		0.1383220428 		-0.0028560527
1.44  		0.2099048041 		-0.0652309231
1.485  		0.0795462464 		-0.1741244864
1.53  		-0.0433621248 		-0.1756291667
1.575  		0.0256067071 		-0.1240382106
1.62  		-0.0322027956 		+0.0080248919
1.665  		0.0200066018 		+0.0035987228
1.71  		0.0852353437 		+0.0006223727
1.755  		0.0379572524 		-0.0389580394
1.8  		0.1353751333 		+0.0773969526
1.845  		0.1475884440 		+0.0476790315
1.89  		0.1138476267 		+0.0253395939
1.935  		0.0825916179 		+0.0153049630
1.98  		0.0539350333 		+0.0122056211
2.025  		0.0328627366 		-0.0178684946
2.07  		0.0141281280 		-0.0348276106
2.115  		-0.0170619717 		-0.0446999132
2.16  		-0.0261654817 		-0.0903011805
2.205  		0.1434336584 		-0.1735674869
2.25  		0.4100281998 		-0.1141023711
2.295  		-0.4052196197 		+0.0828780595
2.34  		0.4682772614 		-0.2534368609
2.385  		0.2806873969 		-0.1606649363
2.43  		-0.0570330496 		+0.0335651394
2.475  		0.0339911797 		-0.0246063980
2.52  		0.0012668077 		-0.0178884502
2.565  		-0.0104878457 		-0.0162361365
2.61  		-0.0133604909 		-0.0219375402
2.655  		-0.0071763166 		-0.0300688608
2.7  		0.0061923376 		-0.0259788671
2.745  		0.0026117382 		-0.0217348660
2.79  		0.0058838962 		-0.0133452695
2.835  		-0.0033315064 		-0.0136470854
2.88  		-0.0099124979 		-0.0128526324
2.925  		-0.0179471081 		-0.0082298689
2.97  		-0.0181893581 		-0.0047742455
3.015  		-0.0215356072 		-0.0025734401
3.06  		-0.0147133864 		-0.0022068993
3.105  		-0.0020669538 		-0.0026054858
3.15  		0.0006343863 		+0.0008604726
3.195  		-0.0003757958 		-0.0005813753
3.24  		-0.0004028182 		-0.0006420972
3.285  		-0.0006551690 		-0.0010367632
3.33  		-0.0022460739 		-0.0006784679
3.375  		-0.0049494820 		-0.0007630859
3.42  		-0.0063893582 		-0.0045322331
3.465  		-0.0086440209 		-0.0045653478
3.51  		-0.0129866783 		+0.0022639966
3.555  		-0.0204356812 		+0.0046148856
3.6  		0.0271022868 		+0.0026452932
3.645  		-0.0196539916 		-0.0059885037
3.69  		-0.0103255350 		-0.0079642556
3.735  		-0.0040405163 		-0.0043411676
3.78  		-0.0010994115 		+0.0023347152
3.825  		0.0024642372 		-0.0026224753
3.87  		-0.0022921067 		+0.0011642659
3.915  		0.0024378453 		+0.0006028711
3.96  		0.0103453587 		+0.0131356746
4.005  		0.0147739940 		+0.0419161085
4.05  		0.0004483075 		+0.0702446072
4.095  		-0.0185062242 		+0.1076887501
4.14  		-0.0184594117 		+0.1681760080
4.185  		-0.1234823657 		+0.2062190210
4.23  		-0.2475918372 		+0.0193123456
4.275  		0.1585257263 		+0.0551753831
4.32  		-0.3695824708 		-0.0894126589
4.365  		-0.2872869667 		-0.0825105196
4.41  		-0.1701265577 		-0.0290093999
4.455  		-0.0366308877 		+0.0232614948
