0  		1.0000000000 		-0.0000000000
0.045  		0.9998173183 		-0.0083825477
0.09  		0.9948982143 		-0.0047392724
0.135  		0.9759968166 		+0.0147255020
0.18  		0.9009739939 		-0.0148824401
0.225  		0.9444070825 		-0.0229428026
0.27  		0.8800348946 		-0.0019894062
0.315  		0.8692057137 		+0.0028630979
0.36  		0.8154029785 		+0.0168217011
0.405  		0.6877182014 		+0.0136446108
0.45  		0.7952173468 		-0.0121292323
0.495  		0.6812568059 		+0.1733035065
0.54  		0.6942069733 		+0.0589675504
0.585  		0.8975570830 		+0.0409430357
0.63  		0.8868495738 		+0.0722741301
0.675  		0.8018409497 		-0.0293882302
0.72  		0.8575285092 		-0.0353630468
0.765  		0.6776205181 		-0.0172840328
0.81  		0.8602982237 		+0.0123620818
0.855  		0.7365424294 		-0.0221530511
0.9  		0.4539969165 		+0.0322759000
0.945  		0.4558398826 		-0.0143464146
0.99  		0.7416105602 		-0.0468918129
1.035  		0.5856025568 		-0.0910225969
1.08  		0.4113223048 		+0.0244976390
1.125  		0.3114498290 		+0.0649614555
1.17  		0.2223447526 		+0.0833288722
1.215  		0.3423977128 		+0.0796903507
1.26  		0.3514487786 		+0.0361658599
1.305  		0.4282195236 		+0.0002371917
1.35  		0.5660481687 		+0.0506078656
1.395  		0.3839126684 		+0.0153687705
1.44  		0.1955176721 		-0.1497785547
1.485  		0.0259170801 		-0.2548092207
1.53  		0.0060210646 		-0.3011676720
1.575  		0.0112810302 		-0.0485441159
1.62  		0.0996243778 		-0.0498522613
1.665  		0.1228521011 		+0.0500590355
1.71  		0.1635483046 		+0.0713677598
1.755  		0.1862706430 		+0.0493517172
1.8  		0.1598671005 		+0.0072272999
1.845  		0.2504105936 		-0.0358949083
1.89  		0.2727291737 		+0.0240312017
1.935  		0.2768644301 		+0.0903121697
1.98  		0.1988202191 		+0.0857276191
2.025  		0.0552480836 		+0.0268896012
2.07  		0.1933016517 		+0.0691087997
2.115  		0.1489250557 		+0.0611079345
2.16  		0.0646199041 		+0.0250959403
2.205  		-0.0038651138 		+0.0000298507
2.25  		0.0030751213 		-0.0043760337
2.295  		0.0056754754 		+0.0051901143
2.34  		0.0069784424 		-0.0097641121
2.385  		0.0128029752 		+0.0063481640
2.43  		-0.1034453322 		+0.0286333447
2.475  		-0.0891490491 		+0.0235044189
2.52  		-0.0268256036 		-0.0143188762
2.565  		-0.0004185221 		-0.0031548057
2.61  		-0.0022058625 		-0.0016221466
2.655  		-0.0022612004 		-0.0017129065
2.7  		0.0016978476 		+0.0033870675
2.745  		0.0002682478 		-0.0005820674
2.79  		-0.0002690249 		-0.0017646217
2.835  		0.0027258046 		-0.0011852941
2.88  		-0.0180953232 		+0.0366816226
2.925  		-0.0355750517 		+0.0822947846
2.97  		-0.0251780392 		+0.0337341860
3.015  		-0.0815509954 		+0.0850586088
3.06  		-0.0537467002 		+0.0443908416
3.105  		0.0122204838 		-0.0039114496
3.15  		-0.0101327370 		-0.0087010045
3.195  		0.0121616468 		-0.0161445635
3.24  		0.0144080323 		-0.0045925679
3.285  		0.0010309810 		-0.0001651303
3.33  		-0.0045893641 		+0.0022650721
3.375  		-0.0031739165 		+0.0015773108
3.42  		0.0000088352 		-0.0000886535
3.465  		0.0000000841 		+0.0000001418
3.51  		-0.0039162843 		+0.0012482726
3.555  		0.0003422424 		+0.0048848788
3.6  		0.0057962396 		+0.0001067715
3.645  		0.0039296766 		-0.0050994009
3.69  		0.0048322376 		-0.0125260763
3.735  		0.0041266553 		-0.0128309522
3.78  		0.0054846911 		-0.0090591805
3.825  		-0.0020841748 		+0.0014358826
3.87  		0.0043633390 		-0.0003756237
3.915  		0.0005009614 		+0.0007112310
3.96  		-0.0002884084 		-0.0010295583
4.005  		0.0003018202 		-0.0000424349
4.05  		-0.0004528993 		-0.0002198705
4.095  		0.0031363415 		-0.0055616320
4.14  		0.0076774965 		-0.0051406869
4.185  		-0.0090773923 		+0.0015764673
4.23  		0.0100433053 		+0.0021119386
4.275  		0.0062093500 		+0.0025193740
4.32  		0.0019801888 		+0.0010119084
4.365  		0.0000667249 		+0.0000043826
4.41  		-0.0000867229 		-0.0001332069
4.455  		0.0000006173 		-0.0000202635
