0  		1.0000000001 		+0.0000000000
0.045  		0.9993817804 		+0.0099400415
0.09  		-0.5735319096 		-0.7836912947
0.135  		0.9890928882 		-0.1160427026
0.18  		0.9694123226 		-0.1097413707
0.225  		0.9709553925 		-0.1318826176
0.27  		-0.2859513927 		+0.5502843391
0.315  		0.3127046054 		-0.0108279504
0.36  		0.8346242552 		+0.0177995072
0.405  		0.8776641682 		+0.1129051767
0.45  		-0.3228785524 		-0.2707125362
0.495  		0.8989608841 		-0.1020027155
0.54  		0.8951364346 		-0.1864387780
0.585  		0.5744462325 		-0.1320279579
0.63  		0.0318864839 		+0.1099964978
0.675  		0.1909688852 		+0.0550003572
0.72  		0.4361966048 		-0.1006892730
0.765  		0.3866994491 		+0.2702916864
0.81  		0.1001286461 		+0.1763907287
0.855  		0.5291468624 		-0.0280435852
0.9  		0.2685418628 		+0.0065134511
0.945  		0.0003335662 		+0.0037089159
0.99  		-0.0220675690 		+0.0124690485
1.035  		0.0459565452 		+0.0049795449
1.08  		0.1263652191 		-0.1057357811
1.125  		0.0135762230 		-0.1995388080
1.17  		0.1967202229 		+0.0432538116
1.215  		0.3959001641 		+0.1056837018
1.26  		0.5403237738 		+0.1611175523
1.305  		0.4335076360 		+0.3279632292
1.35  		0.4739520476 		+0.0403730539
1.395  		0.3994054127 		+0.2195526582
1.44  		0.3981707007 		+0.0671085496
1.485  		0.2132211666 		-0.0625614065
1.53  		0.0415256645 		-0.0109524474
1.575  		-0.0030087636 		+0.0014352275
1.62  		-0.0051466647 		-0.0001410201
1.665  		-0.0000049582 		-0.0000010087
1.71  		-0.0004596117 		-0.0002545455
1.755  		0.0001828499 		+0.0002482370
1.8  		0.0012533990 		-0.0002409645
1.845  		0.0123827601 		-0.0027429607
1.89  		-0.0042968535 		-0.0043536363
1.935  		0.0000362166 		+0.0034933060
1.98  		0.0012834526 		-0.0006897292
2.025  		0.0019651556 		-0.0049178531
2.07  		0.0048276016 		-0.0095375421
2.115  		-0.0000103128 		-0.0010098171
2.16  		-0.0012903273 		-0.0085040283
2.205  		-0.0034727380 		-0.0026825216
2.25  		-0.0064377727 		-0.0055552629
2.295  		-0.0060593711 		+0.0165260175
2.34  		0.0237946643 		-0.0000944061
2.385  		0.0059677500 		+0.0064543626
2.43  		-0.0087025077 		-0.0021902179
2.475  		-0.0211249593 		-0.0417840743
2.52  		-0.0157250324 		-0.0203972322
2.565  		-0.0228980550 		+0.0643707682
2.61  		-0.1275440622 		+0.1020411720
2.655  		-0.1867722956 		+0.1066831692
2.7  		-0.1408881707 		+0.0003547300
2.745  		-0.0650107643 		-0.0627023624
2.79  		-0.0463042105 		-0.1053955982
2.835  		0.0025952820 		+0.0113830799
2.88  		0.0050564459 		+0.0099354726
2.925  		-0.0013765850 		-0.0007270478
2.97  		0.0089836215 		+0.0007658883
3.015  		0.0190200647 		-0.0158769701
3.06  		0.0016468429 		-0.0149986333
3.105  		0.0030443760 		-0.0185864136
3.15  		0.0055914519 		-0.0028631164
3.195  		0.0178813365 		+0.0080641249
3.24  		0.0536231306 		+0.0188446163
3.285  		0.0776593158 		+0.0002591156
3.33  		0.0937352422 		-0.0227383314
3.375  		0.1025729944 		-0.0418060033
3.42  		0.0679028340 		+0.0004248769
3.465  		0.0005104047 		-0.0009226564
3.51  		-0.0118092123 		-0.0156121705
3.555  		-0.0056289396 		+0.0085805218
3.6  		0.0031323726 		-0.0074001126
3.645  		0.0132031557 		-0.0147921907
3.69  		0.0019226982 		-0.0051188874
3.735  		0.0378458652 		-0.0462391763
3.78  		0.0333310475 		-0.0347391846
3.825  		0.0724640842 		-0.0340794716
3.87  		0.1060189701 		+0.0138075131
3.915  		0.0786433240 		-0.0356859003
3.96  		0.0254494246 		-0.0014456317
4.005  		0.0146826998 		-0.0067641512
4.05  		0.0743409750 		-0.0015672121
4.095  		0.0510412489 		-0.0386646539
4.14  		-0.0040733477 		-0.0563850214
4.185  		-0.0552266772 		+0.0256230491
4.23  		0.0248332494 		-0.0095426806
4.275  		0.0417885555 		+0.0233043091
4.32  		0.0023098333 		+0.0037055544
4.365  		0.0123206360 		+0.0102746354
4.41  		0.0150781867 		-0.0111896247
4.455  		0.0188225379 		-0.0142438266
