0  		1.0000000000 		+0.0000000000
0.045  		0.9999335363 		+0.0046325222
0.09  		0.9970952657 		+0.0375811480
0.135  		0.9868226944 		+0.1077600378
0.18  		0.8491552698 		+0.1828212727
0.225  		0.6016452603 		+0.0408847868
0.27  		0.4689050411 		-0.3006988810
0.315  		0.0930332972 		+0.0362999715
0.36  		0.2681883890 		-0.1027186578
0.405  		0.3634325701 		-0.2493795322
0.45  		0.0699761875 		-0.1124057983
0.495  		-0.2063563606 		+0.0481346709
0.54  		0.1088839863 		-0.1256868629
0.585  		-0.0862803602 		-0.0539461937
0.63  		-0.2644036595 		+0.0121749452
0.675  		0.1853313981 		-0.0135121900
0.72  		0.3613797687 		+0.5156137732
0.765  		-0.1522670473 		+0.1503290185
0.81  		-0.0990755229 		-0.0343224236
0.855  		-0.0084563944 		-0.0411131796
0.9  		-0.0181540071 		+0.0064002608
0.945  		-0.0041574290 		+0.0098574128
0.99  		0.0225154060 		+0.0003621226
1.035  		0.3632826916 		+0.0609387335
1.08  		0.4567391270 		+0.0991050378
1.125  		0.0818157085 		+0.4438088739
1.17  		0.0446623844 		+0.2802877090
1.215  		-0.0092318353 		+0.0976157439
1.26  		0.1730692713 		-0.1030976593
1.305  		0.1688390031 		-0.0873762265
1.35  		0.0678320494 		-0.0632504525
1.395  		0.0022904887 		+0.0038525244
1.44  		0.0160808981 		-0.0031883765
1.485  		0.0189618645 		-0.0131185396
1.53  		0.0521638470 		-0.0555922551
1.575  		0.0079031201 		-0.0701283837
1.62  		0.0271941735 		-0.0337839675
1.665  		0.1047761802 		-0.0956398327
1.71  		0.2309019026 		+0.0675747139
1.755  		-0.0116372459 		+0.1271428588
1.8  		-0.0776156621 		-0.0101920402
1.845  		-0.0056830750 		-0.0061242788
1.89  		0.0711751609 		+0.0384723613
1.935  		0.0701624887 		+0.1740999446
1.98  		-0.0741176433 		+0.1454577456
2.025  		-0.0126883084 		-0.0372094495
2.07  		0.0016505525 		-0.0059660719
2.115  		-0.0000764980 		+0.0004620723
2.16  		-0.0087874078 		+0.0044627831
2.205  		-0.0122507748 		+0.0003108758
2.25  		-0.0078219583 		-0.0011882140
2.295  		-0.0014615579 		-0.0002243226
2.34  		0.0044198306 		+0.0008397727
2.385  		0.0039543332 		-0.0107770365
2.43  		-0.0030260833 		-0.0080786374
2.475  		-0.0021175371 		-0.0145646419
2.52  		-0.0031953972 		-0.0194205861
2.565  		-0.0057703762 		+0.0172640182
2.61  		-0.0004015557 		+0.0000004553
2.655  		0.0059242006 		+0.0055944479
2.7  		0.0072857236 		+0.0135973986
2.745  		-0.0275969298 		-0.0451879357
2.79  		-0.0285879262 		-0.0191727154
2.835  		-0.0267770560 		+0.0287741379
2.88  		0.0346084348 		+0.0914617048
2.925  		0.1022932316 		+0.0437947726
2.97  		0.0855740677 		+0.0087761357
3.015  		0.0367646733 		-0.0088918400
3.06  		0.0136414300 		-0.0086953473
3.105  		0.0031161008 		+0.0084261856
3.15  		-0.0009165365 		-0.0026011068
3.195  		0.0014544723 		-0.0000646403
3.24  		0.0005933482 		-0.0002689974
3.285  		-0.0062544059 		+0.0000188878
3.33  		0.0037483816 		-0.0063218330
3.375  		0.0015039948 		-0.0029153446
3.42  		-0.0009725248 		+0.0009926269
3.465  		-0.0048787695 		+0.0023753936
3.51  		-0.0026616737 		+0.0021752384
3.555  		-0.0019390764 		-0.0010599874
3.6  		0.0013820086 		+0.0008134820
3.645  		-0.0181964023 		+0.0127488401
3.69  		0.0139901652 		+0.0349398590
3.735  		0.0193134186 		+0.0365184213
3.78  		0.0695234558 		+0.0050117532
3.825  		-0.0090422569 		-0.0143111703
3.87  		0.0055060694 		-0.0220461620
3.915  		0.0001008462 		-0.0111982984
3.96  		-0.0078671956 		-0.0059161489
4.005  		-0.0070266764 		-0.0050827067
4.05  		-0.0054797319 		-0.0029741081
4.095  		-0.0085021482 		+0.0058338363
4.14  		-0.0090236071 		+0.0135515849
4.185  		-0.0004237446 		+0.0038779553
4.23  		0.0002239759 		+0.0002642268
4.275  		-0.0000240026 		-0.0000319474
4.32  		0.0001587557 		+0.0001722168
4.365  		0.0000696047 		+0.0000061666
4.41  		-0.0000310918 		-0.0000571485
4.455  		0.0163275402 		+0.0111665188
