0  		1.0000000000 		+0.0000000000
0.045  		0.9997731961 		-0.0094419815
0.09  		0.4694606037 		+0.3143090312
0.135  		0.9746134664 		+0.0377888979
0.18  		0.9715692924 		-0.0282275759
0.225  		0.9646181554 		-0.0713632811
0.27  		0.7882913709 		+0.0916548771
0.315  		0.7356052396 		-0.0045523333
0.36  		0.8904961679 		-0.0032784154
0.405  		0.8677085690 		+0.0122893478
0.45  		0.8791443386 		+0.0118948804
0.495  		0.8592814125 		+0.0366080495
0.54  		0.8481771071 		+0.0147713758
0.585  		0.8671512260 		-0.1675853830
0.63  		0.8011729978 		+0.1346470399
0.675  		0.7078264226 		+0.3190542080
0.72  		0.6839527314 		+0.0121754746
0.765  		0.5744092165 		-0.0166416491
0.81  		0.5125870801 		+0.0785604550
0.855  		0.4214040002 		-0.0697549690
0.9  		0.0585094618 		-0.0085242437
0.945  		-0.0184350259 		+0.0188244935
0.99  		-0.0230865441 		+0.0096169697
1.035  		-0.0041547734 		+0.0073368179
1.08  		0.0088886126 		-0.0615411540
1.125  		0.0614640745 		-0.0874742532
1.17  		0.2090150503 		+0.0091765556
1.215  		0.0965508125 		+0.0253105597
1.26  		0.1159728316 		+0.0432913464
1.305  		0.0326433128 		+0.0425059301
1.35  		0.0059382205 		+0.0312291815
1.395  		0.0350579337 		+0.0195535003
1.44  		0.0523204353 		-0.0105114810
1.485  		-0.0321291485 		+0.0447756921
1.53  		-0.0733976939 		+0.0827585615
1.575  		-0.0400476125 		+0.0303241493
1.62  		-0.0008098955 		-0.0005521655
1.665  		-0.0074495376 		+0.0071116504
1.71  		-0.0026679210 		+0.0011340797
1.755  		0.0001394277 		-0.0000071488
1.8  		-0.0013234554 		+0.0008690820
1.845  		-0.0113280834 		+0.0061285819
1.89  		-0.0236054578 		-0.0008024355
1.935  		-0.0128055839 		+0.0019583890
1.98  		-0.0047360403 		+0.0071966582
2.025  		-0.0003866032 		+0.0004763967
2.07  		-0.0156394124 		-0.0131770162
2.115  		-0.0765732151 		-0.0680343811
2.16  		-0.0507200495 		-0.0717718554
2.205  		0.0270705174 		-0.0581843536
2.25  		0.0717314941 		+0.0049143308
2.295  		-0.0164887140 		+0.0487598744
2.34  		-0.0918376219 		-0.0095415341
2.385  		-0.1417450652 		-0.0433706375
2.43  		-0.1550815701 		-0.1100217227
2.475  		-0.0921443741 		-0.0754500790
2.52  		-0.0391934734 		-0.0219776026
2.565  		-0.0407682918 		+0.0067145038
2.61  		-0.0236677405 		+0.0330731795
2.655  		0.0104442284 		+0.0283134195
2.7  		0.0184588128 		+0.0113339926
2.745  		0.0028088705 		-0.0018419859
2.79  		0.0006610186 		+0.0004152537
2.835  		-0.0007559243 		-0.0004273609
2.88  		0.0000189905 		-0.0037768537
2.925  		0.0008439587 		+0.0049383152
2.97  		-0.0007477991 		-0.0002927665
3.015  		0.0057872860 		+0.0047066194
3.06  		-0.0005311653 		+0.0029222539
3.105  		-0.0015048773 		-0.0025727210
3.15  		-0.0002345118 		+0.0003579995
3.195  		0.0016665159 		+0.0022278474
3.24  		0.0002482099 		+0.0038782892
3.285  		0.0012577534 		+0.0005475735
3.33  		-0.0007961913 		+0.0019766090
3.375  		0.0085902285 		+0.0030721884
3.42  		0.0186055163 		+0.0111060806
3.465  		0.0108943222 		+0.0251522431
3.51  		0.0028839610 		+0.0163795364
3.555  		-0.0088723280 		+0.0547731790
3.6  		0.0142690818 		+0.1364877872
3.645  		-0.0285635795 		-0.0640828550
3.69  		0.0284301159 		+0.0316214295
3.735  		0.1216271259 		+0.0980874601
3.78  		0.1438720511 		+0.1317222197
3.825  		0.0796260159 		+0.0841769488
3.87  		0.0428320867 		+0.0305005221
3.915  		0.0554688782 		+0.0163258970
3.96  		0.0691232507 		-0.0184398575
4.005  		0.0868564517 		-0.0638761052
4.05  		0.1185712164 		-0.1418435118
4.095  		0.0877907884 		-0.2751818755
4.14  		0.0468281121 		-0.3326917392
4.185  		0.1053970604 		-0.3332864575
4.23  		0.2317433618 		-0.2054956683
4.275  		0.2580895513 		-0.0608231494
4.32  		0.1937364567 		-0.0484633811
4.365  		0.1701300705 		-0.1262317383
4.41  		0.1829492417 		-0.0861619228
4.455  		-0.0352509416 		+0.0049085411
