0  		1.0000000000 		-0.0000000000
0.045  		0.9991655918 		+0.0023444055
0.09  		0.9975323020 		+0.0131674606
0.135  		0.9660553444 		-0.0257536577
0.18  		0.9881294495 		+0.0060382461
0.225  		0.9845793737 		+0.0429344416
0.27  		0.7347957514 		-0.0988735522
0.315  		0.7557629852 		+0.0915580771
0.36  		0.7254976333 		-0.2151560400
0.405  		0.7265233548 		+0.4649178765
0.45  		-0.8519492677 		-0.0137298876
0.495  		0.5430266604 		+0.4958129877
0.54  		0.3538858207 		-0.3515905629
0.585  		0.2764534091 		+0.2233009028
0.63  		0.2359387504 		-0.0887258338
0.675  		0.5091095509 		-0.1227382631
0.72  		0.5302410579 		+0.2567260221
0.765  		0.5732651429 		-0.0030422089
0.81  		0.3945871559 		+0.3036152190
0.855  		0.4050859652 		+0.0845794939
0.9  		0.3813219171 		+0.3469095764
0.945  		0.2058702395 		+0.1989205787
0.99  		0.1090708667 		+0.0036161017
1.035  		-0.0022412061 		-0.0131864455
1.08  		-0.0453753410 		+0.0117346692
1.125  		0.0067064889 		-0.0048263890
1.17  		0.0291716823 		-0.0091283712
1.215  		0.0117767882 		-0.0041128579
1.26  		-0.0138928235 		+0.0102846467
1.305  		0.0048566719 		+0.0136331371
1.35  		-0.0000819153 		+0.0582777247
1.395  		-0.1091293001 		-0.1678644055
1.44  		-0.0288551725 		-0.2290518388
1.485  		-0.0243257175 		-0.0644029065
1.53  		0.3243253059 		+0.0788883995
1.575  		0.4350768767 		+0.0102626739
1.62  		0.2856874267 		-0.0160782080
1.665  		0.2389899025 		-0.0071657528
1.71  		0.0886254426 		-0.0556016082
1.755  		-0.0223206700 		-0.0386384218
1.8  		-0.0462471810 		-0.0080247239
1.845  		-0.0142088846 		+0.1043793030
1.89  		0.1232446321 		+0.0844867515
1.935  		-0.0817255537 		+0.0164816982
1.98  		-0.0693129660 		+0.1072485936
2.025  		-0.0023316637 		-0.0218267132
2.07  		-0.0011314708 		-0.0009167035
2.115  		-0.0143220335 		-0.0029344450
2.16  		-0.0821321546 		+0.0523326385
2.205  		-0.1746707659 		-0.1172181164
2.25  		0.1994209080 		+0.0697876386
2.295  		-0.0214883885 		-0.0652197317
2.34  		-0.0022888299 		+0.0004907428
2.385  		0.0095691606 		+0.0269507890
2.43  		0.1209904671 		-0.0411970128
2.475  		0.1964337811 		-0.2532662270
2.52  		0.1206721326 		-0.1913410543
2.565  		0.0102779798 		-0.0745343061
2.61  		0.0761933012 		-0.0078653172
2.655  		0.1063881994 		-0.0562119560
2.7  		0.0858060550 		-0.1002519111
2.745  		-0.0118771684 		-0.0984091262
2.79  		-0.0601595095 		-0.0387116407
2.835  		0.0107419642 		-0.0319382602
2.88  		0.0023389458 		-0.0020213334
2.925  		-0.0015682030 		+0.0025208894
2.97  		0.0012791745 		+0.0066141865
3.015  		0.0173196574 		+0.0007885232
3.06  		0.0100538400 		+0.0028775364
3.105  		-0.0029974947 		-0.0023010308
3.15  		0.0003377420 		+0.0001077070
3.195  		-0.0023962068 		+0.0003106154
3.24  		0.0001840839 		+0.0014757725
3.285  		-0.0120498514 		-0.0019614109
3.33  		0.0102459395 		-0.0061007930
3.375  		0.0062849607 		-0.0071765231
3.42  		0.0034116998 		-0.0022246425
3.465  		0.0108304218 		-0.0026750777
3.51  		0.0130942546 		-0.0048713073
3.555  		0.0088080343 		-0.0056784754
3.6  		0.0108776177 		-0.0045986845
3.645  		0.0258655630 		+0.0055420567
3.69  		0.0536563252 		+0.0307300997
3.735  		0.0112171613 		+0.0104505503
3.78  		0.0376330896 		+0.0092748495
3.825  		0.0207577868 		-0.0040428021
3.87  		0.0109386615 		-0.0098307587
3.915  		0.0037649990 		-0.0068055550
3.96  		0.0007242380 		-0.0039452206
4.005  		0.0014485361 		-0.0009503722
4.05  		-0.0000107838 		+0.0000364151
4.095  		0.0000973620 		+0.0000035209
4.14  		-0.0000182562 		+0.0001693523
4.185  		-0.0004958371 		-0.0001591581
4.23  		-0.0000132937 		+0.0001902688
4.275  		-0.0030593823 		-0.0016251584
4.32  		-0.0002055396 		-0.0030053802
4.365  		-0.0125121356 		-0.0209632807
4.41  		0.0057567302 		-0.0447534028
4.455  		-0.0024536037 		-0.0126992697
