0  		1.0000000001 		+0.0000000000
0.045  		0.9936943740 		-0.0987447709
0.09  		0.7514995229 		+0.0364631333
0.135  		0.6831510247 		+0.1068555641
0.18  		0.1349378118 		-0.8838270924
0.225  		0.8048644976 		-0.1407629872
0.27  		0.9146868014 		-0.0038554255
0.315  		0.5515865299 		+0.0347336076
0.36  		0.2408470078 		-0.0437805650
0.405  		0.1208499446 		-0.0177169338
0.45  		0.7490073828 		+0.0112059506
0.495  		0.4678249729 		-0.0904133693
0.54  		-0.1538768018 		+0.4643256920
0.585  		0.4525447238 		+0.1093602362
0.63  		0.5994721776 		-0.0895108811
0.675  		0.1421799061 		-0.0329976516
0.72  		0.6510111913 		+0.0171947237
0.765  		0.5083158191 		+0.0302160063
0.81  		0.2972713651 		-0.0562029891
0.855  		0.4322986273 		+0.2177131977
0.9  		0.0708079693 		-0.3762674205
0.945  		0.6396006649 		-0.2153055078
0.99  		-0.1697467842 		+0.1409568120
1.035  		0.3884828445 		-0.1601420149
1.08  		0.3846248687 		+0.0908301377
1.125  		0.1645806300 		-0.0422473011
1.17  		0.3554833585 		+0.0592153422
1.215  		0.2731105461 		-0.0523070335
1.26  		-0.0654463270 		-0.0951327175
1.305  		0.0051542672 		+0.1320303219
1.35  		-0.0671626861 		+0.2009265895
1.395  		-0.0314992376 		+0.1112520760
1.44  		-0.0001166371 		+0.0092850993
1.485  		0.0246070709 		-0.0141745624
1.53  		-0.2219925477 		+0.1113298041
1.575  		0.3258857240 		+0.0406496985
1.62  		0.2249952574 		+0.0160638657
1.665  		0.0136951449 		-0.0114971772
1.71  		0.1274930811 		-0.0054402298
1.755  		0.0636190401 		-0.0208865517
1.8  		0.0857214903 		-0.0158988164
1.845  		0.0905578381 		-0.0036213112
1.89  		-0.0468810659 		+0.0122635394
1.935  		0.0382336024 		-0.0298085061
1.98  		0.0087704953 		-0.0091878266
2.025  		0.0269703473 		-0.0347921334
2.07  		0.0219481997 		-0.0080214670
2.115  		0.0268912988 		-0.0032608995
2.16  		0.0134488473 		-0.0047837248
2.205  		0.0264876008 		-0.0031104832
2.25  		0.0137089488 		+0.0067809421
2.295  		0.0089949323 		+0.0124987538
2.34  		0.0013180443 		+0.0135231028
2.385  		-0.0160816533 		+0.0207929791
2.43  		0.0072263712 		+0.0218408692
2.475  		0.0045214172 		+0.0103571029
2.52  		0.0053827723 		+0.0001322991
2.565  		-0.0050237730 		-0.0021341965
2.61  		-0.0471272289 		+0.0054987886
2.655  		-0.0042615407 		-0.0035472426
2.7  		0.0079918377 		-0.0011129716
2.745  		0.0017143849 		-0.0100686219
2.79  		-0.0012272983 		+0.0243216358
2.835  		0.0110848299 		-0.0119977283
2.88  		0.0045848393 		-0.0063053300
2.925  		0.0018070472 		+0.0005665962
2.97  		-0.0013390715 		-0.0001585254
3.015  		0.0011669916 		+0.0005648576
3.06  		-0.0035638911 		-0.0013608537
3.105  		0.0002652840 		-0.0000589368
3.15  		-0.0000594979 		+0.0004234516
3.195  		-0.0007214904 		+0.0004441431
3.24  		-0.0007529015 		+0.0002458208
3.285  		0.0001900786 		+0.0007520917
3.33  		-0.0014272653 		-0.0010334810
3.375  		0.0030095736 		+0.0012690851
3.42  		0.0050015777 		+0.0050327118
3.465  		0.0014246919 		-0.0006748904
3.51  		0.0174444735 		+0.0108388536
3.555  		0.0357159975 		+0.0169907809
3.6  		0.0261425386 		-0.0107013844
3.645  		0.0148299589 		+0.0044592584
3.69  		0.0472777900 		+0.0344660551
3.735  		0.0838016041 		+0.0139633481
3.78  		0.0747856673 		+0.0070098192
3.825  		0.0387739169 		-0.0281406767
3.87  		-0.0023420647 		-0.0006494873
3.915  		-0.0458581906 		+0.0111158060
3.96  		-0.0343043601 		+0.0274097196
4.005  		-0.0055305623 		+0.0041867321
4.05  		0.0105682279 		+0.0097473659
4.095  		-0.0270226135 		+0.0047279517
4.14  		0.0305957105 		+0.0160403227
4.185  		0.0035013931 		+0.0280616185
4.23  		0.0009841011 		-0.0024945041
4.275  		0.0006011686 		+0.0065866903
4.32  		-0.0012472163 		+0.0109437171
4.365  		-0.0000010490 		-0.0052023277
4.41  		-0.0001917476 		+0.0014220786
4.455  		-0.0002409328 		+0.0014847981
