0  		1.0000000001 		+0.0000000000
0.045  		0.9998583295 		+0.0051603837
0.09  		0.9979751395 		+0.0120819991
0.135  		0.9550870322 		+0.0152668195
0.18  		0.9816636566 		-0.0029810415
0.225  		0.8846687742 		-0.0678396098
0.27  		0.8128841125 		+0.1008685423
0.315  		0.3607376024 		+0.0204847521
0.36  		0.8563282891 		+0.0531763137
0.405  		0.9619628710 		-0.0467142903
0.45  		0.8568837434 		-0.1331619716
0.495  		0.6318792513 		-0.0474882658
0.54  		0.6267515110 		+0.0955404760
0.585  		0.6123265170 		+0.2125361898
0.63  		0.5637526660 		-0.1034329362
0.675  		0.7786138772 		+0.2534734677
0.72  		0.7037627675 		+0.3760126120
0.765  		0.8200395191 		+0.0781966651
0.81  		0.7453559633 		-0.0649464417
0.855  		0.7474494486 		-0.1011308538
0.9  		0.3114890181 		+0.0069349900
0.945  		0.1006881203 		+0.0888776322
0.99  		-0.1841354865 		+0.0638118178
1.035  		-0.0595998841 		+0.0648736806
1.08  		0.1133838159 		-0.1016880719
1.125  		0.3532603203 		-0.4347702557
1.17  		0.4827571730 		-0.0817432786
1.215  		0.3302952658 		+0.2039295217
1.26  		-0.0488375275 		+0.3506536984
1.305  		-0.2058320213 		+0.3215636349
1.35  		-0.2379802981 		+0.2903791738
1.395  		0.0708135889 		+0.1437989658
1.44  		0.1846277320 		+0.0619468916
1.485  		0.1189388093 		-0.0183297918
1.53  		-0.0007036270 		-0.0009418041
1.575  		0.1032709557 		-0.0311807921
1.62  		0.0660702639 		+0.0184159840
1.665  		0.0164275845 		+0.0308388924
1.71  		0.0154840369 		+0.0456337298
1.755  		0.0175191371 		+0.0310336145
1.8  		-0.0247758735 		+0.0035466949
1.845  		-0.0247232038 		-0.1044545401
1.89  		0.1933902943 		-0.0664162784
1.935  		0.0411688881 		+0.0557820961
1.98  		0.0663246731 		+0.4770247704
2.025  		0.1393174157 		+0.1962027832
2.07  		0.1153949385 		-0.0665374357
2.115  		0.0706412139 		-0.1701433965
2.16  		-0.0270211327 		+0.0760552375
2.205  		0.1998547736 		-0.2708608807
2.25  		0.1154906799 		-0.2981721942
2.295  		0.0389949762 		-0.1453995072
2.34  		-0.0018263575 		-0.0523252249
2.385  		0.0216583585 		-0.0128005967
2.43  		0.0449554425 		+0.0322423671
2.475  		0.0043357695 		+0.0115396736
2.52  		-0.0129437926 		+0.0722744033
2.565  		0.0051611972 		+0.0631479016
2.61  		0.0909800930 		+0.0653890046
2.655  		0.1913560034 		+0.0216589997
2.7  		0.2179628078 		-0.1079668403
2.745  		0.0092664236 		-0.0013603335
2.79  		-0.0012528998 		-0.0015425942
2.835  		0.0573717030 		+0.0589689775
2.88  		0.0605975135 		-0.0090046650
2.925  		0.1173054916 		-0.0483356390
2.97  		0.2658201892 		-0.0788091754
3.015  		0.1518091016 		+0.0466349491
3.06  		0.1021306348 		+0.0628026597
3.105  		0.0828064292 		-0.0270283780
3.15  		0.1639628722 		-0.2277444499
3.195  		0.1915458173 		-0.2110899647
3.24  		0.1855833431 		-0.0482892480
3.285  		0.1857084977 		+0.0571214504
3.33  		0.1075842911 		-0.0241695902
3.375  		-0.0267025195 		+0.0725914453
3.42  		0.0137820135 		-0.1003551125
3.465  		0.0383806883 		-0.0284154580
3.51  		0.0496506491 		+0.0446395219
3.555  		0.0131124046 		+0.0321772488
3.6  		-0.0011384077 		-0.0017648668
3.645  		0.0028567604 		+0.0030277930
3.69  		-0.0008986183 		+0.0023191148
3.735  		0.0067508596 		-0.0033485711
3.78  		0.0407525749 		+0.0066739607
3.825  		0.0385010779 		-0.0072025433
3.87  		-0.0108487929 		-0.0450792179
3.915  		-0.0636744309 		-0.0077104661
3.96  		-0.0275483404 		+0.0140845099
4.005  		0.0459060587 		-0.0090948310
4.05  		-0.0119250328 		+0.0201915684
4.095  		-0.0140827239 		+0.0008906070
4.14  		-0.0035025921 		-0.0025545259
4.185  		0.0046993010 		+0.0314741325
4.23  		0.0040724519 		+0.0073597258
4.275  		0.0494755847 		+0.0210158893
4.32  		0.0774745351 		+0.0595346117
4.365  		0.0838487444 		+0.1066695562
4.41  		0.0681050111 		+0.1344330184
4.455  		0.0202678637 		+0.1357467447
