0  		1.0000000001 		+0.0000000000
0.045  		0.9999639437 		+0.0031923689
0.09  		0.9987301969 		+0.0047403930
0.135  		0.9853107148 		+0.0184101779
0.18  		0.9884040544 		-0.0474476592
0.225  		0.2573009509 		-0.7310774273
0.27  		0.0144599585 		+0.0370109236
0.315  		0.9199762946 		-0.0296188241
0.36  		0.9394172818 		+0.1501816360
0.405  		0.9571403444 		+0.0004221115
0.45  		0.9327112776 		-0.1095172325
0.495  		0.3736589082 		-0.5161461187
0.54  		0.2863825759 		-0.4711420409
0.585  		0.7100690114 		+0.2617639749
0.63  		0.6798328724 		-0.0880239698
0.675  		0.1992292560 		+0.5297995844
0.72  		0.8199618686 		+0.0256411380
0.765  		0.6254831916 		+0.0967093019
0.81  		-0.0270364925 		-0.0321490557
0.855  		0.4502064464 		-0.0158306208
0.9  		0.0393519599 		-0.0028709915
0.945  		-0.5435311371 		+0.1325851563
0.99  		-0.4003625331 		+0.0421218133
1.035  		0.2185617272 		-0.0355079491
1.08  		0.5937025179 		+0.0406827015
1.125  		0.2116071397 		-0.2575312634
1.17  		0.4449853174 		-0.1732709501
1.215  		0.5685335930 		-0.1773210868
1.26  		0.5095545476 		-0.0553503349
1.305  		-0.0525775117 		+0.0095230406
1.35  		0.0011685572 		+0.0031387458
1.395  		0.0297475507 		-0.0087430188
1.44  		-0.0679868756 		+0.0027485151
1.485  		-0.0178590817 		+0.0063232620
1.53  		0.0027176766 		-0.0005073903
1.575  		0.0359954910 		-0.0007544726
1.62  		0.1810987681 		-0.0440680758
1.665  		0.1681797570 		+0.1727010854
1.71  		0.1251361018 		+0.1785075449
1.755  		0.0546147470 		+0.1470464635
1.8  		0.0170727488 		+0.0189709121
1.845  		0.0089588248 		+0.0224784147
1.89  		0.0130906638 		+0.0042167550
1.935  		-0.2797640394 		-0.0785616382
1.98  		-0.1298335068 		+0.0124982356
2.025  		-0.2086707259 		-0.0753948566
2.07  		-0.1189005530 		+0.0713898512
2.115  		-0.0003099585 		+0.2189269930
2.16  		0.1082796346 		+0.2145571621
2.205  		0.0980088361 		+0.0707462897
2.25  		-0.0346810997 		-0.0017813449
2.295  		-0.1712699566 		+0.0576438302
2.34  		-0.0200369564 		+0.1066769181
2.385  		0.0776983611 		-0.1063178069
2.43  		-0.0329580422 		+0.0047910551
2.475  		0.0205983302 		+0.0410365594
2.52  		0.0227752140 		+0.0062734948
2.565  		0.0162442899 		-0.0068241473
2.61  		0.0369147627 		-0.0339298694
2.655  		0.0461302667 		+0.0245153435
2.7  		-0.0232672431 		+0.0205665351
2.745  		-0.1157705531 		+0.0228807120
2.79  		-0.1120727215 		-0.0011512719
2.835  		-0.1002489912 		-0.0021986733
2.88  		-0.1659317042 		+0.0618871138
2.925  		-0.1486660065 		+0.0830042240
2.97  		0.0194838033 		-0.0156533220
3.015  		-0.0009896537 		-0.0011443439
3.06  		0.0021723732 		+0.0060765400
3.105  		0.0191029885 		+0.0307384179
3.15  		0.0405585362 		+0.1108713123
3.195  		0.1212617818 		+0.0910703381
3.24  		0.1316559286 		+0.1205354072
3.285  		0.1897068297 		+0.0567015886
3.33  		0.0431490972 		+0.0775150510
3.375  		0.0154198409 		+0.0324873821
3.42  		-0.0164973328 		+0.0137365121
3.465  		-0.0115802947 		+0.0128657743
3.51  		0.0158580155 		-0.0114770956
3.555  		-0.0235130394 		-0.0500680352
3.6  		0.0499507206 		-0.0224606935
3.645  		0.0238076600 		-0.0277182548
3.69  		-0.0460282842 		-0.0184044739
3.735  		-0.0858961776 		-0.0237286594
3.78  		-0.0813641445 		-0.0283814155
3.825  		-0.0737646782 		-0.0410825068
3.87  		0.0143321712 		-0.0718989861
3.915  		0.0117749514 		+0.0247933523
3.96  		-0.0336270478 		-0.0162966810
4.005  		-0.0076432324 		-0.0256754939
4.05  		-0.0211780652 		+0.0377481048
4.095  		-0.0601221935 		-0.0118472781
4.14  		0.0387922250 		-0.0090863707
4.185  		-0.0012043916 		+0.0060690197
4.23  		-0.0300125617 		-0.0117830937
4.275  		-0.0619347259 		-0.0463279337
4.32  		-0.0302203026 		-0.0525365637
4.365  		0.0142710134 		-0.0083112088
4.41  		0.0085880512 		-0.0043944702
4.455  		-0.0008418477 		-0.0002797948
