0  		1.0000000000 		-0.0000000000
0.045  		0.9999616046 		+0.0016267704
0.09  		0.9961724512 		+0.0017891400
0.135  		0.9916952161 		+0.0374141977
0.18  		0.9953875784 		-0.0033729216
0.225  		0.9908629859 		-0.0010059107
0.27  		0.9927699763 		-0.0111995205
0.315  		0.9385159566 		+0.0625817443
0.36  		0.9581247137 		+0.0087374570
0.405  		0.7567607540 		+0.1294965503
0.45  		0.6090216282 		+0.3609570267
0.495  		0.9010338236 		-0.1489565476
0.54  		0.6694884440 		-0.1724343844
0.585  		0.7102912343 		+0.1139267758
0.63  		0.8938456486 		-0.0389013696
0.675  		0.8494378912 		+0.3223145842
0.72  		0.8148779666 		-0.0407868001
0.765  		0.4230084970 		-0.5426905302
0.81  		0.5074784143 		-0.4012364864
0.855  		0.6335704744 		-0.0278434420
0.9  		0.7392128052 		-0.1437651977
0.945  		0.5725028780 		-0.2571621088
0.99  		0.4886912525 		-0.0370151406
1.035  		0.4178108632 		+0.1831676294
1.08  		0.4659327787 		+0.0038160488
1.125  		0.4116431963 		+0.0926282279
1.17  		0.1312515432 		+0.0014238231
1.215  		-0.1826870074 		-0.2552974741
1.26  		-0.0905612565 		-0.2204332128
1.305  		-0.0644956327 		-0.0170909776
1.35  		0.0723512138 		+0.1067968649
1.395  		0.2207827531 		+0.0764591560
1.44  		0.1983046640 		+0.0318384052
1.485  		0.1446455113 		-0.0552478427
1.53  		0.1159635300 		-0.0939739201
1.575  		0.1728217993 		-0.0895858838
1.62  		0.1715997136 		+0.0191737034
1.665  		0.1408025137 		+0.1373910714
1.71  		0.3262642211 		+0.2410150404
1.755  		0.5117638177 		+0.1540373444
1.8  		0.5320342904 		-0.1166597060
1.845  		0.1942644932 		-0.3534848857
1.89  		-0.0721924397 		-0.1819637924
1.935  		-0.0510668274 		-0.0128604068
1.98  		0.0139978900 		+0.0223596167
2.025  		-0.0390696188 		-0.0220943136
2.07  		-0.1898846937 		-0.0725677741
2.115  		-0.2806533112 		+0.1275446024
2.16  		-0.3080147586 		+0.0807500663
2.205  		-0.0505750166 		+0.4159474642
2.25  		-0.0745807238 		+0.4642238960
2.295  		-0.1311575167 		+0.2482035270
2.34  		-0.2364649667 		-0.1746403849
2.385  		-0.2794635716 		-0.4015688036
2.43  		-0.5043800889 		-0.1241721365
2.475  		-0.4040249847 		-0.2728814722
2.52  		-0.2075543431 		-0.2877052636
2.565  		0.0668307841 		-0.1788184097
2.61  		0.1064741349 		+0.0316936436
2.655  		0.0076054950 		+0.0681264348
2.7  		-0.0207942843 		-0.0182964128
2.745  		-0.0134289867 		-0.0680857555
2.79  		-0.0218071636 		-0.0564753537
2.835  		-0.0032569348 		-0.0292524753
2.88  		0.0028410117 		-0.0052505845
2.925  		-0.0009353671 		-0.0002633333
2.97  		-0.0026065800 		+0.0016302792
3.015  		-0.0044305323 		+0.0103339504
3.06  		-0.0317905426 		+0.0129751815
3.105  		-0.0554430042 		+0.0309238338
3.15  		-0.0658772745 		-0.0110597206
3.195  		-0.0275858996 		-0.0686666137
3.24  		0.0237852774 		-0.0823484013
3.285  		0.0114008661 		-0.0596186475
3.33  		0.0007699815 		-0.0231946651
3.375  		0.0009703462 		-0.0029163188
3.42  		-0.0024375925 		+0.0000227422
3.465  		-0.0003629403 		-0.0133775925
3.51  		0.0210452008 		-0.0345699746
3.555  		0.0182702818 		-0.0559037221
3.6  		0.0130180217 		-0.0369335673
3.645  		0.0073746210 		-0.0037597843
3.69  		0.0033990577 		+0.0028756115
3.735  		0.0014280007 		-0.0028780185
3.78  		-0.0002429447 		-0.0049636553
3.825  		-0.0044990541 		-0.0047545093
3.87  		-0.0090096508 		-0.0001987625
3.915  		-0.0125780342 		+0.0142644303
3.96  		0.0100275035 		+0.0352209275
4.005  		0.0136261003 		+0.0334400461
4.05  		0.0029888720 		+0.0790595806
4.095  		0.1112695929 		+0.0853911064
4.14  		0.1422689127 		+0.0405660014
4.185  		0.1507407233 		-0.0143848537
4.23  		0.0687832454 		-0.1041125714
4.275  		0.0219266026 		-0.0621118912
4.32  		0.0392877588 		-0.0217454871
4.365  		0.0687866666 		-0.0261274877
4.41  		0.0696102657 		-0.0340700677
4.455  		0.0335824257 		-0.0452279555
