0  		1.0000000001 		-0.0000000000
0.045  		0.9999806252 		-0.0016939066
0.09  		0.9979544013 		+0.0059510137
0.135  		0.9571638154 		-0.0394245655
0.18  		0.9947440104 		+0.0039957585
0.225  		0.9809675089 		+0.0378361695
0.27  		0.9440828600 		+0.0362085486
0.315  		0.6331014855 		+0.0503070895
0.36  		0.6465640810 		+0.0533950385
0.405  		0.6265518323 		+0.1600280124
0.45  		0.4198011019 		-0.2088537171
0.495  		-0.7287966094 		+0.1894296991
0.54  		0.1686581264 		-0.1855335455
0.585  		0.1834276413 		+0.1749967941
0.63  		0.0452590814 		+0.1865992443
0.675  		0.4076601762 		+0.1034410016
0.72  		0.6252383187 		+0.1567007412
0.765  		0.0845773936 		-0.0149572960
0.81  		-0.6991122019 		+0.0299935694
0.855  		-0.4096144298 		-0.0347740320
0.9  		0.4901102542 		-0.0333276691
0.945  		0.4779094703 		+0.0658329297
0.99  		-0.0480519339 		-0.0214837652
1.035  		0.0588615157 		+0.0086657694
1.08  		-0.1755934695 		-0.0049227242
1.125  		-0.1200058598 		+0.0163586950
1.17  		-0.1883425451 		-0.0889495207
1.215  		0.0992225330 		-0.0906331552
1.26  		0.1200255130 		-0.0035146623
1.305  		0.0341212974 		-0.0082965127
1.35  		-0.1395012350 		+0.0876495122
1.395  		-0.4249610127 		-0.0567345044
1.44  		0.0436982592 		-0.3250051986
1.485  		0.7771709686 		+0.0089284459
1.53  		0.2728954824 		+0.2938803834
1.575  		-0.5288041767 		+0.1275841214
1.62  		-0.1949058555 		-0.0990891479
1.665  		0.4410107574 		-0.0559058604
1.71  		0.2494192171 		+0.0765078787
1.755  		-0.2901825836 		+0.0509960052
1.8  		-0.1013343229 		-0.0414576321
1.845  		0.0883200529 		-0.0696080782
1.89  		0.0853284233 		+0.2450677421
1.935  		-0.2058821196 		-0.1028884585
1.98  		-0.2520100567 		-0.0892879237
2.025  		0.0208197110 		-0.1016591335
2.07  		0.3370349172 		-0.1036171401
2.115  		0.2347114992 		-0.0773940364
2.16  		0.0151289752 		+0.0019441355
2.205  		-0.0544169063 		+0.0167898975
2.25  		-0.1275236706 		-0.0185537096
2.295  		-0.1686976955 		-0.0045952242
2.34  		-0.0058407665 		+0.0004722458
2.385  		-0.0371422128 		+0.0063531516
2.43  		-0.0269729843 		-0.0262323843
2.475  		0.0122980499 		-0.0064045949
2.52  		0.0386104377 		+0.0164419791
2.565  		0.0543160653 		+0.0077122679
2.61  		0.0374465592 		+0.0232814824
2.655  		-0.0027414294 		-0.0037998767
2.7  		-0.0393081966 		-0.0095483175
2.745  		-0.0351633141 		-0.0020036033
2.79  		-0.0160614809 		+0.0011147919
2.835  		-0.0018245731 		-0.0009151087
2.88  		0.0034861432 		+0.0096190547
2.925  		-0.0019881758 		-0.0062001890
2.97  		0.0108449423 		+0.0250416235
3.015  		0.0227412281 		+0.0221402873
3.06  		0.0026331378 		+0.0478537685
3.105  		0.0510873627 		+0.0435120310
3.15  		0.1797751543 		+0.0181283279
3.195  		0.1740383139 		+0.1056278195
3.24  		0.1435554817 		+0.0897586991
3.285  		0.0789934437 		+0.0477321349
3.33  		0.0313592006 		-0.0033666449
3.375  		0.0530609051 		-0.0685704708
3.42  		-0.0048365960 		-0.0501386749
3.465  		0.0006331861 		+0.0751851513
3.51  		-0.0089910090 		-0.0265553063
3.555  		0.0086759648 		-0.0227362082
3.6  		0.0100852966 		-0.0165047991
3.645  		0.0221924429 		-0.0299037965
3.69  		0.0147785510 		-0.0204929614
3.735  		-0.0005291046 		-0.0026789990
3.78  		-0.0004248949 		-0.0001289286
3.825  		-0.0037681039 		-0.0006479018
3.87  		0.0139410799 		+0.0014791912
3.915  		0.0197660736 		+0.0139422654
3.96  		-0.0144841064 		-0.0056190870
4.005  		0.0122937785 		-0.0037646897
4.05  		0.0099896736 		+0.0145233009
4.095  		-0.0040182285 		+0.0164175340
4.14  		-0.0489445792 		-0.0325043928
4.185  		-0.0180472728 		-0.0455269114
4.23  		0.0435771607 		-0.0065683925
4.275  		0.0448331057 		-0.0275258204
4.32  		0.0340631307 		-0.0033547533
4.365  		0.0202832446 		+0.0019272182
4.41  		0.0034704676 		+0.0007439060
4.455  		-0.0020895309 		-0.0005592999
