0  		1.0000000001 		+0.0000000000
0.045  		0.9999200881 		-0.0044706391
0.09  		0.9991656730 		+0.0175077315
0.135  		0.9927043350 		+0.0214628657
0.18  		0.9409842650 		+0.0871755447
0.225  		0.9812242387 		+0.0742100607
0.27  		0.9664792743 		+0.0258265051
0.315  		0.9470310982 		+0.0858978434
0.36  		0.7676042492 		-0.1072338183
0.405  		0.7878399841 		+0.1147789042
0.45  		0.8296179228 		-0.0159329457
0.495  		0.2454060847 		+0.6475795476
0.54  		0.1967730463 		-0.1819853032
0.585  		0.1026427501 		-0.0396672776
0.63  		-0.4797427618 		-0.3125012039
0.675  		0.1115547794 		+0.2098890713
0.72  		0.5236235228 		+0.4200650389
0.765  		0.4785795877 		-0.0387118863
0.81  		0.7300181639 		+0.0929484862
0.855  		0.6710406356 		-0.2167174532
0.9  		0.5006676247 		-0.2512601145
0.945  		0.3144448706 		+0.0185915083
0.99  		0.0643207493 		+0.0804243450
1.035  		-0.0448865806 		-0.0089949108
1.08  		-0.0606843844 		+0.0378693541
1.125  		0.0345222806 		+0.0205543108
1.17  		-0.1660101264 		+0.0928290516
1.215  		-0.3838613992 		-0.0238935975
1.26  		-0.1105072421 		+0.1094782134
1.305  		0.0068089368 		+0.0125827634
1.35  		0.0300118754 		-0.0523378309
1.395  		0.1515263036 		+0.0681919793
1.44  		0.2500612273 		+0.0614604514
1.485  		0.0553823359 		-0.0096908972
1.53  		0.0001919963 		+0.0034995598
1.575  		-0.0680134138 		-0.0043248927
1.62  		-0.0562985713 		+0.0831330063
1.665  		-0.0452931861 		-0.0126519684
1.71  		-0.0089879670 		-0.0294385210
1.755  		0.0439822346 		-0.0589135997
1.8  		0.0495818118 		-0.1137406535
1.845  		0.0093434190 		+0.0683181190
1.89  		0.0390651429 		+0.0212750314
1.935  		0.1510692785 		-0.0321206214
1.98  		0.0667126058 		+0.0148017428
2.025  		-0.0843800084 		-0.0444286995
2.07  		0.0714622435 		+0.0776616607
2.115  		0.1957586477 		+0.1144585808
2.16  		0.1304533704 		+0.0700667851
2.205  		0.0542282916 		+0.0631560428
2.25  		0.0360309434 		+0.0283755490
2.295  		0.0212788783 		+0.0061695017
2.34  		0.0117860887 		+0.0046973300
2.385  		0.0073328617 		+0.0056234715
2.43  		0.0085487290 		+0.0044761047
2.475  		0.0143903785 		+0.0036194716
2.52  		0.0149874684 		+0.0246521808
2.565  		0.0379846394 		+0.0039431630
2.61  		0.0801867721 		+0.0018441797
2.655  		0.1058975453 		+0.0203283229
2.7  		0.0958734998 		+0.0270877447
2.745  		0.0200802971 		+0.0532307977
2.79  		-0.0142234789 		+0.0215570817
2.835  		0.0303043550 		+0.0580942684
2.88  		-0.0455842162 		-0.0359895237
2.925  		-0.0643280667 		-0.0253935903
2.97  		-0.0271763665 		-0.0307077330
3.015  		-0.0488832421 		-0.0047971819
3.06  		-0.0195109599 		-0.0398653221
3.105  		0.0084645215 		-0.0294458137
3.15  		0.0178089258 		-0.0052594887
3.195  		0.0248770500 		-0.0021216862
3.24  		-0.0178124424 		-0.0342582096
3.285  		-0.0962112953 		-0.0578854519
3.33  		0.0229947609 		+0.0008511741
3.375  		0.1199599597 		+0.0047892110
3.42  		-0.0232865984 		+0.0134337435
3.465  		-0.1567287071 		+0.0936944561
3.51  		-0.0374365161 		+0.0641828981
3.555  		-0.0340836529 		+0.0487614281
3.6  		-0.0206952148 		+0.0080947866
3.645  		0.0080092829 		-0.0037023866
3.69  		0.0097162543 		-0.0411060994
3.735  		-0.0346726546 		+0.0421077406
3.78  		-0.0327723864 		+0.2679586124
3.825  		-0.0959409932 		+0.3690557606
3.87  		0.0122931929 		+0.3185934959
3.915  		0.0387939303 		+0.0747154583
3.96  		-0.1301584988 		+0.0250500035
4.005  		-0.0018524455 		+0.0869182644
4.05  		-0.0326850596 		+0.0933860731
4.095  		-0.0170619062 		+0.0267794532
4.14  		-0.0024717569 		+0.0013934939
4.185  		-0.0057732450 		+0.0078172778
4.23  		-0.0405209636 		+0.0330267101
4.275  		-0.0716434671 		+0.0512818688
4.32  		-0.0348801655 		+0.0360093923
4.365  		0.0208343415 		+0.0382033942
4.41  		-0.0294148478 		+0.0019227945
4.455  		-0.0358516939 		+0.0155246671
