0  		1.0000000001 		+0.0000000000
0.045  		0.9700067676 		-0.0121597797
0.09  		0.9982736625 		-0.0127442022
0.135  		0.9762141579 		+0.0298555529
0.18  		0.5620527790 		+0.0520519222
0.225  		0.9732787829 		+0.0189058722
0.27  		0.9444303473 		+0.0645394921
0.315  		0.5383538994 		-0.3046844589
0.36  		0.8774090403 		-0.0129127516
0.405  		0.9351873085 		+0.0491029551
0.45  		0.4061504115 		+0.0129717149
0.495  		0.0497592573 		-0.0404662776
0.54  		0.7173996304 		-0.0839649366
0.585  		0.7853840260 		+0.0053956243
0.63  		0.6261744821 		-0.0244345594
0.675  		0.1633496611 		-0.0066465505
0.72  		0.5729715472 		-0.0164991555
0.765  		0.8827030182 		-0.0248227743
0.81  		0.7807834698 		+0.0178746253
0.855  		0.7537179090 		+0.0017442088
0.9  		0.4104962288 		+0.0972679063
0.945  		-0.0384894020 		-0.0043344154
0.99  		0.5813791426 		+0.1012725037
1.035  		0.7043341605 		-0.1342071668
1.08  		0.5781839005 		-0.3887409705
1.125  		0.4922936827 		-0.3118887509
1.17  		-0.2142489322 		+0.0555305676
1.215  		0.4206470282 		+0.2688974647
1.26  		0.4078307490 		+0.2069064238
1.305  		0.3290277831 		+0.0482161069
1.35  		0.3446718192 		-0.1619975959
1.395  		0.4653015372 		-0.0293493163
1.44  		0.5357939625 		+0.0781565954
1.485  		-0.0014038495 		-0.0011777208
1.53  		-0.1254737496 		+0.0642920919
1.575  		0.3293118650 		-0.0180161633
1.62  		-0.1874877446 		+0.0368657965
1.665  		0.5794796084 		+0.0964862315
1.71  		-0.1396838646 		-0.2231394513
1.755  		-0.1187586114 		+0.2081408205
1.8  		0.1705516764 		-0.0238215910
1.845  		0.0095070465 		-0.0440620288
1.89  		0.0387693007 		+0.0047928557
1.935  		-0.0027277884 		+0.0037685534
1.98  		-0.0013835366 		-0.0010397820
2.025  		0.0017272476 		+0.0020355392
2.07  		0.0004088697 		-0.0006030061
2.115  		-0.0003607034 		-0.0015211222
2.16  		-0.0017279036 		-0.0006010050
2.205  		0.0019812008 		+0.0033330398
2.25  		0.1195356195 		-0.0328723968
2.295  		0.0198362087 		+0.0389095141
2.34  		0.2234695362 		+0.0014972536
2.385  		0.0253138496 		-0.0085728591
2.43  		0.0114493160 		-0.0882462895
2.475  		0.0641215970 		+0.0230452637
2.52  		0.0257043564 		-0.0800696353
2.565  		-0.0001976375 		-0.0091484686
2.61  		0.0043605899 		-0.0008411015
2.655  		-0.0451507317 		+0.0394462580
2.7  		-0.0729846526 		-0.0413823447
2.745  		-0.0769349239 		+0.0160979557
2.79  		-0.0103124412 		-0.0235439737
2.835  		-0.0008948907 		-0.0013318848
2.88  		0.0037044196 		-0.0097617303
2.925  		0.0013735497 		-0.0055681624
2.97  		0.0037242596 		-0.0110495742
3.015  		-0.0043941121 		+0.0113981085
3.06  		-0.0245438141 		-0.0297048016
3.105  		-0.0838191923 		+0.0579043785
3.15  		-0.0134641118 		+0.0398363224
3.195  		0.0474763806 		-0.0235648728
3.24  		0.0173913621 		-0.0277590986
3.285  		0.0008133413 		+0.0154735967
3.33  		-0.0423593828 		-0.0234700455
3.375  		-0.0285273450 		-0.0611952808
3.42  		0.0384125645 		+0.0052926378
3.465  		-0.0498658660 		-0.0057348552
3.51  		-0.0523625752 		-0.0108625254
3.555  		-0.0456238394 		-0.0289803166
3.6  		-0.0127164183 		-0.0129094153
3.645  		0.0096671108 		+0.0107645710
3.69  		-0.0038285211 		+0.0418163504
3.735  		-0.0208808565 		+0.0537247331
3.78  		-0.0373812792 		+0.0237960485
3.825  		0.0030127123 		-0.0005987034
3.87  		0.0042565812 		-0.0037597912
3.915  		0.0541975680 		-0.0367662474
3.96  		0.0896275124 		-0.0382749045
4.005  		0.0105838943 		+0.0289432358
4.05  		0.0329526218 		-0.0016019590
4.095  		0.0119320123 		-0.0017299712
4.14  		-0.0051361740 		-0.0221623010
4.185  		-0.0098578117 		-0.0159151386
4.23  		0.0067329121 		+0.0035123673
4.275  		-0.0084042946 		-0.0022888424
4.32  		0.0009571749 		+0.0015183339
4.365  		0.1218202965 		-0.0604779125
4.41  		0.2125570071 		-0.0712732638
4.455  		0.2556711464 		-0.0761649874
