0  		1.0000000001 		+0.0000000000
0.045  		0.9999757107 		-0.0031767669
0.09  		0.9978289473 		-0.0391031190
0.135  		0.9806029869 		+0.0040549846
0.18  		0.8378949672 		+0.1526910612
0.225  		-0.6535723903 		-0.3446574523
0.27  		0.4888129064 		+0.3890391030
0.315  		0.7591324584 		+0.3361466580
0.36  		0.7531097443 		+0.1127015063
0.405  		0.7475784557 		-0.1898297572
0.45  		0.8228863088 		-0.1325706152
0.495  		0.8990375576 		-0.1238130930
0.54  		0.9347652588 		-0.0525100038
0.585  		0.6701452256 		+0.4125551287
0.63  		0.4377977938 		+0.2591653068
0.675  		-0.0374427007 		+0.5309404792
0.72  		0.7839172561 		-0.0818631986
0.765  		0.4043781262 		+0.2653745794
0.81  		0.1832423340 		+0.0257447703
0.855  		0.2531136401 		-0.1305621448
0.9  		0.1887168180 		+0.1069194032
0.945  		0.6394990903 		-0.0872785401
0.99  		0.0321771111 		-0.2994876142
1.035  		0.4395013664 		+0.0167472449
1.08  		-0.0108275429 		-0.1881816011
1.125  		0.2213428859 		+0.2940598015
1.17  		-0.1166936812 		+0.2779113211
1.215  		-0.2336790241 		-0.1588039010
1.26  		0.1376774268 		-0.4172720680
1.305  		0.3663727680 		-0.0236891991
1.35  		0.3890623530 		+0.2314737689
1.395  		0.2200577689 		-0.0700446222
1.44  		0.0595101391 		-0.0396401877
1.485  		0.0180206847 		+0.0168930403
1.53  		0.0004979024 		-0.0095296146
1.575  		0.0022107012 		-0.0372833351
1.62  		0.0158231155 		-0.0202986167
1.665  		-0.0541243401 		-0.1135097576
1.71  		-0.0110609737 		-0.0174941924
1.755  		-0.1203983505 		+0.0754830993
1.8  		0.0270734532 		+0.1690160494
1.845  		0.0871878024 		+0.0220051992
1.89  		0.0425219882 		-0.0091691860
1.935  		-0.0215454801 		-0.0390574866
1.98  		-0.0318900314 		-0.0035971592
2.025  		-0.0090694114 		-0.0102945813
2.07  		0.0074936743 		+0.0085415644
2.115  		0.0178673668 		+0.0086022168
2.16  		-0.0033446982 		+0.0567540490
2.205  		0.1066167175 		+0.1194543542
2.25  		0.0999698959 		-0.1392107558
2.295  		0.0161331828 		-0.0081238166
2.34  		0.0532396952 		+0.0657555889
2.385  		0.0503748603 		-0.0226862304
2.43  		-0.0089362759 		-0.0241919515
2.475  		-0.0055390351 		-0.0113736878
2.52  		0.0025107560 		-0.0199969993
2.565  		0.0304664066 		-0.0087120448
2.61  		0.0595204649 		-0.0362417568
2.655  		0.0624325555 		-0.0558870634
2.7  		0.0821505502 		-0.0453732921
2.745  		0.0724135855 		+0.0341368288
2.79  		0.0514485966 		+0.0106002856
2.835  		0.0078107412 		-0.0072237166
2.88  		-0.0437365735 		-0.0053093437
2.925  		-0.0728163121 		-0.0288565960
2.97  		-0.0699852065 		-0.0268195415
3.015  		-0.0615437082 		-0.0191511280
3.06  		-0.0419106972 		-0.0853110512
3.105  		0.0376252983 		-0.0894387122
3.15  		0.0305511279 		-0.0535581421
3.195  		-0.0029178209 		-0.0273757197
3.24  		0.0056990777 		-0.0029216123
3.285  		0.0033880265 		+0.0174164237
3.33  		-0.0058071484 		+0.0067052604
3.375  		0.0070439578 		-0.0034747980
3.42  		0.0544104575 		+0.0037591711
3.465  		0.0624386878 		-0.0285945115
3.51  		-0.0004344376 		-0.0069055773
3.555  		-0.0366542460 		+0.0152121416
3.6  		-0.0331534856 		+0.0126159383
3.645  		-0.0112457432 		+0.0094158187
3.69  		-0.0011707834 		+0.0020447491
3.735  		0.0000162371 		-0.0000154378
3.78  		-0.0000571282 		-0.0000408069
3.825  		-0.0000271165 		+0.0001423556
3.87  		-0.0007702425 		+0.0031927739
3.915  		-0.0008293164 		+0.0088655747
3.96  		0.0066428438 		+0.0141234969
4.005  		0.0169585439 		+0.0038506030
4.05  		0.0135700067 		+0.0014492026
4.095  		0.0061894550 		+0.0039303677
4.14  		0.0024934119 		+0.0042048486
4.185  		0.0024616543 		+0.0004804498
4.23  		0.0007028798 		-0.0014846708
4.275  		-0.0000934884 		-0.0004957862
4.32  		-0.0000853617 		+0.0000287456
4.365  		0.0002172955 		-0.0007850721
4.41  		-0.0005426091 		+0.0000628699
4.455  		0.0000940220 		-0.0000814078
