0  		1.0000000000 		-0.0000000000
0.045  		0.9994270878 		+0.0023853239
0.09  		0.7386937338 		+0.0034856008
0.135  		0.9213285536 		-0.1937172433
0.18  		0.7978905482 		+0.0032875209
0.225  		0.0684804026 		-0.1305187601
0.27  		0.4963774256 		+0.0265154772
0.315  		0.7774738614 		+0.2334024445
0.36  		0.7801160848 		-0.1492576282
0.405  		0.7269533052 		-0.1137414593
0.45  		0.4993506537 		+0.0300247313
0.495  		0.1155314113 		+0.3507747852
0.54  		0.1116195208 		+0.2538182617
0.585  		0.6586208751 		-0.0725751031
0.63  		0.4163368433 		-0.1914787938
0.675  		0.5851800842 		-0.3125569931
0.72  		0.4560091839 		+0.3259492505
0.765  		0.5548738495 		+0.0261801611
0.81  		0.4921169924 		+0.1545003755
0.855  		0.3399704180 		+0.0784443484
0.9  		0.1551080662 		-0.0142714764
0.945  		0.0471446537 		-0.0826434685
0.99  		0.1201813600 		-0.2123549880
1.035  		0.1670367198 		-0.0664515679
1.08  		0.3402555322 		+0.0225644608
1.125  		0.0077921518 		+0.2978694369
1.17  		-0.1555002465 		+0.0684758438
1.215  		-0.0990343446 		+0.2175106897
1.26  		0.1162651280 		+0.1696696161
1.305  		0.0804900623 		+0.0370653227
1.35  		0.1005680494 		-0.0420313672
1.395  		0.0638765689 		-0.0376084868
1.44  		0.0657735375 		+0.0257195432
1.485  		0.0966025421 		+0.0738506667
1.53  		-0.1128371058 		-0.1610784170
1.575  		-0.0352927669 		-0.0741381534
1.62  		0.2147721045 		-0.0670798392
1.665  		0.1958597446 		+0.0459956017
1.71  		-0.0021238339 		-0.0153606300
1.755  		0.1566338387 		+0.0243408239
1.8  		0.1655364715 		+0.0994312310
1.845  		-0.0821991043 		+0.2420711819
1.89  		-0.0522208979 		+0.2879317761
1.935  		0.1510915046 		+0.2535224033
1.98  		0.1643886005 		+0.1369251390
2.025  		0.0478638886 		-0.0358888224
2.07  		-0.0213677443 		-0.0443066526
2.115  		0.2592162125 		-0.0588177440
2.16  		0.1339592254 		-0.1250710111
2.205  		0.1885013857 		-0.0983090772
2.25  		0.2037461325 		+0.0431150709
2.295  		0.1945626778 		+0.0710650843
2.34  		-0.0113847390 		-0.0041321227
2.385  		0.0622736791 		-0.0064252670
2.43  		-0.0682660974 		-0.0208894081
2.475  		0.1383537042 		+0.0549837883
2.52  		0.0320741367 		+0.0003778511
2.565  		-0.0027500417 		+0.0086402730
2.61  		-0.0133250816 		+0.0025926655
2.655  		-0.0178760380 		-0.0416305844
2.7  		-0.0772599584 		-0.0370506630
2.745  		-0.0447610177 		-0.0017063722
2.79  		-0.0509208722 		+0.0224146090
2.835  		-0.0605244069 		-0.0136969080
2.88  		-0.1302292510 		-0.0173413192
2.925  		-0.1692655420 		-0.0063486338
2.97  		-0.0939397552 		+0.0422891190
3.015  		-0.0163209332 		-0.0047027709
3.06  		-0.0289379123 		+0.0124214831
3.105  		-0.0352041760 		-0.0388527875
3.15  		0.0409213639 		-0.0407181780
3.195  		0.0065615944 		-0.0019454144
3.24  		-0.0006918869 		-0.0002565337
3.285  		0.0112181328 		+0.0082520686
3.33  		0.0535514763 		-0.0105352701
3.375  		0.0031760720 		-0.0062648849
3.42  		0.0138869634 		-0.0331114688
3.465  		0.0211733066 		+0.1886651193
3.51  		-0.0268303647 		+0.0152179421
3.555  		-0.0231170731 		-0.0004114685
3.6  		-0.0390689965 		-0.0019181087
3.645  		-0.0057000418 		-0.0147536088
3.69  		-0.0018220022 		-0.0002756092
3.735  		0.0003982958 		-0.0002103186
3.78  		-0.0006892944 		+0.0004550980
3.825  		0.0001933532 		-0.0003341578
3.87  		-0.0106397950 		+0.0225337994
3.915  		-0.0037146441 		+0.0263898645
3.96  		0.0030541060 		+0.0032952727
4.005  		0.0189387216 		+0.0035070090
4.05  		-0.0074366922 		+0.0013109237
4.095  		-0.0029861979 		+0.0001023635
4.14  		0.0001845872 		+0.0000302813
4.185  		0.0000116818 		+0.0000027356
4.23  		0.0000304654 		-0.0001398135
4.275  		-0.0002906135 		+0.0004886816
4.32  		0.0002176425 		-0.0006010052
4.365  		0.0013390674 		-0.0038950708
4.41  		-0.0002645879 		-0.0004156053
4.455  		0.0293056823 		+0.0031016947
