0  		1.0000000001 		+0.0000000000
0.045  		0.9995942584 		+0.0022456140
0.09  		0.9960561501 		-0.0061147231
0.135  		0.9149584099 		+0.0576086280
0.18  		0.9689967270 		-0.0086377666
0.225  		0.8939409674 		-0.0664905973
0.27  		0.9421628458 		+0.0199494962
0.315  		0.8964755586 		+0.0851774534
0.36  		0.9592289706 		+0.0240622174
0.405  		0.9493922300 		+0.0761672490
0.45  		0.9703419391 		-0.0482717729
0.495  		0.8857809959 		-0.1398512390
0.54  		0.7794840963 		-0.1603982738
0.585  		0.7869948438 		-0.1150345486
0.63  		0.3430968976 		-0.0416703559
0.675  		-0.0126003957 		+0.0467155988
0.72  		-0.0199389750 		+0.0482373152
0.765  		0.3432341410 		-0.1094354852
0.81  		0.5547805934 		+0.0409444735
0.855  		0.3757589239 		-0.0373795732
0.9  		0.2407611591 		-0.0317413460
0.945  		0.1006731351 		+0.0172568234
0.99  		0.1891207715 		+0.0411194592
1.035  		0.1320671258 		+0.0447276445
1.08  		0.0005538179 		+0.0320253218
1.125  		-0.0041591531 		+0.0071537353
1.17  		-0.0089994968 		+0.0083055675
1.215  		0.0896829471 		+0.0565336012
1.26  		0.0870867968 		+0.0781638593
1.305  		0.0016886516 		-0.0403065474
1.35  		0.2060091599 		-0.0933133767
1.395  		0.3553128496 		+0.0056879432
1.44  		0.3876757374 		+0.0979780704
1.485  		0.2179496205 		+0.0285020152
1.53  		0.2579005525 		-0.1410610971
1.575  		0.0184479453 		-0.0002642895
1.62  		0.6413107059 		+0.1684600455
1.665  		0.2841569535 		+0.2089243582
1.71  		0.1711717986 		-0.0006704391
1.755  		0.0369133640 		+0.0281326728
1.8  		-0.0564668529 		+0.0997420748
1.845  		-0.1380594671 		+0.0550228746
1.89  		-0.0905207252 		+0.0359205797
1.935  		-0.0295523997 		+0.0414578630
1.98  		0.0060930843 		-0.0235857679
2.025  		0.0322159438 		-0.0752792116
2.07  		0.0285673640 		-0.1245539677
2.115  		0.1418240093 		-0.1263840213
2.16  		0.1188090265 		-0.0902385199
2.205  		-0.0446349849 		+0.0041637803
2.25  		0.1769523775 		+0.1957001675
2.295  		0.0714032781 		+0.2582426918
2.34  		0.2639815882 		+0.1242215633
2.385  		0.3778992930 		-0.0086392003
2.43  		0.3442837828 		+0.0377651207
2.475  		0.3502699971 		+0.1226519784
2.52  		0.2499120754 		+0.0444549480
2.565  		0.1555226510 		-0.0938505328
2.61  		0.0930048339 		-0.1164307596
2.655  		0.0992906558 		-0.0495551732
2.7  		0.0533815969 		-0.0204673530
2.745  		0.0035716124 		-0.0000297985
2.79  		-0.0007909165 		+0.0012607379
2.835  		-0.0005092449 		-0.0002499609
2.88  		-0.0636148888 		-0.0536606267
2.925  		-0.0242973920 		-0.0282907619
2.97  		0.1158867269 		+0.0203187438
3.015  		0.2122311160 		+0.0987593940
3.06  		0.2170305715 		+0.1369000527
3.105  		0.1996104589 		+0.0981290791
3.15  		0.1649773486 		-0.0230302171
3.195  		0.1435120985 		-0.0781545300
3.24  		0.1120929538 		+0.0038405095
3.285  		0.0299578287 		+0.0390036062
3.33  		0.0108877178 		+0.0176938290
3.375  		-0.0006535410 		-0.0006221000
3.42  		0.0000392952 		+0.0001300127
3.465  		-0.0030004468 		-0.0004950264
3.51  		-0.0033144796 		+0.0072840263
3.555  		-0.0124495821 		+0.0231186549
3.6  		-0.0359188257 		+0.0110990117
3.645  		-0.0386205902 		-0.0151398020
3.69  		-0.0225380480 		-0.0021281189
3.735  		-0.0036019889 		+0.0101975505
3.78  		0.0037695701 		+0.0006815947
3.825  		-0.0014578812 		+0.0003466661
3.87  		-0.0003088291 		+0.0009859477
3.915  		0.0021881534 		-0.0011667950
3.96  		0.0059591153 		+0.0045097870
4.005  		-0.0051438235 		-0.0002670807
4.05  		0.0031634873 		+0.0008152515
4.095  		0.0255382926 		+0.0071472359
4.14  		0.0377358685 		+0.0192924067
4.185  		0.0323282658 		+0.0428360950
4.23  		-0.0036256851 		+0.0370183820
4.275  		-0.0362981987 		+0.0022799253
4.32  		-0.0444846200 		-0.0045560003
4.365  		-0.0260871324 		-0.0043711051
4.41  		0.0080663689 		-0.0155846686
4.455  		0.0408696815 		-0.0306425999
