0  		1.0000000000 		-0.0000000000
0.045  		0.9999568612 		-0.0003785569
0.09  		0.9996694101 		-0.0010647357
0.135  		0.9986355306 		-0.0174883027
0.18  		0.9975343880 		-0.0080566700
0.225  		0.9953876742 		+0.0098077631
0.27  		0.9898923582 		-0.0368210605
0.315  		0.9691008458 		-0.0183515171
0.36  		0.9269205863 		+0.0756916417
0.405  		0.9212473232 		+0.0004936853
0.45  		0.9258526145 		+0.1412996552
0.495  		0.8776407686 		+0.0188631131
0.54  		0.4524230362 		-0.0950256333
0.585  		0.3202835764 		-0.0068344018
0.63  		0.5970616597 		+0.0207970597
0.675  		0.6175125538 		-0.2444843618
0.72  		-0.1470003594 		-0.4034748768
0.765  		-0.2734006185 		-0.4349661160
0.81  		0.3414547301 		-0.3941242409
0.855  		0.2604207402 		+0.0707084858
0.9  		-0.0338743073 		+0.0535150879
0.945  		0.0078976027 		+0.0488654250
0.99  		-0.0001365573 		-0.0269277364
1.035  		0.0032354751 		-0.0132081350
1.08  		-0.0316734710 		+0.0198320268
1.125  		-0.0121439643 		+0.0131955333
1.17  		0.0489969138 		-0.0396297859
1.215  		0.0240793827 		-0.0538117798
1.26  		-0.0107358679 		-0.0100449748
1.305  		-0.0698394832 		-0.0631322574
1.35  		-0.2267467751 		-0.0304818842
1.395  		-0.1110101223 		-0.0198243324
1.44  		0.0159371876 		-0.0297544957
1.485  		-0.0074148669 		-0.0252860511
1.53  		-0.0081644321 		+0.0001656424
1.575  		-0.0048274970 		+0.0099292538
1.62  		-0.0191748685 		+0.0093648934
1.665  		0.0138277841 		-0.0210899670
1.71  		-0.0010677072 		+0.0000636776
1.755  		-0.0062733555 		-0.0069523012
1.8  		-0.0045964123 		-0.0073431710
1.845  		-0.0053716149 		-0.0065481096
1.89  		0.0009517487 		-0.0002798253
1.935  		0.0009455706 		+0.0035350543
1.98  		0.0146719725 		-0.0063632756
2.025  		0.0259455766 		+0.0154969036
2.07  		0.0396530404 		+0.0138738395
2.115  		0.0445384641 		+0.0377422794
2.16  		-0.0132449301 		+0.0286091678
2.205  		-0.0363550056 		-0.0412439947
2.25  		-0.0048990319 		-0.0064849624
2.295  		0.0591250375 		-0.0243955796
2.34  		0.0800892578 		-0.0163745155
2.385  		0.0644299592 		+0.0279022244
2.43  		0.0523060001 		+0.0240098890
2.475  		0.0168627482 		+0.0152541784
2.52  		-0.0087638140 		-0.0091605580
2.565  		-0.0352437777 		+0.0050945747
2.61  		-0.0554565699 		+0.0192548814
2.655  		-0.0319506896 		-0.0498118508
2.7  		0.0109806895 		-0.0375644614
2.745  		-0.0043151790 		+0.0034178885
2.79  		-0.0012007505 		-0.0016708896
2.835  		-0.0025007214 		-0.0005736346
2.88  		0.0023594647 		-0.0083996720
2.925  		0.0001674052 		+0.0125296785
2.97  		0.0248914553 		+0.0399443844
3.015  		0.0229983791 		+0.0392566805
3.06  		0.0152433365 		+0.0283886664
3.105  		0.0104627429 		+0.0089519318
3.15  		0.0063431121 		-0.0008678097
3.195  		0.0023628500 		-0.0002839364
3.24  		0.0003509124 		+0.0002562547
3.285  		0.0000056113 		-0.0000353400
3.33  		-0.0000004007 		-0.0000215011
3.375  		0.0007677305 		-0.0004666118
3.42  		0.0035521705 		-0.0007400670
3.465  		0.0058538906 		+0.0005860426
3.51  		0.0075311434 		-0.0016969629
3.555  		0.0078820850 		-0.0029537380
3.6  		0.0052577142 		+0.0006247238
3.645  		0.0021812215 		+0.0027942498
3.69  		0.0004481440 		+0.0030232747
3.735  		-0.0000072723 		+0.0001598848
3.78  		0.0000263338 		-0.0006509449
3.825  		0.0007624463 		+0.0031020399
3.87  		0.0028148379 		+0.0050761107
3.915  		0.0086586986 		+0.0012910562
3.96  		0.0074657544 		+0.0038159814
4.005  		0.0041185746 		+0.0023287559
4.05  		0.0018481764 		+0.0017637526
4.095  		0.0001720181 		+0.0006095603
4.14  		-0.0000106524 		+0.0000060743
4.185  		-0.0000096167 		-0.0000041332
4.23  		-0.0001039631 		+0.0001701201
4.275  		-0.0011850169 		+0.0004784492
4.32  		-0.0026898755 		-0.0006840951
4.365  		-0.0016912202 		-0.0004020951
4.41  		-0.0000346612 		-0.0000480626
4.455  		-0.0000218581 		-0.0000116555
