0  		1.0000000000 		-0.0000000000
0.045  		0.9995503320 		-0.0089763112
0.09  		0.9860705838 		-0.0260588668
0.135  		0.9510014846 		-0.0590004203
0.18  		0.9859690483 		+0.0347893021
0.225  		0.9823129952 		-0.0461948524
0.27  		0.9393517453 		+0.0621167989
0.315  		0.8688325489 		-0.0848742895
0.36  		0.8029436067 		-0.2025364854
0.405  		0.1645807811 		+0.0146248292
0.45  		0.0080526843 		+0.0221135392
0.495  		0.4817361701 		+0.1235981524
0.54  		0.5364277414 		-0.1044707288
0.585  		0.6924131147 		+0.5176637200
0.63  		0.8037899463 		+0.0263523335
0.675  		0.5761190915 		+0.0610147667
0.72  		0.1288459009 		+0.1749562044
0.765  		0.1168697049 		+0.0754105346
0.81  		0.3004836113 		-0.0272072194
0.855  		0.4856794470 		-0.0516511189
0.9  		0.4703981805 		-0.0784152701
0.945  		0.5422717456 		-0.0769389004
0.99  		0.5451233580 		-0.0061259104
1.035  		0.3086311586 		+0.1326011348
1.08  		0.1666587426 		-0.0073958209
1.125  		0.0247856504 		-0.0320844033
1.17  		0.0104939254 		-0.0186492449
1.215  		0.0051144616 		-0.0144534027
1.26  		0.0188946974 		+0.0147846961
1.305  		0.0109174125 		-0.0357231784
1.35  		0.0414850064 		+0.0744936447
1.395  		0.1650011122 		+0.0893442310
1.44  		0.1285636636 		+0.0333478085
1.485  		0.0903512458 		-0.0294977920
1.53  		-0.0456277421 		-0.0007401128
1.575  		-0.1751325287 		+0.0535056935
1.62  		-0.1907801088 		+0.0541360763
1.665  		-0.0936157060 		+0.0723113375
1.71  		-0.0097273193 		+0.0349165366
1.755  		-0.0243142638 		-0.0174553650
1.8  		-0.0626912296 		+0.0244871780
1.845  		-0.0503382544 		+0.0305239893
1.89  		-0.0137929769 		+0.0140102403
1.935  		-0.0193037715 		+0.0296675493
1.98  		-0.0129139981 		+0.0211476366
2.025  		-0.0155418721 		+0.0136616800
2.07  		-0.0130330191 		+0.0088768381
2.115  		0.0045596030 		-0.0024318829
2.16  		0.0033945921 		-0.0067977521
2.205  		-0.0048825260 		-0.0104154698
2.25  		-0.0182192709 		+0.0080352090
2.295  		0.0010450458 		-0.0005656723
2.34  		0.0009670175 		+0.0012293912
2.385  		-0.0003324617 		-0.0016896683
2.43  		0.0322591574 		+0.0040870714
2.475  		-0.0012212068 		+0.0507154131
2.52  		-0.0383292814 		+0.0588315488
2.565  		-0.0468979753 		-0.0301346467
2.61  		0.0212360454 		-0.0240027820
2.655  		0.0161788235 		+0.0050892344
2.7  		-0.0029397204 		+0.0121533703
2.745  		0.0009005391 		+0.0022854527
2.79  		0.0024285515 		+0.0077654166
2.835  		-0.0064467681 		+0.0039432789
2.88  		-0.0028032253 		-0.0078084742
2.925  		0.0033124645 		-0.0020499834
2.97  		0.0002841163 		+0.0120204223
3.015  		0.0062302406 		+0.0053804529
3.06  		-0.0030716550 		+0.0005895884
3.105  		-0.0043096088 		-0.0000421030
3.15  		0.0001719543 		-0.0177876951
3.195  		0.0085920379 		-0.0028593718
3.24  		-0.0000472371 		-0.0000440596
3.285  		0.0009124336 		+0.0035647646
3.33  		-0.0019278399 		+0.0008411808
3.375  		0.0000459801 		-0.0001258014
3.42  		-0.0000012467 		+0.0000012704
3.465  		0.0000288527 		-0.0000460938
3.51  		-0.0036228153 		-0.0012805649
3.555  		-0.0014132982 		-0.0002319824
3.6  		0.0000336209 		-0.0000914650
3.645  		0.0002812570 		+0.0001960329
3.69  		0.0001376675 		+0.0001116533
3.735  		0.0000425876 		-0.0002151220
3.78  		0.0002972769 		-0.0004040998
3.825  		0.0000480908 		-0.0000026928
3.87  		-0.0000597544 		+0.0000214805
3.915  		-0.0006681147 		-0.0003010243
3.96  		0.0013655913 		-0.0019098237
4.005  		0.0029189079 		-0.0054659007
4.05  		-0.0198793772 		-0.0049625433
4.095  		-0.0059601259 		-0.0076611704
4.14  		0.0114729530 		+0.0192568487
4.185  		-0.0105239590 		+0.0186905441
4.23  		-0.0040661168 		+0.0052502828
4.275  		-0.0001758141 		+0.0023182182
4.32  		0.0003084058 		-0.0003914325
4.365  		-0.0006791393 		+0.0013364737
4.41  		-0.0091823602 		+0.0038653573
4.455  		-0.0188518452 		-0.0002704640
