0  		1.0000000001 		-0.0000000000
0.045  		0.9996604332 		-0.0013969726
0.09  		0.9893519542 		+0.0124450427
0.135  		0.9969977565 		-0.0013166727
0.18  		0.9929200579 		+0.0082844420
0.225  		0.9399736308 		-0.0571852376
0.27  		0.9826519347 		-0.0068754254
0.315  		0.8718413044 		+0.0506611697
0.36  		0.5821739784 		-0.4239863748
0.405  		0.8323508529 		+0.0058405667
0.45  		0.8471013204 		+0.0774416713
0.495  		0.8490650689 		+0.0292071080
0.54  		0.8372046160 		+0.0492302712
0.585  		0.8939274171 		-0.2035160826
0.63  		0.8464102722 		+0.0268458835
0.675  		0.6622829876 		+0.1695575628
0.72  		0.7363397644 		+0.1130391591
0.765  		0.7918381882 		-0.1667212598
0.81  		0.5006932251 		+0.0477969259
0.855  		0.1215836597 		+0.0786666707
0.9  		-0.0152361515 		-0.0050119710
0.945  		0.0401271431 		+0.0043775448
0.99  		0.3935066476 		-0.0138559966
1.035  		0.3478242179 		+0.4913035508
1.08  		0.6697343095 		-0.0523942305
1.125  		0.5140815850 		-0.1483119607
1.17  		0.4982563467 		-0.2663787066
1.215  		0.1936386596 		-0.2159542841
1.26  		-0.0099983729 		-0.0303039302
1.305  		-0.1365453646 		+0.1320576174
1.35  		-0.1950628313 		+0.2266299653
1.395  		-0.1815379749 		+0.2691335713
1.44  		-0.2013006081 		+0.2803235128
1.485  		-0.3042438656 		+0.2061700367
1.53  		-0.3654226190 		+0.1572425775
1.575  		-0.3719087259 		+0.0271563988
1.62  		-0.3122315938 		-0.2298839734
1.665  		-0.0914248543 		-0.2984513871
1.71  		0.1560877319 		-0.1824947107
1.755  		0.1788984985 		-0.0706494344
1.8  		0.1513196394 		+0.0868061364
1.845  		0.0431544241 		+0.1141140910
1.89  		-0.0569154465 		+0.0760687686
1.935  		-0.0838653398 		-0.0319553717
1.98  		0.0179312753 		-0.1158119455
2.025  		0.0534693305 		-0.0331469569
2.07  		0.0847352216 		+0.0140388686
2.115  		0.1739061875 		+0.1373806850
2.16  		0.1053648069 		+0.1402057502
2.205  		0.0022152156 		+0.0322314619
2.25  		0.0190814081 		-0.1399825638
2.295  		0.1190033137 		-0.3373400527
2.34  		0.2603363440 		-0.3322753669
2.385  		0.1644146728 		-0.1259731628
2.43  		0.0432661169 		+0.0244258859
2.475  		0.0130065961 		+0.0213402983
2.52  		0.0020818846 		+0.0204659282
2.565  		0.0470400171 		+0.0754772868
2.61  		0.0863265781 		+0.2142920631
2.655  		-0.0279706029 		+0.1429702850
2.7  		0.0883981877 		-0.2716872714
2.745  		-0.0060821724 		-0.2067712430
2.79  		0.0048457734 		+0.0053470158
2.835  		0.1515442834 		-0.1951308593
2.88  		0.2554494403 		-0.2873071512
2.925  		0.3186697409 		-0.1136536850
2.97  		0.2546009969 		+0.0681086699
3.015  		0.0848999973 		+0.0707186553
3.06  		0.0336570325 		-0.0118229762
3.105  		0.0002184747 		-0.0003137400
3.15  		-0.0875065738 		+0.0218119334
3.195  		-0.1811097839 		-0.0652358249
3.24  		-0.1597981792 		-0.1326925704
3.285  		-0.1301466330 		-0.1199735062
3.33  		-0.0420473191 		-0.0085657605
3.375  		0.0047229453 		-0.0178533740
3.42  		0.0173603985 		-0.0157152816
3.465  		0.0025378412 		-0.0024318621
3.51  		-0.0061654570 		-0.0035463244
3.555  		-0.0208665204 		-0.0519950352
3.6  		-0.0161079229 		-0.0231661760
3.645  		-0.1074499540 		+0.1346606925
3.69  		-0.2661707305 		+0.1226713611
3.735  		-0.3801777184 		-0.0367607781
3.78  		-0.3128114656 		-0.2600323984
3.825  		0.0812916961 		-0.1745813632
3.87  		0.0324051546 		+0.0124616625
3.915  		-0.0449917422 		+0.0940938226
3.96  		-0.0565253440 		+0.0273504338
4.005  		0.0078599948 		+0.0031857938
4.05  		0.0041047218 		-0.0016768546
4.095  		-0.0070036296 		+0.0320326830
4.14  		-0.1495063530 		+0.0638722365
4.185  		-0.2140838476 		+0.0673154630
4.23  		-0.1109452656 		+0.1066258167
4.275  		0.1142925415 		+0.1235701885
4.32  		0.1685051164 		+0.1868221021
4.365  		0.2069104768 		+0.1157630857
4.41  		0.2095606601 		-0.0199590674
4.455  		0.0777125975 		-0.0330385000
