0  		1.0000000001 		+0.0000000000
0.045  		0.9999624403 		+0.0016268222
0.09  		0.9961726863 		+0.0017891331
0.135  		0.9917021641 		+0.0374137903
0.18  		0.9953880029 		-0.0033727911
0.225  		0.9908641896 		-0.0010057411
0.27  		0.9927704068 		-0.0111992018
0.315  		0.9385172906 		+0.0625817988
0.36  		0.9581251288 		+0.0087374934
0.405  		0.7567627868 		+0.1294968970
0.45  		0.6090222480 		+0.3609573608
0.495  		0.9010342727 		-0.1489565933
0.54  		0.6694891145 		-0.1724345972
0.585  		0.7102917212 		+0.1139267714
0.63  		0.8938461560 		-0.0389014403
0.675  		0.8494384569 		+0.3223147925
0.72  		0.8148781437 		-0.0407868221
0.765  		0.4230089343 		-0.5426910940
0.81  		0.5074785272 		-0.4012366124
0.855  		0.6335705785 		-0.0278434627
0.9  		0.7392131801 		-0.1437652863
0.945  		0.5725030894 		-0.2571622015
0.99  		0.4886914780 		-0.0370151707
1.035  		0.4178109640 		+0.1831676745
1.08  		0.4659331004 		+0.0038160250
1.125  		0.4116434030 		+0.0926283852
1.17  		0.1312516201 		+0.0014238178
1.215  		-0.1826871733 		-0.2552976752
1.26  		-0.0905614373 		-0.2204336938
1.305  		-0.0644956491 		-0.0170909737
1.35  		0.0723512495 		+0.1067969091
1.395  		0.2207828931 		+0.0764592157
1.44  		0.1983047414 		+0.0318384368
1.485  		0.1446455519 		-0.0552478360
1.53  		0.1159644340 		-0.0939747347
1.575  		0.1728218425 		-0.0895858880
1.62  		0.1715997933 		+0.0191737055
1.665  		0.1408025333 		+0.1373911491
1.71  		0.3262645846 		+0.2410153345
1.755  		0.5117639216 		+0.1540374725
1.8  		0.5320382791 		-0.1166603775
1.845  		0.1942646392 		-0.3534850658
1.89  		-0.0721924522 		-0.1819638333
1.935  		-0.0510668355 		-0.0128604218
1.98  		0.0139978978 		+0.0223596310
2.025  		-0.0390696201 		-0.0220943183
2.07  		-0.1898848694 		-0.0725678495
2.115  		-0.2806535057 		+0.1275447487
2.16  		-0.3080150886 		+0.0807502079
2.205  		-0.0505749426 		+0.4159475670
2.25  		-0.0745808235 		+0.4642239914
2.295  		-0.1311575351 		+0.2482036981
2.34  		-0.2364650560 		-0.1746403631
2.385  		-0.2794635895 		-0.4015689017
2.43  		-0.5043802874 		-0.1241722228
2.475  		-0.4040251622 		-0.2728818248
2.52  		-0.2075543496 		-0.2877053178
2.565  		0.0668308263 		-0.1788184347
2.61  		0.1064742100 		+0.0316936525
2.655  		0.0076055032 		+0.0681264415
2.7  		-0.0207942898 		-0.0182964153
2.745  		-0.0134289850 		-0.0680857669
2.79  		-0.0218071570 		-0.0564753707
2.835  		-0.0032569334 		-0.0292524852
2.88  		0.0028410143 		-0.0052505864
2.925  		-0.0009353706 		-0.0002633342
2.97  		-0.0026065814 		+0.0016302795
3.015  		-0.0044305365 		+0.0103339531
3.06  		-0.0317905568 		+0.0129751884
3.105  		-0.0554430266 		+0.0309238337
3.15  		-0.0658772899 		-0.0110597321
3.195  		-0.0275860764 		-0.0686671829
3.24  		0.0237852855 		-0.0823484409
3.285  		0.0114008749 		-0.0596186567
3.33  		0.0007699877 		-0.0231946680
3.375  		0.0009703468 		-0.0029163196
3.42  		-0.0024375930 		+0.0000227424
3.465  		-0.0003629537 		-0.0133776641
3.51  		0.0210452244 		-0.0345699821
3.555  		0.0182702925 		-0.0559037382
3.6  		0.0130180358 		-0.0369335766
3.645  		0.0073746268 		-0.0037597894
3.69  		0.0033990595 		+0.0028756145
3.735  		0.0014280031 		-0.0028780230
3.78  		-0.0002429448 		-0.0049636582
3.825  		-0.0044990553 		-0.0047545096
3.87  		-0.0090096541 		-0.0001987654
3.915  		-0.0125780338 		+0.0142644347
3.96  		0.0100275084 		+0.0352209355
4.005  		0.0136261064 		+0.0334400528
4.05  		0.0029888626 		+0.0790595902
4.095  		0.1112696845 		+0.0853912250
4.14  		0.1422689293 		+0.0405660129
4.185  		0.1507407355 		-0.0143848789
4.23  		0.0687832422 		-0.1041126173
4.275  		0.0219265979 		-0.0621119036
4.32  		0.0392877783 		-0.0217454980
4.365  		0.0687866882 		-0.0261275003
4.41  		0.0696103217 		-0.0340700878
4.455  		0.0335824281 		-0.0452279696
