0  		1.0000000000 		-0.0000000000
0.045  		0.9862169595 		+0.0030957069
0.09  		0.9814830424 		-0.0278638979
0.135  		0.8805188331 		+0.0402753120
0.18  		0.9491520191 		-0.0441253423
0.225  		0.4486018084 		+0.0472225453
0.27  		0.8769568216 		+0.1122008224
0.315  		0.9323483088 		-0.0275010436
0.36  		0.9490717125 		-0.0347392132
0.405  		0.3415055236 		+0.2530992804
0.45  		0.2024802199 		+0.1253951036
0.495  		0.3159629784 		+0.0572720196
0.54  		0.1001858170 		-0.0936413614
0.585  		-0.3315433410 		-0.1916501291
0.63  		0.6294031547 		-0.3439278194
0.675  		0.3831611913 		-0.0027048472
0.72  		0.3472709875 		+0.1328125315
0.765  		0.7163147074 		-0.1268793015
0.81  		0.1926499583 		-0.1988743272
0.855  		0.3547791986 		+0.3090930977
0.9  		0.5767964922 		-0.2006079616
0.945  		0.3094431436 		-0.0208776597
0.99  		0.0039832580 		-0.0107976222
1.035  		0.5687859635 		+0.2376173563
1.08  		0.0163825601 		+0.2185286809
1.125  		0.1997493275 		+0.0004112108
1.17  		0.3157139566 		-0.1450734581
1.215  		0.2127901144 		-0.1113381267
1.26  		-0.0183487414 		+0.0276186560
1.305  		0.0364554563 		+0.0003805328
1.35  		0.0087500358 		+0.0257228613
1.395  		0.0873728721 		+0.0161613445
1.44  		0.1835946340 		-0.0287508510
1.485  		0.3528952245 		+0.1340898409
1.53  		0.3497834577 		+0.2841118347
1.575  		0.0939971892 		+0.1020737387
1.62  		-0.0775914964 		+0.0540806811
1.665  		-0.2283766578 		+0.0892580797
1.71  		-0.2099257458 		+0.1144368115
1.755  		-0.0698615547 		+0.0647894716
1.8  		0.0050727671 		+0.0058799603
1.845  		0.0267926427 		+0.0192615578
1.89  		0.0388304016 		+0.0080349045
1.935  		0.0369163716 		+0.0168204255
1.98  		0.0398348633 		+0.0094182576
2.025  		0.0479021456 		-0.0177566265
2.07  		0.0482870084 		-0.0040842067
2.115  		0.0436692326 		-0.0072599699
2.16  		0.0097575092 		+0.0053538045
2.205  		-0.0530875033 		+0.0075175301
2.25  		-0.0858492377 		-0.0218666396
2.295  		-0.0427556522 		+0.0921106717
2.34  		-0.0940418981 		+0.1195658458
2.385  		-0.0276587621 		-0.0123237407
2.43  		-0.1472199578 		+0.1344341473
2.475  		-0.0104858863 		+0.0232360679
2.52  		-0.0632617491 		+0.0095747834
2.565  		-0.0013663057 		-0.0499908507
2.61  		0.0428744494 		-0.0311285993
2.655  		-0.0978258599 		+0.1941227086
2.7  		0.0480367632 		-0.1260586149
2.745  		0.1898217004 		-0.1128681958
2.79  		0.3368370926 		-0.2064620699
2.835  		0.2709363694 		-0.2188949018
2.88  		0.1989433518 		-0.0512309087
2.925  		0.0328735198 		-0.0155538574
2.97  		-0.0210148506 		-0.0116833473
3.015  		0.0895577026 		-0.1142315090
3.06  		0.2316042984 		-0.0515466669
3.105  		0.1295269897 		-0.0149919433
3.15  		0.0468306489 		-0.0008837742
3.195  		0.0346802013 		+0.0150268871
3.24  		0.0165775142 		-0.0156609313
3.285  		-0.0551376288 		+0.0232529222
3.33  		-0.0265913104 		+0.0291235989
3.375  		-0.0614609416 		+0.0871363433
3.42  		-0.0672382780 		+0.0761382460
3.465  		0.0067573434 		-0.0161636751
3.51  		0.0182532603 		-0.0221359894
3.555  		-0.0091088205 		+0.0358117995
3.6  		-0.0228138938 		+0.0427061174
3.645  		-0.0021188179 		+0.0239099662
3.69  		0.0146470467 		+0.0055986803
3.735  		0.0220800050 		+0.0013369157
3.78  		0.0056540217 		-0.0280644648
3.825  		0.0059471263 		-0.0116769815
3.87  		-0.0180212996 		+0.0088348654
3.915  		-0.0066986111 		+0.0123460098
3.96  		-0.0327694008 		+0.0057560554
4.005  		-0.0132694861 		-0.0083446134
4.05  		0.0020961044 		-0.0064931564
4.095  		-0.0021782389 		-0.0067222762
4.14  		0.0017093264 		+0.0141367749
4.185  		0.0289213529 		+0.0237690674
4.23  		0.0070844745 		-0.0014648909
4.275  		0.0029383225 		+0.0048478148
4.32  		-0.0074479479 		+0.0037314839
4.365  		-0.0167995287 		-0.0006589894
4.41  		0.0158359586 		-0.0276940637
4.455  		0.0004098035 		-0.0272254561
