0  		1.0000000001 		+0.0000000000
0.045  		0.9997945063 		-0.0007624736
0.09  		0.9989191386 		-0.0009623460
0.135  		0.9965761187 		-0.0042620333
0.18  		0.9421210344 		-0.0200545285
0.225  		0.8726628898 		+0.0595190452
0.27  		0.8659409957 		-0.0107788553
0.315  		0.4139263834 		-0.2805517952
0.36  		0.7990694434 		-0.0420095209
0.405  		0.6562445054 		-0.0552510535
0.45  		0.7094105620 		-0.1063441704
0.495  		0.3560711349 		+0.0023856726
0.54  		0.7341913214 		+0.0178424378
0.585  		0.7759150385 		-0.1260184736
0.63  		0.5051830600 		+0.0473469516
0.675  		0.3189605921 		+0.1623766310
0.72  		0.5763577606 		-0.0653019280
0.765  		0.7461560942 		-0.1422647236
0.81  		0.0582959045 		-0.0204541211
0.855  		0.6277286805 		+0.2727514188
0.9  		0.3146005478 		+0.1984310504
0.945  		0.3059775123 		+0.0110375005
0.99  		0.3001797430 		-0.0791864448
1.035  		0.4069035723 		-0.1077035170
1.08  		0.5002904655 		-0.2046574307
1.125  		0.4230016463 		-0.0311722532
1.17  		0.5902776470 		-0.0713131447
1.215  		0.2951529911 		-0.0527647510
1.26  		0.0945829985 		-0.0178145544
1.305  		-0.0077568067 		-0.0044720071
1.35  		0.0156263081 		+0.0199864287
1.395  		0.0376196524 		-0.0019113857
1.44  		-0.0263448687 		-0.0293566292
1.485  		0.1536487710 		+0.0547570497
1.53  		0.2548548831 		-0.0805374117
1.575  		0.2364086262 		+0.0195506817
1.62  		0.1028887972 		+0.0037845993
1.665  		0.0758577715 		+0.0118994297
1.71  		0.0263073397 		-0.0032256650
1.755  		-0.0579583079 		+0.0040011031
1.8  		-0.1231944236 		+0.0026402089
1.845  		-0.1018272439 		+0.0248442253
1.89  		-0.0374009756 		+0.0188827051
1.935  		0.0572937336 		+0.0195343474
1.98  		0.1364562692 		+0.0285333452
2.025  		0.1461675268 		+0.0225468811
2.07  		0.0426874320 		+0.0629292501
2.115  		-0.0489393664 		+0.1016357482
2.16  		-0.1561081692 		+0.0860326209
2.205  		-0.2497534919 		+0.0490622778
2.25  		-0.2172453175 		+0.0122309077
2.295  		-0.1108945667 		-0.0139080113
2.34  		-0.0357898914 		+0.1070472467
2.385  		0.0152489419 		+0.2138064414
2.43  		0.0405018871 		+0.1795343472
2.475  		0.0290198084 		+0.0888214251
2.52  		0.0137788290 		+0.0209968026
2.565  		0.0065234657 		+0.0092564992
2.61  		0.0064658024 		+0.0205258318
2.655  		-0.0000045014 		+0.0220821977
2.7  		-0.0085525393 		+0.0279913309
2.745  		-0.0012324557 		+0.0172794127
2.79  		-0.0008069958 		-0.0009906231
2.835  		-0.0031377771 		-0.0083731863
2.88  		-0.0035132156 		-0.0105670105
2.925  		-0.0041441489 		-0.0070146250
2.97  		-0.0045398345 		-0.0028484602
3.015  		-0.0032587049 		-0.0000909968
3.06  		-0.0016740076 		-0.0000984700
3.105  		-0.0000970508 		-0.0000377023
3.15  		-0.0001134004 		+0.0000264260
3.195  		-0.0001311002 		+0.0000458298
3.24  		-0.0004997391 		+0.0000124215
3.285  		-0.0025182832 		-0.0010616038
3.33  		-0.0109877708 		-0.0032437574
3.375  		-0.0252975934 		+0.0060659171
3.42  		-0.0128821708 		+0.0189912237
3.465  		0.0112972960 		+0.0350729980
3.51  		0.0349702396 		+0.0191948016
3.555  		0.0216589476 		+0.0019160690
3.6  		0.0055291820 		-0.0021090079
3.645  		0.0010491772 		-0.0056253402
3.69  		-0.0027908881 		-0.0044636080
3.735  		-0.0037970450 		-0.0003514554
3.78  		-0.0006395004 		+0.0041660342
3.825  		0.0012958176 		+0.0013051090
3.87  		-0.0003407706 		+0.0008302772
3.915  		0.0019835583 		-0.0000835308
3.96  		-0.0006667740 		-0.0010196487
4.005  		-0.0002604011 		+0.0002083723
4.05  		-0.0000240959 		-0.0001787407
4.095  		-0.0001918108 		+0.0001029782
4.14  		0.0002458334 		+0.0002893775
4.185  		0.0002780875 		-0.0002769842
4.23  		0.0013548796 		-0.0014440944
4.275  		0.0081147529 		-0.0048948153
4.32  		0.0096192992 		-0.0114016497
4.365  		0.0075005409 		-0.0052968202
4.41  		0.0011431779 		-0.0015820200
4.455  		-0.0071100938 		-0.0008479831
