0  		1.0000000000 		-0.0000000000
0.045  		0.9997461263 		-0.0004314609
0.09  		0.9553325172 		+0.0638050389
0.135  		0.9913141541 		-0.0033534005
0.18  		0.9979570109 		-0.0279305576
0.225  		0.9915756517 		-0.0637384663
0.27  		0.9695183823 		-0.0542727716
0.315  		0.9745712277 		+0.0638326220
0.36  		0.9572103368 		-0.0554732068
0.405  		0.7427680014 		+0.0367471531
0.45  		0.8070719417 		+0.0663904747
0.495  		0.9253292942 		+0.1295815714
0.54  		0.9275001383 		-0.0408883498
0.585  		0.9484052848 		-0.0097217787
0.63  		0.9031223170 		-0.0951532623
0.675  		0.7900513671 		-0.0255334655
0.72  		0.6777287827 		+0.1755887719
0.765  		0.7420795635 		+0.1276837826
0.81  		0.7961632416 		-0.0448908972
0.855  		0.6690614995 		-0.0953557342
0.9  		0.4819666519 		+0.1061078816
0.945  		0.3095974439 		+0.3656747076
0.99  		0.3329278692 		+0.2830115521
1.035  		0.1042380172 		+0.0437780378
1.08  		-0.0208093079 		+0.1713889464
1.125  		-0.0070717009 		+0.1394565331
1.17  		-0.0063366734 		+0.0096389890
1.215  		0.1225964003 		-0.0420117126
1.26  		0.0337992568 		-0.0198856217
1.305  		-0.0270192454 		-0.0815464409
1.35  		0.0050414365 		-0.0090288760
1.395  		-0.0049962688 		+0.0015231117
1.44  		-0.2163422586 		-0.0131269837
1.485  		-0.2958691917 		-0.2481331900
1.53  		-0.0865925219 		-0.0988727594
1.575  		0.0161258832 		+0.0286338337
1.62  		0.1188638486 		+0.0037116726
1.665  		0.1892162969 		+0.0330159581
1.71  		0.1355667284 		+0.0115830904
1.755  		0.0349387180 		+0.0036113154
1.8  		-0.0137892054 		+0.0218665985
1.845  		-0.0877245160 		+0.0090384680
1.89  		-0.1394919312 		-0.0472716837
1.935  		-0.0941315435 		-0.0269654924
1.98  		0.0017190763 		+0.0004017137
2.025  		0.0819084302 		+0.0008526713
2.07  		0.1690956590 		-0.0424122011
2.115  		0.1910876941 		-0.1023661682
2.16  		0.1135632726 		-0.2551282559
2.205  		0.1835827701 		-0.3102898131
2.25  		0.2009543724 		-0.3231716770
2.295  		0.1932437666 		-0.2550147744
2.34  		0.2700450255 		-0.1479141871
2.385  		0.2945360670 		+0.0801307079
2.43  		0.1654266354 		+0.2508028534
2.475  		0.1138266729 		+0.2366015267
2.52  		0.2087839065 		+0.2028488183
2.565  		0.2049185715 		+0.2679502123
2.61  		0.0125107040 		+0.3040117615
2.655  		0.0201518266 		+0.1981743944
2.7  		0.1241719318 		+0.0502849141
2.745  		0.1475315835 		-0.1053380261
2.79  		0.1973158037 		-0.0432792285
2.835  		0.1190303724 		+0.0471603015
2.88  		0.0499159931 		-0.0015105956
2.925  		0.0255594431 		-0.0194059993
2.97  		0.0113868745 		+0.0147124814
3.015  		-0.0241518861 		+0.0021910676
3.06  		-0.0188089830 		-0.0031144946
3.105  		-0.0075695328 		+0.0057096859
3.15  		-0.0007114942 		+0.0024732090
3.195  		0.0002175506 		+0.0000800215
3.24  		0.0000247700 		+0.0000948101
3.285  		0.0016368852 		-0.0000068661
3.33  		0.0013914172 		+0.0001744808
3.375  		-0.0013610325 		-0.0001900837
3.42  		-0.0010088490 		-0.0033362267
3.465  		0.0003563692 		-0.0025467294
3.51  		-0.0017136826 		-0.0014737016
3.555  		-0.0050080593 		-0.0021546494
3.6  		-0.0025216003 		-0.0064898149
3.645  		0.0043923297 		-0.0060236916
3.69  		0.0068639208 		-0.0082203288
3.735  		0.0221459174 		-0.0093751107
3.78  		0.0321540737 		+0.0236487760
3.825  		0.0123677017 		+0.0436855586
3.87  		-0.0042224345 		+0.0381878482
3.915  		-0.0160532678 		+0.0339429702
3.96  		-0.0434465216 		+0.0227896496
4.005  		-0.0822863324 		-0.0071502556
4.05  		-0.1012188536 		-0.0475742769
4.095  		-0.1218314604 		-0.0420358553
4.14  		-0.0935932265 		-0.0225483672
4.185  		-0.0533760792 		-0.0038768580
4.23  		-0.0291215574 		+0.0139399114
4.275  		-0.0072468256 		+0.0099968084
4.32  		-0.0204638247 		-0.0088059970
4.365  		-0.0274135987 		-0.0030165416
4.41  		-0.0097824035 		+0.0035986733
4.455  		0.0000952729 		+0.0033090570
