0  		1.0000000001 		+0.0000000000
0.045  		0.9931986969 		-0.1118127992
0.09  		0.9531727160 		-0.0022711158
0.135  		0.1133258966 		-0.0209790918
0.18  		0.8513729633 		+0.2360694818
0.225  		0.4696692862 		-0.0015788760
0.27  		0.8555678484 		-0.0928909527
0.315  		0.2872392596 		+0.1318098629
0.36  		-0.4657023094 		-0.1645852602
0.405  		0.3709972265 		-0.0221684468
0.45  		0.6053232212 		-0.0254662442
0.495  		0.5487610111 		-0.0852545460
0.54  		0.4303021153 		+0.2194824461
0.585  		0.4228617509 		-0.1598507474
0.63  		0.0392677214 		-0.1793572931
0.675  		0.0060250654 		+0.0681475090
0.72  		-0.0146263966 		-0.0325321649
0.765  		-0.3797189784 		-0.2405809056
0.81  		-0.0877977225 		-0.0706243272
0.855  		0.5086418444 		-0.1457065161
0.9  		0.3889531357 		+0.5041005304
0.945  		0.0865944177 		-0.0120650493
0.99  		0.4447911252 		-0.0329227815
1.035  		0.0095752176 		+0.0083482612
1.08  		0.2072078416 		+0.0177762314
1.125  		0.1965831888 		-0.0121888319
1.17  		0.1094039439 		-0.2426883394
1.215  		0.0305065983 		-0.0794839177
1.26  		-0.1336216389 		-0.0174824432
1.305  		0.3201014595 		+0.0606808195
1.35  		0.1568971697 		+0.0629525775
1.395  		0.3306425537 		-0.0783678514
1.44  		0.3329587044 		+0.0641485258
1.485  		-0.1563528093 		-0.0410004459
1.53  		0.0635649718 		+0.0124385528
1.575  		0.2070732594 		+0.3283685710
1.62  		0.3554851311 		+0.1335236261
1.665  		0.3838809136 		+0.1099116516
1.71  		0.1404804412 		+0.1820542700
1.755  		0.1110778532 		+0.1851452084
1.8  		0.0514459934 		+0.0257128064
1.845  		-0.0766889205 		+0.0462033636
1.89  		-0.3474627645 		-0.0769713635
1.935  		0.2004134288 		+0.4344599872
1.98  		-0.0535386171 		+0.2191355998
2.025  		-0.1003674776 		+0.2068157991
2.07  		-0.0257450785 		+0.0081393378
2.115  		0.0193472171 		-0.0512434546
2.16  		0.1094828439 		+0.1059853637
2.205  		0.0492285400 		-0.0012500035
2.25  		0.0003070739 		-0.0111001155
2.295  		-0.0081444654 		-0.0084159517
2.34  		-0.0062565154 		+0.0022962973
2.385  		0.0001943314 		+0.0004766214
2.43  		-0.0051175073 		+0.0007062260
2.475  		0.0088488315 		-0.0181377833
2.52  		0.0092960021 		-0.0059001293
2.565  		-0.0020835588 		+0.0014611712
2.61  		0.0014361526 		-0.0001475515
2.655  		0.0004280398 		-0.0005310920
2.7  		-0.0001188646 		+0.0004193020
2.745  		-0.0014734908 		+0.0013858994
2.79  		-0.0027023662 		+0.0046352135
2.835  		0.0050101993 		+0.0001323981
2.88  		0.0002231787 		-0.0000240479
2.925  		-0.0043753907 		+0.0023383316
2.97  		0.0095038075 		-0.0157272754
3.015  		0.0029765838 		-0.0207907722
3.06  		0.0161229923 		-0.0215196085
3.105  		-0.0013345464 		-0.0505099201
3.15  		0.0156803466 		-0.0224520532
3.195  		0.0031815100 		+0.0020576174
3.24  		0.0112625401 		-0.0227870898
3.285  		0.0030197141 		-0.0169995739
3.33  		0.0044069798 		-0.0181986432
3.375  		0.0088584253 		+0.0024607755
3.42  		-0.0000300266 		+0.0005650414
3.465  		0.0007815031 		+0.0017038876
3.51  		0.0113513997 		-0.0021064038
3.555  		-0.0015157781 		-0.0015768652
3.6  		-0.0033370668 		+0.0034550316
3.645  		-0.0008827940 		+0.0001267164
3.69  		0.0006939774 		+0.0025446842
3.735  		0.0005055301 		-0.0000144723
3.78  		0.0011941560 		+0.0000911035
3.825  		0.0001111476 		+0.0002725620
3.87  		0.0000061897 		+0.0000372345
3.915  		0.0000963443 		-0.0000136657
3.96  		-0.0000885267 		-0.0000904650
4.005  		-0.0001976371 		-0.0002749097
4.05  		0.0012448749 		-0.0003081097
4.095  		-0.0015378475 		+0.0004837006
4.14  		0.0002926469 		+0.0002388939
4.185  		0.0021470527 		+0.0025603103
4.23  		0.0002642116 		-0.0001122766
4.275  		0.0003129492 		+0.0005151576
4.32  		-0.0015976307 		+0.0021274621
4.365  		-0.0004161129 		+0.0025462119
4.41  		-0.0000562565 		-0.0003368049
4.455  		0.0000938672 		+0.0017617211
