0  		1.0000000001 		+0.0000000000
0.045  		0.9994063895 		-0.0052061748
0.09  		0.9894407970 		+0.0010111859
0.135  		0.9723944621 		-0.0002395245
0.18  		0.9430695825 		+0.1378494444
0.225  		0.8792452370 		-0.1685811169
0.27  		0.2546225290 		+0.1058354542
0.315  		-0.0114256462 		-0.2740276819
0.36  		-0.6755682891 		-0.1069429474
0.405  		0.3472550476 		-0.0422668130
0.45  		0.0008246269 		+0.0014793539
0.495  		0.6998677582 		+0.5100927532
0.54  		-0.0437758857 		-0.1442384752
0.585  		-0.2680254152 		+0.2791430205
0.63  		-0.0037363388 		+0.1384047410
0.675  		0.1444318645 		+0.1382401029
0.72  		0.0152357965 		+0.1447391889
0.765  		0.3320064807 		-0.0842236001
0.81  		0.4135199625 		-0.1443390731
0.855  		0.4797041553 		+0.1124875511
0.9  		0.3726632927 		-0.0527927943
0.945  		-0.0346596413 		-0.0963317574
0.99  		0.2089200737 		+0.2402236521
1.035  		-0.1888872900 		-0.0443209541
1.08  		0.2732405983 		-0.3462538858
1.125  		0.0738552878 		+0.0930574501
1.17  		0.1545737580 		-0.1464849916
1.215  		0.1788904163 		+0.0389762631
1.26  		0.1166206352 		+0.0303328843
1.305  		0.1073585740 		-0.0155290846
1.35  		-0.1161046382 		-0.0083243850
1.395  		-0.1001164446 		+0.2770273643
1.44  		0.2405684503 		+0.2643634186
1.485  		-0.1749751947 		+0.0060662388
1.53  		0.2714156082 		+0.0784869655
1.575  		-0.0084369094 		-0.0007997592
1.62  		0.0154404770 		+0.1160111351
1.665  		-0.0120443353 		+0.0428202485
1.71  		-0.0000408729 		+0.0001330069
1.755  		-0.0000458722 		-0.0000202394
1.8  		0.0024352064 		-0.0017518001
1.845  		-0.0046903099 		+0.0004235778
1.89  		0.0005744449 		-0.0000534556
1.935  		0.0031832134 		-0.0017830450
1.98  		0.0265169296 		-0.0018726532
2.025  		-0.0701903029 		+0.0286065946
2.07  		0.0541112538 		+0.0349864869
2.115  		0.0346587082 		+0.0347791536
2.16  		0.0069460772 		+0.0020974897
2.205  		0.0000545393 		+0.0001172387
2.25  		-0.0032231054 		+0.0039943566
2.295  		0.0030507762 		-0.0201574120
2.34  		-0.0363178326 		-0.0050019461
2.385  		0.1446311498 		+0.0780095894
2.43  		0.2122867613 		+0.0731121424
2.475  		0.2816133601 		-0.0055377125
2.52  		0.3241360463 		-0.0585374832
2.565  		0.3064205445 		-0.2538920591
2.61  		0.2420809986 		-0.0828325315
2.655  		-0.1817237446 		+0.1134197271
2.7  		0.1367373655 		-0.1441859189
2.745  		0.2545621539 		-0.0045482117
2.79  		0.0318031885 		-0.0007725867
2.835  		-0.0413731282 		-0.0078808865
2.88  		0.0000522421 		+0.0003059780
2.925  		0.0102069128 		-0.0049278927
2.97  		0.0027536156 		-0.0082333825
3.015  		-0.0015900611 		+0.0009101356
3.06  		-0.0041460236 		+0.0191096772
3.105  		0.0445374776 		+0.0260155273
3.15  		0.0102006930 		+0.0168705568
3.195  		-0.0094713541 		+0.0155173585
3.24  		-0.0291315342 		+0.0205442085
3.285  		-0.0525228250 		+0.0064718665
3.33  		0.0002747935 		+0.0422074088
3.375  		0.0117339955 		+0.0630644584
3.42  		-0.0218460463 		-0.0095708946
3.465  		-0.0069553382 		-0.0023342373
3.51  		0.0001252599 		-0.0001706728
3.555  		0.0043463013 		+0.0009014355
3.6  		0.0091145187 		-0.0039412690
3.645  		0.0014443839 		-0.0011528532
3.69  		0.0041102937 		+0.0104220916
3.735  		0.0108096513 		+0.0137836632
3.78  		-0.0001257092 		-0.0001283749
3.825  		0.0282059040 		-0.0009185172
3.87  		0.0255955647 		-0.0111097044
3.915  		0.0031819383 		+0.0030158355
3.96  		0.0000815903 		-0.0004179113
4.005  		-0.0000307082 		+0.0000027016
4.05  		0.0001567017 		+0.0001644808
4.095  		-0.0001670911 		-0.0005386932
4.14  		0.0001718399 		-0.0009118820
4.185  		0.0001872776 		-0.0001760652
4.23  		-0.0001723223 		+0.0000015832
4.275  		0.0000460469 		-0.0035067199
4.32  		0.0013280909 		-0.0047792994
4.365  		0.0038849194 		+0.0063631667
4.41  		-0.0092500985 		-0.0002998664
4.455  		-0.0004988540 		+0.0000077071
