0  		1.0000000001 		-0.0000000000
0.045  		0.9988151245 		-0.0179342072
0.09  		0.8786053906 		+0.2604667078
0.135  		0.9965341874 		-0.0044343925
0.18  		0.9566756408 		+0.1193538983
0.225  		0.8564761798 		+0.0053806369
0.27  		0.8902018591 		+0.0865453223
0.315  		0.5417856293 		-0.0682466737
0.36  		-0.1687459005 		-0.0545994201
0.405  		0.9373826844 		+0.0153278741
0.45  		0.8715895720 		+0.0066581800
0.495  		0.7674670260 		+0.2630926090
0.54  		0.6991540052 		-0.1129430765
0.585  		0.4964979968 		+0.0833688398
0.63  		0.3971549331 		+0.0250644957
0.675  		-0.1420315777 		-0.2434067868
0.72  		-0.1314828373 		-0.0975980105
0.765  		0.3207178244 		+0.1332400325
0.81  		-0.0880737622 		-0.0939866943
0.855  		-0.1133375015 		-0.1008913254
0.9  		0.1008947132 		+0.0685784731
0.945  		0.0793634451 		-0.3289814518
0.99  		0.1007297169 		-0.2297562240
1.035  		0.0348033693 		-0.0176315318
1.08  		0.0207283563 		+0.0486291648
1.125  		0.2252962433 		-0.0381754665
1.17  		0.3434513021 		-0.2375264464
1.215  		0.5068176818 		+0.0399032556
1.26  		0.4877850513 		+0.2336591396
1.305  		0.4516808086 		+0.2645080032
1.35  		0.2894141994 		+0.4814987902
1.395  		0.3501084542 		+0.2618713421
1.44  		0.3613436293 		+0.0156713306
1.485  		0.3905291253 		-0.0852510406
1.53  		0.3217924900 		-0.1911434834
1.575  		0.3532446069 		+0.0702735459
1.62  		0.2513903806 		-0.0803860602
1.665  		0.1039304705 		-0.0458143140
1.71  		-0.0530548774 		-0.0033968586
1.755  		0.0040793809 		-0.0117395268
1.8  		0.0089777145 		+0.0959898292
1.845  		0.0096163750 		+0.0657060872
1.89  		0.0077370622 		+0.0264422646
1.935  		0.0113917536 		+0.0047138775
1.98  		0.0101592575 		-0.0153005155
2.025  		0.0200036502 		-0.0017515029
2.07  		0.0044508722 		+0.0325954801
2.115  		0.0347854537 		+0.0018811453
2.16  		0.0725694683 		+0.0266228913
2.205  		0.0027867067 		+0.0920752831
2.25  		-0.0181331229 		+0.0758941143
2.295  		-0.0067206902 		+0.0234008987
2.34  		-0.0019657797 		+0.0061155214
2.385  		-0.0056867101 		-0.0181414435
2.43  		0.0009519199 		+0.0017503428
2.475  		-0.0082507914 		+0.0038671051
2.52  		-0.0421999534 		+0.0574423200
2.565  		-0.0162295603 		+0.0464641340
2.61  		0.0015204824 		+0.0122312775
2.655  		0.0004368991 		+0.0003290012
2.7  		0.0004260899 		-0.0001435418
2.745  		0.0003719959 		-0.0001050733
2.79  		-0.0003414622 		+0.0003056971
2.835  		0.0004885421 		-0.0005267635
2.88  		-0.0128054221 		+0.0034426445
2.925  		0.0073956736 		-0.0059680589
2.97  		-0.0018531059 		-0.0224329466
3.015  		0.0061910930 		-0.0165453707
3.06  		0.0106666734 		-0.0044534467
3.105  		0.0005691782 		+0.0009925579
3.15  		0.0001768358 		+0.0000115803
3.195  		0.0007145715 		+0.0032202603
3.24  		-0.0007188565 		+0.0106083384
3.285  		0.0100764119 		+0.0192475802
3.33  		0.0283234538 		+0.0257636340
3.375  		0.0296453292 		+0.0202330036
3.42  		0.0183994924 		-0.0166058202
3.465  		0.0015590854 		-0.0062221672
3.51  		-0.0002648396 		-0.0023023523
3.555  		-0.0019856728 		-0.0014312317
3.6  		-0.0033882134 		-0.0039052130
3.645  		0.0031061315 		-0.0054603095
3.69  		0.0051586769 		-0.0058704186
3.735  		-0.0008349394 		+0.0115637495
3.78  		-0.0370190165 		+0.0243651530
3.825  		-0.0351394653 		-0.0138035961
3.87  		0.0738323500 		+0.0262349745
3.915  		-0.0686600980 		+0.0526903107
3.96  		-0.0200202810 		+0.0094638288
4.005  		0.0194273220 		-0.0312121771
4.05  		0.0167497339 		-0.0119331843
4.095  		-0.0022371545 		+0.0009691856
4.14  		0.0046980615 		-0.0001909008
4.185  		0.0008198813 		+0.0005866398
4.23  		-0.0016001849 		-0.0011939682
4.275  		-0.0101327839 		+0.0026561751
4.32  		-0.0356834961 		-0.0059513069
4.365  		-0.0077706315 		-0.0025835370
4.41  		-0.0391235132 		-0.0086936706
4.455  		-0.0207694647 		-0.0127840816
