0  		1.0000000000 		-0.0000000000
0.045  		0.9938370976 		-0.0019710070
0.09  		0.9988237416 		+0.0042719532
0.135  		0.9987301221 		-0.0054145537
0.18  		0.9961043650 		+0.0154650798
0.225  		0.9888505808 		-0.0075662340
0.27  		0.9547163020 		+0.0081538870
0.315  		0.9562353442 		-0.0120096520
0.36  		0.9010218319 		+0.1410317199
0.405  		0.6793142673 		-0.0306419411
0.45  		0.9130476187 		-0.0040089806
0.495  		0.9451684667 		-0.0212120249
0.54  		0.9427000742 		-0.0311107612
0.585  		0.9578808948 		+0.0345529212
0.63  		0.9275194626 		-0.0779795318
0.675  		0.7547106905 		+0.1354135624
0.72  		0.5679999847 		+0.3751789283
0.765  		0.6847776402 		+0.0535646768
0.81  		0.8251275241 		-0.1174642344
0.855  		0.8253269234 		-0.0152954125
0.9  		0.8139334614 		+0.0536101674
0.945  		0.7983273521 		+0.1172018169
0.99  		0.7350155502 		+0.0885887733
1.035  		0.6453632310 		-0.1029283324
1.08  		0.6249606761 		-0.1280655679
1.125  		0.6204007279 		+0.1110795503
1.17  		0.5991268760 		+0.1953515415
1.215  		0.5487145564 		+0.1521471571
1.26  		0.5087496343 		+0.0956924840
1.305  		0.4234789696 		+0.0376332739
1.35  		0.1967401500 		-0.0300251416
1.395  		-0.0148700483 		-0.0107659943
1.44  		-0.1164807075 		+0.0095170356
1.485  		-0.0873586818 		-0.0060608970
1.53  		0.0839197174 		+0.0017396771
1.575  		0.2994354415 		+0.0722744142
1.62  		0.4104408363 		+0.0820652221
1.665  		0.3914964529 		+0.0530293852
1.71  		0.3213182553 		-0.0046864567
1.755  		0.2890597506 		-0.0317898810
1.8  		0.3139982873 		+0.0062022014
1.845  		0.3756723915 		-0.0476454483
1.89  		0.4005646828 		-0.1029209436
1.935  		0.3327569043 		-0.0084031952
1.98  		0.1671072102 		+0.0401366146
2.025  		0.0223810815 		+0.0225454374
2.07  		-0.0005497225 		+0.0116720587
2.115  		0.1363025340 		+0.0409773269
2.16  		0.3709895442 		+0.0726374545
2.205  		0.5355125239 		+0.0805156831
2.25  		0.3579965435 		-0.1965268200
2.295  		0.0475597186 		-0.1136171437
2.34  		-0.0156587740 		+0.0039489403
2.385  		-0.0576680378 		-0.0109467009
2.43  		-0.1759677003 		+0.0928431279
2.475  		-0.1640346069 		+0.2487984406
2.52  		-0.0616590911 		+0.2146072161
2.565  		0.0365999999 		+0.0779312487
2.61  		0.0622257472 		+0.0151504118
2.655  		0.0570868167 		+0.0400859393
2.7  		0.0326623033 		+0.0681383186
2.745  		-0.0160688295 		+0.0878694737
2.79  		-0.0752347231 		+0.0582481893
2.835  		-0.0616507851 		-0.0019348733
2.88  		-0.0330278463 		-0.0176314669
2.925  		0.0022716156 		-0.0184578296
2.97  		0.0167787687 		+0.0034546618
3.015  		0.0046257226 		+0.0099139514
3.06  		0.0017197121 		+0.0029022541
3.105  		0.0001475027 		-0.0018115633
3.15  		0.0006939293 		-0.0073141390
3.195  		0.0094462440 		-0.0038946972
3.24  		0.0061378991 		+0.0015661245
3.285  		0.0010668877 		+0.0018880701
3.33  		-0.0009261906 		+0.0020420165
3.375  		-0.0048925141 		+0.0030524325
3.42  		-0.0107850030 		+0.0047130878
3.465  		-0.0122945100 		+0.0106359659
3.51  		-0.0046050208 		+0.0135751045
3.555  		0.0030008378 		+0.0135505592
3.6  		0.0192540144 		+0.0111594009
3.645  		0.0307869566 		+0.0014039709
3.69  		0.0285540402 		+0.0021080829
3.735  		0.0221800683 		-0.0030243447
3.78  		0.0160108367 		-0.0159498477
3.825  		0.0253497248 		-0.0273709661
3.87  		0.0394183466 		-0.0420021342
3.915  		0.0303485321 		-0.0625868984
3.96  		0.0281346228 		-0.0638089522
4.005  		-0.0071911628 		-0.0665341911
4.05  		-0.0094625717 		-0.0788277630
4.095  		0.0474165469 		-0.1082602957
4.14  		0.1261365871 		-0.0502579147
4.185  		0.0590788611 		+0.0421379252
4.23  		-0.0115364440 		+0.0016690824
4.275  		-0.0049912414 		-0.0322074460
4.32  		0.0002042187 		-0.0368327456
4.365  		-0.0063644413 		-0.0471726465
4.41  		-0.0157921058 		-0.0666489530
4.455  		-0.0213372966 		-0.0700142608
