0  		1.0000000001 		-0.0000000000
0.045  		0.9999701579 		-0.0017130730
0.09  		0.9980157113 		-0.0014499277
0.135  		0.9886734659 		+0.0036196774
0.18  		0.9765235878 		+0.0920726338
0.225  		0.9307404847 		-0.0042316305
0.27  		0.7950916359 		-0.2378417773
0.315  		0.8149337473 		+0.1142583517
0.36  		-0.1252597815 		+0.0546146647
0.405  		-0.1082070237 		+0.0281304533
0.45  		0.4444593903 		-0.0571537334
0.495  		-0.6132898470 		+0.2833188481
0.54  		0.0376274653 		-0.2838870586
0.585  		0.7169665917 		+0.1073078829
0.63  		0.3863772784 		-0.1661187682
0.675  		0.3687528573 		+0.1625273341
0.72  		0.3632747679 		-0.1079439717
0.765  		0.3078727129 		-0.0760136281
0.81  		0.2218808634 		-0.1690416419
0.855  		0.2396822205 		+0.2194178725
0.9  		0.2572400452 		+0.3330208486
0.945  		0.2975319242 		+0.1834922756
0.99  		0.2690540007 		+0.0031890783
1.035  		0.2312402252 		-0.0761713346
1.08  		0.0125045147 		+0.0245999715
1.125  		-0.0862001129 		+0.0177269052
1.17  		0.0979966645 		+0.0022365945
1.215  		-0.0467399216 		+0.0244428925
1.26  		0.0019833232 		+0.0012129530
1.305  		0.0209463567 		-0.0430303133
1.35  		0.0576524344 		-0.1022457309
1.395  		-0.0973881793 		-0.1063512407
1.44  		-0.0008020704 		-0.1289715012
1.485  		0.0425041025 		+0.0734663339
1.53  		-0.0180972874 		-0.0065921874
1.575  		-0.1343039583 		+0.0431606952
1.62  		-0.1722119953 		+0.0639873247
1.665  		-0.2231061783 		+0.0142022575
1.71  		-0.1132470230 		-0.1188690978
1.755  		-0.1054982606 		-0.1016000817
1.8  		0.0267587502 		-0.1676748424
1.845  		0.0700522591 		-0.0806661028
1.89  		-0.0042292187 		-0.0263195499
1.935  		-0.0013501622 		+0.0030438956
1.98  		0.0024753433 		+0.0008104986
2.025  		-0.0000210995 		-0.0000256921
2.07  		0.0000035113 		-0.0000198288
2.115  		0.0068543954 		-0.0131602611
2.16  		0.0530247864 		+0.0342719105
2.205  		0.0494259714 		+0.1169929148
2.25  		0.0985882261 		+0.0859283559
2.295  		0.0001339229 		+0.0780564594
2.34  		0.0021289405 		+0.0314589916
2.385  		-0.0012119488 		+0.0037957374
2.43  		0.0005603253 		+0.0040241534
2.475  		-0.0022868235 		+0.0071888776
2.52  		-0.0040411520 		-0.0022984819
2.565  		-0.0070112885 		+0.0075798688
2.61  		-0.0018377458 		+0.0031559819
2.655  		0.0004469644 		+0.0005330798
2.7  		0.0009302315 		-0.0000697238
2.745  		-0.0031090329 		-0.0024577003
2.79  		-0.0089180407 		+0.0046523374
2.835  		0.0001965313 		+0.0004786121
2.88  		0.0010642826 		+0.0018924036
2.925  		-0.0031028666 		-0.0052155395
2.97  		0.0004919522 		+0.0043339628
3.015  		0.0001983101 		-0.0003238629
3.06  		0.0001036662 		-0.0002969037
3.105  		0.0001450004 		-0.0000379868
3.15  		0.0004980802 		-0.0011187659
3.195  		0.0032768376 		+0.0014130555
3.24  		0.0020911387 		+0.0061224866
3.285  		-0.0055701634 		-0.0029068647
3.33  		-0.0023189635 		+0.0074108318
3.375  		0.0041915089 		-0.0065568761
3.42  		-0.0021582519 		+0.0010937781
3.465  		-0.0000723520 		-0.0000011195
3.51  		0.0006557510 		+0.0025427927
3.555  		0.0054396715 		+0.0035348367
3.6  		0.0007103561 		-0.0033547818
3.645  		-0.0004902379 		-0.0002793239
3.69  		0.0001636249 		-0.0000442532
3.735  		-0.0001619677 		+0.0001473159
3.78  		-0.0000980829 		+0.0000337116
3.825  		-0.0001596968 		+0.0002646487
3.87  		-0.0000051488 		-0.0000469209
3.915  		0.0000104232 		-0.0000078527
3.96  		-0.0000336539 		-0.0000102056
4.005  		-0.0000089233 		+0.0001345227
4.05  		-0.0001359012 		+0.0000993702
4.095  		-0.0006252828 		+0.0001173083
4.14  		0.0001380466 		-0.0009779967
4.185  		0.0002168165 		+0.0002216933
4.23  		0.0000149365 		-0.0000805013
4.275  		0.0000049505 		+0.0000084353
4.32  		0.0000060896 		-0.0000019233
4.365  		-0.0000734336 		-0.0000708484
4.41  		-0.0000160193 		-0.0000495227
4.455  		-0.0000208052 		-0.0000051095
