0  		1.0000000001 		-0.0000000000
0.045  		0.9976255544 		+0.0033034046
0.09  		0.9897889421 		-0.0167047148
0.135  		0.8024129456 		-0.0383051617
0.18  		0.9416382329 		+0.0342982044
0.225  		0.5196754652 		+0.1898562531
0.27  		0.8624726147 		+0.0902978378
0.315  		-0.3562526569 		-0.1930406318
0.36  		0.2660179249 		+0.0107985532
0.405  		0.1830684214 		-0.3783085586
0.45  		-0.1995865805 		+0.1252321431
0.495  		0.0183389735 		-0.0761431993
0.54  		0.3745000735 		-0.0366089854
0.585  		0.6031170827 		+0.0542682001
0.63  		0.0686938424 		+0.2681149481
0.675  		0.5321399334 		+0.0840392766
0.72  		0.1060771805 		-0.1249077578
0.765  		0.2652334462 		+0.2213700220
0.81  		0.2853636097 		+0.4550676869
0.855  		0.6807771082 		-0.0966690369
0.9  		0.1275196421 		-0.3576161336
0.945  		-0.0030367163 		-0.0081500776
0.99  		0.2913017101 		-0.0630540907
1.035  		0.2385295330 		-0.1503580797
1.08  		-0.0079069718 		+0.0214604394
1.125  		-0.0173916259 		-0.1399951834
1.17  		-0.0408478898 		-0.0552538659
1.215  		0.0289056644 		-0.1175224236
1.26  		-0.0854831132 		-0.0539186908
1.305  		-0.0310482490 		-0.1487735829
1.35  		0.1196844410 		-0.0367479026
1.395  		0.0119287394 		-0.0715714318
1.44  		-0.0016294953 		+0.0321222287
1.485  		0.0059983355 		+0.0123752663
1.53  		0.0345153548 		-0.0341225410
1.575  		0.0643789673 		+0.0378569006
1.62  		0.1207562670 		+0.0467871204
1.665  		0.0149760968 		+0.0489691137
1.71  		0.0085864567 		+0.0095113257
1.755  		0.0055184750 		+0.0038943732
1.8  		-0.0026488540 		-0.0055152150
1.845  		-0.0009812757 		-0.0019231690
1.89  		-0.0015145676 		+0.0042797192
1.935  		0.0102877135 		+0.0055766637
1.98  		-0.0339267880 		+0.0238283974
2.025  		-0.0634094920 		-0.0479827636
2.07  		0.0090704465 		-0.0589361156
2.115  		-0.0602677815 		-0.0163538427
2.16  		-0.1567840092 		-0.0801453613
2.205  		-0.1395968718 		-0.1173553519
2.25  		-0.0295614428 		-0.0021689503
2.295  		0.0125113654 		-0.0434461777
2.34  		0.0022653465 		+0.0225846037
2.385  		-0.0179560173 		-0.0339408765
2.43  		0.0799638239 		-0.0255107081
2.475  		0.2153630237 		+0.0358306052
2.52  		0.0074716266 		+0.1936088707
2.565  		0.0324133285 		+0.0328131057
2.61  		0.0127069206 		+0.0111376697
2.655  		0.0110384534 		-0.0118143522
2.7  		-0.0835234071 		+0.0956396749
2.745  		-0.0171951722 		+0.1203362084
2.79  		0.0482288821 		+0.0916531657
2.835  		0.0823233219 		-0.0276965042
2.88  		0.0656028349 		+0.0101924794
2.925  		0.0088527427 		+0.0134681150
2.97  		-0.0001489823 		+0.0002007001
3.015  		-0.0002520041 		+0.0020608827
3.06  		-0.0012590084 		-0.0006685186
3.105  		-0.0031501120 		+0.0007363978
3.15  		-0.0009507691 		+0.0000231412
3.195  		0.0001957791 		+0.0002614434
3.24  		0.0004036686 		+0.0025893683
3.285  		-0.0036826048 		-0.0016155527
3.33  		0.0004304917 		+0.0006279023
3.375  		0.0001236235 		-0.0000728304
3.42  		0.0000699265 		+0.0000473217
3.465  		0.0001789222 		-0.0002056008
3.51  		-0.0007741301 		-0.0002972793
3.555  		0.0122337445 		+0.0039636616
3.6  		-0.0315286051 		+0.0255263354
3.645  		-0.0156403402 		-0.0678498183
3.69  		0.0324536696 		-0.1031574445
3.735  		-0.0086293028 		-0.0662069083
3.78  		-0.0471380717 		-0.0155042375
3.825  		-0.0157486892 		-0.0120728211
3.87  		0.0037228311 		+0.0074810564
3.915  		-0.0000622515 		-0.0056035151
3.96  		-0.0144723734 		+0.0158748860
4.005  		-0.0324640578 		-0.0151975157
4.05  		-0.0194883885 		-0.0105590864
4.095  		-0.0143726439 		-0.0061410459
4.14  		0.0001273559 		+0.0000884320
4.185  		-0.0003409190 		+0.0002148097
4.23  		-0.0002102626 		-0.0000817370
4.275  		0.0003590009 		+0.0001375843
4.32  		-0.0078863756 		+0.0057241828
4.365  		-0.0064978020 		+0.0015903282
4.41  		-0.0090707398 		+0.0073261201
4.455  		0.0016424194 		-0.0026319340
