0  		1.0000000000 		-0.0000000000
0.045  		0.9992131555 		+0.0037016068
0.09  		0.9852065183 		-0.0062174668
0.135  		0.9834942440 		-0.0526892057
0.18  		0.9268704348 		-0.0117719441
0.225  		0.8186233503 		-0.0132597333
0.27  		0.0723339853 		+0.0535670046
0.315  		0.4271890265 		+0.0787757367
0.36  		0.4382271576 		-0.0400192340
0.405  		0.4261298523 		+0.0322064042
0.45  		-0.3249601895 		+0.0563160582
0.495  		0.1046358801 		-0.0081427452
0.54  		0.6908464578 		+0.1704081455
0.585  		0.5580499457 		-0.0697281522
0.63  		0.0518746294 		+0.5095843970
0.675  		0.1673203376 		-0.0152650194
0.72  		0.0713366695 		-0.2954089232
0.765  		0.1549974524 		+0.0732729825
0.81  		0.3923613023 		-0.0536530018
0.855  		-0.1416832863 		-0.0155606097
0.9  		-0.0129916846 		+0.0098526614
0.945  		0.0018031471 		-0.0258638375
0.99  		0.0857070640 		+0.0294403973
1.035  		0.4535193612 		+0.0516710031
1.08  		0.4833109841 		+0.2592109746
1.125  		0.3959498235 		-0.0281711754
1.17  		0.4594588988 		-0.0243833884
1.215  		0.3653181792 		+0.1895867797
1.26  		0.1268745008 		+0.1368519917
1.305  		0.0342770032 		+0.0122701689
1.35  		0.3028595983 		-0.1017228990
1.395  		0.2280944553 		-0.0926430125
1.44  		-0.1123670330 		+0.0084513394
1.485  		-0.3030947155 		+0.3374374766
1.53  		0.0139158513 		+0.0140627147
1.575  		0.0505294689 		-0.0812311414
1.62  		0.0105099483 		-0.0239745483
1.665  		-0.0791258983 		+0.0320898323
1.71  		-0.1192208102 		+0.0571114289
1.755  		-0.0688337099 		+0.1489822324
1.8  		-0.0777016823 		+0.0147246686
1.845  		-0.2369147464 		-0.1663253453
1.89  		-0.0270259852 		+0.1537345989
1.935  		-0.1355268346 		+0.2392991520
1.98  		-0.0367291366 		-0.0740581825
2.025  		0.2372424699 		+0.0623136997
2.07  		0.0623487793 		+0.0073767216
2.115  		0.0467195778 		-0.2079240133
2.16  		0.0021390543 		+0.0018945674
2.205  		-0.0289486562 		-0.0466001509
2.25  		-0.0236711176 		-0.0295708932
2.295  		-0.0002319577 		-0.0047904376
2.34  		0.0003534658 		-0.0004947324
2.385  		-0.0004956976 		+0.0013042916
2.43  		0.0002509503 		-0.0002076350
2.475  		0.0001722582 		-0.0003746404
2.52  		0.0009792657 		-0.0001921643
2.565  		-0.0005034242 		-0.0002856502
2.61  		-0.0005876673 		-0.0004664641
2.655  		0.0062190533 		-0.0028094736
2.7  		0.0069393293 		+0.0064848019
2.745  		-0.0028499647 		+0.0086530321
2.79  		-0.0001779056 		+0.0001008871
2.835  		-0.0004169235 		-0.0001915215
2.88  		-0.0000249394 		-0.0001298138
2.925  		0.0003009597 		-0.0002440582
2.97  		0.0048825263 		+0.0021480438
3.015  		-0.0020817827 		+0.0069493003
3.06  		-0.0009523450 		-0.0015315999
3.105  		-0.0014112422 		-0.0005847572
3.15  		-0.0000970469 		+0.0003980063
3.195  		0.0005851322 		+0.0014114597
3.24  		-0.0004285510 		+0.0003937407
3.285  		0.0000066029 		-0.0000730148
3.33  		0.0003971076 		+0.0033811981
3.375  		-0.0000278882 		+0.0005770461
3.42  		-0.0000809946 		+0.0000616588
3.465  		0.0002431674 		-0.0001304550
3.51  		0.0012727502 		+0.0003111366
3.555  		-0.0010678771 		-0.0000294956
3.6  		0.0007481450 		-0.0010444052
3.645  		-0.0027490372 		-0.0000394102
3.69  		-0.0022520689 		+0.0009133733
3.735  		0.0011554114 		+0.0020973373
3.78  		0.0003167978 		-0.0001914774
3.825  		0.0098786206 		-0.0057665557
3.87  		0.0109798986 		+0.0044174349
3.915  		0.0065762140 		+0.0047850607
3.96  		0.0000604512 		-0.0007506033
4.005  		0.0000790699 		+0.0000436044
4.05  		-0.0001199267 		+0.0000604605
4.095  		0.0010408034 		-0.0020064722
4.14  		-0.0293426774 		+0.0142098869
4.185  		-0.0002348549 		-0.0002311407
4.23  		0.0003945554 		+0.0041573948
4.275  		-0.0330801456 		-0.0089040765
4.32  		0.0130691691 		+0.0204648871
4.365  		-0.0109907963 		-0.0088831352
4.41  		0.0019621156 		-0.0023416929
4.455  		0.0006904327 		-0.0000806982
