0  		1.0000000000 		-0.0000000000
0.045  		0.9992309487 		+0.0189568686
0.09  		0.9441230631 		-0.1212594423
0.135  		0.9770943712 		-0.1759325766
0.18  		0.9133034602 		-0.0234437125
0.225  		0.2581406918 		+0.6982054834
0.27  		0.1996895420 		-0.5946957857
0.315  		0.5226439571 		+0.3222691140
0.36  		0.7411266846 		-0.1785244730
0.405  		0.4736352643 		+0.4076986434
0.45  		0.8269873418 		-0.1724904110
0.495  		0.8264435217 		-0.0827444098
0.54  		0.5812160657 		+0.1283099772
0.585  		-0.0038798831 		+0.1105147147
0.63  		0.3251109091 		-0.0266616951
0.675  		0.3305618262 		-0.3210106270
0.72  		0.1610355797 		-0.0861033120
0.765  		-0.0589023701 		+0.0019915141
0.81  		-0.1182908710 		+0.1121662036
0.855  		0.2536760538 		-0.0188997889
0.9  		0.6344963047 		+0.1727359844
0.945  		0.3196989569 		+0.1515235395
0.99  		0.4138224821 		+0.0364101753
1.035  		-0.2667936176 		-0.2801982839
1.08  		0.6586463926 		-0.1635631883
1.125  		0.3848902526 		+0.3408129950
1.17  		0.5438130280 		-0.0851212810
1.215  		0.2998832728 		+0.1701440903
1.26  		0.1916316624 		-0.0843528687
1.305  		0.4026305659 		-0.0401005970
1.35  		0.3165601664 		-0.1629432347
1.395  		0.3010307482 		-0.2206563078
1.44  		0.3221797892 		-0.1333427701
1.485  		0.3780355931 		+0.1266412833
1.53  		0.2798458818 		+0.1939948159
1.575  		0.3178865175 		+0.1502648602
1.62  		0.4313410291 		+0.0694866702
1.665  		0.4184003795 		+0.1526750080
1.71  		0.4632426977 		+0.1651729797
1.755  		0.4600401999 		+0.0523676071
1.8  		0.3892891428 		+0.0547073148
1.845  		0.1638673233 		+0.0891322883
1.89  		-0.0067496296 		-0.0011584772
1.935  		-0.0000890784 		-0.0001572811
1.98  		-0.0602106929 		-0.0042789013
2.025  		-0.0660127295 		+0.0724460031
2.07  		-0.0589549680 		+0.0267960591
2.115  		-0.0691658263 		+0.0364954253
2.16  		-0.0340786066 		+0.0036837275
2.205  		0.0002909510 		-0.0238476312
2.25  		0.0064218214 		+0.0037720604
2.295  		0.0226932051 		-0.0043265055
2.34  		-0.0042791520 		+0.0002244780
2.385  		-0.0028089386 		+0.0007549453
2.43  		0.0006517212 		-0.0002215468
2.475  		0.0042063597 		+0.0070241855
2.52  		0.0003021610 		+0.0032833932
2.565  		-0.0000470866 		-0.0000256927
2.61  		-0.0000020406 		+0.0000012936
2.655  		-0.0000049447 		+0.0000157947
2.7  		-0.0000036834 		+0.0000016568
2.745  		0.0000060303 		-0.0000053591
2.79  		-0.0000206399 		-0.0000028657
2.835  		0.0000357223 		-0.0002304024
2.88  		0.0002598809 		-0.0008694145
2.925  		0.0002623849 		+0.0017887151
2.97  		0.0016200993 		+0.0034799321
3.015  		-0.0032401280 		+0.0020314419
3.06  		0.0005352781 		-0.0029873578
3.105  		-0.0002461062 		-0.0023541675
3.15  		-0.0000118841 		-0.0001724340
3.195  		-0.0000083565 		-0.0005415594
3.24  		0.0000280092 		-0.0000431087
3.285  		0.0083521090 		+0.0048673469
3.33  		0.0113411917 		+0.0065934191
3.375  		0.0100397092 		+0.0117530431
3.42  		0.0112804168 		+0.0118035614
3.465  		0.0053134629 		+0.0003475904
3.51  		-0.0041481137 		+0.0023575006
3.555  		0.0042148979 		+0.0053680245
3.6  		0.0084641243 		-0.0027642640
3.645  		0.0013061977 		-0.0023982072
3.69  		0.0011061486 		-0.0012087438
3.735  		0.0037610007 		-0.0000653816
3.78  		0.0024608865 		+0.0041341460
3.825  		-0.0022748695 		+0.0039580794
3.87  		-0.0090102849 		+0.0067922341
3.915  		-0.0292254795 		+0.0018876958
3.96  		-0.0124513622 		-0.0085719559
4.005  		0.0069719447 		-0.0096051612
4.05  		-0.0008209892 		-0.0025685668
4.095  		0.0048448959 		-0.0048957697
4.14  		0.0004325441 		+0.0010164907
4.185  		-0.0014677723 		-0.0025754140
4.23  		0.0001535673 		-0.0030463603
4.275  		0.0193384335 		+0.0007002202
4.32  		0.0166481264 		-0.0111917560
4.365  		-0.0000829724 		+0.0001252629
4.41  		0.0001223837 		-0.0002055659
4.455  		-0.0044736158 		-0.0069154031
