0  		1.0000000001 		+0.0000000000
0.045  		0.9998939025 		+0.0028999792
0.09  		0.9934377481 		+0.0006287805
0.135  		0.9821504209 		-0.0225041539
0.18  		0.9700936739 		-0.0844095048
0.225  		0.4095235607 		-0.7986859726
0.27  		0.9828946389 		-0.0704519893
0.315  		0.7736740264 		-0.0729414909
0.36  		0.8632809372 		+0.0063802522
0.405  		-0.6909290486 		-0.1308091008
0.45  		0.7355491827 		-0.1772993996
0.495  		0.3472173214 		-0.1527503590
0.54  		0.6653594898 		+0.1454928278
0.585  		0.7300446384 		-0.0796121299
0.63  		0.8509517238 		+0.0607033214
0.675  		0.4701375130 		+0.3965004150
0.72  		0.9026465602 		-0.1238170962
0.765  		0.8230563743 		+0.1138606661
0.81  		0.5557056941 		-0.0461295544
0.855  		0.2647739058 		+0.0578176558
0.9  		0.2362149136 		+0.0753595094
0.945  		0.4982735345 		+0.0668134011
0.99  		0.6162224441 		+0.2980299410
1.035  		0.6482743029 		-0.2379878181
1.08  		0.2531747738 		+0.1265918476
1.125  		0.6775525748 		+0.1429071300
1.17  		0.5143740094 		+0.0581487596
1.215  		0.3728986958 		-0.0789847686
1.26  		0.5438189145 		+0.0257696288
1.305  		0.1582854568 		-0.0098226819
1.35  		-0.0484312598 		+0.0012704807
1.395  		0.2442750136 		+0.1368546840
1.44  		0.3324267538 		+0.2009020092
1.485  		0.3654173058 		-0.1163796067
1.53  		0.4404879486 		+0.0370175952
1.575  		0.4161480623 		-0.0825216261
1.62  		0.3564149488 		+0.0611033458
1.665  		0.3628949845 		-0.0232246895
1.71  		0.4233637044 		+0.0846876477
1.755  		0.4236884810 		+0.2241351656
1.8  		0.4879555829 		-0.0435592285
1.845  		0.4547319586 		-0.2031911186
1.89  		0.3372518820 		-0.2596178586
1.935  		0.2859672103 		-0.2775289264
1.98  		0.4215953367 		-0.2031269731
2.025  		0.4340808229 		-0.0157191535
2.07  		0.1352285867 		-0.1722256974
2.115  		-0.0024189698 		-0.0693944570
2.16  		-0.0315029438 		-0.1117191159
2.205  		0.0775039810 		-0.1078569663
2.25  		0.1079359203 		-0.0387960569
2.295  		0.0016507190 		-0.0109825502
2.34  		-0.0733170741 		-0.0789965148
2.385  		-0.1304412825 		+0.0389397830
2.43  		-0.2188347013 		-0.0088842846
2.475  		-0.1981269028 		-0.0264191103
2.52  		-0.0212401637 		-0.0701221675
2.565  		0.0277907179 		+0.0324479288
2.61  		-0.0226343242 		+0.0033567930
2.655  		0.0985744629 		-0.1124829101
2.7  		0.0824788392 		+0.0996615020
2.745  		-0.0688913044 		-0.0216444879
2.79  		0.0298930999 		-0.0110917643
2.835  		0.0054072879 		+0.0078569075
2.88  		-0.0180277412 		+0.0110213619
2.925  		-0.0405804230 		+0.0011023795
2.97  		-0.0006268154 		-0.0704822699
3.015  		0.0794933434 		+0.1277748425
3.06  		-0.1182689437 		-0.1951953999
3.105  		0.2722967534 		+0.2344279866
3.15  		0.0383471934 		-0.3946996535
3.195  		0.2600012906 		+0.3342935121
3.24  		0.3925852948 		-0.1716227211
3.285  		0.4357083267 		+0.0151918507
3.33  		0.1826510511 		+0.3322944777
3.375  		-0.1680781065 		+0.0321448295
3.42  		0.2578582812 		+0.0159289127
3.465  		-0.1850821238 		-0.1839454177
3.51  		-0.0857546011 		+0.2533099065
3.555  		0.2802984175 		-0.0508955322
3.6  		-0.2484972610 		-0.1550352760
3.645  		0.1364243614 		+0.2604159148
3.69  		-0.1738224298 		-0.1789258664
3.735  		-0.0854645213 		-0.2741328514
3.78  		-0.0274251931 		+0.3010257593
3.825  		0.2146944459 		-0.2104809427
3.87  		-0.2277982945 		-0.0433839149
3.915  		0.1619627159 		+0.1217001888
3.96  		0.0885640036 		-0.2886247552
4.005  		-0.3233790674 		+0.1181415903
4.05  		0.2994237074 		+0.1273112676
4.095  		-0.0591956990 		-0.1989562623
4.14  		-0.0887691616 		+0.0386375465
4.185  		0.1435042761 		-0.0806588149
4.23  		-0.0673590542 		-0.0645010082
4.275  		0.0248212776 		+0.0200598975
4.32  		-0.0161652555 		+0.0047236606
4.365  		0.0561214038 		+0.0164876434
4.41  		-0.1477859784 		-0.0001083474
4.455  		0.2338444910 		-0.0322709102
