0  		1.0000000000 		+0.0000000000
0.045  		0.9987084273 		+0.0056781490
0.09  		0.9935319929 		-0.0035262072
0.135  		0.9957817652 		-0.0038329927
0.18  		0.9807193766 		+0.0096176451
0.225  		0.9638989084 		+0.0818493328
0.27  		0.8569403819 		+0.0037046843
0.315  		0.7348148763 		+0.1333993935
0.36  		0.8582289668 		+0.1122776933
0.405  		0.7730124869 		-0.1988258479
0.45  		0.7582589154 		-0.1820332443
0.495  		0.5674139682 		-0.0004705129
0.54  		0.4050446163 		+0.0732184202
0.585  		0.6816549524 		+0.0479447112
0.63  		0.1297469363 		-0.0713034396
0.675  		0.0809532080 		-0.2964507192
0.72  		0.1334292851 		+0.0229137495
0.765  		0.1847649117 		+0.0894211072
0.81  		0.3304281481 		-0.0472127041
0.855  		0.5928103124 		+0.1910667962
0.9  		0.4252369840 		-0.0224428511
0.945  		0.5483823843 		-0.1005606520
0.99  		0.6390981556 		-0.1542650708
1.035  		0.4782992644 		-0.1045034105
1.08  		0.5183345387 		+0.0875919977
1.125  		0.5579010360 		-0.2605500663
1.17  		0.5149012319 		+0.0967716095
1.215  		0.5392600975 		-0.1515608308
1.26  		0.5996033036 		-0.1423320535
1.305  		0.5491803097 		-0.0296812487
1.35  		0.5126453121 		-0.1991844253
1.395  		0.4558164753 		-0.2759448835
1.44  		0.5532185202 		-0.1179941257
1.485  		0.4910192643 		-0.0477812294
1.53  		0.5136946349 		+0.0450450719
1.575  		0.3889861072 		-0.0278421899
1.62  		0.2359570806 		-0.0719922415
1.665  		0.2981313496 		-0.1557609048
1.71  		0.0747202970 		-0.3001054118
1.755  		-0.2370658677 		-0.1065994711
1.8  		-0.1848710219 		+0.1766175729
1.845  		-0.0117431739 		+0.1719405469
1.89  		-0.0554055709 		+0.2114598045
1.935  		-0.1338308256 		+0.0589608595
1.98  		0.0491428610 		-0.0562952769
2.025  		0.0210517663 		+0.1822812823
2.07  		-0.0423056045 		+0.0339365887
2.115  		0.0242007536 		-0.0322464588
2.16  		0.0122803954 		+0.0572925349
2.205  		-0.0042737962 		+0.0017895128
2.25  		0.0053760646 		-0.0013697963
2.295  		0.0545319529 		+0.0000135676
2.34  		0.0522601633 		-0.0262321658
2.385  		0.0167263455 		-0.0115696060
2.43  		0.0565292731 		+0.0364860777
2.475  		0.0560452993 		+0.0691730417
2.52  		0.0217456371 		+0.0234948664
2.565  		-0.0073349768 		-0.0126482021
2.61  		-0.0688290374 		-0.0044021826
2.655  		-0.0424004620 		-0.0519043495
2.7  		-0.0412207336 		-0.0003741205
2.745  		-0.0593222295 		+0.0240551658
2.79  		-0.0283478286 		+0.0066127253
2.835  		-0.0005615285 		+0.0055639248
2.88  		-0.0006634161 		-0.0057837245
2.925  		-0.0079669404 		-0.0177953034
2.97  		-0.0140993256 		-0.0207337206
3.015  		0.0030121468 		-0.0164818246
3.06  		0.0039911690 		-0.0087847433
3.105  		-0.0009629589 		-0.0075748706
3.15  		0.0149302278 		-0.0073785966
3.195  		0.0107933463 		+0.0203377489
3.24  		-0.0147081228 		+0.0010034785
3.285  		0.0036388153 		-0.0008877127
3.33  		-0.0006687775 		-0.0076954574
3.375  		0.0102647837 		+0.0072081807
3.42  		-0.0075400717 		-0.0039285318
3.465  		0.0045295660 		-0.0013957616
3.51  		0.0036299418 		+0.0131698549
3.555  		-0.0051817368 		-0.0021207721
3.6  		0.0017550711 		+0.0010430513
3.645  		0.0005959160 		-0.0002482496
3.69  		-0.0001179037 		+0.0000822263
3.735  		0.0001603742 		-0.0000574102
3.78  		-0.0005274448 		+0.0001331634
3.825  		0.0009738569 		+0.0016386655
3.87  		-0.0031063721 		+0.0005830505
3.915  		0.0009335521 		+0.0017407210
3.96  		-0.0103755218 		-0.0007176203
4.005  		0.0029597572 		-0.0034603081
4.05  		-0.0048498595 		+0.0055828578
4.095  		-0.0020374070 		-0.0028669035
4.14  		-0.0006595218 		-0.0007313862
4.185  		0.0074633795 		-0.0006928409
4.23  		-0.0072027342 		+0.0007895343
4.275  		0.0090520710 		-0.0005538068
4.32  		-0.0103527609 		+0.0081740495
4.365  		-0.0135255705 		-0.0057241511
4.41  		-0.0128443442 		+0.0050061472
4.455  		-0.0115394351 		+0.0127696086
