0  		1.0000000000 		-0.0000000000
0.045  		0.7786503260 		-0.0398926822
0.09  		0.8142187459 		+0.4772076940
0.135  		0.9605513285 		+0.2180776441
0.18  		0.6101937815 		+0.6925369136
0.225  		0.6470208136 		-0.0602005454
0.27  		0.7213332018 		-0.0309189827
0.315  		0.9660395638 		+0.0348446737
0.36  		0.6792943050 		+0.0842747299
0.405  		0.8235213854 		+0.0742557487
0.45  		-0.2623143225 		+0.5464110205
0.495  		0.0710065344 		+0.7461459667
0.54  		0.8104254559 		+0.0086558270
0.585  		-0.0223640898 		+0.0200770166
0.63  		-0.5372930746 		+0.0868651702
0.675  		0.1462627061 		+0.0621828970
0.72  		0.4876356973 		+0.4148160084
0.765  		-0.0651492225 		+0.0253506370
0.81  		0.6661928216 		+0.1205311100
0.855  		-0.0743400326 		+0.1879946991
0.9  		-0.0994520566 		-0.1850722652
0.945  		0.5058474581 		-0.2765478701
0.99  		0.5184265719 		-0.0910419290
1.035  		0.1802203742 		+0.3910904167
1.08  		0.4748182977 		+0.0193199219
1.125  		-0.1435736782 		+0.2017150252
1.17  		0.0667913834 		-0.0889039412
1.215  		0.0272855635 		-0.0654610100
1.26  		0.0597234656 		-0.0553188409
1.305  		0.0402291090 		-0.0251255851
1.35  		-0.2506136681 		+0.1938789685
1.395  		0.3999744545 		-0.0088498985
1.44  		-0.4371216077 		+0.0426606661
1.485  		-0.0549770116 		+0.3047103819
1.53  		0.4116273700 		+0.1538292528
1.575  		0.3347661322 		+0.1056187001
1.62  		0.4565604507 		-0.1429937698
1.665  		-0.1052228810 		+0.0630113925
1.71  		0.0992017157 		-0.2539024045
1.755  		-0.3526322110 		+0.1345778410
1.8  		-0.0792439980 		-0.1309458467
1.845  		-0.1836230613 		-0.0091455649
1.89  		0.0183300379 		-0.0224447140
1.935  		0.1244093991 		-0.0104699707
1.98  		-0.0015813005 		+0.0171740240
2.025  		0.0640261962 		+0.0110291842
2.07  		-0.0321811513 		+0.0055369665
2.115  		-0.0156517097 		+0.0013245042
2.16  		-0.0451053310 		+0.0412838048
2.205  		0.0230235133 		-0.0448847258
2.25  		-0.0752171347 		-0.0007038577
2.295  		-0.0120856814 		+0.0105369027
2.34  		-0.0242408920 		+0.0186214704
2.385  		0.0416729525 		-0.0195599760
2.43  		-0.0010460497 		+0.0006513500
2.475  		-0.0195574623 		-0.0147969544
2.52  		-0.0153925716 		-0.0164111522
2.565  		-0.0282831400 		-0.0138929929
2.61  		-0.0308060548 		+0.0097153288
2.655  		0.0019667084 		+0.0230537689
2.7  		-0.0357809960 		+0.0052296096
2.745  		-0.0096002801 		+0.0075893173
2.79  		0.0021980369 		+0.0170390891
2.835  		0.0053010239 		+0.0055432165
2.88  		0.0916589551 		+0.0591694688
2.925  		0.0760521973 		-0.0340129392
2.97  		0.0473572665 		-0.0115356969
3.015  		0.0875984998 		-0.1064834978
3.06  		-0.0868244586 		+0.0687333636
3.105  		-0.0320506118 		-0.0280012253
3.15  		0.0585928538 		-0.0589806682
3.195  		0.1013382076 		-0.0655704094
3.24  		0.0608273317 		-0.0669917488
3.285  		0.0472803410 		-0.0633624274
3.33  		0.0160447863 		-0.0254349741
3.375  		-0.0047943982 		-0.0633336559
3.42  		-0.0546014345 		-0.0249277985
3.465  		-0.0493677386 		-0.0039085634
3.51  		-0.0427185759 		+0.0226077161
3.555  		-0.0297035314 		+0.0371335506
3.6  		-0.0031571979 		+0.0294629353
3.645  		0.0464269133 		+0.0330982988
3.69  		-0.0378530205 		+0.0797956292
3.735  		-0.0622004590 		-0.0419574480
3.78  		0.0892610031 		-0.0170284462
3.825  		0.0080832198 		-0.0319272806
3.87  		0.0110430968 		-0.0512943600
3.915  		-0.0087146958 		-0.0031847819
3.96  		0.0065284577 		+0.0011171847
4.005  		-0.0080237303 		-0.0069299555
4.05  		0.0156124361 		-0.0195573413
4.095  		-0.0799854265 		+0.0721285010
4.14  		0.0873455585 		+0.0977747443
4.185  		0.1608878959 		-0.0308767153
4.23  		0.1273174803 		-0.1232138403
4.275  		0.0038203589 		+0.0068522129
4.32  		-0.0750950288 		+0.0132496834
4.365  		0.0150346812 		-0.0117893611
4.41  		-0.0007680304 		+0.0153117434
4.455  		-0.0094364902 		+0.0289181447
