0  		1.0000000001 		-0.0000000000
0.045  		0.9930150039 		-0.0995468419
0.09  		0.9648408827 		+0.0173111348
0.135  		0.8375762446 		+0.0935963349
0.18  		0.7628919105 		-0.2795730529
0.225  		-0.0358908225 		+0.0093504621
0.27  		0.9046259375 		-0.0287121262
0.315  		0.7576625662 		+0.1535823240
0.36  		0.8742395994 		-0.0707961834
0.405  		0.8259412397 		+0.0034208069
0.45  		0.3101989825 		-0.0480312380
0.495  		0.1390207315 		-0.0810155187
0.54  		0.2915412971 		-0.0730720541
0.585  		0.1779471681 		-0.0384592005
0.63  		0.2839070764 		+0.1120714246
0.675  		0.2776727297 		+0.1557857973
0.72  		-0.6158813035 		-0.1555270849
0.765  		-0.1747653464 		+0.0018330616
0.81  		0.0783715806 		-0.0570916781
0.855  		0.5881756896 		+0.1234580907
0.9  		0.1282412968 		+0.0179828338
0.945  		0.6163678320 		-0.0886207531
0.99  		0.6189086708 		+0.0170711008
1.035  		0.2203283373 		+0.0104275385
1.08  		-0.4228369895 		-0.1837256609
1.125  		0.4216772064 		-0.0123037671
1.17  		0.3341337595 		+0.0385255899
1.215  		0.2075852872 		+0.0787942581
1.26  		0.1140374247 		+0.0293497963
1.305  		0.1585113607 		-0.0255840208
1.35  		-0.0011084475 		+0.0022210514
1.395  		-0.2661540225 		-0.0118856588
1.44  		0.2185366726 		+0.0036873911
1.485  		0.0850445686 		+0.0538147611
1.53  		-0.0263788230 		+0.0605825698
1.575  		-0.0939442427 		+0.1867430831
1.62  		-0.1026984604 		+0.1225771794
1.665  		-0.0680159211 		+0.1095704662
1.71  		-0.0069873186 		-0.0317129401
1.755  		0.2724420273 		+0.1220346265
1.8  		0.3822310225 		+0.1254525393
1.845  		-0.0391369952 		-0.0062315174
1.89  		0.1130222209 		-0.0533974460
1.935  		0.0705792050 		-0.0075602621
1.98  		0.0838906687 		+0.0414101119
2.025  		0.0556357136 		+0.0517710548
2.07  		0.3231360280 		+0.0291605950
2.115  		0.2057520684 		-0.0963183560
2.16  		0.2846518388 		-0.0179395751
2.205  		0.3790972120 		-0.0681549680
2.25  		0.3839926094 		-0.0150190826
2.295  		0.3425375203 		+0.2076004175
2.34  		0.2897734993 		+0.0071286944
2.385  		0.2049284642 		-0.1299431137
2.43  		-0.0094111428 		+0.0086984127
2.475  		-0.0011856621 		-0.0011051091
2.52  		-0.1071518809 		+0.0028933037
2.565  		-0.2588306067 		+0.1359117018
2.61  		-0.1491166499 		+0.0634626122
2.655  		-0.1907509731 		+0.0778138569
2.7  		-0.1987453960 		+0.0700648213
2.745  		-0.0530884196 		+0.0476297440
2.79  		0.0456989788 		-0.0142681285
2.835  		0.1052675810 		+0.0141404975
2.88  		0.2209707819 		+0.0176401600
2.925  		0.0957239301 		+0.0313460273
2.97  		0.1651678051 		+0.0247647977
3.015  		0.0362902986 		+0.0533922016
3.06  		0.0139326942 		+0.0077127645
3.105  		-0.0136637636 		-0.0116374620
3.15  		-0.0197090452 		-0.0385026003
3.195  		-0.0408397972 		-0.0100336552
3.24  		-0.0169821197 		-0.0013870958
3.285  		-0.0173690450 		+0.0031683514
3.33  		-0.0119214562 		-0.0008027569
3.375  		-0.0291854559 		-0.0024233349
3.42  		-0.0153957997 		+0.0026695660
3.465  		0.0017096270 		-0.0009476757
3.51  		0.0141819565 		+0.0041432373
3.555  		0.0013946046 		+0.0017896125
3.6  		-0.0076621654 		-0.0059132720
3.645  		0.0329391566 		-0.0156654651
3.69  		-0.0126306965 		-0.0938173079
3.735  		0.1333754252 		-0.1458728265
3.78  		0.2185213031 		-0.1418705424
3.825  		0.2358759296 		+0.0039903529
3.87  		-0.0324408929 		-0.0028674323
3.915  		0.1949548407 		+0.0097936941
3.96  		0.0728879961 		-0.0871124077
4.005  		0.1146001337 		-0.2008993856
4.05  		0.1964371521 		-0.1654447204
4.095  		0.0530303270 		+0.0053092891
4.14  		0.2147342054 		+0.0295494350
4.185  		-0.0530357592 		-0.0156105567
4.23  		-0.0148013527 		-0.0057034822
4.275  		-0.0300458732 		-0.0011826842
4.32  		-0.0083861648 		+0.0026116977
4.365  		0.0020325303 		-0.0001304294
4.41  		0.0076594649 		-0.0005177054
4.455  		0.0056684999 		+0.0022976790
