0  		1.0000000000 		-0.0000000000
0.045  		0.9994678478 		+0.0009967018
0.09  		0.9974079900 		-0.0173339840
0.135  		0.9506761252 		-0.0222430974
0.18  		0.9735261642 		-0.0434416777
0.225  		0.9376482079 		+0.0196852800
0.27  		0.9569845564 		-0.0014495228
0.315  		0.6892239447 		-0.0612472241
0.36  		0.1168608667 		+0.2919305318
0.405  		0.6272092504 		-0.0092958898
0.45  		0.8860888052 		-0.0769047463
0.495  		0.6718525863 		+0.2352646780
0.54  		0.6053411405 		+0.0433306599
0.585  		0.7299688490 		+0.0853985962
0.63  		0.8159242198 		+0.0089100766
0.675  		0.4173857947 		+0.0219159722
0.72  		0.6331353212 		+0.1491424147
0.765  		0.0495039925 		+0.0629743425
0.81  		-0.4301698094 		-0.4348825880
0.855  		-0.2521110077 		-0.0315629505
0.9  		0.5427606653 		+0.2539646669
0.945  		0.5240026353 		-0.1376474280
0.99  		0.4967666852 		-0.1646034127
1.035  		0.1275270284 		-0.1392620031
1.08  		-0.1554494057 		+0.0418696124
1.125  		-0.2822471989 		+0.0449741231
1.17  		-0.1359746693 		+0.0240681542
1.215  		0.0764881729 		-0.0927098406
1.26  		0.2656523388 		-0.2162500607
1.305  		0.3856963832 		+0.1541935451
1.35  		0.1163914309 		+0.2512181816
1.395  		0.0119659014 		+0.1286169877
1.44  		-0.0651236597 		+0.0727546618
1.485  		-0.0579414653 		+0.1032909434
1.53  		-0.0391579314 		+0.1447690238
1.575  		-0.0830808459 		+0.2103539566
1.62  		0.0640994805 		+0.2365814010
1.665  		0.1291655850 		+0.1414474828
1.71  		0.0516310137 		+0.0782788750
1.755  		0.0796569077 		-0.0320165039
1.8  		0.0581883983 		-0.1011833050
1.845  		0.1077594756 		+0.0192510271
1.89  		0.3213598677 		+0.0926003149
1.935  		0.3674231183 		+0.0377251148
1.98  		0.3178551810 		+0.1768580187
2.025  		0.2325043482 		+0.0968728352
2.07  		0.2512572224 		+0.1039873681
2.115  		0.0374448053 		+0.1856189817
2.16  		-0.0679109602 		+0.2127064064
2.205  		-0.0543197629 		+0.1461448878
2.25  		-0.1060148646 		+0.0852461200
2.295  		-0.1130889751 		+0.1413212099
2.34  		-0.0801796623 		+0.2726073027
2.385  		0.0483030112 		+0.0247733468
2.43  		0.1254997904 		-0.2504640837
2.475  		-0.0278386523 		-0.0174261863
2.52  		0.2050272565 		+0.2424574094
2.565  		0.3460313992 		+0.0027047305
2.61  		0.3228373997 		+0.3186361591
2.655  		0.3605026915 		+0.1429129701
2.7  		0.5386940873 		+0.0163629103
2.745  		0.4245456080 		-0.1832765387
2.79  		0.2218075449 		-0.2132635427
2.835  		0.1289135239 		-0.0479421474
2.88  		0.0672175378 		+0.0637120539
2.925  		0.0205739698 		+0.0509933773
2.97  		0.0364659419 		+0.0526640656
3.015  		0.0335192917 		+0.0169651541
3.06  		0.0215164935 		+0.0009813904
3.105  		0.0142705970 		+0.0042455407
3.15  		0.0161790261 		+0.0056718772
3.195  		0.0197057677 		+0.0014901753
3.24  		0.0283712274 		-0.0087726054
3.285  		0.0044096201 		-0.0020519333
3.33  		-0.0486840219 		-0.0032392698
3.375  		-0.0610111952 		-0.0656646448
3.42  		0.0016475514 		-0.0394382345
3.465  		0.0731621176 		+0.0052448569
3.51  		0.1273469068 		-0.0436145003
3.555  		0.0929513010 		+0.0199181872
3.6  		0.0476450853 		+0.0298287637
3.645  		-0.0013879030 		+0.0439944733
3.69  		-0.0260297856 		+0.0152758037
3.735  		-0.0412532916 		-0.0030702252
3.78  		-0.0639642238 		-0.0170598025
3.825  		-0.1076012756 		+0.0343938354
3.87  		-0.1232411918 		+0.0560881313
3.915  		-0.1730489555 		-0.0289744815
3.96  		-0.0487988198 		-0.0533651669
4.005  		-0.0663378917 		+0.0323530643
4.05  		0.0893405322 		+0.0303730271
4.095  		0.0399501787 		+0.0110026651
4.14  		-0.0196866010 		+0.0039756424
4.185  		-0.0181636368 		+0.0070299087
4.23  		-0.0053658510 		+0.0000959269
4.275  		0.0159573741 		+0.0222740271
4.32  		0.0182272895 		+0.0047189814
4.365  		0.0198172225 		-0.0097758389
4.41  		0.0107517164 		-0.0164804242
4.455  		0.0030857900 		-0.0176748374
