0  		1.0000000001 		+0.0000000000
0.045  		0.9991865343 		-0.0258053961
0.09  		0.9645282356 		-0.0713372919
0.135  		0.4567710831 		-0.0508501238
0.18  		0.9691163071 		-0.0635563312
0.225  		0.5748508875 		+0.6085865976
0.27  		0.8466938600 		-0.2832291171
0.315  		0.5384905159 		-0.3382467205
0.36  		-0.2877471974 		+0.0195797632
0.405  		0.5545066937 		-0.1313302372
0.45  		0.2730461597 		-0.5864309479
0.495  		0.2975083822 		-0.6102402642
0.54  		0.5696603012 		+0.1490857608
0.585  		0.4798586650 		+0.0403226497
0.63  		0.1398088287 		-0.0714309867
0.675  		0.4358215710 		+0.2317187796
0.72  		0.0534223201 		-0.0829013185
0.765  		0.0275302527 		+0.0294296306
0.81  		0.0004833586 		+0.0004407047
0.855  		0.0001210532 		-0.0034428407
0.9  		0.0023491003 		-0.0069466616
0.945  		0.0327464243 		+0.0140244532
0.99  		-0.0263839941 		-0.0491557923
1.035  		-0.0788649904 		-0.0790217771
1.08  		-0.1330368113 		+0.0762571989
1.125  		-0.0368339599 		+0.0351601130
1.17  		0.1206638273 		+0.0043548489
1.215  		0.1051550339 		+0.0846675879
1.26  		-0.0983435247 		-0.0428360696
1.305  		-0.2639248831 		-0.0129145023
1.35  		0.1198780472 		-0.2586465899
1.395  		-0.1594103298 		+0.0114212997
1.44  		-0.0714944121 		-0.0214395425
1.485  		-0.0315854924 		-0.0408830762
1.53  		0.0406039601 		-0.1772085923
1.575  		0.2255514172 		+0.1273728577
1.62  		0.1651917677 		-0.0132475462
1.665  		0.1717888178 		-0.0966635906
1.71  		0.0356194628 		+0.0472517239
1.755  		-0.0424060052 		-0.0653981188
1.8  		0.0403528439 		+0.0064002752
1.845  		0.0057188537 		-0.0017539735
1.89  		0.1162102520 		-0.1383178358
1.935  		-0.0274877910 		+0.2166402786
1.98  		0.1551031965 		+0.0269468349
2.025  		0.1155021931 		-0.1150943883
2.07  		0.0089852728 		+0.0378431631
2.115  		0.0728605645 		-0.0800511687
2.16  		0.0691503436 		+0.0123402249
2.205  		0.1034303332 		+0.0604695326
2.25  		0.1216706643 		+0.0193174927
2.295  		0.0740347366 		+0.0111285618
2.34  		0.0562306693 		+0.0245117768
2.385  		0.0230347729 		-0.0243387135
2.43  		-0.0267428847 		+0.0438456135
2.475  		-0.0477344220 		-0.0213737248
2.52  		-0.0100418010 		-0.0230425864
2.565  		-0.0070103150 		-0.0038190548
2.61  		0.0019669215 		-0.0009816622
2.655  		0.0047176020 		+0.0044941602
2.7  		-0.0032979062 		+0.0130412680
2.745  		0.0088839343 		-0.0035686922
2.79  		-0.0056246008 		-0.0021831087
2.835  		-0.0002969504 		+0.0002191038
2.88  		-0.0007068019 		-0.0022790722
2.925  		-0.0063575417 		-0.0043521341
2.97  		-0.0121930037 		-0.0044219064
3.015  		-0.0364913361 		-0.0055777867
3.06  		-0.0678648974 		-0.0186732138
3.105  		-0.0478248917 		+0.0185215796
3.15  		-0.0005253008 		+0.0279006258
3.195  		0.0058464599 		-0.0060978341
3.24  		-0.0016352612 		-0.0040471524
3.285  		-0.0010486882 		+0.0055505392
3.33  		0.0089731448 		+0.0142561221
3.375  		0.0004764060 		-0.0227126963
3.42  		-0.0120802907 		-0.0523170552
3.465  		0.0074900134 		-0.0214158556
3.51  		-0.0050809374 		-0.0242327574
3.555  		0.0117624224 		-0.0017142733
3.6  		0.0050987300 		-0.0026888195
3.645  		0.0182351068 		-0.0121946480
3.69  		0.0206621650 		+0.0178034563
3.735  		0.0201549518 		-0.0048071805
3.78  		0.0273167483 		+0.0273594992
3.825  		-0.0050101406 		-0.0023542184
3.87  		-0.0100709170 		+0.0136421749
3.915  		-0.0015307304 		+0.0269358997
3.96  		-0.0113576731 		+0.0020255372
4.005  		0.0119920745 		-0.0268562346
4.05  		0.0071936405 		-0.0041310013
4.095  		0.0063527919 		+0.0037553544
4.14  		0.0015425910 		-0.0003197613
4.185  		0.0000827405 		-0.0007408446
4.23  		-0.0000884355 		-0.0000613320
4.275  		0.0006051848 		-0.0001058584
4.32  		0.0023666836 		+0.0001637473
4.365  		-0.0016068633 		+0.0015744751
4.41  		0.0014363852 		+0.0013340381
4.455  		0.0003156579 		+0.0010478688
