0  		1.0000000007 		-0.0000000000
0.15  		0.9999998669 		+0.0000066923
0.3  		0.9999987311 		+0.0001746629
0.45  		0.9999890373 		-0.0002341572
0.6  		0.9999297378 		+0.0007971678
0.75  		0.9985743025 		-0.0002042336
0.9  		0.9987739477 		+0.0060146455
1.05  		0.9976345448 		-0.0003961449
1.2  		0.8991266091 		-0.0284147485
1.35  		0.9980082199 		-0.0020612401
1.5  		0.9928999109 		+0.0026813593
1.65  		0.9719773812 		+0.0026488037
1.8  		0.9828938423 		-0.0001586481
1.95  		0.9917330030 		-0.0033338185
2.1  		0.9885881606 		+0.0096276452
2.25  		0.2242360619 		+0.0276493526
2.4  		0.9714754331 		+0.0023471423
2.55  		0.9690107105 		+0.0195957348
2.7  		0.3626293176 		-0.0161825645
2.85  		0.7302848048 		-0.0483543941
3  		0.3034587868 		-0.0904782956
3.15  		0.1683438657 		+0.0216684648
3.3  		0.7981593311 		-0.0047375963
3.45  		0.7338889707 		+0.0058850224
3.6  		0.6651239762 		+0.0316599734
3.75  		0.2957047172 		-0.0288342307
3.9  		0.6545144488 		+0.1072534753
4.05  		0.9258996021 		-0.0352138882
4.2  		0.7743788848 		+0.0425865406
4.35  		0.6907672346 		+0.0668676634
4.5  		0.1433471935 		-0.0421075005
4.65  		0.2427814071 		+0.0528093794
4.8  		-0.0224345327 		-0.0163899223
4.95  		0.6675640012 		-0.0264169755
5.1  		0.5546390665 		+0.0173052992
5.25  		0.8450721471 		-0.0109458975
5.4  		0.5179329292 		-0.0090629294
5.55  		0.6195880986 		+0.0725206151
5.7  		0.4006961409 		+0.0675490788
5.85  		0.5399517958 		-0.0061665286
6  		0.7111334233 		+0.0368382982
6.15  		0.8658416848 		+0.1093697421
6.3  		0.7541482846 		+0.0184076876
6.45  		0.4665723122 		-0.5351427764
6.6  		0.7972491320 		-0.0055163054
6.75  		0.5821763816 		-0.0439667007
6.9  		0.2324963449 		-0.0633278761
7.05  		0.0120148057 		-0.0056473597
7.2  		-0.0635885279 		-0.0244329806
7.35  		0.0133249502 		+0.0168697181
7.5  		-0.0764762943 		-0.0247335083
7.65  		0.1376286673 		-0.0365368739
7.8  		0.1027453506 		+0.0304905486
7.95  		0.4547430259 		+0.0451812271
8.1  		0.4603825424 		-0.0930600584
8.25  		0.1120329120 		+0.0918161505
8.4  		0.6963064818 		+0.1243077035
8.55  		0.8869071730 		-0.0686045424
8.7  		0.6488646007 		-0.0389047587
8.85  		0.7873674783 		+0.0197320551
9  		0.0396532781 		+0.0424685265
9.15  		0.6003113229 		-0.0136917669
9.3  		0.4602945279 		+0.0112418921
9.45  		0.2752422892 		+0.0242995910
9.6  		0.1768661710 		-0.0220722885
9.75  		0.6323315221 		-0.0714473072
9.9  		0.6520345400 		+0.2513464350
10.05  		0.0757160040 		-0.0008723435
10.2  		0.1661318358 		-0.0179900937
10.35  		0.2110438681 		-0.0239063633
10.5  		0.0955278027 		+0.0323726763
10.65  		-0.1458246575 		-0.0408205673
10.8  		0.4554259939 		-0.1574781386
10.95  		0.5871587055 		+0.0382358699
11.1  		0.5193846332 		+0.0163091893
11.25  		0.0890125138 		+0.0432417087
11.4  		0.7176554072 		-0.0614574145
11.55  		0.7200998587 		-0.0822168837
11.7  		0.7314309910 		-0.0052695544
11.85  		0.6930526175 		+0.0774226641
12  		0.2352795576 		+0.0024483201
12.15  		0.3325562009 		-0.0004483501
12.3  		0.6333797367 		+0.0033018503
12.45  		0.1556977455 		+0.0818940258
12.6  		-0.5996547817 		-0.1110863142
12.75  		0.0983926224 		+0.0649677148
12.9  		0.3489030893 		+0.0116519578
13.05  		-0.0934146986 		+0.0434294365
13.2  		0.0389839219 		+0.0214169432
13.35  		0.2206184143 		-0.0125474429
13.5  		-0.0195495507 		-0.0497350744
13.65  		0.0757321940 		+0.0646662800
13.8  		0.0253242882 		+0.0068977625
13.95  		0.1903660003 		+0.0331939367
14.1  		0.4345014324 		-0.0139294906
14.25  		0.5195412839 		+0.1010825873
14.4  		0.4231321855 		-0.0534066163
14.55  		0.5432133145 		-0.0203040169
14.7  		0.2361136856 		-0.0349522012
14.85  		0.3326388468 		-0.0274212846
