0  		1.0000000001 		-0.0000000000
0.15  		0.9999979988 		-0.0000623478
0.3  		0.9999935089 		+0.0007087819
0.45  		0.9996834303 		+0.0113938643
0.6  		0.9984831930 		-0.0040945420
0.75  		0.9741158345 		+0.0023889605
0.9  		0.9969933167 		+0.0265884340
1.05  		0.9888682498 		+0.0095683826
1.2  		0.9656044395 		-0.0054404820
1.35  		0.9805127589 		+0.0326054148
1.5  		0.8064096071 		+0.0287462137
1.65  		0.9382078091 		-0.0390179115
1.8  		0.1628775427 		+0.0218316028
1.95  		0.7888158294 		+0.1849595088
2.1  		0.9750785992 		-0.0880314998
2.25  		0.9915773508 		+0.0056826399
2.4  		0.9790832024 		+0.0399077870
2.55  		0.9755278743 		+0.0406058987
2.7  		0.9470518291 		-0.0557795540
2.85  		0.1839818198 		-0.2440271940
3  		0.9108981727 		+0.1175051348
3.15  		0.6747762717 		+0.0233320460
3.3  		0.7559739755 		-0.0063861437
3.45  		0.7488271900 		+0.0639484311
3.6  		0.8636408152 		+0.0847975043
3.75  		0.5998158953 		+0.0002667819
3.9  		0.5863559892 		+0.0044162985
4.05  		0.9531380737 		+0.0348385406
4.2  		0.9618583317 		+0.0368622601
4.35  		0.8900190099 		-0.0753338096
4.5  		0.3699463086 		+0.0411123229
4.65  		0.8433268785 		+0.0992654538
4.8  		0.4059787926 		+0.0210578657
4.95  		-0.2256532035 		+0.0569331271
5.1  		0.5848955256 		-0.1350640602
5.25  		0.8587958993 		+0.1886209288
5.4  		0.4421666415 		+0.0137728034
5.55  		0.8407547892 		-0.0660020490
5.7  		0.7268140451 		-0.0178583422
5.85  		0.7365764592 		-0.1117933831
6  		-0.5702914737 		+0.3559753435
6.15  		0.7606449061 		+0.0061098176
6.3  		0.8089254497 		+0.1464406180
6.45  		0.4310725653 		-0.0486849522
6.6  		0.7116164547 		-0.0630821967
6.75  		0.6191467756 		+0.2313106430
6.9  		0.4195229302 		-0.0825115311
7.05  		0.5763861925 		-0.1244188663
7.2  		0.6531252065 		+0.2270095468
7.35  		0.7401518575 		-0.1567413577
7.5  		0.7430889758 		-0.0526924952
7.65  		0.7593473647 		+0.2980066467
7.8  		0.5347018631 		-0.1648128687
7.95  		0.5631003404 		-0.0097376976
8.1  		0.0645119147 		-0.0047564567
8.25  		0.2476766543 		-0.1737770759
8.4  		-0.2183931754 		+0.0506798145
8.55  		-0.0414851784 		-0.0721075355
8.7  		0.0672031200 		+0.0013898866
8.85  		0.5605699514 		-0.1796531316
9  		0.2196221669 		-0.0805199725
9.15  		0.6668713704 		-0.2781650750
9.3  		0.1165893029 		+0.0469329024
9.45  		0.2595762532 		-0.0968522025
9.6  		0.4175238607 		+0.4070713501
9.75  		0.0481876266 		-0.0663185044
9.9  		0.6366613470 		+0.3161670231
10.05  		0.0758987927 		+0.0486923343
10.2  		0.6238076853 		-0.4031596641
10.35  		0.7844428277 		+0.2493158452
10.5  		0.0333623508 		+0.2383838580
10.65  		-0.0055090467 		+0.0531308707
10.8  		0.3722147957 		-0.1216425432
10.95  		0.7368826701 		+0.0216381880
11.1  		0.5980956567 		+0.4426723922
11.25  		0.1113120021 		+0.6751261290
11.4  		-0.0081547727 		+0.0149899628
11.55  		0.1008492348 		-0.0859754097
11.7  		-0.1485516601 		+0.3719515144
11.85  		-0.0315908452 		+0.3690807114
12  		0.0302383050 		+0.0845526444
12.15  		0.2506871020 		-0.0058913383
12.3  		0.1881211637 		-0.4240019876
12.45  		-0.1906681333 		-0.3468815063
12.6  		-0.2625870833 		+0.0444182681
12.75  		0.0008110036 		+0.0444514822
12.9  		0.0225816058 		-0.1647243373
13.05  		-0.2882536521 		+0.1545003065
13.2  		0.1640223423 		+0.4007349562
13.35  		-0.0882929084 		+0.2103950710
13.5  		0.0417805769 		+0.0410754678
13.65  		-0.0031009961 		+0.0597797639
13.8  		-0.4428569667 		+0.4013920479
13.95  		0.2850237295 		-0.1092547224
14.1  		-0.0586171618 		+0.0549002856
14.25  		0.0503089264 		-0.0433890724
14.4  		-0.1041870855 		+0.0689668475
14.55  		0.2947850173 		-0.3900011613
14.7  		0.0537453290 		+0.1742728277
14.85  		-0.1608705548 		-0.3338383101
