0  		1.0000000001 		+0.0000000000
0.15  		0.9999581200 		-0.0000726232
0.3  		0.9991182678 		+0.0012516777
0.45  		0.9993985135 		+0.0117530809
0.6  		0.9991317762 		+0.0176769939
0.75  		0.1317531164 		+0.0628133696
0.9  		0.9932172969 		+0.0104165657
1.05  		0.9763366415 		+0.0346945650
1.2  		0.9968720021 		+0.0262294843
1.35  		0.9853232606 		-0.0820561286
1.5  		0.9368737811 		+0.0337804223
1.65  		0.9865985160 		+0.0362901590
1.8  		0.6062882298 		+0.2476002681
1.95  		-0.3843747613 		-0.4240650063
2.1  		0.5147718051 		-0.1997589303
2.25  		0.1961626605 		+0.1223772697
2.4  		0.3260861836 		-0.4354146479
2.55  		-0.2391561762 		-0.0756948838
2.7  		0.5947339619 		+0.0789709053
2.85  		0.8288514472 		-0.3496957789
3  		0.9459402408 		-0.0792464355
3.15  		0.7542736645 		+0.4219445520
3.3  		0.4722311484 		+0.0319871493
3.45  		-0.1485794842 		-0.0005713279
3.6  		0.5636898433 		-0.0334276605
3.75  		0.6557066519 		+0.1076461013
3.9  		0.6483112247 		+0.0662926035
4.05  		0.7001871330 		+0.1245250815
4.2  		-0.1579972904 		+0.0355355122
4.35  		0.0158712749 		-0.0226474452
4.5  		0.7678068230 		-0.0490783373
4.65  		0.6170709374 		+0.0724989792
4.8  		0.4037591105 		-0.0886660416
4.95  		0.5397696297 		-0.0370023541
5.1  		0.3315467408 		+0.0350911993
5.25  		-0.0012808595 		-0.0023391786
5.4  		0.0110633315 		+0.1584493497
5.55  		0.7117132269 		+0.0613236864
5.7  		-0.0010479636 		+0.1661201476
5.85  		0.0005528823 		+0.1619676497
6  		0.0618150219 		-0.0155817421
6.15  		0.6594001271 		-0.1494914397
6.3  		0.1589898549 		+0.0064410077
6.45  		-0.0986968021 		-0.0721100983
6.6  		-0.1045538337 		+0.0409644363
6.75  		-0.0653374454 		-0.0320354388
6.9  		0.5404332317 		-0.0855256110
7.05  		0.3058404465 		+0.3809579414
7.2  		0.1171681379 		+0.1184328413
7.35  		0.1084476062 		-0.0610726006
7.5  		0.3783319505 		-0.0188871408
7.65  		-0.3184008935 		+0.1986319497
7.8  		0.4225052445 		+0.2054060393
7.95  		-0.0716007167 		+0.0514897212
8.1  		0.0217462623 		-0.0392324873
8.25  		0.3413123893 		-0.0437355055
8.4  		0.5874231580 		+0.0729142000
8.55  		0.5457875318 		+0.0094381558
8.7  		-0.2564314616 		-0.0424154514
8.85  		-0.0932683468 		+0.1033815185
9  		0.5691575899 		+0.0587333311
9.15  		0.5751041031 		-0.0518289396
9.3  		0.5913312711 		+0.1150330412
9.45  		-0.1913913366 		+0.0812391807
9.6  		0.2145742115 		+0.0076076188
9.75  		-0.0273166276 		+0.0607277129
9.9  		0.3209632004 		-0.0626647230
10.05  		-0.0598658827 		+0.1464962785
10.2  		0.0327682704 		+0.0077502603
10.35  		-0.0117346527 		+0.0031387509
10.5  		0.4539263178 		-0.0088735992
10.65  		0.0119848314 		-0.0296592462
10.8  		0.0453420590 		-0.0583493456
10.95  		0.1096920216 		+0.0156389057
11.1  		-0.0003714044 		+0.0007580769
11.25  		0.1365834599 		-0.0310614325
11.4  		-0.0147469142 		-0.0079997440
11.55  		0.0056952196 		-0.0003286653
11.7  		0.3296715344 		-0.0484407793
11.85  		0.0175001326 		+0.0112125336
12  		0.0513162454 		-0.0973945265
12.15  		0.2223732270 		-0.0233142662
12.3  		0.1536410310 		+0.1430429448
12.45  		0.0591218436 		-0.0351965940
12.6  		-0.0854295434 		+0.0438011119
12.75  		0.0638069478 		+0.0178816113
12.9  		0.0812826758 		+0.0577177141
13.05  		-0.0037489337 		+0.0058084125
13.2  		-0.0019036404 		-0.0044896971
13.35  		0.0110792832 		-0.0069964234
13.5  		-0.0001898372 		-0.0000931340
13.65  		-0.0015190041 		+0.0000993032
13.8  		0.0847764749 		-0.0462300047
13.95  		0.0001848204 		+0.0000897470
14.1  		-0.0006476261 		+0.0002236187
14.25  		0.1405856612 		-0.0828547751
14.4  		0.1304249086 		+0.0416108330
14.55  		0.1340701412 		-0.0053779916
14.7  		-0.0125165951 		+0.0070739060
14.85  		-0.0091169556 		-0.0018112650
