0  		1.0000000007 		+0.0000000000
0.15  		0.9514070173 		+0.0005081839
0.3  		0.9995478056 		-0.0038228040
0.45  		0.9179666383 		+0.0007498766
0.6  		0.9995966228 		-0.0169280480
0.75  		0.9610277219 		-0.0084399402
0.9  		0.9958759380 		-0.0185404962
1.05  		0.9883129418 		+0.0140898625
1.2  		0.7757672610 		+0.0345297533
1.35  		0.9657879959 		+0.0123817458
1.5  		0.9270314231 		-0.0059583463
1.65  		0.9888689550 		+0.0035310403
1.8  		0.9742498507 		-0.0318882562
1.95  		0.8994537644 		+0.0402567461
2.1  		0.9434075929 		+0.0345157810
2.25  		0.0139678086 		-0.3885882399
2.4  		0.9243583074 		-0.0541757215
2.55  		0.2704217603 		+0.0502848383
2.7  		0.4354305991 		-0.0146329998
2.85  		0.5909604370 		+0.0928227768
3  		0.8103296326 		-0.0321035462
3.15  		0.8838030229 		-0.0855432936
3.3  		0.8308638463 		-0.2525154911
3.45  		0.8191633147 		+0.0651679538
3.6  		0.8313710075 		+0.0486155639
3.75  		0.8714377050 		-0.0704298597
3.9  		0.8681941815 		+0.1942609869
4.05  		0.5400237289 		+0.2344634084
4.2  		0.5488307812 		+0.0167790956
4.35  		0.8887574936 		-0.1151361204
4.5  		0.5848601031 		-0.3118046214
4.65  		0.5190890133 		+0.1324198869
4.8  		0.0931252864 		+0.0483335188
4.95  		-0.3873273281 		+0.1097527677
5.1  		0.7962114694 		-0.2890485347
5.25  		0.2995647648 		+0.0696209878
5.4  		-0.0873692361 		+0.6341283931
5.55  		0.8105240015 		+0.2916987211
5.7  		-0.0174790611 		+0.2206792365
5.85  		0.6729959600 		-0.0848932561
6  		-0.4224233203 		-0.1546865790
6.15  		-0.2558789426 		+0.0231790160
6.3  		-0.1908534783 		+0.1049423344
6.45  		0.7801871214 		+0.1749887647
6.6  		-0.7039803437 		-0.1973009375
6.75  		-0.0155720256 		+0.2262400121
6.9  		-0.0894120817 		-0.0069051763
7.05  		0.0001369431 		+0.0050509470
7.2  		0.3710372387 		+0.2946880412
7.35  		0.0132986857 		+0.1982597891
7.5  		-0.0761409465 		-0.0257330548
7.65  		0.2657068909 		-0.2142608590
7.8  		0.0618032456 		+0.0774572807
7.95  		0.1582025268 		+0.1436199447
8.1  		-0.0088541121 		+0.0044575535
8.25  		0.4399213345 		-0.0174974141
8.4  		-0.0236243367 		-0.0156731220
8.55  		0.2278243830 		-0.1286297772
8.7  		0.4246781640 		+0.0486455930
8.85  		-0.0500640040 		+0.0189062932
9  		-0.1167253561 		-0.0115977708
9.15  		0.0863790813 		+0.0235614238
9.3  		0.0951410323 		+0.0617174863
9.45  		0.0613933089 		+0.0181508064
9.6  		0.1117327925 		+0.0343621533
9.75  		0.4330097464 		-0.0805894698
9.9  		0.5737344759 		-0.1342202358
10.05  		0.3418196971 		-0.1070424973
10.2  		-0.0441642618 		+0.1446600485
10.35  		0.2948388393 		+0.1042254950
10.5  		0.1975047386 		+0.0033761294
10.65  		0.0355109123 		+0.0012178844
10.8  		-0.1323925136 		+0.2842587767
10.95  		0.3612853741 		+0.1026203221
11.1  		0.3597872101 		-0.0436583248
11.25  		0.4722782231 		-0.0629537711
11.4  		0.3901369849 		-0.1260384972
11.55  		0.4205654814 		-0.0295747708
11.7  		0.4560285152 		+0.1226381616
11.85  		0.3775597412 		+0.0405766953
12  		0.5154584524 		-0.2618120793
12.15  		0.4736445345 		-0.1942042214
12.3  		0.3946449538 		+0.0443550995
12.45  		0.0078346788 		+0.0055057631
12.6  		0.4872358618 		-0.0896047452
12.75  		0.3779380110 		+0.0331008589
12.9  		-0.3513448061 		-0.1148944556
13.05  		0.0254754589 		+0.0268579366
13.2  		0.2756354348 		+0.0404810190
13.35  		0.2561301895 		-0.3487045884
13.5  		0.3646168545 		-0.0075833962
13.65  		0.2154356227 		+0.1431334753
13.8  		0.1154202624 		-0.0404417788
13.95  		-0.0091736665 		-0.0164779532
14.1  		0.3484172337 		-0.0678807783
14.25  		0.0422530893 		+0.0117991328
14.4  		0.4364994816 		-0.1409871726
14.55  		-0.1655159334 		-0.0992636575
14.7  		0.0348836119 		-0.1420675948
14.85  		-0.0226071330 		-0.0408211779
