0  		1.0000000008 		+0.0000000000
0.15  		0.9999887384 		+0.0001516217
0.3  		0.9999943358 		-0.0001739365
0.45  		0.9999195928 		+0.0005798601
0.6  		0.9995008076 		-0.0057647236
0.75  		0.9613513033 		+0.0098277395
0.9  		0.9939427211 		-0.0020040334
1.05  		0.9253861277 		+0.1005341190
1.2  		0.7746966407 		-0.0029743771
1.35  		0.9811104048 		+0.0002911651
1.5  		0.9878422346 		-0.0203178088
1.65  		0.9058230224 		+0.1039236345
1.8  		0.9705868105 		+0.0536780538
1.95  		0.9075067239 		-0.0478518988
2.1  		0.9260553115 		+0.1396760745
2.25  		0.5727952259 		-0.0401797345
2.4  		0.7287267094 		-0.1429002089
2.55  		0.5551683756 		-0.2281953071
2.7  		0.2854152349 		-0.0358033760
2.85  		0.1822898355 		-0.5121834579
3  		0.2623039387 		+0.2281923083
3.15  		0.3380871090 		+0.1018718734
3.3  		-0.8239355972 		-0.0905822842
3.45  		-0.7654650236 		+0.1202539121
3.6  		0.5026993972 		+0.1620777808
3.75  		0.6865392222 		+0.1520396872
3.9  		0.7489311736 		-0.0887028945
4.05  		0.8248697203 		+0.0172681672
4.2  		0.6846540709 		+0.2965205024
4.35  		0.7186754327 		+0.2918734630
4.5  		0.4648439734 		-0.1860221102
4.65  		0.5061968941 		+0.4215838433
4.8  		0.8036558494 		+0.2045770304
4.95  		-0.4202623577 		-0.0152547374
5.1  		0.1463373461 		-0.4931659746
5.25  		-0.0512414145 		-0.4384879738
5.4  		0.7766961128 		-0.1347052697
5.55  		0.1817645868 		-0.1276393124
5.7  		0.0780322822 		+0.0304439751
5.85  		-0.2685644902 		-0.0058211235
6  		0.0699468749 		-0.0244443662
6.15  		0.4682970666 		-0.1700912279
6.3  		0.2340374551 		+0.0765989215
6.45  		0.0590765737 		+0.0002580243
6.6  		0.2580344524 		+0.1806134599
6.75  		0.7221764421 		+0.0128869030
6.9  		0.4221254372 		+0.0880291073
7.05  		0.4221939111 		-0.0454554613
7.2  		-0.0055291537 		+0.0003304731
7.35  		0.1635912705 		-0.1096934159
7.5  		0.2309583586 		-0.0329064689
7.65  		0.1810957904 		-0.0022436822
7.8  		0.4514629775 		-0.1158100187
7.95  		0.4012671230 		-0.1066723030
8.1  		0.0311977050 		-0.0249558892
8.25  		-0.2530887650 		-0.1172158546
8.4  		0.1373157871 		+0.2075966343
8.55  		0.2351745264 		-0.0731846461
8.7  		-0.2110352838 		-0.0042870394
8.85  		0.3883786459 		-0.0723821012
9  		-0.1863824239 		+0.0813413336
9.15  		0.3193658731 		-0.0154208680
9.3  		0.4200972171 		+0.0290936128
9.45  		0.0605764215 		+0.0294627369
9.6  		-0.4564253567 		-0.0581960696
9.75  		0.5032174577 		-0.1207199479
9.9  		-0.2863338418 		+0.1457951237
10.05  		0.2723846672 		+0.0958741276
10.2  		0.1589262503 		+0.0871239989
10.35  		0.0078515586 		+0.0003463490
10.5  		-0.0075550927 		+0.0099251228
10.65  		0.0082611471 		-0.0730541560
10.8  		-0.1211780678 		+0.0413683314
10.95  		0.2923226698 		-0.1952354719
11.1  		0.0034901986 		+0.0031156672
11.25  		0.0011636493 		+0.0003645771
11.4  		-0.0004369642 		+0.0002066838
11.55  		-0.0009591725 		-0.0030220040
11.7  		0.1291721868 		+0.2861100701
11.85  		0.0706930588 		+0.0420313693
12  		-0.0306713145 		+0.0085757450
12.15  		0.2074566823 		-0.1132462682
12.3  		-0.2935780204 		+0.1703803266
12.45  		0.0561867179 		+0.2530032034
12.6  		0.1894159995 		-0.0152505053
12.75  		0.1230526152 		-0.0196422252
12.9  		0.3087536947 		+0.0574458119
13.05  		0.0826684996 		+0.0252661048
13.2  		0.1023550201 		+0.0194512109
13.35  		0.5372842206 		+0.1106071474
13.5  		0.3286085296 		+0.0197313724
13.65  		0.1304838529 		-0.0836549256
13.8  		-0.0535979340 		-0.0778043949
13.95  		-0.1257665589 		+0.0715076338
14.1  		0.0664990963 		+0.0000193539
14.25  		0.0914802211 		+0.0159613540
14.4  		0.1208587156 		-0.0413205820
14.55  		-0.0102129599 		+0.0234413622
14.7  		0.0004985523 		+0.0006529593
14.85  		-0.0141154879 		+0.0069177515
