0  		1.0000000008 		+0.0000000000
0.15  		1.0000130315 		-0.0010168559
0.3  		0.9946954884 		-0.0102931355
0.45  		0.9995708988 		-0.0010230050
0.6  		1.0195616776 		-0.0043415595
0.75  		0.9975049056 		-0.0015138966
0.9  		0.9921083240 		-0.0015993584
1.05  		0.9401109838 		-0.0103246265
1.2  		0.9962785945 		+0.0045449014
1.35  		0.9449327102 		-0.0927240370
1.5  		0.5879741955 		+0.0265597739
1.65  		0.9880477357 		+0.0405804324
1.8  		0.9308477423 		-0.0390708499
1.95  		0.9140040605 		-0.1315804726
2.1  		0.9071251284 		-0.0136663115
2.25  		0.9588245969 		-0.0257577555
2.4  		0.8873398459 		-0.0371504259
2.55  		0.4117649295 		-0.0264069096
2.7  		0.9223972954 		+0.0191737424
2.85  		0.5751277090 		+0.0106136811
3  		0.7381243457 		-0.1107723936
3.15  		0.7982436572 		+0.1280614295
3.3  		0.0159013453 		+0.0442320713
3.45  		-0.0248769905 		+0.0318585098
3.6  		0.7663938897 		-0.2283182365
3.75  		0.5203646169 		+0.1797471850
3.9  		0.7935573799 		+0.1948400185
4.05  		0.5413466436 		+0.0212191721
4.2  		0.4885294551 		+0.0560317236
4.35  		0.4760140612 		-0.0034376963
4.5  		0.1505629529 		+0.3357775513
4.65  		0.0084283838 		-0.0009819159
4.8  		-0.2294334684 		+0.0823685257
4.95  		0.2024364392 		-0.1108561280
5.1  		0.2609975358 		-0.3382830869
5.25  		0.3151996309 		-0.0786606750
5.4  		0.0708849640 		+0.2012244196
5.55  		0.1171693427 		-0.2970481510
5.7  		0.5209820753 		+0.0792138922
5.85  		-0.0341838741 		+0.0178964363
6  		0.0752153754 		+0.5701960565
6.15  		0.2912292505 		+0.0642848778
6.3  		0.2465950551 		-0.0214844798
6.45  		0.1564212157 		-0.0223165842
6.6  		0.2905934642 		+0.5402919659
6.75  		-0.2102196565 		+0.0305126495
6.9  		0.2512768456 		-0.0017197501
7.05  		-0.0087528914 		+0.0001280170
7.2  		0.0569523754 		+0.0189638757
7.35  		0.0112572708 		-0.1145442952
7.5  		-0.0069675591 		-0.0059988637
7.65  		0.0448885318 		-0.0178819763
7.8  		0.0207351721 		-0.0241305686
7.95  		-0.0396802659 		+0.0561809383
8.1  		-0.1059086907 		-0.0002301432
8.25  		-0.0978667409 		+0.1057054827
8.4  		0.0711371954 		+0.0349806881
8.55  		0.1056170308 		+0.0534670656
8.7  		0.3289461579 		-0.2344024409
8.85  		-0.1421069980 		-0.2312114011
9  		-0.1162045882 		+0.1180190130
9.15  		0.0555433001 		+0.1218868517
9.3  		0.2220076158 		-0.0623744123
9.45  		-0.0323421325 		+0.0151954670
9.6  		0.0368469384 		-0.0260559866
9.75  		-0.1398323129 		-0.2010545298
9.9  		0.1751278244 		-0.0710814336
10.05  		0.1174034895 		+0.0596794403
10.2  		0.1115214970 		+0.0067261684
10.35  		0.1284474924 		+0.1795275983
10.5  		0.0116348529 		-0.0067295719
10.65  		0.0025131220 		-0.0099477390
10.8  		0.0557818451 		+0.0080559858
10.95  		-0.0092844567 		+0.0265421061
11.1  		-0.0070712748 		+0.0079279826
11.25  		-0.0579257397 		-0.0284062894
11.4  		0.0010734359 		-0.0023058582
11.55  		-0.0252229671 		-0.0220967655
11.7  		0.2100137131 		+0.0926625611
11.85  		0.0084054660 		-0.0192332030
12  		0.1745939138 		-0.2135566173
12.15  		-0.0167205439 		-0.0108524974
12.3  		0.0003787138 		-0.0005580238
12.45  		0.0014342857 		+0.0046689511
12.6  		-0.0571888676 		+0.0087694363
12.75  		0.2805141142 		-0.0241607705
12.9  		0.2580673088 		+0.0351299751
13.05  		0.0713066251 		+0.0533201587
13.2  		-0.0166211276 		-0.0569793422
13.35  		-0.0093843765 		+0.0007325079
13.5  		0.0652757862 		-0.0178725821
13.65  		-0.0212731452 		-0.0712412597
13.8  		0.0265172718 		+0.0792583339
13.95  		-0.2256903290 		+0.0004820518
14.1  		0.1613762665 		-0.0491986229
14.25  		-0.0507803252 		+0.0049339727
14.4  		0.0183798365 		-0.0086979199
14.55  		-0.3518169667 		-0.0434815077
14.7  		0.0496381765 		-0.1244811802
14.85  		-0.0013207363 		-0.0423887625
