0  		1.0000000001 		+0.0000000000
0.15  		0.9928724074 		-0.0021616907
0.3  		0.9758904634 		-0.0102850608
0.45  		0.9974917991 		+0.0018151544
0.6  		0.9739866607 		+0.0029763439
0.75  		0.5950411245 		-0.0026389316
0.9  		0.9802599553 		+0.0017327762
1.05  		0.9668167020 		-0.0272295353
1.2  		0.9474344791 		+0.0059955407
1.35  		0.7455430553 		+0.0836483525
1.5  		0.9586883300 		-0.0503017559
1.65  		0.1544875955 		+0.0186086782
1.8  		0.9332331594 		-0.0326888988
1.95  		0.7479583162 		-0.0645310350
2.1  		0.7871645079 		-0.1012621387
2.25  		0.8216319297 		-0.0760877602
2.4  		0.8117637658 		+0.0646420149
2.55  		-0.6421784584 		-0.0710156263
2.7  		0.7473845312 		+0.0516689853
2.85  		0.8679044372 		-0.0421426639
3  		0.9352097836 		+0.0543851144
3.15  		0.4100230137 		-0.0952287868
3.3  		0.8707414724 		+0.1231184156
3.45  		0.7324746530 		-0.0843722892
3.6  		-0.0977943576 		+0.0142792313
3.75  		0.2165788440 		-0.2735493740
3.9  		-0.8385698270 		-0.2489834693
4.05  		-0.0029703207 		+0.0111797506
4.2  		0.1608007728 		-0.0678875464
4.35  		0.2001126378 		+0.1762206519
4.5  		0.6931304474 		+0.2630084598
4.65  		-0.6741828162 		-0.2045430988
4.8  		0.0697038703 		-0.0144553193
4.95  		-0.3581359806 		+0.0378815574
5.1  		0.6364987705 		+0.0001581066
5.25  		0.4652486773 		-0.0339699079
5.4  		-0.0260488808 		+0.0521638628
5.55  		0.7092729586 		+0.1197284085
5.7  		0.3243328601 		+0.0256129329
5.85  		0.6832326867 		-0.0829396728
6  		-0.0655971514 		-0.0577290003
6.15  		0.1616315377 		+0.0112369248
6.3  		0.2734434980 		+0.0930410526
6.45  		0.4594238726 		-0.1184842522
6.6  		0.0559011091 		+0.0552029318
6.75  		0.0342914912 		+0.0042321396
6.9  		-0.5440528723 		-0.0637501539
7.05  		0.2501220078 		-0.0363217521
7.2  		-0.3112123670 		+0.0712320114
7.35  		0.7385697031 		+0.0155983380
7.5  		0.6329462299 		-0.0199539427
7.65  		-0.2474421745 		+0.0839873062
7.8  		0.1573214869 		+0.0673576321
7.95  		0.0651406710 		-0.0041183379
8.1  		-0.1950775259 		-0.0418139850
8.25  		-0.0317292949 		-0.0049468654
8.4  		0.0435981518 		+0.0121304611
8.55  		0.0497457028 		-0.0706956924
8.7  		0.0195209867 		+0.2796907305
8.85  		0.1779102387 		-0.0812203314
9  		0.1142473395 		-0.0302009199
9.15  		0.6206279521 		-0.1558771360
9.3  		0.1328235081 		+0.0454255058
9.45  		0.2333549304 		+0.0032103964
9.6  		0.1841060367 		+0.0681891024
9.75  		0.0670367222 		-0.0196514933
9.9  		-0.0014406588 		+0.0008434977
10.05  		-0.0254309063 		+0.0050931629
10.2  		-0.0559599681 		+0.0170734945
10.35  		0.3379287883 		+0.0168498273
10.5  		0.2868063820 		-0.0582543258
10.65  		-0.2590554766 		+0.0366113704
10.8  		-0.0211401838 		+0.0174665165
10.95  		0.0053341532 		-0.0020245001
11.1  		-0.0637198150 		-0.0224997897
11.25  		-0.0452824542 		+0.0309419171
11.4  		0.1246517815 		+0.0342639142
11.55  		-0.0372516561 		-0.0901099712
11.7  		0.2050047985 		-0.0909695796
11.85  		0.1743324139 		-0.1660449978
12  		0.1888563391 		-0.0452503116
12.15  		0.0355080954 		+0.0164227827
12.3  		0.5609122551 		+0.1650606807
12.45  		-0.0279144593 		+0.0108029401
12.6  		0.2002885814 		-0.0019607265
12.75  		0.0529541673 		+0.0209673874
12.9  		0.2409535660 		-0.0999664882
13.05  		0.0671695836 		-0.0607920625
13.2  		0.0357829041 		+0.0474466154
13.35  		0.0715115830 		-0.0327251782
13.5  		0.4476879664 		+0.0641311820
13.65  		-0.1389348901 		-0.0347697652
13.8  		0.0776298623 		+0.0027595721
13.95  		0.0878199028 		+0.0006267672
14.1  		0.1641185655 		-0.0066461643
14.25  		0.0019421182 		+0.0060706460
14.4  		-0.0123536964 		-0.0051489626
14.55  		-0.0028775235 		-0.0053955152
14.7  		0.0483106264 		-0.0236422380
14.85  		0.0174953468 		-0.0033640191
