0  		1.0000000008 		-0.0000000000
0.15  		0.9997781752 		+0.0000648750
0.3  		0.9994049079 		-0.0291975413
0.45  		0.9997701654 		-0.0079449472
0.6  		0.9989193639 		-0.0074796838
0.75  		0.9934584737 		+0.0008847002
0.9  		0.9826823697 		-0.0011196484
1.05  		0.9913167864 		-0.0024240373
1.2  		0.9887502692 		-0.0111859888
1.35  		0.9864574758 		-0.0009389890
1.5  		0.9109534325 		-0.0099920045
1.65  		0.5410238861 		+0.0048776722
1.8  		0.8999016381 		+0.0260027764
1.95  		0.8323378332 		+0.0270750823
2.1  		0.9393433603 		+0.0344626359
2.25  		0.8263407362 		+0.0427749606
2.4  		0.8827648936 		-0.0440657784
2.55  		0.8326101364 		-0.0239216578
2.7  		0.4603983521 		+0.0454649218
2.85  		-0.0226033636 		-0.0209910271
3  		0.4419823047 		+0.0665273301
3.15  		0.6803684832 		-0.0729422661
3.3  		-0.0758484229 		-0.0116185222
3.45  		0.2733778643 		+0.0071903490
3.6  		0.4460254416 		+0.0379885640
3.75  		0.6058953266 		+0.0119992753
3.9  		0.3302927267 		-0.0102942820
4.05  		0.0607439861 		+0.0004497790
4.2  		0.2580824580 		-0.0297188234
4.35  		0.4790524521 		+0.0559085197
4.5  		-0.0093279036 		-0.0018100397
4.65  		0.0408827672 		-0.0021746672
4.8  		-0.0187887124 		-0.0082301554
4.95  		0.0095659258 		-0.0068178720
5.1  		0.1762168914 		-0.0210325866
5.25  		0.1733944900 		-0.0139911194
5.4  		0.3470605798 		+0.0940647251
5.55  		0.4055069856 		-0.0172629662
5.7  		0.2854705565 		+0.1722429162
5.85  		0.4858516546 		-0.1564134929
6  		0.3433339623 		+0.1413999197
6.15  		0.5639589015 		-0.0598452981
6.3  		0.1042504447 		-0.0459812396
6.45  		0.0170382702 		+0.0179084337
6.6  		0.0244277802 		+0.3001002408
6.75  		-0.2419458492 		-0.3267494935
6.9  		-0.3577935060 		+0.0836623072
7.05  		-0.2161380826 		-0.3098836966
7.2  		-0.0587983429 		+0.2037854338
7.35  		0.1349184377 		-0.0977563913
7.5  		-0.0495404922 		-0.0492417746
7.65  		0.4104106741 		+0.0865772849
7.8  		0.3785885617 		+0.3743902576
7.95  		-0.3895826570 		+0.0177166926
8.1  		0.4065108787 		+0.0221617825
8.25  		0.1654331247 		+0.0228253866
8.4  		0.1122815604 		+0.0606613010
8.55  		-0.1606959512 		-0.0223676267
8.7  		-0.0838572333 		-0.0096395989
8.85  		0.1001281324 		+0.0045625161
9  		0.1518827106 		+0.0172438954
9.15  		-0.2276028680 		+0.0186790320
9.3  		-0.1877767762 		+0.0402431393
9.45  		-0.0014080739 		+0.0099643775
9.6  		-0.0277828087 		+0.0186884594
9.75  		-0.0020863058 		+0.0325508201
9.9  		0.0004326603 		+0.0000573943
10.05  		0.0008863578 		-0.0002811178
10.2  		-0.0015303337 		+0.0009676372
10.35  		0.0008388375 		-0.0000136638
10.5  		0.0106817835 		+0.0033146313
10.65  		0.0713901388 		+0.0246692445
10.8  		0.0121302579 		+0.0100933178
10.95  		0.3136547884 		-0.1432419908
11.1  		0.4404741885 		-0.1211604649
11.25  		0.4649891690 		+0.2263390493
11.4  		-0.0092186609 		-0.0491752126
11.55  		0.2407261900 		+0.2380540345
11.7  		0.3802124683 		-0.0874745098
11.85  		0.3148443330 		-0.1003142003
12  		-0.1247709646 		-0.0099336556
12.15  		0.0933509383 		-0.0127997890
12.3  		-0.0148901544 		-0.0270507074
12.45  		0.0132373083 		-0.0812370746
12.6  		0.3810986840 		-0.0884929617
12.75  		0.0622650794 		+0.0244054435
12.9  		0.0509465911 		-0.0633927174
13.05  		-0.0840814773 		+0.0213814665
13.2  		0.0123428148 		+0.0036297162
13.35  		0.2161207932 		-0.0596897897
13.5  		0.1441107147 		-0.0078316017
13.65  		-0.0007567951 		-0.0002231693
13.8  		0.0248408007 		+0.0158734626
13.95  		-0.0018127932 		+0.0006633447
14.1  		-0.0470955086 		+0.0067698148
14.25  		0.4112301457 		+0.1747025954
14.4  		0.1365289757 		-0.0694519033
14.55  		0.0611876542 		-0.0231155076
14.7  		0.1679668690 		-0.0309360627
14.85  		0.0194151869 		-0.0036911885
