0  		1.0000000001 		+0.0000000000
0.15  		0.9999985367 		+0.0002541249
0.3  		0.9999893052 		+0.0003009528
0.45  		0.9994892808 		-0.0064134152
0.6  		0.9984597682 		+0.0177941566
0.75  		0.9917391884 		+0.0643250161
0.9  		0.9890849465 		+0.0957329256
1.05  		0.9097144829 		+0.0832083601
1.2  		0.9320276331 		-0.1450254509
1.35  		-0.8124675656 		+0.1764248197
1.5  		0.3449787952 		-0.4698890904
1.65  		0.9680127882 		-0.0606872764
1.8  		0.9133177972 		-0.2572251379
1.95  		0.7453528633 		-0.1693391128
2.1  		0.0160926761 		-0.0095642222
2.25  		0.4534671995 		-0.0244539067
2.4  		0.0583348562 		-0.0148698646
2.55  		0.8561584486 		-0.0062770665
2.7  		0.8807291977 		+0.0130944126
2.85  		0.8675073428 		-0.1041562753
3  		0.8043294893 		+0.0274262316
3.15  		0.8602669114 		-0.0466696360
3.3  		0.6942063780 		+0.2046742199
3.45  		0.6947920256 		-0.0167050660
3.6  		0.6325767363 		-0.1956694420
3.75  		0.8121699346 		+0.2080613641
3.9  		-0.0951311342 		+0.1749211503
4.05  		0.1265424166 		+0.1144878736
4.2  		0.0033357165 		+0.0005905891
4.35  		0.4547584576 		+0.0550267882
4.5  		0.2235285134 		+0.0274284725
4.65  		0.8326255847 		+0.1511157663
4.8  		0.8432871779 		-0.1026087756
4.95  		0.7547397721 		-0.0458777395
5.1  		0.4780384647 		-0.0096728653
5.25  		0.7810382837 		-0.2109320940
5.4  		0.2994451914 		+0.1010287442
5.55  		0.6958726250 		-0.0189909223
5.7  		0.8299076308 		+0.0369120518
5.85  		0.1109743551 		-0.5641341102
6  		0.6259501278 		-0.0011969591
6.15  		-0.0856990614 		-0.0020936137
6.3  		0.4416504115 		-0.0007570951
6.45  		0.8095612329 		+0.1222224338
6.6  		0.6527632230 		-0.1897118612
6.75  		0.1389409648 		-0.2186897923
6.9  		-0.0474993205 		+0.1046681040
7.05  		0.1302100611 		+0.0377516437
7.2  		0.3348004924 		-0.0410044904
7.35  		0.1445995507 		-0.0639594895
7.5  		-0.0749612182 		+0.0820575850
7.65  		0.0001231004 		-0.0005420375
7.8  		0.0950206224 		+0.0281455569
7.95  		-0.0520585720 		-0.0033661334
8.1  		0.1946556832 		+0.0196241145
8.25  		0.2493140196 		+0.0532984618
8.4  		0.3255015581 		-0.1744625475
8.55  		0.1782957985 		+0.0358360352
8.7  		0.0017566748 		+0.0007162978
8.85  		0.3763040741 		-0.0062692271
9  		-0.1291220181 		-0.0153367362
9.15  		0.1358326893 		+0.0152564480
9.3  		-0.0001724461 		-0.0026488974
9.45  		-0.0082255625 		-0.0521575988
9.6  		0.0331044970 		+0.2317531787
9.75  		-0.3198253793 		+0.1961468689
9.9  		0.0271934044 		-0.0317905924
10.05  		0.2323562653 		+0.1505564280
10.2  		-0.0586042893 		+0.0843299692
10.35  		0.1380363156 		+0.0831608544
10.5  		-0.2112363518 		+0.0463860777
10.65  		-0.0014641070 		-0.0051219314
10.8  		-0.0078350818 		+0.0044023756
10.95  		-0.0014902454 		+0.0022179932
11.1  		-0.0091516118 		+0.0060541043
11.25  		0.0062237845 		-0.0066975928
11.4  		-0.0047994271 		+0.0951033392
11.55  		0.0387360417 		+0.0011946300
11.7  		-0.0000018253 		-0.0000347129
11.85  		0.0245470928 		+0.1738827829
12  		0.0458645721 		+0.0078677310
12.15  		0.0002842947 		+0.0057157826
12.3  		0.0237232686 		+0.1266652622
12.45  		0.1922749065 		+0.2492101195
12.6  		-0.0172707598 		-0.0080919248
12.75  		-0.0607270454 		+0.0207251078
12.9  		-0.0340365100 		+0.0880133714
13.05  		0.1110329647 		-0.0786414375
13.2  		0.0816859159 		+0.2611127636
13.35  		-0.0127165050 		-0.0636128314
13.5  		0.0359362168 		-0.0327959176
13.65  		0.0366385227 		+0.0267796170
13.8  		0.0284424473 		+0.0094701006
13.95  		0.1678100805 		-0.1066128592
14.1  		0.0226918287 		-0.0074718141
14.25  		0.1636571523 		+0.0918582010
14.4  		-0.0004569826 		+0.0183368492
14.55  		0.0135160976 		-0.0017042994
14.7  		0.0348380797 		-0.0252328573
14.85  		0.0405083589 		-0.1191394812
