0  		1.0000000006 		+0.0000000000
0.15  		0.9999994930 		+0.0001320383
0.3  		0.9999909919 		-0.0003422211
0.45  		0.9998934456 		+0.0018769590
0.6  		0.9997791911 		+0.0035171832
0.75  		0.9971307835 		-0.0209957459
0.9  		0.9991809219 		-0.0084119435
1.05  		0.9984121556 		-0.0098965275
1.2  		0.9390695436 		+0.0030162224
1.35  		0.9938152312 		-0.0113722537
1.5  		0.9892331322 		+0.0063219831
1.65  		0.9835565450 		-0.0454491463
1.8  		0.9947966430 		-0.0090418117
1.95  		0.8341390643 		-0.0548339650
2.1  		0.9774654654 		+0.0093825919
2.25  		0.9623993000 		+0.0021691648
2.4  		0.8891601477 		+0.0007750200
2.55  		0.9318690500 		-0.0565682409
2.7  		0.9426863802 		+0.0385476721
2.85  		0.9149393790 		-0.0311170121
3  		0.8263831203 		+0.0770725181
3.15  		0.7187363289 		-0.0882593242
3.3  		0.8464083702 		-0.0652327387
3.45  		-0.1438924415 		-0.1127555638
3.6  		0.5666957766 		+0.2818282075
3.75  		0.4495634264 		+0.0411912531
3.9  		-0.2025901454 		+0.0488373887
4.05  		-0.2675485957 		-0.0984264788
4.2  		0.1325969468 		+0.0120048907
4.35  		-0.2287137586 		-0.0608186445
4.5  		-0.0030478260 		-0.0204216667
4.65  		0.0052096168 		+0.0006067230
4.8  		0.3548397526 		-0.0301328547
4.95  		-0.4250794994 		+0.0518948359
5.1  		0.5586109636 		+0.0709680026
5.25  		0.4765230148 		+0.0111472475
5.4  		-0.1203837481 		+0.0441239191
5.55  		-0.0352837081 		-0.0055419990
5.7  		0.7425189594 		+0.0045636256
5.85  		0.3646600083 		-0.0164425705
6  		0.1000156754 		-0.0932022792
6.15  		0.6074142309 		+0.0295225569
6.3  		0.4330563014 		+0.0891573990
6.45  		0.4606849082 		-0.1481332321
6.6  		0.1178675911 		+0.0056892206
6.75  		0.6833762988 		-0.0095816246
6.9  		0.5091231166 		-0.0637966415
7.05  		0.3780829940 		+0.0048905676
7.2  		0.0844325438 		+0.0450378609
7.35  		0.5438639202 		+0.0849889594
7.5  		0.4515705599 		+0.1284774466
7.65  		0.0939605055 		-0.0290181116
7.8  		0.3908643286 		+0.0558070182
7.95  		0.0993283574 		-0.0815661324
8.1  		0.1635731547 		+0.0110813865
8.25  		0.2127689530 		+0.0187315644
8.4  		0.3651760203 		-0.1520475061
8.55  		0.2624978585 		+0.0461033437
8.7  		0.0110645140 		+0.0316962992
8.85  		-0.0633752550 		+0.0714260403
9  		-0.0487825293 		+0.0332727468
9.15  		0.3628281946 		+0.2577758411
9.3  		0.0773989429 		+0.1580210492
9.45  		-0.0011520433 		+0.0087377211
9.6  		0.2241054460 		-0.2121373057
9.75  		0.4010080481 		-0.1523370630
9.9  		0.3742486878 		+0.0180342387
10.05  		0.2827476548 		+0.1070894645
10.2  		-0.0171283371 		-0.0244181981
10.35  		0.3706647983 		+0.1200807609
10.5  		0.0718147912 		-0.0410299373
10.65  		-0.0373658610 		-0.0370791196
10.8  		0.1943387682 		+0.1249411588
10.95  		0.1173939792 		+0.0579781067
11.1  		0.3227656183 		-0.2036493774
11.25  		0.0182632486 		-0.0069882026
11.4  		0.0002227590 		+0.0864760291
11.55  		-0.0099980940 		-0.0127226768
11.7  		-0.0036827150 		-0.0071777291
11.85  		-0.0267182264 		-0.0140965771
12  		-0.0030831367 		-0.0043662605
12.15  		-0.1562216989 		-0.0069667134
12.3  		-0.1866508586 		+0.1887393589
12.45  		0.1511398991 		+0.0179857243
12.6  		-0.1310571603 		-0.1863164945
12.75  		-0.1427406838 		-0.2212533302
12.9  		0.1828541702 		-0.0152979161
13.05  		0.0214883479 		-0.0539351950
13.2  		0.0422398826 		-0.0143842808
13.35  		0.0019332141 		+0.0012386092
13.5  		0.0001529877 		+0.0004109356
13.65  		-0.0001490147 		+0.0001653825
13.8  		-0.0005025340 		+0.0008089089
13.95  		-0.1032649934 		-0.0048131542
14.1  		-0.0000840527 		-0.0001475167
14.25  		-0.0232166388 		-0.0147951615
14.4  		0.0001551511 		+0.0093123407
14.55  		0.0262912881 		-0.0542092300
14.7  		0.0608611367 		+0.0091843146
14.85  		0.0348567942 		+0.0189029071
