0  		1.0000000007 		+0.0000000000
0.15  		1.0000268885 		-0.0001040453
0.3  		0.9998254726 		+0.0017274891
0.45  		0.9995908245 		+0.0040131449
0.6  		0.9956925040 		-0.0272994687
0.75  		0.9870585506 		+0.0359528820
0.9  		0.9730787275 		+0.0113254637
1.05  		0.9655382787 		+0.1489892451
1.2  		0.8650257334 		+0.0238022057
1.35  		0.8176622956 		+0.1979784279
1.5  		0.7541685067 		-0.2227637821
1.65  		0.0987729131 		+0.0076819298
1.8  		0.0828884688 		-0.0136807136
1.95  		-0.0086320422 		-0.0464626543
2.1  		-0.4774922285 		+0.1358643619
2.25  		-0.5792174384 		-0.3836357387
2.4  		0.2193925731 		+0.0116590824
2.55  		0.1150133576 		+0.3993761785
2.7  		-0.1808152828 		-0.2437787492
2.85  		-0.2214419811 		+0.1030327318
3  		0.0565557970 		+0.0689521954
3.15  		0.1610402924 		-0.4202523182
3.3  		0.2769168676 		-0.3629202232
3.45  		0.6273234608 		-0.0195465915
3.6  		0.4434629439 		+0.4276218349
3.75  		0.2726708663 		-0.1891717483
3.9  		0.1190618175 		+0.0119559935
4.05  		0.1364158715 		+0.1414635014
4.2  		-0.0323001524 		+0.7022299715
4.35  		-0.0740197759 		-0.0269745741
4.5  		-0.0062186307 		+0.0012203980
4.65  		0.1549133316 		-0.0209824227
4.8  		0.0269872607 		-0.0186400696
4.95  		0.0144761436 		-0.0085181345
5.1  		0.2278480381 		+0.3884491532
5.25  		0.1749375827 		-0.1546710964
5.4  		-0.0625909100 		+0.0897074714
5.55  		-0.0108674730 		-0.0209051052
5.7  		0.5459980711 		+0.2476684186
5.85  		-0.1113082709 		+0.1141648520
6  		-0.1957617039 		+0.0524786053
6.15  		0.0076009228 		-0.0220062348
6.3  		-0.2920730772 		+0.0421851808
6.45  		-0.0312249117 		-0.0210557174
6.6  		0.2733990551 		-0.1384807355
6.75  		0.2272972332 		+0.0514281821
6.9  		0.3801971170 		-0.2719842605
7.05  		-0.0879929412 		-0.3448467917
7.2  		0.0842649801 		+0.2042063222
7.35  		0.1552506603 		-0.1749069777
7.5  		0.2640961789 		-0.0535397354
7.65  		0.2425653336 		-0.0446287996
7.8  		0.0972829388 		+0.0540062638
7.95  		0.1012112831 		+0.1005211529
8.1  		-0.0413610341 		-0.0753026922
8.25  		0.1280872301 		-0.1277313632
8.4  		0.5446628492 		-0.1008035794
8.55  		0.2930074823 		+0.0172225852
8.7  		0.0066591219 		+0.0715430237
8.85  		0.1023377132 		+0.0568265485
9  		0.3700400469 		-0.2423760394
9.15  		0.0181025043 		-0.0013805875
9.3  		-0.0066554092 		-0.0287727648
9.45  		-0.0072934454 		+0.1354017519
9.6  		-0.3045303601 		-0.1568381867
9.75  		-0.0366383542 		+0.0315713864
9.9  		0.3112886575 		-0.2846601440
10.05  		0.0106551872 		+0.3999691996
10.2  		0.0576407450 		+0.0692162528
10.35  		0.0274352863 		-0.0050644813
10.5  		0.0019673563 		-0.0521026625
10.65  		0.0171133802 		+0.0559705307
10.8  		0.0525154412 		-0.2304453448
10.95  		-0.4244513709 		-0.1465763488
11.1  		-0.1194239711 		+0.0506477966
11.25  		-0.3784830007 		-0.0671011174
11.4  		-0.1465105396 		+0.1121451549
11.55  		-0.2662524172 		-0.2098466660
11.7  		0.0041430344 		+0.1173724247
11.85  		0.0297815081 		+0.0188532747
12  		-0.1033347472 		+0.1794592078
12.15  		-0.0308473759 		+0.0881032471
12.3  		-0.0072708440 		-0.0060158849
12.45  		0.0052407161 		+0.0013677538
12.6  		0.0278899963 		-0.1554299491
12.75  		0.0012912059 		+0.0005849787
12.9  		0.0004660838 		+0.0001580756
13.05  		0.1276236936 		+0.0334265587
13.2  		0.0616797512 		-0.0022925869
13.35  		-0.0119708406 		+0.0399926065
13.5  		0.0025991876 		+0.0003657335
13.65  		-0.0007545550 		-0.0000084016
13.8  		0.0012170663 		-0.0057624426
13.95  		-0.0408979445 		+0.1719207918
14.1  		0.0390525130 		+0.0128403907
14.25  		0.0012492859 		-0.0025228964
14.4  		-0.0025980936 		+0.0056293494
14.55  		-0.0878638853 		+0.0075409775
14.7  		-0.0009326891 		+0.0018049948
14.85  		0.0546866167 		+0.0017426680
