0  		1.0000000007 		+0.0000000000
0.15  		0.9995176335 		-0.0000734798
0.3  		0.9771975855 		-0.0029908847
0.45  		0.9986401472 		-0.0027359296
0.6  		0.9954664708 		+0.0049967082
0.75  		0.9173861128 		+0.0030785748
0.9  		0.9465728430 		-0.0143145803
1.05  		1.0004219499 		+0.0166445649
1.2  		0.9552746897 		+0.0136098437
1.35  		0.9714177450 		-0.0177489232
1.5  		0.9488932924 		+0.0215540245
1.65  		0.8858747736 		-0.0132807774
1.8  		0.9444771107 		+0.0148684127
1.95  		0.0038506906 		-0.0235224074
2.1  		0.9206274792 		+0.0761108475
2.25  		0.7993879476 		+0.1117257490
2.4  		0.7066358155 		-0.0305158838
2.55  		0.4027528599 		+0.0235563089
2.7  		-0.3092462895 		-0.0251158917
2.85  		0.8237605559 		+0.0648970416
3  		0.9322678580 		-0.0359815592
3.15  		0.2816675920 		+0.0245492261
3.3  		0.7347936143 		+0.1805997365
3.45  		0.6472227625 		-0.0338297252
3.6  		0.0210066342 		+0.0059326096
3.75  		0.6726203168 		-0.1330502190
3.9  		0.2746308253 		-0.0171736857
4.05  		0.6919320807 		+0.2085900664
4.2  		-0.0031789169 		+0.0265173506
4.35  		0.1388680011 		+0.0763915966
4.5  		0.7100793126 		-0.1533008485
4.65  		0.2669869544 		-0.1983887603
4.8  		0.2063941275 		+0.0767285962
4.95  		0.2513944644 		-0.0277869497
5.1  		-0.0735701818 		+0.0523678039
5.25  		-0.0207984906 		+0.0172932237
5.4  		-0.0122237565 		-0.0058131167
5.55  		0.1194532936 		-0.0777815052
5.7  		-0.1560012889 		-0.2210634494
5.85  		-0.0456877625 		+0.0525332352
6  		0.1337087048 		-0.1173414860
6.15  		0.0759778947 		-0.2926770141
6.3  		0.0151768727 		+0.0020799483
6.45  		0.1817999423 		+0.0248628805
6.6  		-0.0181355905 		+0.0137800035
6.75  		-0.5228001701 		-0.1645887900
6.9  		0.1259177631 		-0.0182949362
7.05  		0.1350721729 		+0.0864228962
7.2  		0.2865087423 		+0.3062337882
7.35  		0.0456214223 		-0.2817305781
7.5  		0.0416195698 		-0.0032726930
7.65  		-0.2266600306 		+0.2577336228
7.8  		-0.0253716389 		+0.2478761349
7.95  		-0.0038825568 		+0.0140666567
8.1  		0.0203969353 		-0.0969919686
8.25  		-0.1575448103 		+0.1361621750
8.4  		-0.1429691965 		+0.0415727073
8.55  		-0.0504981083 		-0.1391220382
8.7  		-0.0160104093 		+0.0385601743
8.85  		-0.0250261067 		+0.0251629738
9  		0.3776449996 		+0.3717132509
9.15  		-0.1573533880 		+0.3108090725
9.3  		-0.0906920530 		-0.3002285651
9.45  		0.3063487861 		-0.2215452828
9.6  		0.2479043159 		+0.2101265884
9.75  		-0.0139822796 		+0.0005819927
9.9  		0.0014416613 		-0.0134968353
10.05  		0.2807600220 		+0.3255127626
10.2  		-0.0984617422 		+0.0886182450
10.35  		0.0567516612 		-0.1632148549
10.5  		0.3285159736 		+0.1102881304
10.65  		-0.0478641123 		+0.0161256488
10.8  		0.0252646560 		+0.0335081750
10.95  		0.1968813445 		-0.2927408470
11.1  		0.1395772975 		+0.0665802930
11.25  		-0.2468842660 		-0.2098113506
11.4  		-0.0426659807 		-0.1120379540
11.55  		-0.0921422919 		-0.2123534433
11.7  		-0.0169216621 		+0.0228549128
11.85  		-0.0001324689 		-0.0044392243
12  		-0.0000249838 		-0.0000598412
12.15  		-0.0505187790 		+0.0256795397
12.3  		0.0053059301 		-0.0130048229
12.45  		-0.0145967532 		+0.0148978433
12.6  		0.0143352642 		+0.0231211784
12.75  		-0.0065395049 		-0.0151752952
12.9  		0.0088859657 		-0.0016783387
13.05  		-0.0045262733 		+0.0008515855
13.2  		0.0363480253 		-0.0048962092
13.35  		-0.0004085041 		-0.0105079013
13.5  		-0.0404940661 		-0.1144326088
13.65  		0.3057813272 		-0.1095883573
13.8  		-0.0472243064 		-0.1492851941
13.95  		-0.1650938587 		+0.1794160138
14.1  		-0.2282112000 		-0.1345645391
14.25  		-0.0029267425 		-0.0002275037
14.4  		-0.0055671565 		-0.0206304034
14.55  		0.0173449847 		+0.0588389706
14.7  		-0.0008014829 		+0.0007375463
14.85  		-0.0306819199 		+0.0341139297
