0  		1.0000000001 		-0.0000000000
0.15  		0.9999929396 		-0.0002382111
0.3  		0.9999993434 		-0.0001262581
0.45  		0.9999779342 		+0.0003445793
0.6  		0.9979008734 		+0.0021128759
0.75  		0.9995660390 		+0.0006640654
0.9  		0.9995147174 		-0.0000311038
1.05  		0.9981696426 		-0.0040034633
1.2  		0.9992798672 		-0.0007199165
1.35  		0.9983403885 		-0.0156515376
1.5  		0.9662804359 		-0.1980454154
1.65  		0.9978517079 		+0.0018152816
1.8  		0.9931499816 		+0.0084329162
1.95  		0.8849707771 		+0.2376464205
2.1  		0.9826459867 		+0.0388356044
2.25  		0.9638069367 		+0.0775122120
2.4  		0.9350216151 		-0.0147383808
2.55  		-0.1201949456 		+0.0387535232
2.7  		0.9774889810 		-0.0313508996
2.85  		0.8412105167 		-0.0824458035
3  		0.8747799800 		-0.2273799385
3.15  		0.9618893220 		+0.0368934708
3.3  		0.9668669420 		-0.0005879142
3.45  		-0.0300583797 		+0.0139070722
3.6  		0.8260630429 		+0.0395968086
3.75  		0.6813945278 		-0.1377882059
3.9  		0.5562500055 		+0.1276758132
4.05  		0.9220946178 		-0.0195744568
4.2  		0.7190368783 		-0.2056986828
4.35  		0.6036818115 		+0.0043902518
4.5  		0.9172205498 		+0.1891441833
4.65  		0.9532147703 		+0.0433146072
4.8  		0.9025437857 		+0.0624127411
4.95  		0.7009881311 		-0.1003850483
5.1  		0.8927203016 		-0.0093444714
5.25  		0.7006638266 		+0.0117532344
5.4  		0.8067753745 		-0.0175085132
5.55  		-0.6784453143 		-0.0892897883
5.7  		-0.4376107485 		-0.3429481095
5.85  		0.8294224161 		-0.0573205145
6  		0.8105977885 		-0.0059784612
6.15  		-0.7384538897 		+0.0225391674
6.3  		0.7137856507 		+0.0373973788
6.45  		0.7609310377 		-0.0129072146
6.6  		0.6712982378 		-0.0405941765
6.75  		0.1503575044 		+0.0353206925
6.9  		-0.0796475604 		-0.0059132468
7.05  		0.7067345087 		-0.0330698219
7.2  		0.7573762178 		+0.0151950829
7.35  		0.6547646902 		-0.0335324624
7.5  		0.0272039172 		+0.0054809173
7.65  		0.7095026217 		-0.0267741914
7.8  		0.7170477256 		+0.0007933221
7.95  		0.8208923077 		-0.0008519196
8.1  		0.8087333892 		+0.0591229379
8.25  		0.7213036447 		-0.2228311131
8.4  		0.5585294628 		+0.1345754716
8.55  		-0.1546131564 		-0.2687765110
8.7  		0.4674725814 		+0.0833069574
8.85  		0.5279866474 		+0.1000620250
9  		0.2907104423 		+0.4746227499
9.15  		0.3552389359 		-0.1286538690
9.3  		0.6908244681 		-0.1102417702
9.45  		0.8233715928 		+0.0122553516
9.6  		0.8555405197 		+0.0368281567
9.75  		0.7155396661 		+0.0552180293
9.9  		0.2319020523 		-0.1950290751
10.05  		0.3877255116 		+0.0036263514
10.2  		0.4476231304 		+0.0135097515
10.35  		0.3978092901 		+0.0408411989
10.5  		0.4217288817 		-0.0491096760
10.65  		0.4781020639 		+0.0184281579
10.8  		0.5189823391 		-0.0285155317
10.95  		0.6485294927 		-0.0140760485
11.1  		0.6849785613 		+0.0033554105
11.25  		0.7045180466 		+0.1083624487
11.4  		0.3023042671 		-0.0095929935
11.55  		0.4877314801 		-0.0738762824
11.7  		0.5762880642 		-0.2165369939
11.85  		0.5340503942 		-0.0169218303
12  		-0.0977429317 		+0.1246551737
12.15  		0.1852831515 		-0.0882920305
12.3  		0.0825931281 		+0.1271565405
12.45  		-0.0644048149 		-0.0165536064
12.6  		0.4432762829 		+0.0504734407
12.75  		0.2699535064 		-0.0263917731
12.9  		-0.2736819287 		-0.0158441247
13.05  		0.4937450062 		-0.0657552364
13.2  		0.5860404895 		-0.0499847321
13.35  		0.3506620187 		+0.0090326838
13.5  		0.2500775290 		-0.0312670877
13.65  		0.4762016446 		-0.1630521517
13.8  		0.0588698020 		+0.0077513525
13.95  		-0.4512653796 		+0.2831674565
14.1  		0.1701980387 		-0.0730413635
14.25  		0.1208216067 		+0.1041900401
14.4  		0.1909971749 		-0.0451415053
14.55  		0.5167045636 		+0.0405435965
14.7  		0.0137685227 		-0.0094908243
14.85  		0.0428647198 		-0.0578623632
