0  		1.0000000001 		+0.0000000000
0.15  		0.9999804321 		+0.0000104663
0.3  		0.9999325441 		-0.0045007407
0.45  		0.9999309338 		-0.0004119205
0.6  		0.9996944327 		-0.0026281322
0.75  		0.9967592153 		-0.0037751450
0.9  		0.9881432506 		+0.0126919677
1.05  		0.7532790320 		+0.1051038431
1.2  		0.9791154947 		-0.0006532940
1.35  		0.9903845302 		+0.0097933931
1.5  		0.9921748867 		+0.0142242795
1.65  		0.8950405389 		-0.0067276253
1.8  		0.9813520264 		+0.0140130034
1.95  		0.9863910400 		+0.0005755410
2.1  		0.9880359133 		+0.0036786744
2.25  		0.8283450032 		-0.0112668921
2.4  		0.3222985697 		+0.0976606929
2.55  		0.9642550360 		+0.0036254546
2.7  		0.9172990162 		+0.0303815849
2.85  		0.9621002242 		+0.0741193952
3  		0.6198588064 		-0.0364861148
3.15  		0.9482486095 		+0.0075167120
3.3  		0.3151908113 		-0.0362479751
3.45  		0.8074414812 		+0.1720793640
3.6  		0.3108756288 		-0.2716409632
3.75  		-0.3323011242 		-0.0347706883
3.9  		0.3868100765 		+0.0356761388
4.05  		0.5043593493 		+0.0487781938
4.2  		0.7441659776 		+0.0786535839
4.35  		0.6547261275 		-0.0000542029
4.5  		0.3375942786 		+0.0905337392
4.65  		0.7972695763 		-0.0799409819
4.8  		0.7443338856 		+0.0130134493
4.95  		0.7593537415 		+0.0210138778
5.1  		0.6701219222 		-0.0297630720
5.25  		0.8936491663 		-0.0278757989
5.4  		0.7395987324 		-0.0892020417
5.55  		-0.3117595237 		+0.1414696419
5.7  		0.4412046570 		-0.0505901321
5.85  		-0.1817023176 		+0.0044660535
6  		0.8450776449 		+0.1119198586
6.15  		0.8398893953 		-0.0690326949
6.3  		0.8667375167 		+0.1650339988
6.45  		0.8398686387 		+0.0012205240
6.6  		0.8506981096 		+0.1013707443
6.75  		0.8257083992 		+0.0149779280
6.9  		0.8191030995 		+0.0772636572
7.05  		0.7244549856 		+0.2142880837
7.2  		0.3257089266 		-0.1679713883
7.35  		0.3208644627 		-0.1187717787
7.5  		0.0191931068 		-0.0160435529
7.65  		0.7076620646 		+0.1375213666
7.8  		0.5920182371 		-0.0080302446
7.95  		0.7195647750 		-0.0419543838
8.1  		0.6675741967 		+0.0793841598
8.25  		0.6104097603 		-0.1449836920
8.4  		0.1715588212 		-0.0121386943
8.55  		0.3971971511 		-0.0663952679
8.7  		0.4608338064 		+0.0793572050
8.85  		0.1179599479 		-0.0020561113
9  		0.2733140021 		+0.1538325380
9.15  		-0.0225537532 		+0.0085649778
9.3  		0.0041558292 		+0.0117430848
9.45  		-0.0004631836 		-0.0013617930
9.6  		-0.0002017543 		-0.0006257952
9.75  		0.1300981824 		-0.0757657965
9.9  		-0.0707705684 		+0.0226991600
10.05  		0.0684642956 		-0.0172450258
10.2  		0.0126849214 		-0.0021271945
10.35  		-0.0119151758 		+0.0042735203
10.5  		0.2678978435 		-0.0938124170
10.65  		0.2513279392 		+0.0131927948
10.8  		0.5647985339 		-0.1475966662
10.95  		0.0626872385 		-0.0158439311
11.1  		-0.2296985683 		+0.1419867766
11.25  		0.2891077715 		+0.0094266516
11.4  		0.5437907211 		-0.0497322815
11.55  		0.5211857150 		-0.1855993429
11.7  		0.1716190000 		+0.2523762328
11.85  		0.1200084517 		-0.0628480389
12  		0.0261818069 		+0.0220220280
12.15  		-0.3285558723 		-0.0395129912
12.3  		0.2929947853 		-0.1354957811
12.45  		0.5303592313 		+0.2895247815
12.6  		0.3426911520 		-0.0831743477
12.75  		-0.0173311074 		-0.0069907402
12.9  		0.3725909004 		+0.2228172627
13.05  		0.5488961436 		-0.1215460086
13.2  		0.0108919103 		+0.0129767187
13.35  		0.0003289557 		+0.2139135140
13.5  		0.5613167753 		+0.1516040680
13.65  		-0.2053633454 		+0.1737782608
13.8  		-0.0116912065 		-0.0427213823
13.95  		-0.0027160661 		+0.0201288745
14.1  		0.4026413936 		+0.3365302499
14.25  		0.4234542201 		+0.1046997608
14.4  		0.1860041260 		-0.0908650595
14.55  		0.0927208993 		-0.1262617506
14.7  		-0.0086895215 		-0.0078578939
14.85  		-0.2048006296 		-0.2474857765
