0  		1.0000000007 		+0.0000000000
0.15  		0.9999971885 		-0.0000912085
0.3  		0.9972693104 		-0.0015212276
0.45  		0.9997779436 		-0.0082029919
0.6  		0.9978100861 		-0.0485932831
0.75  		0.9558109032 		-0.1667476155
0.9  		0.4517809515 		-0.5026605167
1.05  		0.5713363782 		-0.5657056757
1.2  		0.8413572911 		+0.2962137422
1.35  		0.8103737222 		+0.0933345469
1.5  		0.8830290815 		+0.0079457930
1.65  		0.9206096462 		-0.0312448818
1.8  		0.9215524950 		-0.0407652681
1.95  		0.9197144142 		-0.0314941621
2.1  		0.9005402700 		-0.0537559570
2.25  		0.8898345159 		-0.1586064328
2.4  		0.8459679568 		-0.1159996177
2.55  		0.8885888685 		-0.2392725033
2.7  		0.9702327728 		-0.1308314070
2.85  		0.8869450744 		-0.2330505194
3  		0.7628747872 		+0.0312680868
3.15  		0.9677213834 		+0.0963095508
3.3  		0.6888126795 		-0.0117349820
3.45  		0.8404400225 		-0.0194728661
3.6  		0.7703656027 		+0.3604421628
3.75  		0.2133648544 		+0.0107573766
3.9  		0.8731012569 		+0.0553762259
4.05  		0.7843866471 		+0.0653599024
4.2  		0.7909882796 		-0.0915879635
4.35  		-0.0212411767 		-0.3511680413
4.5  		0.4740273039 		-0.1603337431
4.65  		-0.3567149267 		-0.0577469498
4.8  		-0.5013891775 		-0.5187305476
4.95  		0.7517753780 		+0.3765579885
5.1  		0.7336263622 		-0.0464086218
5.25  		0.7099321509 		-0.1785788667
5.4  		0.7428503966 		-0.2406787211
5.55  		0.6635974344 		-0.1390788332
5.7  		0.2276588049 		-0.0440761490
5.85  		0.4068454603 		-0.0056079950
6  		0.3154239724 		-0.0661939039
6.15  		0.5578262620 		-0.0566998392
6.3  		0.2307805518 		-0.0529450751
6.45  		-0.4167088994 		+0.0789713236
6.6  		-0.0465719108 		-0.0371365641
6.75  		0.2793356740 		+0.1352472231
6.9  		0.2441246960 		+0.0244412371
7.05  		0.0944431213 		-0.0099268631
7.2  		0.6747688150 		-0.1040613908
7.35  		0.2785170347 		-0.0112803488
7.5  		-0.4293803089 		-0.0144823719
7.65  		0.5346941447 		-0.0420145564
7.8  		0.3591978302 		-0.0311001274
7.95  		-0.2309674352 		-0.0561284573
8.1  		0.5549558008 		-0.0342858215
8.25  		-0.2095976605 		+0.0201554685
8.4  		-0.0694285479 		+0.0810012942
8.55  		0.0355037975 		-0.0683915025
8.7  		0.5163619164 		+0.0205148889
8.85  		0.1877110899 		+0.0499651648
9  		0.6423280814 		-0.1560369209
9.15  		0.3102815479 		-0.3213135512
9.3  		0.3583063713 		+0.2685712007
9.45  		-0.2144476896 		+0.1246801121
9.6  		0.0267386186 		-0.0121536306
9.75  		-0.0706339749 		+0.1057593762
9.9  		0.1847157401 		+0.3927561197
10.05  		-0.0149359899 		+0.5254790213
10.2  		0.6214524392 		-0.1379565155
10.35  		-0.1744365496 		+0.3308406555
10.5  		0.3203746286 		-0.1975687303
10.65  		-0.0336601075 		+0.0941305228
10.8  		-0.3017091193 		+0.3095912546
10.95  		0.1339826844 		-0.0657563961
11.1  		0.3603353610 		-0.2593702603
11.25  		0.1717364278 		+0.0588357930
11.4  		0.1539972577 		+0.2456679341
11.55  		0.1257676338 		-0.0493246452
11.7  		0.2114175925 		-0.2228772940
11.85  		0.3159183870 		-0.2022267435
12  		0.4196132679 		+0.0221554447
12.15  		0.2498121484 		+0.1476651253
12.3  		0.1870281083 		+0.0649379416
12.45  		0.0236054685 		+0.0026814937
12.6  		-0.0114026271 		+0.0430803681
12.75  		0.0034875542 		-0.0001526727
12.9  		0.0161854838 		-0.0376699507
13.05  		0.1026603914 		-0.0522256614
13.2  		0.0817272455 		+0.0051139229
13.35  		0.6666455029 		-0.0485366380
13.5  		0.1577728826 		+0.0139893803
13.65  		0.2490213151 		+0.1680327985
13.8  		0.2346344672 		+0.0418738536
13.95  		0.2194260325 		-0.0397865551
14.1  		0.1907326023 		+0.0017795918
14.25  		0.1030705401 		+0.0583198296
14.4  		0.0106109841 		+0.0251873589
14.55  		0.0035490760 		-0.0129399149
14.7  		0.0631557672 		-0.0238667109
14.85  		-0.0124729804 		-0.0032560923
