0  		1.0000000001 		+0.0000000000
0.15  		0.9999887084 		-0.0000876459
0.3  		0.9999692193 		-0.0004117242
0.45  		0.9999714284 		-0.0001523018
0.6  		0.9997698618 		+0.0016486681
0.75  		0.9987478732 		-0.0053899486
0.9  		0.9825344213 		+0.0255039853
1.05  		0.8807707855 		-0.0207342961
1.2  		0.9970707575 		+0.0032183779
1.35  		0.9288086211 		-0.0188260266
1.5  		0.9847161693 		+0.0004468716
1.65  		0.9699190553 		+0.1379552893
1.8  		0.9478526259 		-0.0394545084
1.95  		0.9732972454 		+0.0474526222
2.1  		0.8906328263 		-0.0215280814
2.25  		0.7051847226 		-0.0957657130
2.4  		0.8924598206 		-0.0322455858
2.55  		0.8331963335 		+0.0362281011
2.7  		0.8232169241 		-0.1854578497
2.85  		0.8417474175 		-0.0441149869
3  		-0.5625163637 		+0.1054861509
3.15  		0.2493011608 		+0.0009720293
3.3  		0.0465428860 		+0.0138223571
3.45  		0.0011122289 		+0.0012155647
3.6  		0.0068920342 		-0.0446422939
3.75  		0.4398403183 		+0.1154910354
3.9  		-0.1603971608 		+0.1352396958
4.05  		0.6875923602 		-0.0271490648
4.2  		0.4331691978 		-0.1940082556
4.35  		0.4347678316 		-0.0735306285
4.5  		0.2609878801 		+0.0034657696
4.65  		0.5735512259 		-0.0858039481
4.8  		-0.0174422933 		+0.0020478364
4.95  		0.2069304931 		+0.0521320906
5.1  		0.5192075012 		-0.0256217883
5.25  		0.7102197328 		+0.1175813386
5.4  		0.8042924772 		-0.0033455349
5.55  		0.6112313882 		+0.0319537681
5.7  		0.2795052346 		-0.0606867908
5.85  		0.5329345100 		+0.1730314699
6  		-0.1233806652 		+0.0611765172
6.15  		-0.1991923631 		-0.0987970629
6.3  		-0.0639246456 		+0.1478290787
6.45  		0.6857573570 		+0.1355962657
6.6  		0.3659097166 		-0.0832957629
6.75  		-0.4320668690 		+0.1588040552
6.9  		0.3190038463 		-0.0014916950
7.05  		0.2483142612 		+0.0166988222
7.2  		0.4414799156 		+0.1548006481
7.35  		0.7336903196 		+0.1449619802
7.5  		0.4918186459 		-0.1777052273
7.65  		0.0034003848 		-0.0003588207
7.8  		0.0476844697 		-0.2804738501
7.95  		0.0212733964 		-0.0190348354
8.1  		0.2830437434 		-0.0452193683
8.25  		0.6431418955 		+0.0956255292
8.4  		0.6894969463 		+0.0208766920
8.55  		-0.0780631279 		-0.0044307149
8.7  		0.5125808210 		-0.1087455814
8.85  		0.6794047378 		-0.1118103824
9  		-0.3111311901 		-0.2009147543
9.15  		0.5382036134 		+0.0745185066
9.3  		0.5624979886 		+0.0129072038
9.45  		0.4227763632 		+0.0148341722
9.6  		0.3248754650 		-0.0038453922
9.75  		0.4890698219 		+0.1297286596
9.9  		0.2070545343 		+0.0043340760
10.05  		0.7695002630 		+0.1770860394
10.2  		0.3541938822 		-0.0477459346
10.35  		0.3524851175 		+0.1148148095
10.5  		-0.0669920995 		-0.0608477110
10.65  		0.0139703228 		-0.0000884000
10.8  		0.3534307346 		+0.2163339104
10.95  		0.4316688513 		-0.2002327102
11.1  		-0.0007757559 		+0.0010520631
11.25  		-0.0137318371 		+0.0184915449
11.4  		0.0209809572 		+0.0304169966
11.55  		0.0018710719 		+0.0307839126
11.7  		-0.0162006658 		+0.0130555772
11.85  		-0.0145640061 		+0.0033617583
12  		0.0271249783 		+0.0296637228
12.15  		0.2489959020 		+0.0106991503
12.3  		-0.1660164513 		+0.0396398547
12.45  		0.1426145808 		-0.0162742516
12.6  		-0.0679716795 		+0.0404763680
12.75  		-0.1007439456 		+0.0738151729
12.9  		-0.0029839449 		+0.0316040481
13.05  		0.2198993975 		+0.0461793547
13.2  		0.0764139074 		-0.0805505602
13.35  		-0.0174939195 		-0.0156750493
13.5  		-0.1236133461 		+0.0959629264
13.65  		-0.0997771568 		-0.0253368159
13.8  		0.0489311138 		-0.0063158417
13.95  		0.0000000725 		-0.0000000382
14.1  		0.0186321646 		+0.0030546359
14.25  		0.0351057617 		-0.0173539873
14.4  		0.0229974512 		-0.0118982301
14.55  		0.0084543410 		+0.0014004035
14.7  		-0.0131188001 		+0.0016494952
14.85  		0.2635378849 		+0.0038195117
