0  		1.0000000008 		+0.0000000000
0.15  		0.9999996937 		+0.0000642804
0.3  		0.9999819977 		-0.0015228364
0.45  		0.9999506723 		+0.0000958746
0.6  		0.9996979124 		+0.0023620048
0.75  		0.9995763491 		-0.0028516002
0.9  		0.9944009619 		-0.0000319431
1.05  		0.9981686763 		+0.0056098460
1.2  		0.9925554868 		+0.0022437655
1.35  		0.9243228491 		+0.1312168259
1.5  		0.9962687635 		-0.0040087378
1.65  		0.9754748622 		-0.0717970569
1.8  		0.9651039558 		-0.1063790452
1.95  		0.9477345970 		-0.0394780295
2.1  		0.5539361147 		+0.0065337721
2.25  		0.9737350601 		-0.0144532628
2.4  		0.7887613271 		+0.0481443802
2.55  		0.9527314690 		-0.0658828894
2.7  		0.9344665584 		-0.0498762118
2.85  		0.9901023325 		+0.0380370649
3  		0.9055508523 		-0.0911414595
3.15  		0.8985517205 		+0.0004962027
3.3  		0.9717040815 		+0.0362244074
3.45  		0.7601295406 		-0.0351936564
3.6  		0.6370932113 		-0.1221704678
3.75  		0.3164905148 		-0.0122642905
3.9  		0.9351726043 		-0.0792739686
4.05  		0.5541563635 		+0.0026327123
4.2  		0.5992778001 		-0.0027369553
4.35  		0.4593226057 		-0.0657991381
4.5  		0.7630741982 		+0.0230271531
4.65  		0.1549160205 		-0.0091946259
4.8  		0.7580591245 		+0.0243674794
4.95  		0.5154772613 		+0.0270986517
5.1  		0.5277984842 		+0.0723710941
5.25  		0.6829824693 		-0.1115220310
5.4  		0.1948866709 		+0.0256068855
5.55  		-0.0090133674 		+0.0396717028
5.7  		-0.0735282512 		-0.1111975030
5.85  		0.0093998512 		-0.0006955746
6  		0.0276251145 		+0.1144354216
6.15  		0.1536237344 		+0.0782717497
6.3  		0.0875520880 		-0.1548517389
6.45  		0.7380406142 		+0.1776127459
6.6  		0.3516596848 		-0.0308897931
6.75  		0.5682455290 		+0.0756026445
6.9  		0.2987910530 		+0.0170277923
7.05  		0.1677111364 		+0.0427128864
7.2  		0.1139901899 		-0.0279519470
7.35  		-0.1284740118 		+0.0384819865
7.5  		-0.0996029576 		+0.1738787709
7.65  		0.3183785983 		-0.0595857121
7.8  		0.4922343575 		-0.0217269607
7.95  		0.3768506616 		+0.0639631306
8.1  		0.6408616205 		+0.1883490625
8.25  		0.6575195676 		-0.2445092592
8.4  		0.2678418148 		-0.0298717890
8.55  		0.0482455859 		+0.0273899517
8.7  		0.4344420771 		-0.1542965172
8.85  		0.1054614962 		-0.0900543445
9  		0.1652338214 		-0.0077497383
9.15  		0.3863928810 		-0.0193080964
9.3  		0.3658678417 		+0.0842931623
9.45  		0.4078638268 		+0.0084331013
9.6  		0.3477274241 		-0.0187927497
9.75  		0.4414031815 		-0.0696142927
9.9  		0.2950819342 		-0.2291486308
10.05  		0.1344216900 		+0.0070205052
10.2  		0.0294269900 		-0.0188659874
10.35  		-0.0029939016 		+0.0204941862
10.5  		-0.0381681658 		+0.0669375195
10.65  		-0.0084947699 		+0.0093709004
10.8  		0.0001309736 		+0.0006302113
10.95  		-0.0000812651 		+0.0001741306
11.1  		0.0768608375 		-0.0404844588
11.25  		-0.0001237830 		-0.0001805460
11.4  		0.0570668435 		-0.0164012135
11.55  		-0.0021174966 		-0.0033519434
11.7  		-0.0244344242 		+0.0232587147
11.85  		0.2408357324 		+0.0312658860
12  		0.0068587509 		-0.0058660381
12.15  		0.1943937701 		+0.0786190254
12.3  		0.0452231536 		+0.0027290633
12.45  		-0.0017679215 		+0.0014459290
12.6  		-0.0399614651 		+0.0175292333
12.75  		-0.0087297673 		-0.0064080395
12.9  		0.0497316871 		-0.0100729811
13.05  		0.0010644404 		+0.0019806249
13.2  		-0.0380299447 		+0.0197057335
13.35  		0.2981808401 		-0.0097606962
13.5  		0.1667674017 		-0.0212043771
13.65  		-0.0802615456 		+0.0029204330
13.8  		-0.0148251581 		+0.0011332392
13.95  		-0.2115348303 		-0.0302112310
14.1  		-0.2328268809 		-0.0436877602
14.25  		0.3779715903 		-0.0638772071
14.4  		0.1844507263 		-0.0222414018
14.55  		0.1086458897 		+0.0568783859
14.7  		0.1716837682 		-0.0946499408
14.85  		-0.0070186438 		+0.0139323638
