0  		1.0000000001 		-0.0000000000
0.15  		0.9998826145 		-0.0011810047
0.3  		0.9997867345 		+0.0124930983
0.45  		0.9981236185 		-0.0139960911
0.6  		0.9927720578 		+0.0918357745
0.75  		0.9622877607 		-0.0060300301
0.9  		0.8613337664 		-0.1490914972
1.05  		0.4685299274 		+0.1108623857
1.2  		0.4471356571 		-0.0565242090
1.35  		-0.1838414534 		-0.3933409937
1.5  		0.8678273156 		-0.0490597208
1.65  		0.6842586170 		+0.0825674329
1.8  		0.6698290777 		-0.1304030510
1.95  		0.6141543657 		-0.1198370750
2.1  		0.3402778708 		-0.0933161884
2.25  		0.7091748333 		-0.0250063333
2.4  		0.0918761008 		-0.0316275935
2.55  		0.6615374916 		-0.1001905002
2.7  		0.6602806214 		-0.1740715756
2.85  		0.8711903296 		+0.2668260792
3  		-0.2680045693 		+0.1607777749
3.15  		0.6616880167 		+0.3089988727
3.3  		0.6566203462 		-0.2073773080
3.45  		0.5608417958 		+0.2351368683
3.6  		0.4894363332 		-0.2097259248
3.75  		0.2648160420 		+0.2008488372
3.9  		0.4768694355 		-0.1590250019
4.05  		0.2796308720 		+0.0178917322
4.2  		0.0025438237 		+0.0025555909
4.35  		0.5753185833 		-0.0261250108
4.5  		0.0002603857 		-0.0000428922
4.65  		0.5453646145 		-0.0759424368
4.8  		0.3722084823 		-0.0807617796
4.95  		0.2206845552 		+0.2126081440
5.1  		0.2852892818 		+0.1763141616
5.25  		0.0678388139 		+0.0524794323
5.4  		0.0934050785 		-0.3854012838
5.55  		0.1230593885 		-0.1206934482
5.7  		-0.1191230455 		-0.0654443943
5.85  		-0.0494202970 		+0.0255220463
6  		-0.2495129483 		-0.0804734320
6.15  		0.1197140543 		-0.1594841132
6.3  		-0.1187028692 		+0.1576994069
6.45  		0.2613615059 		+0.5268427835
6.6  		0.4464852489 		+0.0691522764
6.75  		0.0009394690 		-0.0211745069
6.9  		-0.0976918015 		-0.0639953726
7.05  		0.0036919285 		-0.0033874844
7.2  		-0.0057008872 		+0.0497766455
7.35  		0.3695532026 		-0.0347682996
7.5  		0.0912742167 		+0.3006073581
7.65  		0.2192506332 		-0.4234441703
7.8  		0.0478451467 		+0.0917667354
7.95  		0.0098765761 		+0.0202672494
8.1  		-0.0049021767 		+0.3813081762
8.25  		-0.1280295810 		-0.0175896399
8.4  		-0.0761392963 		+0.2162517385
8.55  		0.0187497190 		+0.0269837494
8.7  		-0.1659211352 		+0.0472738579
8.85  		-0.0054018684 		+0.0254580775
9  		-0.0740901232 		-0.0740139285
9.15  		0.1198784953 		-0.0629990559
9.3  		-0.2013370620 		-0.0294091849
9.45  		-0.0206050063 		+0.0208722911
9.6  		0.0810158544 		+0.0158115393
9.75  		0.1691156052 		+0.1427231832
9.9  		0.0140525292 		+0.0472291394
10.05  		0.0975163759 		+0.0419149202
10.2  		0.0760979568 		+0.0455005050
10.35  		0.0750324798 		-0.0506453498
10.5  		0.0149044195 		+0.0288581415
10.65  		0.0863132826 		-0.1981155675
10.8  		0.1323241513 		+0.0715693306
10.95  		0.1095443992 		+0.1610151430
11.1  		0.0472358313 		+0.2040636995
11.25  		0.0026180923 		+0.0011992384
11.4  		0.0132373515 		-0.0104575997
11.55  		0.0511162101 		+0.0034608494
11.7  		0.0371715859 		+0.0109688322
11.85  		0.5160202117 		-0.0134912186
12  		0.1138328007 		-0.0467719645
12.15  		0.0928890108 		-0.0927292342
12.3  		0.2316571925 		+0.1871353884
12.45  		0.2560580381 		+0.0154593393
12.6  		0.1264255681 		-0.0690117278
12.75  		0.1699557440 		+0.2784139096
12.9  		0.0289455087 		-0.0188800440
13.05  		-0.0479344170 		-0.1107810743
13.2  		-0.1744650461 		+0.2814951377
13.35  		0.0296926849 		+0.0211708069
13.5  		0.2785822428 		-0.0151542755
13.65  		0.0009832108 		-0.0222001336
13.8  		-0.4049859035 		+0.4474081836
13.95  		0.5142582304 		-0.3483717150
14.1  		0.0537685190 		-0.2305890903
14.25  		0.6630697499 		-0.0063727102
14.4  		0.1251931745 		-0.0289981268
14.55  		0.6308303319 		-0.3916416987
14.7  		0.1026245895 		+0.2430641103
14.85  		0.3999622955 		-0.3132349018
