0  		1.0000000007 		-0.0000000000
0.15  		0.9999934682 		-0.0015394766
0.3  		0.9998241349 		+0.0024619688
0.45  		0.9994948939 		+0.0136924937
0.6  		0.9993826780 		-0.0220605449
0.75  		0.9901206594 		-0.0652029585
0.9  		0.9434990992 		-0.0274835253
1.05  		0.8220966089 		-0.3828613274
1.2  		0.0404465506 		+0.7328445714
1.35  		0.7361517849 		+0.2900462992
1.5  		0.6356406801 		+0.0232813530
1.65  		0.0080747456 		+0.0283636050
1.8  		0.2169839016 		-0.0421816860
1.95  		0.9593977750 		+0.1314622605
2.1  		0.8413697188 		+0.0984698911
2.25  		0.8423294790 		-0.0856111072
2.4  		0.9008917996 		+0.0075043382
2.55  		0.0850597911 		-0.0974673370
2.7  		0.6624178448 		-0.2792681483
2.85  		0.8380333150 		-0.1572530050
3  		0.6736136244 		+0.3427258730
3.15  		0.7764436729 		+0.1113805212
3.3  		0.2643064757 		+0.0566821582
3.45  		-0.1389269248 		+0.0240852500
3.6  		0.3962000724 		-0.1172943150
3.75  		0.4048190200 		-0.4469816874
3.9  		0.8983314620 		-0.0518826617
4.05  		0.9161785437 		+0.0819136725
4.2  		0.7583766501 		+0.1255592839
4.35  		-0.6654667924 		+0.0012229016
4.5  		0.4895862823 		-0.0712230230
4.65  		0.5626246770 		+0.1829299278
4.8  		0.4027258434 		-0.0176094718
4.95  		0.2811116577 		+0.1758128759
5.1  		0.7350345128 		-0.0868270514
5.25  		0.0905558346 		-0.0416815817
5.4  		0.6983448198 		-0.0222107541
5.55  		0.9170267695 		-0.0760263558
5.7  		0.4395315315 		+0.3769663916
5.85  		0.2626291969 		+0.4501185063
6  		0.2390902397 		-0.0054657811
6.15  		0.8079183625 		+0.1521465652
6.3  		0.6306532036 		-0.5394670062
6.45  		0.7636659923 		-0.0687608774
6.6  		0.9042962752 		-0.2007763652
6.75  		0.7800578137 		+0.2233415169
6.9  		0.4614752698 		+0.1143338380
7.05  		0.8441366306 		-0.1674834496
7.2  		0.3664369834 		-0.0301571595
7.35  		0.1928921198 		+0.1064551229
7.5  		0.2999268094 		-0.0251999304
7.65  		0.4213946855 		-0.1963912563
7.8  		-0.1057640624 		+0.0057744209
7.95  		0.5945825343 		-0.1291262625
8.1  		-0.0326699690 		-0.0484820140
8.25  		0.0450582048 		+0.0225868578
8.4  		-0.3773924720 		-0.0710362062
8.55  		0.2096874817 		-0.1040429952
8.7  		0.4861861822 		+0.0539649103
8.85  		0.7482941231 		-0.0295444875
9  		0.8677162267 		+0.1267661361
9.15  		0.8616056742 		-0.0686977924
9.3  		0.6416447289 		+0.2439229816
9.45  		0.9186468783 		+0.0633442266
9.6  		0.8634656654 		+0.1307187548
9.75  		0.3920602542 		-0.2103459393
9.9  		0.9106889016 		-0.0600452640
10.05  		0.5532400601 		-0.0198589140
10.2  		0.8098020232 		+0.1647804271
10.35  		0.4848302439 		-0.1538366286
10.5  		0.2978761424 		-0.1531189807
10.65  		0.4284541539 		-0.0222747468
10.8  		0.3322306771 		-0.1256394236
10.95  		0.2574112463 		+0.1905991385
11.1  		0.2084672572 		+0.0325153030
11.25  		0.3932587182 		+0.2461533076
11.4  		0.5358683815 		-0.0880180129
11.55  		-0.1960415452 		-0.0373364704
11.7  		0.0764092234 		-0.0114219929
11.85  		0.5025188727 		+0.0081670194
12  		0.1697544101 		-0.2252188391
12.15  		0.2940378157 		+0.4227675705
12.3  		0.2865385794 		+0.0385763782
12.45  		0.2122495737 		+0.1543372370
12.6  		0.2638121915 		-0.3127954900
12.75  		0.3862549261 		+0.3489503126
12.9  		0.3789254642 		+0.1017432683
13.05  		0.1625516305 		-0.0301427601
13.2  		-0.0721285733 		-0.0341447754
13.35  		0.0475069224 		+0.0226863740
13.5  		0.2890078914 		-0.0098508166
13.65  		0.3436804433 		+0.0356699876
13.8  		0.3664412842 		+0.0800498421
13.95  		-0.0954698867 		+0.0533828166
14.1  		0.4093466540 		+0.1508009768
14.25  		0.0222527694 		-0.0355172295
14.4  		0.3671868239 		+0.0136151339
14.55  		0.1992655223 		-0.0085958029
14.7  		0.2704666323 		-0.1208154574
14.85  		0.0004244959 		-0.0038611847
