0  		1.0000000001 		+0.0000000000
0.15  		0.9999925569 		+0.0001090869
0.3  		0.9999849396 		+0.0005986568
0.45  		0.9999887407 		-0.0003787957
0.6  		0.9999395892 		-0.0009153206
0.75  		0.9992363409 		+0.0208144619
0.9  		0.9990855437 		-0.0196213214
1.05  		0.9815507485 		-0.0049792433
1.2  		0.9912761641 		-0.0012503954
1.35  		0.9747698097 		-0.0147620881
1.5  		0.9946600312 		+0.0181708037
1.65  		0.9595799251 		-0.0157447949
1.8  		0.9486796192 		-0.1577450320
1.95  		0.6663983038 		-0.0373047470
2.1  		0.9807716537 		-0.0085325463
2.25  		0.9824206708 		+0.0256023393
2.4  		0.5415467976 		+0.0123333528
2.55  		0.6705226355 		+0.0034847703
2.7  		0.9661870998 		-0.0525227469
2.85  		0.6021171840 		+0.1191694137
3  		0.9017652948 		-0.0132220336
3.15  		0.8848693270 		+0.0078618116
3.3  		0.6971757127 		-0.0912442057
3.45  		0.4595089340 		+0.0514714859
3.6  		0.7371541414 		-0.0580113688
3.75  		0.8678698930 		-0.0440279617
3.9  		0.5008026183 		-0.0442464672
4.05  		0.7689176360 		+0.0282011509
4.2  		0.1150059175 		+0.0176353456
4.35  		0.5884030704 		+0.3647825314
4.5  		0.1902633387 		+0.0281636926
4.65  		-0.0492468320 		+0.0043657711
4.8  		0.8509817298 		-0.0448354298
4.95  		0.9082837665 		+0.0142816346
5.1  		0.7157488154 		-0.0119322044
5.25  		0.2983577542 		-0.0315898873
5.4  		0.8090697258 		+0.0825305217
5.55  		0.9245595500 		-0.0487581976
5.7  		0.4808913230 		-0.0667841259
5.85  		0.5415764319 		+0.4472499451
6  		0.8769504936 		-0.1718532207
6.15  		0.8515886501 		+0.1792338884
6.3  		0.8685197687 		+0.0045119400
6.45  		-0.0408828313 		+0.0157240395
6.6  		0.5796545440 		-0.0218799816
6.75  		0.7453461041 		-0.0476378677
6.9  		0.5999621023 		-0.1848470352
7.05  		0.8301345001 		+0.1225994687
7.2  		0.7006432443 		-0.0547504608
7.35  		0.5976830510 		+0.0657064357
7.5  		0.8669393418 		+0.0534044698
7.65  		-0.0344886667 		-0.0008665145
7.8  		0.5816204480 		+0.0719047408
7.95  		0.5980534597 		+0.1726301279
8.1  		0.5065384496 		+0.0996317320
8.25  		0.3208616890 		+0.2482571646
8.4  		0.6052376002 		+0.0325159735
8.55  		0.2510276096 		+0.2756756787
8.7  		-0.0125931805 		-0.0685220712
8.85  		-0.0943191616 		-0.0069259795
9  		0.5715960992 		-0.1233572831
9.15  		0.1664878629 		+0.0853854016
9.3  		0.4020974648 		+0.1523003742
9.45  		0.4167998515 		-0.0289906721
9.6  		0.4859448190 		+0.0387635611
9.75  		0.3220376104 		-0.0799616893
9.9  		0.4302490726 		+0.1262902764
10.05  		0.4777286311 		+0.1366770051
10.2  		0.4340633603 		+0.1530634336
10.35  		0.4350496450 		+0.0672307239
10.5  		0.2774137486 		-0.0498159928
10.65  		-0.3181022487 		+0.1695226958
10.8  		0.2902162715 		-0.1173045868
10.95  		-0.0832567012 		+0.0416068510
11.1  		0.3767949292 		+0.0205585853
11.25  		0.1788448476 		+0.0695239433
11.4  		0.3893359668 		+0.1483899444
11.55  		0.4959286368 		-0.0438145991
11.7  		0.1166720174 		+0.0099300688
11.85  		-0.1264667626 		+0.0257525059
12  		0.1379295837 		+0.0947420709
12.15  		-0.0317010253 		+0.0258445177
12.3  		0.0095439228 		-0.0635116594
12.45  		-0.0177515524 		-0.0839139372
12.6  		0.0103482233 		-0.0132744899
12.75  		0.0053675079 		+0.0570137610
12.9  		-0.0047076835 		+0.0096087575
13.05  		0.0065416933 		+0.0002711724
13.2  		0.0368629998 		-0.0106779927
13.35  		0.0877054792 		-0.0837723268
13.5  		0.1063661887 		+0.0202882776
13.65  		0.3355310015 		+0.0475611595
13.8  		0.0585735794 		+0.0261934833
13.95  		0.0611144670 		+0.0224336561
14.1  		0.4035681974 		-0.0689360793
14.25  		-0.1938138775 		+0.0274506122
14.4  		-0.0421723190 		+0.0423558506
14.55  		0.2009863688 		-0.0042355490
14.7  		-0.2516513832 		+0.0805949300
14.85  		0.4513743200 		+0.1140643349
