0  		1.0000000001 		-0.0000000000
0.15  		0.9879061541 		-0.0096559745
0.3  		0.9995616553 		-0.0010583027
0.45  		0.4643995692 		-0.1325158370
0.6  		0.9653382734 		-0.1502795063
0.75  		0.6437844996 		-0.0670258612
0.9  		0.7627857368 		-0.4301692733
1.05  		0.0317368651 		-0.5143311955
1.2  		-0.7316551917 		+0.1483692238
1.35  		0.1898113557 		-0.8923263325
1.5  		0.1246925967 		+0.6916039903
1.65  		0.9724321555 		+0.1048812235
1.8  		-0.2660046344 		-0.8763010550
1.95  		0.8484411290 		-0.0180667277
2.1  		-0.3690408786 		-0.4977481015
2.25  		-0.2381271462 		-0.0038606949
2.4  		0.6089854702 		-0.2147447392
2.55  		0.2395767758 		+0.1117060429
2.7  		0.4187944661 		+0.0068994553
2.85  		0.0983823976 		+0.1093985355
3  		0.7506670564 		-0.2289055848
3.15  		-0.1489844726 		+0.1975999773
3.3  		0.8125605494 		-0.0204641566
3.45  		0.5374912824 		+0.1194509177
3.6  		0.4827146724 		-0.1068237134
3.75  		0.3605810951 		+0.1711857284
3.9  		0.7173047556 		-0.0950602808
4.05  		0.6440125877 		-0.1220076727
4.2  		-0.3178457235 		+0.0903257693
4.35  		-0.2228562871 		+0.2195522509
4.5  		0.3794273025 		-0.5971739417
4.65  		-0.1656774286 		-0.0580228787
4.8  		-0.1720005040 		-0.2844579162
4.95  		-0.2669903001 		+0.3922705509
5.1  		0.0508399121 		-0.2596687815
5.25  		-0.2033805019 		+0.7907079111
5.4  		-0.1135974524 		-0.0535392417
5.55  		0.1772398370 		-0.0915968227
5.7  		-0.0972655099 		+0.0449190205
5.85  		0.4113865105 		-0.1432861287
6  		0.6629863081 		+0.0902551193
6.15  		0.6122554100 		-0.1704825292
6.3  		0.6548275428 		-0.2774087573
6.45  		0.1131184092 		+0.1022989928
6.6  		0.0744211448 		-0.0635063806
6.75  		0.3991369790 		-0.1137448519
6.9  		0.1792217270 		-0.0470882120
7.05  		0.2675435475 		-0.0543005885
7.2  		0.4466435804 		+0.0468132615
7.35  		-0.0702968882 		+0.0282246538
7.5  		-0.1256066527 		+0.0283762538
7.65  		0.1023267648 		-0.0067592508
7.8  		0.0627019258 		-0.0533916160
7.95  		-0.0363052752 		-0.1942006733
8.1  		0.4602047333 		-0.1078351238
8.25  		0.1415987588 		+0.2559262158
8.4  		0.0022600184 		+0.0072252045
8.55  		-0.6261601045 		-0.2691621274
8.7  		-0.0622481677 		-0.1512459730
8.85  		-0.0168522230 		+0.0169796936
9  		-0.0205781498 		-0.0104529325
9.15  		-0.0058612670 		-0.0023622910
9.3  		0.0061829582 		-0.2129668202
9.45  		0.0880781057 		+0.3892084186
9.6  		-0.1540015497 		-0.0952284299
9.75  		-0.0025127702 		-0.0147139978
9.9  		-0.0721894230 		+0.0460296239
10.05  		-0.0089495543 		-0.0079406031
10.2  		0.0030665781 		+0.0041726675
10.35  		0.1996888737 		-0.0064184227
10.5  		-0.0229728328 		-0.0133011734
10.65  		0.3046872878 		-0.1172358708
10.8  		0.3919333661 		-0.2639654540
10.95  		0.3122588478 		-0.0329127052
11.1  		0.0073188883 		-0.0037253226
11.25  		-0.0076348795 		-0.0259686961
11.4  		0.0001238862 		-0.0226270022
11.55  		0.0054294549 		-0.0053334754
11.7  		-0.1143424894 		-0.1787822422
11.85  		-0.0366386314 		-0.0214228810
12  		-0.0266286764 		-0.1048729423
12.15  		-0.1129964894 		+0.0459096121
12.3  		0.2986876800 		+0.0962650424
12.45  		-0.1504873673 		+0.2431710291
12.6  		-0.2210723901 		+0.0092578675
12.75  		-0.0499335047 		+0.0095665588
12.9  		-0.0163158243 		+0.0546474175
13.05  		0.0489849982 		-0.0067181090
13.2  		0.1099085350 		+0.0375315095
13.35  		0.1060953012 		-0.0781974947
13.5  		0.1801757950 		-0.0465547449
13.65  		-0.0780810668 		-0.0121363313
13.8  		0.0166951696 		-0.0091015835
13.95  		-0.0148392330 		-0.0022028836
14.1  		0.0858718795 		-0.0128654254
14.25  		-0.0574983439 		-0.0586394508
14.4  		0.0695204708 		+0.0522829095
14.55  		0.1220752784 		-0.0270919110
14.7  		0.0073341711 		+0.0018947508
14.85  		0.1553683343 		-0.0500282032
