0  		1.0000000007 		-0.0000000000
0.15  		0.9999996750 		+0.0002541132
0.3  		0.9999920325 		+0.0003008278
0.45  		0.9994894190 		-0.0064134664
0.6  		0.9984652477 		+0.0177942984
0.75  		0.9917433275 		+0.0643252920
0.9  		0.9890961432 		+0.0957340449
1.05  		0.9098742830 		+0.0832218497
1.2  		0.9320384325 		-0.1450271405
1.35  		-0.8124680423 		+0.1764249147
1.5  		0.3450032962 		-0.4699221738
1.65  		0.9680140129 		-0.0606873300
1.8  		0.9133203586 		-0.2572259052
1.95  		0.7453536369 		-0.1693392783
2.1  		0.0160926814 		-0.0095642261
2.25  		0.4534684390 		-0.0244539685
2.4  		0.0583352756 		-0.0148699676
2.55  		0.8561641305 		-0.0062770871
2.7  		0.8807302930 		+0.0130943803
2.85  		0.8675087621 		-0.1041564507
3  		0.8043302241 		+0.0274261380
3.15  		0.8603962331 		-0.0466758982
3.3  		0.6942756212 		+0.2046951717
3.45  		0.6947956858 		-0.0167052070
3.6  		0.6325778241 		-0.1956697302
3.75  		0.8121703392 		+0.2080614778
3.9  		-0.0951311852 		+0.1749212477
4.05  		0.1265426422 		+0.1144880779
4.2  		0.0033357214 		+0.0005905898
4.35  		0.4547587697 		+0.0550268404
4.5  		0.2235287159 		+0.0274285062
4.65  		0.8326271571 		+0.1511160860
4.8  		0.8432937681 		-0.1026095698
4.95  		0.7547417771 		-0.0458778595
5.1  		0.4780387451 		-0.0096728715
5.25  		0.7811473827 		-0.2109621039
5.4  		0.2994455857 		+0.1010288571
5.55  		0.6958855517 		-0.0189912396
5.7  		0.8299091310 		+0.0369120726
5.85  		0.1109743981 		-0.5641343127
6  		0.6259515947 		-0.0011969571
6.15  		-0.0856990866 		-0.0020935949
6.3  		0.4416505700 		-0.0007570990
6.45  		0.8095615906 		+0.1222224431
6.6  		0.6527667410 		-0.1897125178
6.75  		0.1389412644 		-0.2186902546
6.9  		-0.0474993554 		+0.1046681639
7.05  		0.1302256375 		+0.0377559724
7.2  		0.3348008184 		-0.0410045434
7.35  		0.1446100081 		-0.0639641166
7.5  		-0.0749613162 		+0.0820576935
7.65  		0.0001231006 		-0.0005420386
7.8  		0.0950209472 		+0.0281456418
7.95  		-0.0520586059 		-0.0033661344
8.1  		0.1946557782 		+0.0196241244
8.25  		0.2493144091 		+0.0532985457
8.4  		0.3255036869 		-0.1744636300
8.55  		0.1782959434 		+0.0358360586
8.7  		0.0017566772 		+0.0007162988
8.85  		0.3763042114 		-0.0062692797
9  		-0.1291228453 		-0.0153368262
9.15  		0.1358514292 		+0.0152586714
9.3  		-0.0001724462 		-0.0026488983
9.45  		-0.0082257409 		-0.0521588207
9.6  		0.0331046841 		+0.2317544379
9.75  		-0.3198255000 		+0.1961469434
9.9  		0.0271934514 		-0.0317906436
10.05  		0.2323564715 		+0.1505565582
10.2  		-0.0586043377 		+0.0843300371
10.35  		0.1380364914 		+0.0831609616
10.5  		-0.2112364550 		+0.0463860415
10.65  		-0.0014641075 		-0.0051219342
10.8  		-0.0078352447 		+0.0044024683
10.95  		-0.0014902482 		+0.0022179977
11.1  		-0.0091516309 		+0.0060541200
11.25  		0.0062238061 		-0.0066976165
11.4  		-0.0047995029 		+0.0951041964
11.55  		0.0387362273 		+0.0011946231
11.7  		-0.0000018253 		-0.0000347129
11.85  		0.0245484830 		+0.1738920151
12  		0.0458646035 		+0.0078677352
12.15  		0.0002842944 		+0.0057158053
12.3  		0.0237232767 		+0.1266653353
12.45  		0.1922752200 		+0.2492105057
12.6  		-0.0172707819 		-0.0080919351
12.75  		-0.0607270754 		+0.0207251159
12.9  		-0.0340371025 		+0.0880148514
13.05  		0.1110334932 		-0.0786418195
13.2  		0.0816865698 		+0.2611148733
13.35  		-0.0127165184 		-0.0636128755
13.5  		0.0359362340 		-0.0327959351
13.65  		0.0366385400 		+0.0267796292
13.8  		0.0284425144 		+0.0094701245
13.95  		0.1678107420 		-0.1066132873
14.1  		0.0226918685 		-0.0074718264
14.25  		0.1636573206 		+0.0918583034
14.4  		-0.0004569829 		+0.0183368586
14.55  		0.0135161085 		-0.0017043011
14.7  		0.0348380940 		-0.0252328642
14.85  		0.0405084052 		-0.1191396147
