0  		1.0000000007 		-0.0000000000
0.15  		0.9474855360 		+0.0003166830
0.3  		0.9994936396 		+0.0005434105
0.45  		0.9219229460 		-0.0009831328
0.6  		0.9994094131 		+0.0084475398
0.75  		0.8332329423 		+0.0042982214
0.9  		0.9990644263 		-0.0094162961
1.05  		0.9225198529 		+0.0055238273
1.2  		0.9521737319 		-0.0072825638
1.35  		0.9284907929 		+0.0008775119
1.5  		0.9770689766 		-0.0231118854
1.65  		0.9511204144 		+0.0296576692
1.8  		0.9443594225 		+0.0312612722
1.95  		0.9529971305 		+0.0426994258
2.1  		0.9268519691 		-0.0061834399
2.25  		0.7784072294 		-0.0876000701
2.4  		0.9676633136 		-0.0524530737
2.55  		0.8908119548 		+0.0706823045
2.7  		0.9696312461 		-0.0270481690
2.85  		0.7575937654 		-0.0787652598
3  		0.8743986095 		-0.0871308893
3.15  		0.2126656969 		+0.0707901658
3.3  		0.6329064194 		+0.0159025791
3.45  		0.7257916491 		-0.0328300453
3.6  		0.8022034256 		+0.0511391454
3.75  		0.1936508391 		+0.1103164008
3.9  		0.8460223545 		-0.1688508600
4.05  		0.7696947582 		-0.0140261218
4.2  		0.8520232841 		+0.0894781645
4.35  		0.7657341934 		+0.0501291409
4.5  		0.5815198812 		-0.0468870130
4.65  		0.8087707684 		+0.2183099579
4.8  		0.1590132005 		+0.2814671586
4.95  		0.5224800582 		-0.0979760868
5.1  		0.5504384869 		+0.0810941404
5.25  		0.5632475471 		+0.0696833196
5.4  		0.1842316831 		-0.2810744864
5.55  		0.3187621807 		+0.0131617338
5.7  		-0.4966502105 		+0.0076742474
5.85  		0.0905092186 		-0.0013554091
6  		0.1649229907 		-0.1273670662
6.15  		-0.0854406886 		+0.0470285729
6.3  		0.0142461380 		-0.0086593625
6.45  		-0.0033206985 		-0.0063366544
6.6  		0.0385005952 		-0.0913457575
6.75  		0.0540398591 		-0.0288822365
6.9  		0.0740702098 		-0.0329130350
7.05  		-0.3029164651 		+0.2209028050
7.2  		0.1474548926 		+0.2735373421
7.35  		-0.1076054957 		-0.0851328484
7.5  		0.0034483569 		+0.1586535143
7.65  		-0.0770665972 		+0.0139185469
7.8  		0.0281562868 		-0.0799416705
7.95  		-0.0224764764 		+0.0290329148
8.1  		0.1423513788 		-0.0331664919
8.25  		-0.3371506941 		-0.0450335172
8.4  		0.4915573182 		-0.0311995306
8.55  		0.6188404591 		-0.1084237351
8.7  		0.0131715665 		-0.0036983073
8.85  		0.1286295376 		+0.0384882257
9  		0.2846295098 		-0.0242947456
9.15  		0.0099474804 		-0.0125772227
9.3  		0.2861379990 		+0.1163747271
9.45  		0.0561784683 		+0.0006280069
9.6  		-0.0312834816 		-0.0048185760
9.75  		0.3327831754 		+0.1262899980
9.9  		0.4956164409 		+0.0144977903
10.05  		-0.2128850596 		+0.1027392738
10.2  		0.0949825433 		-0.0801786800
10.35  		0.4149840183 		-0.1408400395
10.5  		0.1719154903 		-0.0975931043
10.65  		0.0106405641 		+0.1434016179
10.8  		0.0370140445 		-0.0737657789
10.95  		0.0186185127 		-0.0128223064
11.1  		0.0184441165 		+0.0157114802
11.25  		-0.0168020877 		-0.0018369390
11.4  		0.1240674422 		-0.0277739558
11.55  		0.4505278795 		+0.0441567320
11.7  		0.2123374825 		+0.1050655824
11.85  		0.0216894772 		-0.2433391001
12  		0.0295089524 		+0.0138243586
12.15  		-0.0065698190 		-0.0926705823
12.3  		0.0597036438 		-0.1096129380
12.45  		0.0039265700 		-0.0361300160
12.6  		0.0599594505 		-0.0190056418
12.75  		0.3521647464 		-0.1106587316
12.9  		0.3150550707 		+0.2030738662
13.05  		0.4499727910 		-0.0566224254
13.2  		0.1343675859 		-0.0067075888
13.35  		0.1361992574 		+0.0307382157
13.5  		0.0199736902 		-0.0146927120
13.65  		-0.0570088237 		-0.0242632853
13.8  		0.1940717880 		-0.0088010977
13.95  		0.2310883421 		-0.1206248939
14.1  		0.2121344477 		-0.1298745191
14.25  		0.1931371991 		+0.0046868689
14.4  		-0.1151325536 		+0.0798731129
14.55  		-0.1015331066 		-0.0031510321
14.7  		0.0361718836 		+0.0000495998
14.85  		0.4037968556 		+0.1297430214
