0  		1.0000000008 		-0.0000000000
0.15  		0.9999994769 		-0.0003200868
0.3  		0.9999829804 		-0.0007170741
0.45  		0.9998905276 		-0.0017504239
0.6  		0.9995178131 		+0.0011919329
0.75  		0.9985382767 		+0.0076351660
0.9  		0.2573967206 		-0.0048856430
1.05  		0.9951895847 		+0.0205198735
1.2  		0.9919890405 		-0.0330388943
1.35  		0.9422682990 		-0.1228003273
1.5  		0.8363781403 		+0.1778986690
1.65  		0.6658360296 		+0.3285225608
1.8  		0.1356323694 		-0.0908885026
1.95  		0.9444371049 		+0.1021023948
2.1  		0.1433751124 		+0.1275285425
2.25  		0.7455810722 		+0.0085601218
2.4  		0.9171774962 		+0.0010344856
2.55  		0.9328171339 		-0.0520300591
2.7  		0.8978550102 		+0.0072181929
2.85  		0.7371714116 		-0.0260456022
3  		0.8444278718 		+0.0739953226
3.15  		0.6552934788 		+0.0431769114
3.3  		-0.2640385418 		+0.0036001897
3.45  		0.5969954791 		-0.0084267503
3.6  		0.8166063224 		-0.2629008968
3.75  		0.8430070342 		-0.1730183256
3.9  		0.8631007502 		-0.2293332166
4.05  		0.8133783471 		-0.0420941705
4.2  		0.7387356851 		-0.0957326227
4.35  		0.8528303425 		+0.1202083541
4.5  		-0.4370645751 		-0.0472017412
4.65  		0.5135784631 		-0.0938575931
4.8  		0.6230034562 		+0.0851868894
4.95  		0.2843394891 		+0.1203109075
5.1  		0.1724224420 		+0.0191387382
5.25  		0.6015587221 		-0.2013378181
5.4  		-0.0096663925 		-0.0369610515
5.55  		0.2761441920 		-0.0365403497
5.7  		0.0039888311 		+0.0184627312
5.85  		0.1303685344 		+0.1703785258
6  		-0.0044266710 		+0.0063577453
6.15  		0.5421253565 		+0.0028611595
6.3  		-0.0505856197 		+0.1393308601
6.45  		-0.0435468870 		-0.0145230594
6.6  		0.2421267086 		+0.1568010768
6.75  		0.2356202607 		-0.0298448211
6.9  		0.2750842461 		+0.0428332131
7.05  		0.0979599154 		-0.1308065642
7.2  		0.0072182771 		+0.0160502904
7.35  		0.0051996095 		+0.0057877416
7.5  		0.1249054233 		-0.1875407685
7.65  		-0.1363908565 		+0.0511982047
7.8  		0.0207401957 		-0.1489076430
7.95  		0.2580706154 		-0.2613222727
8.1  		0.3368696362 		-0.2786787264
8.25  		0.3369837111 		-0.0934908244
8.4  		0.5985787022 		+0.1493830595
8.55  		-0.2474814022 		+0.1604573443
8.7  		-0.2866369879 		-0.0141387801
8.85  		-0.0906866892 		+0.1608346766
9  		0.3558550471 		+0.0378409182
9.15  		-0.3511291999 		-0.1113404179
9.3  		-0.1695321974 		-0.1599834050
9.45  		-0.1619476371 		-0.0800937055
9.6  		0.1294096038 		+0.1018710116
9.75  		-0.4210925588 		-0.0161363370
9.9  		0.1565676887 		-0.0715932546
10.05  		-0.0629588898 		-0.1131865250
10.2  		0.0168901573 		-0.0061391480
10.35  		0.1734702793 		-0.1697036987
10.5  		-0.0400152544 		-0.0022288311
10.65  		-0.0161940275 		-0.0608491650
10.8  		0.1416278292 		-0.0022004419
10.95  		-0.0229844396 		-0.0521821892
11.1  		0.0079394932 		-0.0168241950
11.25  		0.4866531935 		+0.0874333735
11.4  		-0.0602772019 		-0.0222595722
11.55  		-0.0861594454 		+0.0164040113
11.7  		-0.0645150908 		-0.1037365328
11.85  		0.0003086791 		+0.0171046846
12  		0.4372985648 		-0.0314377635
12.15  		-0.0152609529 		+0.0044611593
12.3  		0.0152071875 		+0.0135745884
12.45  		-0.0003474353 		+0.0005809203
12.6  		0.0014888369 		-0.0002691860
12.75  		-0.0371162079 		-0.0176846791
12.9  		0.1760214274 		+0.0292803820
13.05  		-0.0001319787 		+0.0077094539
13.2  		0.0492242383 		-0.0475717339
13.35  		-0.0923997057 		-0.0201208092
13.5  		-0.0048908984 		-0.0032351930
13.65  		0.0228051997 		-0.0486114113
13.8  		-0.0471318852 		-0.0458187053
13.95  		0.1005866106 		-0.0015714924
14.1  		0.0154240461 		-0.0023865268
14.25  		-0.1211441171 		-0.0082130118
14.4  		0.3073378455 		+0.1392395946
14.55  		0.0694209272 		-0.0084130530
14.7  		-0.3110112972 		+0.0093237668
14.85  		0.0381968940 		+0.0201521315
