0  		1.0000000006 		+0.0000000000
0.15  		0.9999990236 		-0.0000176187
0.3  		0.9999610601 		-0.0004348170
0.45  		0.9997064635 		-0.0001554410
0.6  		0.9922914898 		-0.0033171235
0.75  		0.9279314803 		+0.0186805534
0.9  		0.9558848035 		+0.0272103500
1.05  		0.8008925341 		+0.0214509509
1.2  		0.9584571325 		-0.0014985437
1.35  		0.9869020618 		-0.0204209182
1.5  		0.6727644963 		-0.7235339686
1.65  		0.9753231431 		+0.0019282940
1.8  		0.9737317690 		+0.0165752098
1.95  		0.8538558248 		-0.0451154724
2.1  		0.9382611794 		+0.0272486443
2.25  		0.8363870512 		-0.0332592185
2.4  		0.1680803051 		+0.1466822630
2.55  		0.7611634773 		+0.0289830909
2.7  		0.8735825900 		-0.0059244220
2.85  		0.8348214554 		+0.0164241834
3  		0.7596219388 		+0.0203063893
3.15  		0.7136086007 		+0.0294414257
3.3  		0.2591737141 		+0.0084343907
3.45  		0.2998838995 		+0.0156753916
3.6  		0.3052724109 		-0.0234770125
3.75  		0.5921030788 		+0.0419770456
3.9  		0.9098399451 		+0.0450493994
4.05  		-0.1131545010 		-0.0053192118
4.2  		-0.8333350003 		+0.0390901392
4.35  		0.5904351479 		-0.0062753441
4.5  		0.0495890963 		+0.0521480584
4.65  		0.4708241082 		+0.0005041440
4.8  		0.0173750759 		+0.0058887245
4.95  		0.4422483695 		-0.0769254104
5.1  		0.8370319575 		-0.0213872046
5.25  		0.9392028129 		+0.0424943792
5.4  		0.9257931724 		+0.0566448981
5.55  		0.9058055126 		+0.0418388431
5.7  		0.9034524356 		+0.0374072967
5.85  		0.8361063460 		+0.0680990366
6  		0.7493451235 		-0.0094118548
6.15  		0.6599716586 		+0.0526186649
6.3  		0.2677548648 		+0.0036002492
6.45  		0.3403390268 		-0.0044014683
6.6  		0.4165549331 		+0.0505577125
6.75  		0.5822594897 		+0.0456354557
6.9  		0.0498105094 		-0.0157264399
7.05  		0.2424537527 		+0.1557511011
7.2  		0.4626619489 		-0.0020964128
7.35  		0.0795207151 		-0.0008952486
7.5  		0.2952930029 		-0.2321714930
7.65  		0.7479257011 		-0.0055343016
7.8  		0.0607975307 		+0.0105683502
7.95  		0.7750726924 		+0.1164818112
8.1  		0.2618837042 		+0.0651991178
8.25  		0.7453731353 		+0.1213558232
8.4  		0.0574911938 		-0.1317608082
8.55  		0.8136018144 		-0.2784393167
8.7  		0.2207585764 		-0.0506563516
8.85  		0.0233217206 		-0.0229414904
9  		0.1847151938 		-0.2976420672
9.15  		0.6181183694 		-0.0058880015
9.3  		0.6436663287 		-0.1508921117
9.45  		-0.0599945003 		-0.0051446754
9.6  		0.5386462842 		-0.1604374149
9.75  		0.2575907329 		+0.0095851495
9.9  		0.3640699291 		-0.0504854024
10.05  		-0.1003562857 		+0.0345478834
10.2  		-0.2884762908 		-0.0009513820
10.35  		-0.0271651809 		-0.0031524405
10.5  		0.1471133546 		+0.2144657858
10.65  		0.0037043636 		+0.0096905609
10.8  		0.0056025891 		-0.0007544140
10.95  		-0.0457683027 		-0.0192389014
11.1  		0.1517448760 		+0.0100734439
11.25  		0.2378536006 		+0.0465069442
11.4  		0.2384354253 		+0.0447705477
11.55  		-0.0715653677 		-0.0432970938
11.7  		0.7566795559 		+0.0354819449
11.85  		0.5595991835 		+0.0001970833
12  		0.5568616326 		-0.1719803904
12.15  		0.0054470427 		+0.0276512706
12.3  		-0.2271899871 		+0.0108448663
12.45  		0.0700503962 		+0.0411044996
12.6  		-0.4118505940 		+0.0564806877
12.75  		-0.2887827162 		-0.0346592237
12.9  		-0.0030447723 		-0.0000444929
13.05  		0.1088601567 		+0.0208628318
13.2  		0.0856226495 		-0.0427869350
13.35  		0.0181667108 		-0.0054679547
13.5  		0.2974076017 		-0.1926161875
13.65  		-0.0058555276 		-0.0049451347
13.8  		-0.1775503584 		+0.0129606910
13.95  		-0.0319560977 		+0.0013015332
14.1  		-0.0665058937 		-0.0137947624
14.25  		-0.0305293307 		+0.0037192160
14.4  		-0.0868915820 		+0.0033869367
14.55  		-0.0853335638 		+0.0192290604
14.7  		0.6894836690 		+0.0685171712
14.85  		0.3158219020 		+0.0403501275
