0  		1.0000000001 		+0.0000000000
0.15  		0.9999866794 		+0.0004129827
0.3  		0.9999527651 		-0.0032342596
0.45  		0.9988857759 		+0.0182652994
0.6  		0.9932718478 		+0.0686549928
0.75  		0.9978911564 		-0.0286188950
0.9  		0.9980986520 		+0.0191362668
1.05  		0.9924741916 		-0.0110423432
1.2  		0.9953217498 		+0.0125900783
1.35  		0.9924989907 		-0.0218017739
1.5  		0.9702841382 		+0.0288547294
1.65  		-0.5445061115 		+0.4129775468
1.8  		0.6769681588 		-0.0488101959
1.95  		0.8981482958 		+0.0086427378
2.1  		0.8239923057 		+0.0211620546
2.25  		0.9190872354 		-0.0387254672
2.4  		0.9192112734 		+0.1107886406
2.55  		0.8140895838 		-0.1561761678
2.7  		0.7285693415 		+0.0954312133
2.85  		0.8001194537 		+0.0234181464
3  		0.6677886728 		+0.0035193103
3.15  		0.2568109778 		-0.0122213479
3.3  		0.1330041932 		-0.0084514783
3.45  		-0.0832431516 		-0.0101775804
3.6  		0.8212752062 		-0.0247724761
3.75  		0.5797467040 		+0.0045211168
3.9  		0.1632667373 		-0.0625330594
4.05  		0.6049779115 		+0.0507694841
4.2  		0.2529114394 		-0.0108545544
4.35  		0.1365129657 		+0.0034059050
4.5  		-0.1297169055 		-0.0076071523
4.65  		0.3808043965 		-0.0694898923
4.8  		-0.0210922024 		-0.0035976008
4.95  		-0.0067344494 		+0.0018039913
5.1  		-0.0025891282 		-0.0097117205
5.25  		-0.0063444673 		+0.0107786161
5.4  		0.0103144929 		+0.0038646551
5.55  		0.0089094320 		-0.0030585647
5.7  		0.2799043892 		-0.0301849765
5.85  		0.0312742664 		+0.0074999211
6  		-0.2108493567 		-0.0057240629
6.15  		-0.0539939750 		+0.0838603730
6.3  		-0.0839508097 		-0.1991486553
6.45  		-0.1125305785 		-0.0789921957
6.6  		-0.0174852546 		-0.0115395029
6.75  		0.1898503294 		+0.0812954634
6.9  		0.2394806490 		-0.0193152093
7.05  		0.2152551297 		+0.1511712441
7.2  		0.0435081124 		+0.0160503567
7.35  		0.0494667892 		-0.0069739145
7.5  		0.0478824422 		+0.0174240933
7.65  		0.3632840917 		+0.1911064608
7.8  		-0.5978461478 		-0.0629734961
7.95  		0.4233907326 		+0.3351712234
8.1  		0.3464991954 		+0.1684369924
8.25  		0.1005124579 		-0.0129263914
8.4  		0.1302044361 		-0.1854669277
8.55  		0.0571753232 		-0.0294970853
8.7  		0.0020978177 		+0.2153333096
8.85  		0.0165692235 		-0.1972635017
9  		0.2866706584 		-0.2030772620
9.15  		0.0332684782 		+0.0445317089
9.3  		-0.0252315725 		-0.0182385254
9.45  		-0.0452317497 		+0.0354306338
9.6  		-0.0134967299 		+0.0028243202
9.75  		-0.0239277019 		+0.0068400337
9.9  		-0.0001175805 		+0.0000445968
10.05  		-0.0010198851 		+0.0005309399
10.2  		0.0025472228 		-0.0027540691
10.35  		0.0033115969 		+0.0008208118
10.5  		-0.1147699074 		+0.0295328054
10.65  		-0.1038785056 		+0.0642267046
10.8  		0.0238337837 		+0.0118467858
10.95  		-0.0026344165 		+0.0009748841
11.1  		-0.0029688350 		+0.0013216019
11.25  		0.0073470489 		+0.0029857300
11.4  		-0.0540872410 		+0.0284635909
11.55  		-0.0250149045 		-0.0072845778
11.7  		-0.0003348953 		-0.0011758577
11.85  		0.1041469301 		+0.0422656375
12  		-0.0670814567 		-0.0680083525
12.15  		0.0000663660 		+0.0001315669
12.3  		0.0110334063 		-0.0160678012
12.45  		-0.0012965392 		-0.0012643877
12.6  		0.0024320021 		-0.0002402564
12.75  		-0.0102397483 		+0.0327433617
12.9  		-0.0428405483 		-0.0164970335
13.05  		0.0126739513 		-0.0101480306
13.2  		0.0094129904 		+0.0027499020
13.35  		0.0025888353 		-0.0097387647
13.5  		-0.0081411821 		+0.0098297737
13.65  		-0.0035979587 		+0.0014608701
13.8  		0.0132997483 		+0.0020585085
13.95  		0.0558257719 		-0.0218755354
14.1  		0.1446191936 		+0.0128127115
14.25  		0.0834998296 		-0.0614698820
14.4  		0.1074990612 		+0.0205373723
14.55  		-0.0193930209 		-0.0142476522
14.7  		0.0175928449 		+0.0059808476
14.85  		-0.0621215287 		+0.1271016516
