0  		1.0000000001 		+0.0000000000
0.15  		0.9999869147 		+0.0001211658
0.3  		0.9999906178 		-0.0008207448
0.45  		0.9999843648 		-0.0000876754
0.6  		0.9997272136 		+0.0005636040
0.75  		0.9948152861 		-0.0056309429
0.9  		0.9992829173 		-0.0081370402
1.05  		0.8607005988 		+0.1690977630
1.2  		0.9637779845 		-0.0307882656
1.35  		0.4076321116 		-0.0054655435
1.5  		0.9323199408 		+0.0219178837
1.65  		0.9700627928 		-0.0517552818
1.8  		-0.7311067464 		-0.0268594974
1.95  		0.9146566307 		-0.0644523131
2.1  		0.5338348846 		-0.0252760904
2.25  		0.2270474442 		+0.1626162115
2.4  		0.7841068089 		-0.1718490547
2.55  		0.4743673377 		+0.1481886287
2.7  		0.6573863367 		-0.0952192123
2.85  		0.8904776972 		+0.2474332840
3  		-0.4483706958 		+0.1821837212
3.15  		0.5159670465 		-0.3607688453
3.3  		0.5898077339 		-0.6017135668
3.45  		-0.4882895820 		-0.2106165003
3.6  		-0.3902595834 		+0.6646605814
3.75  		0.7924252103 		+0.1622099897
3.9  		0.2475702839 		-0.3930550355
4.05  		0.1002453210 		-0.2729722496
4.2  		0.7036930082 		+0.2063650763
4.35  		0.2770926049 		+0.0147131396
4.5  		0.8657922805 		-0.0231081220
4.65  		0.3973022118 		+0.0404149469
4.8  		0.4016994732 		-0.1236569418
4.95  		0.5105413750 		-0.2037750576
5.1  		0.1448599156 		+0.0213220341
5.25  		0.1746064821 		-0.0075357734
5.4  		-0.0838635113 		+0.0683615621
5.55  		-0.0865324908 		-0.0145362722
5.7  		0.6502574255 		-0.0622006944
5.85  		0.4901883932 		-0.0448888956
6  		0.3490363290 		+0.1112028319
6.15  		-0.1403981863 		+0.1025487612
6.3  		-0.0096386617 		-0.0053647937
6.45  		-0.0555768477 		-0.0151154530
6.6  		-0.0213399360 		+0.0038090493
6.75  		-0.0092374971 		-0.0008387822
6.9  		0.2463669114 		-0.0440988688
7.05  		0.4842505113 		+0.0278855714
7.2  		0.3012271708 		+0.1217959947
7.35  		0.4251611011 		+0.0499778313
7.5  		0.5231272728 		-0.1219320207
7.65  		0.2586817285 		-0.1273990636
7.8  		-0.0915556818 		-0.0733807592
7.95  		0.5856376430 		-0.0844588678
8.1  		0.0523520514 		+0.4054002961
8.25  		0.5858886458 		+0.4395145206
8.4  		0.6582233799 		-0.2296228089
8.55  		0.3124611654 		-0.0252356399
8.7  		-0.0862038009 		-0.0157549055
8.85  		0.1587712663 		-0.0047422370
9  		0.2504742150 		+0.0565718026
9.15  		0.1871539998 		-0.0431193411
9.3  		0.1665313708 		-0.0438663767
9.45  		0.2118280360 		+0.0853397829
9.6  		0.1516764742 		-0.0088239305
9.75  		0.2656773587 		+0.0968961708
9.9  		0.0526728964 		-0.1721059767
10.05  		0.1145833907 		+0.2236254042
10.2  		0.0077603864 		-0.0492974474
10.35  		-0.0511275502 		+0.0372050221
10.5  		0.0872060406 		+0.3029380291
10.65  		-0.0153743855 		-0.0046878844
10.8  		-0.1013357688 		-0.0505244981
10.95  		0.0001158482 		+0.0000715801
11.1  		0.0073415052 		-0.0125153135
11.25  		0.0046784968 		+0.0141540393
11.4  		-0.0169846819 		+0.0077856502
11.55  		0.0307791953 		+0.0138236968
11.7  		0.0299136496 		-0.0103832497
11.85  		0.1334999685 		-0.0556899693
12  		0.1834311866 		-0.0047446923
12.15  		0.0246708554 		-0.0279212150
12.3  		0.0086464381 		-0.0187896213
12.45  		0.2871131307 		+0.0853146063
12.6  		-0.0350246906 		+0.1600897187
12.75  		0.0419785673 		-0.0107368254
12.9  		0.1158938791 		-0.0157848447
13.05  		0.1675771305 		-0.0081324352
13.2  		-0.2708623049 		+0.0173426167
13.35  		0.4100958892 		+0.0803197447
13.5  		0.0321730829 		+0.0222218361
13.65  		0.0025130336 		-0.0038564715
13.8  		0.3488238324 		-0.0794959764
13.95  		0.1636380558 		+0.0448330911
14.1  		0.0020895420 		+0.0005255977
14.25  		0.1907981250 		-0.0685013093
14.4  		-0.0737399404 		+0.0169504456
14.55  		0.2000429876 		+0.0657616465
14.7  		0.0004154621 		+0.0000604244
14.85  		-0.0088331963 		+0.0008219195
