0  		1.0000000007 		+0.0000000000
0.15  		0.9999973990 		+0.0004125838
0.3  		0.9999543444 		-0.0032342142
0.45  		0.9988860500 		+0.0182653171
0.6  		0.9932732734 		+0.0686550889
0.75  		0.9978982534 		-0.0286193024
0.9  		0.9981071222 		+0.0191363640
1.05  		0.9924744313 		-0.0110423009
1.2  		0.9953225636 		+0.0125901599
1.35  		0.9925010072 		-0.0218017506
1.5  		0.9702890734 		+0.0288550434
1.65  		-0.5445088811 		+0.4129776450
1.8  		0.6769689199 		-0.0488100546
1.95  		0.8981506855 		+0.0086424571
2.1  		0.8239946548 		+0.0211620761
2.25  		0.9190966071 		-0.0387254918
2.4  		0.9192192438 		+0.1107901011
2.55  		0.8140944367 		-0.1561768178
2.7  		0.7285704680 		+0.0954312851
2.85  		0.8001260958 		+0.0234184689
3  		0.6677914601 		+0.0035193635
3.15  		0.2568116381 		-0.0122214319
3.3  		0.1330042960 		-0.0084516920
3.45  		-0.0832897339 		-0.0101829467
3.6  		0.8212760356 		-0.0247725517
3.75  		0.5797473570 		+0.0045210946
3.9  		0.1632671907 		-0.0625332388
4.05  		0.6049828852 		+0.0507698341
4.2  		0.2529262678 		-0.0108552856
4.35  		0.1365133659 		+0.0034059392
4.5  		-0.1297172312 		-0.0076071866
4.65  		0.3808046275 		-0.0694898985
4.8  		-0.0210922638 		-0.0035976130
4.95  		-0.0067344573 		+0.0018039928
5.1  		-0.0025892276 		-0.0097120911
5.25  		-0.0063495393 		+0.0107871334
5.4  		0.0103145035 		+0.0038646576
5.55  		0.0089095573 		-0.0030586081
5.7  		0.2799106021 		-0.0301853507
5.85  		0.0312742943 		+0.0074999198
6  		-0.2108519394 		-0.0057241520
6.15  		-0.0539941101 		+0.0838605852
6.3  		-0.0839509229 		-0.1991488923
6.45  		-0.1125307011 		-0.0789922507
6.6  		-0.0174852727 		-0.0115395285
6.75  		0.1898514347 		+0.0812958732
6.9  		0.2394808238 		-0.0193145226
7.05  		0.2152553036 		+0.1511714947
7.2  		0.0435082328 		+0.0160504032
7.35  		0.0494688575 		-0.0069743135
7.5  		0.0478827048 		+0.0174241799
7.65  		0.3632843510 		+0.1911066455
7.8  		-0.5978804908 		-0.0629766900
7.95  		0.4233919015 		+0.3351720217
8.1  		0.3464994533 		+0.1684373166
8.25  		0.1005125300 		-0.0129264055
8.4  		0.1302046364 		-0.1854671757
8.55  		0.0571775758 		-0.0294982615
8.7  		0.0020978764 		+0.2153348049
8.85  		0.0165692415 		-0.1972637310
9  		0.2866714530 		-0.2030778171
9.15  		0.0332686507 		+0.0445319416
9.3  		-0.0252316185 		-0.0182385612
9.45  		-0.0452318839 		+0.0354307155
9.6  		-0.0134967707 		+0.0028243290
9.75  		-0.0239277557 		+0.0068400531
9.9  		-0.0001175806 		+0.0000445968
10.05  		-0.0010198867 		+0.0005309408
10.2  		0.0025472433 		-0.0027540925
10.35  		0.0033119625 		+0.0008209019
10.5  		-0.1147701769 		+0.0295325608
10.65  		-0.1040591752 		+0.0643417975
10.8  		0.0238338212 		+0.0118468192
10.95  		-0.0026344240 		+0.0009748875
11.1  		-0.0029688371 		+0.0013216036
11.25  		0.0073470530 		+0.0029857307
11.4  		-0.0540873870 		+0.0284636544
11.55  		-0.0250149358 		-0.0072845875
11.7  		-0.0003348965 		-0.0011758613
11.85  		0.1041481310 		+0.0422661516
12  		-0.0670820922 		-0.0680089923
12.15  		0.0000663663 		+0.0001315673
12.3  		0.0110334462 		-0.0160678984
12.45  		-0.0012965606 		-0.0012644083
12.6  		0.0024320066 		-0.0002402570
12.75  		-0.0102397492 		+0.0327434020
12.9  		-0.0428408487 		-0.0164971679
13.05  		0.0126741151 		-0.0101481675
13.2  		0.0094130954 		+0.0027499253
13.35  		0.0025888502 		-0.0097388294
13.5  		-0.0081411854 		+0.0098297780
13.65  		-0.0035979670 		+0.0014608738
13.8  		0.0132997832 		+0.0020585053
13.95  		0.0558261929 		-0.0218757068
14.1  		0.1446193803 		+0.0128127258
14.25  		0.0835001375 		-0.0614701046
14.4  		0.1074992520 		+0.0205374157
14.55  		-0.0193930312 		-0.0142476616
14.7  		0.0175928691 		+0.0059808568
14.85  		-0.0621215187 		+0.1271017040
