0  		1.0000000008 		+0.0000000000
0.15  		0.9999968197 		-0.0011097626
0.3  		0.9998817601 		-0.0059170120
0.45  		0.9989249626 		-0.0054804164
0.6  		0.9949242360 		+0.0256659327
0.75  		0.9164909399 		+0.0558008729
0.9  		0.9742473472 		-0.1266814068
1.05  		-0.2588767245 		+0.3218610395
1.2  		0.6303300099 		+0.4248358252
1.35  		0.9350302515 		-0.2347309797
1.5  		0.9943769287 		-0.0037989992
1.65  		0.9619754567 		+0.1465573185
1.8  		0.9225049638 		+0.0873285558
1.95  		0.9327758070 		-0.0338077854
2.1  		0.8998872489 		-0.1661967842
2.25  		0.7779328254 		-0.1565950321
2.4  		0.4353419053 		-0.1325691326
2.55  		0.9352804363 		+0.0492982588
2.7  		0.8466548872 		+0.1363339902
2.85  		0.4436369182 		+0.4731460257
3  		0.6079172491 		-0.1648088892
3.15  		0.5362759017 		+0.3425167704
3.3  		0.1285580204 		+0.0197220649
3.45  		0.4015042021 		+0.0146141603
3.6  		0.5177994126 		-0.0381110214
3.75  		-0.2526922354 		+0.0462005732
3.9  		0.5785015453 		-0.0425124439
4.05  		0.9119964644 		-0.0983324571
4.2  		0.4735581979 		-0.0135881730
4.35  		-0.4801900687 		+0.0201664428
4.5  		0.4600829345 		-0.0140883459
4.65  		0.6112045738 		+0.0665678718
4.8  		0.8649921935 		-0.0413449029
4.95  		0.6732390900 		+0.1581039973
5.1  		0.6160308956 		-0.0983420522
5.25  		0.7414585871 		+0.0587286618
5.4  		0.5213707650 		+0.3406394028
5.55  		0.2725601143 		-0.1762507956
5.7  		0.4482329946 		+0.0637320845
5.85  		0.1511018064 		-0.0030113519
6  		0.6392236539 		+0.0335850029
6.15  		-0.6046837496 		+0.0708560000
6.3  		0.2387703905 		-0.0489238817
6.45  		0.4200998970 		+0.0497960935
6.6  		0.0154584880 		-0.0092379834
6.75  		0.3645938032 		-0.0740346917
6.9  		0.1030424170 		-0.1152807149
7.05  		0.1371995518 		+0.0130562913
7.2  		-0.2352422203 		-0.0900856213
7.35  		0.1008417480 		+0.2448089609
7.5  		-0.1201245065 		+0.0118262212
7.65  		0.0003468361 		-0.0344564959
7.8  		0.3565630288 		+0.0006822953
7.95  		0.3609652997 		-0.1352846990
8.1  		0.2979904796 		-0.1122203987
8.25  		0.2111033126 		-0.0102708527
8.4  		0.1655813594 		+0.0562980546
8.55  		0.4305126841 		-0.3800403600
8.7  		0.2784355357 		-0.1139894122
8.85  		0.2490262277 		-0.1296391566
9  		-0.1735387723 		-0.1254432166
9.15  		0.1567567831 		+0.0768404575
9.3  		-0.0548823387 		-0.0503816213
9.45  		-0.1844975670 		-0.1188869065
9.6  		0.0988401708 		-0.1288585241
9.75  		0.0328952319 		+0.1991172846
9.9  		0.0220925511 		-0.1520951456
10.05  		0.1510885097 		-0.1223770458
10.2  		-0.2640861510 		-0.3812466132
10.35  		-0.0818574806 		-0.3131275689
10.5  		0.2784975785 		-0.1537943498
10.65  		0.3355846788 		+0.2054130651
10.8  		0.5039856085 		+0.1601196118
10.95  		0.1915942125 		+0.1768730362
11.1  		-0.0161652746 		-0.0140420325
11.25  		-0.0842147522 		+0.1180871421
11.4  		0.0393969788 		+0.0409033961
11.55  		0.0805848682 		-0.0328818274
11.7  		0.1241412461 		-0.0735423405
11.85  		-0.0054488572 		+0.0109396128
12  		0.1999541654 		+0.0036744398
12.15  		0.1892051251 		+0.0518139155
12.3  		0.5042565171 		+0.0631044389
12.45  		0.4813092646 		+0.0530438344
12.6  		0.2571180271 		-0.0080562609
12.75  		0.1817928994 		-0.0383783612
12.9  		0.4598355864 		+0.0156785858
13.05  		-0.0027967967 		+0.0069294033
13.2  		0.2850792453 		-0.1688857971
13.35  		0.2186731873 		+0.0630093735
13.5  		0.3735173425 		-0.1277238309
13.65  		-0.0760213851 		+0.0007389952
13.8  		0.0834481902 		+0.1105441400
13.95  		-0.1701084297 		+0.0922018276
14.1  		0.0389163015 		-0.1472570852
14.25  		-0.1556983052 		-0.1462108680
14.4  		0.0444324919 		-0.0603223376
14.55  		-0.0130044917 		+0.0220378551
14.7  		0.0000986507 		-0.0172572806
14.85  		0.0977974286 		+0.0017914246
