0  		1.0000000008 		-0.0000000000
0.15  		0.9999997848 		+0.0000783614
0.3  		0.9999936577 		-0.0001562726
0.45  		0.9997565352 		+0.0139522601
0.6  		0.9999629899 		-0.0012007870
0.75  		0.9997101653 		-0.0064287660
0.9  		0.9996884756 		-0.0070727224
1.05  		0.9983586427 		+0.0147535906
1.2  		0.9886767037 		+0.0235242826
1.35  		0.9903568202 		-0.0443249793
1.5  		0.9657872323 		-0.0141530389
1.65  		0.9291312275 		-0.0874537595
1.8  		0.9669761152 		-0.0340361941
1.95  		-0.6464815921 		+0.4303806685
2.1  		0.9843083740 		-0.0703304221
2.25  		0.9747049463 		-0.0599228030
2.4  		0.9749639098 		-0.0374150593
2.55  		0.9684538160 		+0.0073250732
2.7  		0.9354120490 		+0.0008560270
2.85  		0.9135531303 		-0.1016621199
3  		0.6108410412 		-0.1018537135
3.15  		0.3395082150 		+0.0019956015
3.3  		0.7630401507 		+0.0688763515
3.45  		0.2170183222 		-0.0248327704
3.6  		0.1402763244 		+0.0055540416
3.75  		0.5995752982 		+0.0681598838
3.9  		0.7930688587 		-0.1530487630
4.05  		0.8471432624 		+0.0838847778
4.2  		-0.6813152957 		+0.0138771481
4.35  		0.5376931100 		+0.0028487452
4.5  		0.1478131932 		-0.0040069313
4.65  		0.7728315059 		-0.0415860503
4.8  		0.7318125434 		+0.0834369946
4.95  		0.7165842149 		-0.0260281464
5.1  		0.0996767395 		+0.1483416007
5.25  		0.6988737785 		+0.1018733501
5.4  		0.1165426416 		+0.0227768613
5.55  		0.7563890128 		+0.0629785612
5.7  		0.7619039412 		-0.0354100066
5.85  		-0.0629042220 		+0.0391945067
6  		0.0327554771 		+0.0113631128
6.15  		0.3644362596 		-0.0031326894
6.3  		-0.3519333710 		-0.0755763852
6.45  		0.6440418359 		-0.0445651885
6.6  		-0.2308442611 		-0.0207713147
6.75  		0.0366926058 		+0.0108787018
6.9  		0.7276032425 		+0.0740636231
7.05  		0.8707793162 		-0.0700562674
7.2  		0.5939718444 		-0.1096211838
7.35  		-0.3870786811 		+0.0340233854
7.5  		0.2213763572 		-0.0055649113
7.65  		0.7334287638 		+0.0847761466
7.8  		0.2694303082 		+0.1164105698
7.95  		0.4415769923 		+0.0931419296
8.1  		-0.0524013745 		+0.0168049782
8.25  		0.0185266029 		-0.0008631394
8.4  		0.1307771379 		+0.1086132505
8.55  		0.1525068114 		+0.0594688842
8.7  		0.0685179471 		-0.0256424301
8.85  		-0.2783949028 		-0.0529264752
9  		0.5342669332 		+0.0797421176
9.15  		-0.0624603248 		-0.0159806088
9.3  		0.2477676335 		+0.0267779746
9.45  		0.5221107473 		+0.1007563533
9.6  		-0.0180528958 		-0.0152675392
9.75  		-0.0023151621 		+0.0048109832
9.9  		0.0231069179 		+0.0936965985
10.05  		-0.0228398207 		+0.0161820575
10.2  		0.0399648331 		-0.0081683854
10.35  		0.2994909020 		-0.0059096885
10.5  		-0.0030362036 		-0.0013846726
10.65  		-0.0074447663 		+0.0129345301
10.8  		0.0386020890 		-0.0062037792
10.95  		-0.1857478625 		+0.0022608419
11.1  		-0.0224489626 		-0.0007202507
11.25  		-0.1413352517 		+0.0236501868
11.4  		0.5519424588 		+0.1104539744
11.55  		-0.1066613020 		-0.0367858811
11.7  		0.1428115423 		+0.0724819401
11.85  		-0.1070252365 		+0.0476608017
12  		0.0188846733 		-0.0007205994
12.15  		0.1471879607 		+0.0971340763
12.3  		-0.2309566607 		-0.0851215382
12.45  		0.2553902623 		-0.0812780809
12.6  		-0.0144414221 		+0.0428445497
12.75  		-0.0647824405 		-0.0244333703
12.9  		0.0000660635 		-0.0008491546
13.05  		-0.0669865167 		-0.0043808640
13.2  		-0.0318659016 		-0.0026736580
13.35  		0.0214490692 		+0.0063940268
13.5  		-0.0219832837 		+0.0336912030
13.65  		0.0007868207 		+0.0262241277
13.8  		0.0084949709 		+0.0093987635
13.95  		-0.0081689257 		-0.0004943348
14.1  		-0.0027258109 		+0.0005511092
14.25  		0.0291156323 		+0.0040950111
14.4  		0.0100266288 		+0.0564408873
14.55  		0.0567726455 		-0.0140730184
14.7  		0.0068373957 		+0.0019060488
14.85  		0.0015484244 		+0.0005774709
