0  		1.0000000008 		-0.0000000000
0.15  		0.9999986856 		-0.0001716345
0.3  		0.9997137007 		-0.0036521511
0.45  		0.9979620220 		+0.0004890106
0.6  		0.9995748709 		-0.0005194281
0.75  		0.9981616889 		+0.0060685710
0.9  		0.9974347576 		+0.0014576390
1.05  		0.0346079899 		-0.0347776672
1.2  		0.9903463233 		-0.0163846198
1.35  		0.9632281344 		-0.0170743949
1.5  		0.9558811747 		+0.0082798024
1.65  		0.8906064545 		-0.0107877705
1.8  		0.9896424437 		-0.0207998352
1.95  		0.9848611106 		+0.0044740154
2.1  		0.9678755695 		-0.0068023940
2.25  		0.9722267006 		-0.0055652279
2.4  		0.9862449545 		+0.0217054978
2.55  		0.8299696446 		-0.0024415966
2.7  		0.9744588920 		+0.0214181324
2.85  		0.9514842889 		+0.0423399524
3  		0.9369436300 		+0.0260430308
3.15  		0.6358177902 		-0.1476392216
3.3  		0.9181262542 		-0.0240389616
3.45  		0.9537568332 		+0.0233404724
3.6  		0.7872452648 		+0.0400363109
3.75  		0.3241932059 		+0.0095422916
3.9  		-0.4671887897 		+0.0747921148
4.05  		0.1419428508 		-0.0158970166
4.2  		-0.1273174673 		-0.1147613638
4.35  		0.4152551242 		+0.2523103453
4.5  		0.8103583007 		-0.1611843326
4.65  		0.7522345823 		+0.0385336247
4.8  		0.8026784204 		-0.1073395901
4.95  		0.8360100812 		+0.0202420413
5.1  		0.7746872009 		+0.3055350475
5.25  		-0.3678995767 		+0.0815252287
5.4  		0.4215397961 		+0.1163634668
5.55  		0.2231530259 		-0.4024354237
5.7  		0.2507285253 		-0.3351477973
5.85  		-0.0721124923 		-0.2608203648
6  		-0.2726786198 		-0.1099725132
6.15  		0.0620004164 		+0.4968933966
6.3  		0.2309294587 		-0.1920463608
6.45  		0.3278536113 		-0.0117462276
6.6  		-0.0808017224 		-0.0033270177
6.75  		0.6118987783 		-0.2446110215
6.9  		0.5820391503 		-0.1772589581
7.05  		0.6079142435 		+0.1048905773
7.2  		0.6637503974 		-0.0960559738
7.35  		0.7150150437 		+0.2447561597
7.5  		0.4034468507 		-0.1399571083
7.65  		0.3076982070 		-0.3170090606
7.8  		0.2771715555 		+0.0611273116
7.95  		-0.2923538034 		-0.0763669643
8.1  		-0.5583429876 		+0.1379043820
8.25  		0.1976778301 		-0.1663731454
8.4  		0.3836666963 		-0.1458056253
8.55  		0.1272098703 		-0.0224861696
8.7  		0.5957463543 		-0.1080237098
8.85  		0.6988058680 		+0.1949712780
9  		0.5677924545 		+0.0685668833
9.15  		0.3709514278 		+0.3152641813
9.3  		0.6659771709 		+0.0946184134
9.45  		0.8234139574 		+0.0007305745
9.6  		0.8206223892 		+0.1076740702
9.75  		0.5835799486 		+0.0181462524
9.9  		-0.1827838416 		-0.0207754876
10.05  		0.4509382220 		-0.0234968338
10.2  		0.7521893421 		-0.1378674948
10.35  		0.7992543905 		+0.2140654680
10.5  		0.6192762949 		-0.0308602942
10.65  		0.3282630273 		-0.0070946798
10.8  		0.6861543379 		+0.0835792912
10.95  		0.6645011845 		-0.1169825616
11.1  		0.0177633894 		+0.2071583980
11.25  		0.0872033737 		-0.0473225472
11.4  		0.0525944128 		-0.0108264697
11.55  		0.2565971180 		-0.0979862093
11.7  		0.6039051570 		-0.0805139685
11.85  		0.4433927142 		-0.1322800036
12  		0.0463617430 		+0.0126017783
12.15  		0.4689058158 		-0.2486467852
12.3  		0.1317244716 		+0.0320979209
12.45  		-0.1990096383 		-0.0139807020
12.6  		0.0265620577 		+0.0157006971
12.75  		-0.0002501716 		+0.1047685427
12.9  		0.0063757938 		+0.0135470544
13.05  		0.3892595502 		-0.1660699438
13.2  		-0.0065194989 		-0.0021742723
13.35  		-0.1056875778 		-0.3988943270
13.5  		0.3732211012 		-0.1026103449
13.65  		0.4968145204 		+0.2146089109
13.8  		0.1465890784 		+0.2557666735
13.95  		-0.0644189866 		-0.1076148162
14.1  		0.0537250535 		+0.0096396950
14.25  		0.0085742355 		+0.0053352674
14.4  		-0.0946628181 		-0.1006897204
14.55  		-0.1014772496 		-0.0970535545
14.7  		0.0706894759 		-0.0302618686
14.85  		-0.0106994011 		-0.0287189132
