0  		1.0000000007 		+0.0000000000
0.15  		0.9999975747 		-0.0000621841
0.3  		0.9999035970 		+0.0030443401
0.45  		0.9985772449 		-0.0052510388
0.6  		0.9681129716 		+0.0487359584
0.75  		0.9984386784 		+0.0140810487
0.9  		0.9651482581 		+0.0032869159
1.05  		0.3022622738 		-0.0116176867
1.2  		0.9785786842 		+0.0271263647
1.35  		0.5705440078 		-0.0211107560
1.5  		0.4704763230 		+0.0077777176
1.65  		0.9670875311 		+0.0749672243
1.8  		0.9387773167 		-0.1314350129
1.95  		0.6768914462 		+0.0181860280
2.1  		0.7706759576 		-0.2368821629
2.25  		0.3420490267 		+0.0748618309
2.4  		0.6790056208 		+0.5199841037
2.55  		0.0203318159 		+0.6130018228
2.7  		0.4638046552 		-0.2679499880
2.85  		0.0679070715 		-0.2168425181
3  		-0.0115125418 		+0.0188742214
3.15  		0.5844557624 		+0.1385178405
3.3  		0.5436669170 		+0.1276755895
3.45  		0.8804299461 		+0.0381322927
3.6  		0.4794055780 		+0.2031094857
3.75  		0.2384875591 		-0.2891998658
3.9  		0.2721764836 		+0.5492090363
4.05  		-0.2708321805 		+0.1355977946
4.2  		0.5036591602 		-0.0111858130
4.35  		0.7784855794 		-0.0261115596
4.5  		0.2236293837 		-0.1057129481
4.65  		0.0436175603 		+0.0925668203
4.8  		0.1860297691 		+0.4973971495
4.95  		-0.0083890403 		-0.0163778977
5.1  		0.1050245196 		-0.1136090837
5.25  		0.1827499130 		-0.0276286781
5.4  		0.2866505186 		+0.0343049208
5.55  		0.1685716545 		+0.1080678643
5.7  		0.0324869515 		+0.0205624445
5.85  		-0.1925389181 		-0.0277863878
6  		-0.0048549464 		-0.1506952623
6.15  		0.0933145904 		-0.1009706382
6.3  		0.1215580621 		-0.1613886242
6.45  		0.2796362304 		+0.0223502959
6.6  		0.1155360263 		+0.0800400050
6.75  		0.2823942285 		-0.1551005372
6.9  		-0.5661984928 		+0.0377334452
7.05  		0.3442876266 		+0.0613494720
7.2  		-0.0053358338 		+0.0011975698
7.35  		0.0927343507 		+0.0194065373
7.5  		-0.0588317770 		-0.0460255048
7.65  		0.0034827802 		+0.0034686631
7.8  		0.0619341804 		+0.0749178954
7.95  		-0.2298730253 		-0.0526793233
8.1  		0.0368980214 		-0.0398456900
8.25  		0.0605699811 		+0.0016620558
8.4  		0.0803789385 		-0.0523869357
8.55  		0.0565408244 		+0.1294544262
8.7  		0.2291996286 		-0.1531256629
8.85  		-0.0056720525 		+0.0228810385
9  		0.0118180536 		+0.0247307002
9.15  		0.1172635583 		+0.1515082046
9.3  		0.0515045429 		+0.0242971481
9.45  		0.0309314430 		+0.0392726728
9.6  		-0.0004538022 		-0.0125699629
9.75  		0.0275735073 		-0.0227568577
9.9  		0.1022588275 		-0.0482052693
10.05  		0.0673082540 		-0.1044929060
10.2  		-0.0132810268 		-0.0204632220
10.35  		0.0004567098 		+0.0070992772
10.5  		-0.0116255968 		+0.0135247862
10.65  		-0.0112015003 		-0.0106893439
10.8  		-0.0055875274 		+0.0034146498
10.95  		-0.0022245023 		+0.0044015213
11.1  		0.0019112996 		+0.0021055938
11.25  		-0.0100366479 		-0.0103686665
11.4  		0.1849264345 		+0.2792179645
11.55  		0.0859920388 		-0.1500606988
11.7  		-0.5142196017 		-0.0185222505
11.85  		-0.1101881737 		+0.0469716850
12  		-0.0015455857 		-0.0011528702
12.15  		-0.0836964618 		+0.1503268928
12.3  		0.0060299452 		-0.0475592845
12.45  		-0.1071429223 		+0.0250826545
12.6  		-0.0132560639 		+0.0444660951
12.75  		-0.0969568272 		-0.1062806040
12.9  		0.0111309371 		-0.0617987677
13.05  		0.0306326762 		+0.0627003181
13.2  		-0.0054887416 		+0.0806859760
13.35  		0.0004808542 		+0.0002522370
13.5  		-0.0393445053 		-0.1265164162
13.65  		-0.0042705983 		+0.0137735370
13.8  		0.0083635378 		-0.0205365610
13.95  		0.0110681185 		+0.0159417447
14.1  		0.0867313046 		-0.0924494119
14.25  		-0.0015507879 		+0.0239372567
14.4  		0.0520251688 		+0.0003890106
14.55  		0.1686818598 		+0.1144025075
14.7  		0.2000901330 		+0.1437782093
14.85  		0.1232370500 		-0.0696091970
