0  		1.0000000006 		-0.0000000000
0.15  		0.9999988856 		-0.0001631986
0.3  		0.9999978340 		-0.0000212727
0.45  		0.9999705780 		+0.0004237652
0.6  		0.9999243512 		-0.0007956768
0.75  		0.9991672173 		-0.0003230254
0.9  		0.9994539217 		+0.0103186420
1.05  		0.9986987276 		+0.0018817896
1.2  		0.9996420901 		+0.0053230734
1.35  		0.9975399312 		+0.0004636809
1.5  		0.9890969546 		-0.0394250262
1.65  		0.9880277449 		-0.0005557257
1.8  		0.9925048017 		+0.0192591213
1.95  		0.9829723381 		+0.0131388391
2.1  		0.9049594861 		+0.1013371697
2.25  		0.9176421069 		+0.2401425507
2.4  		0.9703086475 		+0.0006426012
2.55  		0.9769620735 		+0.0084309393
2.7  		0.8295296779 		-0.0343220946
2.85  		0.9667938671 		+0.0410265029
3  		0.6930949397 		-0.0503754297
3.15  		0.5885046710 		+0.0232276457
3.3  		0.8937594667 		-0.0346653839
3.45  		0.8819511947 		+0.0693601677
3.6  		0.8484415439 		+0.0782145624
3.75  		0.7974651912 		+0.0184647831
3.9  		0.9283018474 		-0.0095189991
4.05  		0.8692860017 		-0.0516374591
4.2  		-0.0454762963 		-0.0077074698
4.35  		0.9371438158 		+0.0548719403
4.5  		0.9720534020 		+0.0375711331
4.65  		0.9530863521 		+0.0485952284
4.8  		0.9368758978 		-0.0794270677
4.95  		0.6135550502 		-0.2345946269
5.1  		0.6858163691 		+0.0426269769
5.25  		-0.2330128673 		-0.2587768080
5.4  		0.0898812944 		-0.0089337148
5.55  		0.5580279038 		+0.0272380406
5.7  		0.7760635393 		+0.0980163107
5.85  		0.9251068189 		+0.0896292478
6  		0.9328828305 		+0.0604275354
6.15  		0.7538456993 		+0.4006914707
6.3  		0.8289921156 		-0.0654837749
6.45  		0.8371424881 		+0.0230316365
6.6  		0.0505237628 		-0.0070028424
6.75  		0.0391952778 		+0.0096917400
6.9  		0.8850887420 		+0.0361950332
7.05  		0.6307434028 		-0.0172072484
7.2  		0.9083937129 		+0.0048022734
7.35  		0.7152490483 		-0.0189810708
7.5  		0.8479778720 		+0.0512338001
7.65  		0.7532069267 		+0.0862354864
7.8  		-0.2464640168 		-0.1409851653
7.95  		0.5460931971 		-0.0662371423
8.1  		0.5933491265 		-0.0498281903
8.25  		0.2247789912 		+0.0763380174
8.4  		0.0250557707 		-0.0073286829
8.55  		-0.7178513685 		+0.0623675609
8.7  		0.6373031668 		-0.0580227129
8.85  		0.7419361830 		-0.0420915071
9  		0.7668988384 		-0.0397086368
9.15  		0.5924848294 		+0.0617903696
9.3  		0.4666850172 		+0.0817281330
9.45  		0.0465133441 		+0.0128560023
9.6  		0.2141304220 		+0.0079043750
9.75  		-0.2987845472 		+0.0112007603
9.9  		0.0301954449 		+0.0008781727
10.05  		-0.0515788870 		-0.0183016678
10.2  		0.0945909079 		+0.0103386887
10.35  		0.3043811413 		+0.0280537429
10.5  		-0.3934106132 		+0.0654185722
10.65  		0.2432353147 		+0.0736308306
10.8  		0.0190125592 		-0.0005188432
10.95  		-0.0642378216 		+0.0062689581
11.1  		0.0946320403 		+0.0147664585
11.25  		0.3972017890 		-0.0639476519
11.4  		0.1987222200 		-0.0791928495
11.55  		0.0648058847 		-0.0568710417
11.7  		0.7080551541 		+0.0927765234
11.85  		0.1036342350 		+0.0194385534
12  		0.3862308993 		-0.0154565378
12.15  		-0.0770949650 		+0.0230342916
12.3  		0.0068524751 		+0.0016312290
12.45  		0.0815674197 		+0.0398659886
12.6  		0.1613734839 		-0.0430998776
12.75  		-0.2138236853 		-0.0840939328
12.9  		-0.0371422257 		-0.0770264350
13.05  		0.1548580719 		+0.0923202462
13.2  		-0.3872413647 		-0.1352000174
13.35  		-0.2438903875 		-0.0483057983
13.5  		-0.3777161783 		+0.1595106012
13.65  		-0.0050343136 		+0.0034212087
13.8  		-0.0096590023 		+0.0070295315
13.95  		0.2657007689 		-0.0385086841
14.1  		-0.0205660537 		+0.1219055899
14.25  		0.2056288195 		-0.0594352915
14.4  		0.5039353403 		+0.0530036579
14.55  		0.1320391318 		-0.0251552309
14.7  		0.6808389762 		-0.0196462590
14.85  		0.2550409177 		+0.0211456247
