0  		1.0000000007 		-0.0000000000
0.15  		0.9999997951 		+0.0001030441
0.3  		0.9999949481 		+0.0000637319
0.45  		0.9998934468 		-0.0003317010
0.6  		0.9998509637 		-0.0023937835
0.75  		0.9992031540 		+0.0001476958
0.9  		0.9882902370 		-0.0012490184
1.05  		0.9913709696 		+0.0000053212
1.2  		0.7777749829 		-0.0292574995
1.35  		0.9873944906 		-0.0041362602
1.5  		0.9935208970 		+0.0034555020
1.65  		0.9933433346 		+0.0251313725
1.8  		0.9847243089 		+0.0217951634
1.95  		0.9867253508 		-0.0115907029
2.1  		0.9388896426 		+0.0554013767
2.25  		0.9158071341 		-0.0190829582
2.4  		0.5957983294 		+0.1518263692
2.55  		0.5368380120 		+0.0162524658
2.7  		0.9347763397 		-0.0218073442
2.85  		0.5893822539 		+0.0116329233
3  		0.8959656428 		-0.0952818671
3.15  		0.9308252798 		+0.0228304283
3.3  		0.7494114187 		+0.1264298765
3.45  		0.9249924975 		-0.1606581059
3.6  		0.8772504790 		+0.0560742535
3.75  		0.7715237289 		-0.0715567564
3.9  		0.2031667800 		+0.1052207159
4.05  		0.8909627318 		+0.1477627329
4.2  		0.8594702942 		-0.0466127969
4.35  		0.9108132669 		-0.0176580329
4.5  		0.7285970774 		+0.0164805508
4.65  		0.5983089527 		-0.0091384455
4.8  		0.4982774508 		+0.5263798315
4.95  		0.2927906712 		+0.0301636459
5.1  		0.4860383235 		-0.0200306535
5.25  		-0.0367238448 		+0.0116244271
5.4  		0.1833736157 		+0.0090194630
5.55  		-0.0775077283 		-0.0064872020
5.7  		0.4705560110 		+0.0285464749
5.85  		0.1226926601 		-0.0036675488
6  		0.3104688952 		-0.0323064548
6.15  		0.6981129598 		-0.0011932424
6.3  		-0.7088944731 		-0.0166992382
6.45  		0.4363618953 		+0.0476871689
6.6  		-0.4037409337 		+0.0282901953
6.75  		0.5010719582 		+0.0806353084
6.9  		0.3081219175 		-0.0451138603
7.05  		0.2747537653 		-0.0547868555
7.2  		0.4592043133 		+0.1769168069
7.35  		-0.4375738778 		+0.1674772955
7.5  		0.4646709553 		-0.1090257391
7.65  		0.2219782887 		+0.0187788412
7.8  		0.3839043808 		+0.0503431451
7.95  		0.4338784273 		-0.0177825549
8.1  		0.7634242082 		-0.2096982724
8.25  		0.5749257092 		-0.0651789703
8.4  		0.4267534828 		-0.1671389218
8.55  		-0.0204949778 		-0.0133874139
8.7  		0.2267948649 		+0.0453772053
8.85  		-0.4319697485 		+0.2440495078
9  		0.3856970726 		+0.2598724876
9.15  		0.1022084322 		+0.0873851469
9.3  		0.4467926797 		-0.1971148194
9.45  		0.5423351729 		+0.1420434170
9.6  		0.7082153971 		+0.1531569588
9.75  		0.7630048831 		-0.1253756890
9.9  		0.4277591093 		-0.1129169580
10.05  		0.1629652497 		-0.0677491210
10.2  		0.2012103727 		+0.0197213404
10.35  		0.2472410260 		-0.0192956429
10.5  		-0.0105132880 		+0.0054120219
10.65  		0.4949333706 		-0.0716494630
10.8  		0.5224275090 		-0.0055650658
10.95  		0.3581782674 		+0.0009207263
11.1  		0.2736235014 		+0.0001479423
11.25  		0.0055688967 		-0.0148034996
11.4  		0.0608187225 		-0.0271956218
11.55  		-0.0093711265 		-0.0068706136
11.7  		-0.1108633878 		+0.1448713487
11.85  		-0.0123778415 		+0.0321404412
12  		0.0405158958 		+0.0892387658
12.15  		0.4160084232 		-0.2529379362
12.3  		0.2745439228 		+0.0169585028
12.45  		0.1097571144 		+0.0636915222
12.6  		0.2767182213 		+0.0388209733
12.75  		0.1157717931 		+0.0979897456
12.9  		0.0495020543 		-0.0039428488
13.05  		0.1802762157 		-0.1930833256
13.2  		0.1709907793 		+0.0664449733
13.35  		0.1582803129 		-0.0424639423
13.5  		-0.0267009009 		+0.0097595662
13.65  		-0.1016255075 		-0.0049020059
13.8  		0.1106043627 		+0.0303347176
13.95  		0.2195978617 		+0.2208993293
14.1  		0.1347314840 		+0.1869943844
14.25  		-0.0441867535 		-0.0130045295
14.4  		0.2207567181 		-0.1334808195
14.55  		0.0017394843 		+0.0097793703
14.7  		0.0528350762 		-0.0071303373
14.85  		-0.0118121338 		+0.0149300114
