0  		1.0000000008 		+0.0000000000
0.15  		0.9999995421 		+0.0003236117
0.3  		0.9999943914 		+0.0006182048
0.45  		0.9999556249 		+0.0031607641
0.6  		0.9996877908 		+0.0003659708
0.75  		0.9996218549 		-0.0058976814
0.9  		0.9979900825 		+0.0002286838
1.05  		0.9513386472 		-0.0567072381
1.2  		0.9897401045 		-0.0175430095
1.35  		0.9923219953 		+0.0230154526
1.5  		0.9398786418 		+0.0254287070
1.65  		0.9671283224 		+0.0301730256
1.8  		0.9152579308 		+0.1692339198
1.95  		0.6721937646 		+0.1246683012
2.1  		0.7863325929 		+0.0364359322
2.25  		0.5755532968 		-0.2955596311
2.4  		0.8921588593 		-0.0389964134
2.55  		0.1272336278 		-0.0117260713
2.7  		0.5281812979 		+0.0517606359
2.85  		-0.4876886196 		+0.0089699752
3  		0.1755301238 		+0.1201117494
3.15  		0.4328770966 		+0.1082737185
3.3  		0.4162689482 		-0.0914007024
3.45  		0.5534965377 		-0.0689823777
3.6  		0.7725693055 		-0.1946150516
3.75  		0.7580481435 		-0.1122013741
3.9  		0.6285047870 		-0.0917634106
4.05  		0.7788264695 		+0.1281038035
4.2  		0.4622555098 		+0.2629609202
4.35  		0.8500217679 		+0.0745548655
4.5  		0.7605664836 		+0.0752152059
4.65  		0.8416478420 		-0.1952796352
4.8  		0.5053823323 		+0.1804535210
4.95  		0.6005146014 		-0.0198675982
5.1  		0.0575734081 		-0.0177422989
5.25  		-0.0146808344 		-0.0133291410
5.4  		0.4609643047 		-0.2221539429
5.55  		0.1623513234 		-0.0739412237
5.7  		0.3838956984 		+0.1516397705
5.85  		0.4896645991 		-0.0076958045
6  		-0.2323531331 		+0.0713969589
6.15  		0.4549643667 		-0.0663145821
6.3  		0.4973655884 		-0.1394894648
6.45  		0.0635517856 		+0.0298791072
6.6  		-0.0881073703 		-0.1360165005
6.75  		-0.0651886654 		+0.0450830920
6.9  		-0.0304192903 		+0.0311907117
7.05  		0.0000449364 		+0.0000995052
7.2  		0.0953476451 		-0.0160826593
7.35  		-0.0261642451 		+0.0288134960
7.5  		-0.0021833227 		+0.0064452913
7.65  		-0.0005472294 		-0.0001191713
7.8  		-0.0018466963 		-0.0004294519
7.95  		0.0376421833 		+0.0379147154
8.1  		0.3060046095 		+0.3272041488
8.25  		0.1355371095 		-0.0432102165
8.4  		0.0065558805 		-0.0130282416
8.55  		0.0323771127 		+0.0502411306
8.7  		-0.0071251652 		-0.0042304224
8.85  		-0.0308610553 		-0.0869690782
9  		-0.0207181205 		+0.0332724601
9.15  		0.4900298599 		-0.0622518475
9.3  		0.1158027553 		+0.3053796702
9.45  		0.4726105636 		-0.2573982482
9.6  		-0.0466464355 		+0.0170735784
9.75  		-0.0196432900 		+0.0865848735
9.9  		0.1618200947 		+0.2771823719
10.05  		0.1456481816 		+0.3616796388
10.2  		-0.2529733565 		+0.4473155343
10.35  		-0.1894500074 		-0.2868687114
10.5  		0.0072697427 		-0.0123706949
10.65  		0.0422303071 		-0.2719538611
10.8  		-0.4119836212 		+0.2514397895
10.95  		0.0118021246 		+0.0642575389
11.1  		0.1872572281 		+0.2059986903
11.25  		-0.0943674621 		+0.1392019633
11.4  		-0.0066079254 		+0.0126104487
11.55  		0.2053607853 		-0.0414650980
11.7  		-0.1326953523 		-0.0718345360
11.85  		0.1544457425 		+0.1668986659
12  		0.0124570465 		-0.0000734981
12.15  		-0.1948695881 		+0.2077888707
12.3  		0.1754334768 		-0.0596914629
12.45  		0.0699614801 		+0.1768198284
12.6  		0.0368496758 		-0.1117912752
12.75  		-0.0005859561 		-0.0006463773
12.9  		0.0700587757 		-0.0050678862
13.05  		-0.1858639728 		-0.1326615728
13.2  		-0.0195084463 		+0.0316013110
13.35  		-0.0032743785 		-0.0509664866
13.5  		-0.0086172744 		+0.0356894894
13.65  		0.0006915774 		+0.0004752584
13.8  		0.0048553618 		+0.0031090947
13.95  		0.0231318058 		+0.0164327925
14.1  		-0.0251346807 		-0.0239151225
14.25  		-0.0266049757 		+0.0215980917
14.4  		0.0039365846 		-0.0054539242
14.55  		-0.0107814480 		+0.0115077919
14.7  		0.0007001877 		-0.0004236486
14.85  		0.0256602524 		-0.0403517035
