0  		1.0000000000 		+0.0000000000
0.15  		0.9946004233 		-0.0034448759
0.3  		0.9966493663 		+0.0013546132
0.45  		0.9995141630 		+0.0040545225
0.6  		0.9948875097 		-0.0271874189
0.75  		0.9830149838 		+0.0382046799
0.9  		0.9352319905 		+0.0112693019
1.05  		0.9646704928 		+0.1527666344
1.2  		0.8649305590 		+0.0244318554
1.35  		0.8176072449 		+0.1980848081
1.5  		0.7536153594 		-0.2221365475
1.65  		0.0982673957 		+0.0072892761
1.8  		0.0828402285 		-0.0137453812
1.95  		-0.0072431418 		-0.0390985236
2.1  		-0.4754283810 		+0.1337523928
2.25  		-0.5792756954 		-0.3829866612
2.4  		0.2193826321 		+0.0116030761
2.55  		0.1149734080 		+0.3993848112
2.7  		-0.1804039405 		-0.2422993913
2.85  		-0.2205571108 		+0.1049061336
3  		0.0556569409 		+0.0672143142
3.15  		0.1603367044 		-0.4181589511
3.3  		0.2768699066 		-0.3628764526
3.45  		0.6271974341 		-0.0190801551
3.6  		0.4416484527 		+0.4289227511
3.75  		0.2726700974 		-0.1891711640
3.9  		0.1190792146 		+0.0117061852
4.05  		0.1363994150 		+0.1414783324
4.2  		-0.0323356622 		+0.7021813734
4.35  		-0.0735986005 		-0.0268289602
4.5  		-0.0061153090 		+0.0011973757
4.65  		0.1549147386 		-0.0209674548
4.8  		0.0242287941 		-0.0164404288
4.95  		0.0144692306 		-0.0084920108
5.1  		0.2278598558 		+0.3884330920
5.25  		0.1749773860 		-0.1546179372
5.4  		-0.0621164996 		+0.0896986623
5.55  		-0.0106679693 		-0.0204843478
5.7  		0.5475215308 		+0.2437788323
5.85  		-0.1104295029 		+0.1128647094
6  		-0.1953759760 		+0.0525771979
6.15  		0.0075903445 		-0.0219963844
6.3  		-0.2920701743 		+0.0418496417
6.45  		-0.0312347820 		-0.0210392203
6.6  		0.2688513965 		-0.1359290908
6.75  		0.2270203401 		+0.0496700336
6.9  		0.3798907487 		-0.2712903022
7.05  		-0.0879897280 		-0.3448300823
7.2  		0.0835127918 		+0.2028519425
7.35  		0.1540814694 		-0.1725025477
7.5  		0.2640960912 		-0.0535397279
7.65  		0.2424342493 		-0.0442206405
7.8  		0.0972061083 		+0.0540204615
7.95  		0.1011980574 		+0.1005192085
8.1  		-0.0413698607 		-0.0752965746
8.25  		0.1274630327 		-0.1274141609
8.4  		0.5405252300 		-0.1000330497
8.55  		0.2917284631 		+0.0296310630
8.7  		0.0065902221 		+0.0715350148
8.85  		0.1023471914 		+0.0567968648
9  		0.3700340933 		-0.2423382554
9.15  		0.0180683966 		-0.0014295867
9.3  		-0.0066694272 		-0.0287684103
9.45  		-0.0061644822 		+0.1072037163
9.6  		-0.3025566270 		-0.1558487648
9.75  		-0.0365099734 		+0.0315171755
9.9  		0.3111912284 		-0.2847209502
10.05  		0.0098032122 		+0.3993553820
10.2  		0.0576135996 		+0.0692209083
10.35  		0.0274364911 		-0.0050571455
10.5  		0.0013704920 		-0.0503627502
10.65  		0.0169675932 		+0.0558376651
10.8  		0.0525063935 		-0.2303882018
10.95  		-0.4239745902 		-0.1466580691
11.1  		-0.1194040033 		+0.0503173947
11.25  		-0.3784812248 		-0.0671007427
11.4  		-0.1492892845 		+0.1083434012
11.55  		-0.2661876166 		-0.2099206934
11.7  		0.0041374025 		+0.1173713030
11.85  		0.0296608707 		+0.0187589732
12  		-0.1018048261 		+0.1777507665
12.15  		-0.0308473096 		+0.0881027674
12.3  		-0.0050019631 		-0.0040670078
12.45  		0.0052209266 		+0.0013629130
12.6  		0.0278001442 		-0.1553643415
12.75  		0.0012912236 		+0.0005849379
12.9  		0.0004661645 		+0.0001572307
13.05  		0.1271611658 		+0.0332720428
13.2  		0.0616489291 		-0.0021402317
13.35  		-0.0116947129 		+0.0393765689
13.5  		0.0025946950 		+0.0003637516
13.65  		-0.0007530509 		-0.0000082454
13.8  		0.0012311251 		-0.0057505988
13.95  		-0.0410021409 		+0.1718904355
14.1  		0.0390503203 		+0.0128416574
14.25  		0.0011816607 		-0.0025521507
14.4  		-0.0026022612 		+0.0055973438
14.55  		-0.0878625249 		+0.0075381815
14.7  		-0.0009233390 		+0.0017874720
14.85  		0.0539998093 		+0.0017914608
