0  		1.0000000001 		+0.0000000000
0.15  		0.9989420099 		+0.0020785142
0.3  		0.9993442370 		-0.0001958308
0.45  		0.9997206905 		-0.0017288534
0.6  		0.9984994185 		-0.0105745526
0.75  		0.9959676193 		+0.0174491407
0.9  		0.9904609867 		-0.0069488819
1.05  		0.5153422831 		-0.0853686713
1.2  		0.9806388508 		+0.0215401383
1.35  		0.9646533537 		+0.0162247649
1.5  		0.7612495987 		+0.1497146163
1.65  		0.1944733743 		-0.0565157136
1.8  		0.6764555384 		-0.2621545173
1.95  		0.5940705884 		-0.3436437615
2.1  		0.4941923241 		+0.4826171445
2.25  		0.0048433821 		+0.3611454794
2.4  		0.2871321242 		+0.3635954873
2.55  		0.1217844270 		-0.2501246863
2.7  		0.1007005908 		+0.3157330566
2.85  		-0.0232917792 		+0.0102603494
3  		0.3260644520 		-0.1266910469
3.15  		0.0647228867 		+0.0144354818
3.3  		0.0802518811 		-0.0873480663
3.45  		-0.0599890817 		+0.0852122947
3.6  		0.1546226698 		-0.0578142805
3.75  		0.0875391296 		-0.1974923482
3.9  		0.3403962887 		-0.1648867684
4.05  		0.2057146536 		-0.0707972262
4.2  		0.1873561902 		+0.1006246012
4.35  		0.2903375653 		+0.3154793655
4.5  		-0.0494274380 		+0.0289391095
4.65  		-0.3137665539 		-0.1204307010
4.8  		0.0061210786 		+0.0044930082
4.95  		-0.0152630640 		+0.0089407393
5.1  		0.2276466315 		+0.2664335517
5.25  		-0.0022770039 		-0.0178330370
5.4  		-0.0122489421 		+0.0067716349
5.55  		0.0239050922 		+0.0408372539
5.7  		0.0582233594 		-0.1142937793
5.85  		0.0030482919 		+0.0092247744
6  		0.0228675732 		+0.0018229892
6.15  		0.0011787099 		+0.0743676013
6.3  		0.0059587966 		+0.0166538994
6.45  		0.0822788296 		+0.1190407415
6.6  		-0.3154713680 		-0.2518953559
6.75  		0.0111643540 		-0.3656282195
6.9  		-0.2489939496 		-0.0052575658
7.05  		-0.2433452893 		+0.1839529553
7.2  		0.0847238970 		+0.1301284870
7.35  		0.0177138240 		+0.0165577044
7.5  		0.0426984195 		+0.0076074025
7.65  		0.1674692445 		+0.0602947921
7.8  		0.1238656632 		+0.0232558038
7.95  		0.4235961901 		-0.2206021166
8.1  		0.4454089190 		-0.3351432796
8.25  		-0.3139520354 		+0.1323205438
8.4  		0.0718029468 		-0.0008503886
8.55  		-0.0365418440 		-0.0635791035
8.7  		0.0002310244 		-0.0004094310
8.85  		0.0525902954 		-0.2095677829
9  		0.0976558474 		-0.1569910678
9.15  		-0.0007646202 		-0.0058376064
9.3  		-0.0554866934 		-0.0723025562
9.45  		-0.0072460647 		-0.0011127770
9.6  		-0.0113836091 		-0.0128079930
9.75  		0.1685240842 		-0.1858262244
9.9  		0.0578547431 		+0.2380592739
10.05  		0.0525869336 		-0.0972583510
10.2  		-0.0599936698 		+0.0456199878
10.35  		-0.0022828004 		+0.1364864103
10.5  		-0.0035638069 		-0.0510517710
10.65  		0.0434252819 		+0.0998167107
10.8  		0.0291810046 		+0.0035743330
10.95  		-0.0109406527 		+0.0105737634
11.1  		-0.0487759232 		-0.0058166863
11.25  		0.0143530849 		+0.1328989220
11.4  		-0.1006819625 		-0.1982552550
11.55  		-0.0030963844 		-0.0054544966
11.7  		0.0002297786 		-0.0000831864
11.85  		-0.0226483487 		-0.0048359981
12  		0.0345375597 		-0.0042450967
12.15  		0.0031930832 		-0.0505845459
12.3  		0.0108694109 		-0.0000417568
12.45  		0.0148281000 		-0.0174222546
12.6  		-0.0020664345 		-0.0037048560
12.75  		0.0000522763 		+0.0000219420
12.9  		-0.1209421843 		-0.0339911244
13.05  		0.0033376182 		+0.0066156628
13.2  		-0.0063573598 		+0.0108851760
13.35  		0.2118771509 		+0.0994713782
13.5  		0.0273700986 		+0.0764939704
13.65  		0.2276486251 		-0.1541276109
13.8  		-0.1116288662 		+0.1482999203
13.95  		0.0158637587 		-0.1070738014
14.1  		-0.0276412419 		-0.0636434618
14.25  		0.1095614886 		-0.2592593015
14.4  		0.0769139885 		-0.0627878248
14.55  		0.0011002688 		-0.0010414270
14.7  		0.0695811035 		-0.0051040461
14.85  		-0.0063228745 		+0.0008878748
