0  		1.0000000007 		+0.0000000000
0.15  		0.9999990296 		-0.0000555955
0.3  		0.9999990933 		-0.0001479171
0.45  		0.9998833046 		+0.0001674725
0.6  		0.9985426989 		-0.0009954739
0.75  		0.9999134944 		-0.0037735835
0.9  		0.9985714123 		+0.0055858798
1.05  		0.9976677739 		+0.0048557541
1.2  		0.9917270497 		+0.0225756168
1.35  		0.9990911567 		+0.0075296827
1.5  		0.9984559651 		+0.0008595186
1.65  		0.9975954023 		-0.0078196004
1.8  		0.9951875687 		-0.0050039812
1.95  		0.9713195499 		-0.0093532275
2.1  		0.9834245379 		-0.0100619882
2.25  		0.8255723935 		-0.0086763600
2.4  		0.8543853743 		-0.0042501308
2.55  		0.6981669743 		+0.0429173145
2.7  		0.9570555093 		-0.0049250197
2.85  		0.9696292944 		-0.0017968680
3  		0.9522855841 		-0.0146173690
3.15  		0.8548512709 		+0.0227910212
3.3  		0.9603900102 		+0.0328976943
3.45  		0.9359291837 		-0.0072645851
3.6  		0.6078279723 		+0.1029099086
3.75  		-0.5512917045 		-0.0627211611
3.9  		0.3276746764 		+0.0035247005
4.05  		0.9401262926 		-0.0315709626
4.2  		0.9299470706 		-0.0040965530
4.35  		0.5094067807 		-0.0493592614
4.5  		0.8598209320 		+0.2320445516
4.65  		0.7008518047 		+0.0898888264
4.8  		0.5905245222 		+0.0615339373
4.95  		0.0348707792 		+0.2436451530
5.1  		0.1841042593 		-0.0262569385
5.25  		0.6336273645 		-0.0535807738
5.4  		0.9110742074 		-0.0436560394
5.55  		0.8284294665 		+0.2426265376
5.7  		0.5103123918 		+0.0754932391
5.85  		-0.0605055931 		+0.0132173439
6  		-0.3370562373 		-0.6888064716
6.15  		0.8342661984 		-0.1665525484
6.3  		0.7917596591 		+0.1062374773
6.45  		0.6113873321 		-0.3928761498
6.6  		0.8354611319 		-0.0701491521
6.75  		0.7766977347 		-0.0635306006
6.9  		0.6688701298 		-0.2001946069
7.05  		0.3565692381 		+0.0047032366
7.2  		0.5308505255 		+0.0949630288
7.35  		0.6529365830 		+0.0730605277
7.5  		0.1650329910 		-0.0534216924
7.65  		-0.4551349128 		-0.0366637189
7.8  		0.2547131160 		-0.1226174525
7.95  		0.0453186010 		+0.1853775248
8.1  		0.1020790534 		-0.1042806993
8.25  		-0.1693901082 		+0.0634268029
8.4  		0.1943719964 		-0.0661048992
8.55  		-0.0441252807 		-0.0712041457
8.7  		0.3853840890 		-0.1400993174
8.85  		-0.0269964623 		+0.0319474731
9  		-0.5441327368 		-0.0442671904
9.15  		0.6183610611 		-0.0354732460
9.3  		0.0955171994 		-0.0217761817
9.45  		-0.1763803221 		-0.0244981866
9.6  		0.3477875244 		+0.0939086600
9.75  		0.0521653628 		-0.1612266592
9.9  		0.2974836675 		+0.0267800089
10.05  		0.3804862328 		-0.0009946905
10.2  		0.0643328755 		+0.0234802097
10.35  		0.2165939938 		+0.0199228492
10.5  		0.0367826090 		-0.0287473159
10.65  		0.1296628574 		+0.0431503196
10.8  		-0.1671763123 		+0.1252816347
10.95  		-0.0927087784 		+0.1616497530
11.1  		-0.1625073929 		+0.3260907371
11.25  		-0.0265351622 		+0.0184738722
11.4  		0.0200919184 		+0.0236689001
11.55  		0.4167175435 		+0.0081866113
11.7  		-0.0939044765 		-0.0563350614
11.85  		0.3437726454 		+0.0876603656
12  		-0.0548491533 		+0.0357332996
12.15  		0.0608663845 		+0.0316979950
12.3  		0.1505529755 		-0.1270287877
12.45  		0.1682044781 		+0.0826348413
12.6  		-0.1046041707 		-0.0335410012
12.75  		0.1721840612 		-0.0212391024
12.9  		0.1216429454 		-0.0442003929
13.05  		0.0331178051 		-0.0242115638
13.2  		-0.4413356393 		+0.1197628517
13.35  		-0.2260456910 		-0.2125869915
13.5  		0.5963396724 		+0.0800708613
13.65  		0.2647948673 		-0.0283682622
13.8  		0.6927826433 		+0.3707960043
13.95  		0.4852980721 		-0.2064813838
14.1  		0.5107752315 		-0.1299765035
14.25  		0.2406824280 		+0.0377146112
14.4  		0.6487072907 		-0.0673560165
14.55  		0.1634578601 		+0.0083114779
14.7  		0.1086876075 		+0.0097766616
14.85  		0.2871742653 		+0.0529877588
