0  		1.0000000008 		-0.0000000000
0.15  		0.9969236892 		-0.0004483918
0.3  		0.9743235689 		-0.0077008687
0.45  		0.9996874393 		+0.0016371466
0.6  		0.9803744405 		+0.0014303073
0.75  		0.9506895736 		+0.0123096321
0.9  		0.9854293691 		-0.0075395480
1.05  		1.0304196775 		-0.0075989769
1.2  		0.9739312825 		+0.0198251840
1.35  		-0.1027181606 		+0.0008107705
1.5  		0.9327729286 		+0.0579728403
1.65  		0.5123794033 		-0.0022871340
1.8  		-0.2242803975 		+0.0668106209
1.95  		-0.2698526699 		+0.1707474125
2.1  		0.9201753981 		-0.0898444349
2.25  		0.9335886335 		+0.0308085297
2.4  		0.3734466649 		+0.0175310224
2.55  		0.6406215540 		+0.0266043437
2.7  		0.9299234066 		-0.0564356207
2.85  		0.4701641583 		-0.1206042351
3  		-0.2447454835 		+0.1577890541
3.15  		0.0974478524 		+0.3769814369
3.3  		-0.0387159064 		-0.0371832783
3.45  		0.6554621436 		-0.0620176575
3.6  		0.4281548978 		+0.0010131736
3.75  		0.7134710985 		+0.1235147150
3.9  		0.0393635277 		+0.0046933492
4.05  		0.0007959200 		+0.0004583099
4.2  		0.1991897904 		+0.0445987005
4.35  		0.2866124868 		+0.0255992863
4.5  		0.4761177155 		+0.0030266557
4.65  		-0.2204232683 		+0.0668406082
4.8  		-0.1114527145 		+0.0381924873
4.95  		0.0440065493 		+0.0449359962
5.1  		-0.4361573727 		-0.0425817968
5.25  		-0.4378306291 		-0.0558243366
5.4  		0.7003971837 		+0.1178880511
5.55  		0.3938251774 		+0.0006409270
5.7  		0.3437305418 		-0.0055949325
5.85  		0.0309099186 		+0.0048702702
6  		0.6713582902 		+0.1677131993
6.15  		0.3064448524 		-0.0387018143
6.3  		0.0392854904 		+0.0275929244
6.45  		-0.0078224752 		+0.0047431908
6.6  		0.3432370217 		+0.0385605102
6.75  		0.0368936801 		-0.0278411484
6.9  		0.2476641767 		-0.0187494929
7.05  		0.1515560461 		+0.0094587284
7.2  		-0.1825788804 		-0.0852595114
7.35  		-0.6997579671 		+0.0280989905
7.5  		0.4755706698 		+0.1394342124
7.65  		0.5818369126 		-0.1165468801
7.8  		0.0893356533 		-0.0332043337
7.95  		-0.5754065952 		-0.0777505245
8.1  		0.3899352260 		-0.0134723312
8.25  		0.1811799827 		-0.0148891472
8.4  		-0.1233041263 		+0.0561165606
8.55  		0.3002721804 		-0.1284591233
8.7  		-0.0107070427 		-0.0950364784
8.85  		-0.2739695783 		+0.0670876774
9  		0.1176022588 		-0.0758279828
9.15  		0.2080167197 		-0.0854277177
9.3  		-0.2099409985 		-0.1024759562
9.45  		-0.1317239123 		+0.0722949941
9.6  		0.1950904706 		-0.0811403369
9.75  		0.3958473070 		+0.0357040075
9.9  		0.3402532760 		+0.0355965752
10.05  		0.0025940376 		-0.0086280815
10.2  		0.0604312166 		+0.0110532765
10.35  		0.1107922267 		+0.1842060455
10.5  		0.0018840320 		-0.0014389095
10.65  		0.0116741166 		+0.0049377952
10.8  		-0.0250461870 		+0.0054454060
10.95  		0.0294212993 		+0.0273478528
11.1  		-0.0050172288 		+0.0070252107
11.25  		0.0087898575 		-0.0068322281
11.4  		0.1284674857 		+0.1090966378
11.55  		0.0376063124 		-0.0296737422
11.7  		0.0898206376 		+0.0518695682
11.85  		-0.0353569563 		-0.0104947618
12  		0.0017158390 		+0.0013749072
12.15  		0.0593479370 		+0.0268255390
12.3  		0.0004135958 		+0.0002922019
12.45  		0.0111533473 		-0.0049700757
12.6  		0.0023288173 		-0.0012741392
12.75  		-0.0160302718 		-0.0158750236
12.9  		0.0072476299 		-0.0467430269
13.05  		0.0028147818 		-0.0089943177
13.2  		0.0020193947 		-0.0012935890
13.35  		-0.0259259896 		-0.0113386109
13.5  		-0.0078885667 		+0.0061815074
13.65  		0.0150513517 		+0.0047518011
13.8  		0.0007819377 		-0.0005598644
13.95  		-0.0266072463 		+0.0244320690
14.1  		-0.0139713260 		-0.0219501374
14.25  		-0.0071072651 		+0.0131410210
14.4  		0.0047668727 		+0.0059538666
14.55  		-0.0064949440 		-0.0157668037
14.7  		-0.0020438728 		-0.0002881876
14.85  		0.0007702247 		-0.0003983596
