0  		1.0000000007 		+0.0000000000
0.15  		0.8191031297 		-0.0106184983
0.3  		0.9947057807 		+0.0091516491
0.45  		0.2237817102 		+0.0217780892
0.6  		0.7590451067 		-0.1648369423
0.75  		0.1000366075 		-0.0041856774
0.9  		-0.0153443600 		+0.3904391958
1.05  		0.4378471420 		+0.0106100802
1.2  		0.1410643611 		-0.7312812373
1.35  		0.2396555933 		+0.6658349089
1.5  		0.0990505489 		-0.6297643777
1.65  		0.3364856211 		-0.8782756630
1.8  		0.9307111203 		+0.2706252171
1.95  		0.0513311446 		-0.4528437169
2.1  		-0.2202282522 		-0.2527891061
2.25  		0.9095294490 		-0.2640109907
2.4  		0.6148414804 		-0.1569499306
2.55  		-0.5412286665 		-0.0961541711
2.7  		-0.2615067570 		+0.0244701002
2.85  		0.4057763569 		-0.0952462843
3  		0.5607561802 		+0.0037201051
3.15  		0.2088493637 		-0.0809427993
3.3  		0.0658442859 		+0.0001271710
3.45  		0.6765850020 		+0.0132742077
3.6  		0.6705417808 		-0.0088462922
3.75  		0.6208439511 		-0.2415855458
3.9  		-0.0227236752 		+0.0667484321
4.05  		-0.7586465577 		-0.1228937475
4.2  		-0.0621434645 		+0.0357629989
4.35  		0.6840726167 		-0.0288781808
4.5  		-0.0736355710 		+0.4425138808
4.65  		-0.3455399241 		+0.2510644482
4.8  		0.1236976679 		-0.2114494928
4.95  		0.2921025182 		+0.3258906658
5.1  		-0.0440241253 		-0.6595506422
5.25  		-0.0437840833 		+0.1401299342
5.4  		0.2936706587 		-0.4144833831
5.55  		-0.2768601203 		-0.0320459312
5.7  		0.4670193898 		+0.2583482708
5.85  		-0.2191668079 		-0.0317745062
6  		0.7086981848 		+0.0482542105
6.15  		0.5877599502 		+0.0447864113
6.3  		0.2458472115 		+0.0529605562
6.45  		0.4280954304 		-0.0041725706
6.6  		0.0563299744 		+0.0165917873
6.75  		0.1230842120 		+0.1121482117
6.9  		0.1424065441 		-0.0551602037
7.05  		-0.1380302249 		+0.0616434580
7.2  		0.3942716637 		+0.0048911109
7.35  		0.2695853849 		+0.0307739205
7.5  		0.0397855675 		+0.1002762025
7.65  		0.2597807278 		-0.0731016241
7.8  		-0.0504377504 		+0.0405612923
7.95  		-0.1703071859 		-0.1872660569
8.1  		0.2385513067 		-0.1199964948
8.25  		0.0824331716 		-0.0311022387
8.4  		0.0474571400 		-0.0011880023
8.55  		-0.2422970318 		+0.1572750923
8.7  		-0.0211870918 		+0.0359662509
8.85  		0.2509448525 		+0.0709429014
9  		0.6140609121 		+0.1589623488
9.15  		-0.0267833983 		+0.0079493590
9.3  		-0.0553265254 		+0.0047519789
9.45  		0.1757596500 		-0.0282907301
9.6  		-0.0003326064 		-0.0005839289
9.75  		-0.0262406911 		+0.0138734940
9.9  		0.1826757177 		-0.0436511994
10.05  		-0.0329192199 		+0.0266391040
10.2  		-0.1020260757 		-0.0731698100
10.35  		-0.1124616821 		+0.0510184785
10.5  		0.0004515960 		-0.0035423638
10.65  		-0.0028374265 		-0.0010437270
10.8  		-0.3518564730 		+0.0588970970
10.95  		-0.0045727941 		-0.0113840874
11.1  		0.5098084666 		-0.3729145558
11.25  		0.1978907828 		-0.0766458726
11.4  		-0.0802836489 		+0.0204129247
11.55  		-0.2851711337 		+0.0518899796
11.7  		0.2792466478 		+0.1062367535
11.85  		0.3462335263 		-0.0614069598
12  		0.2759084110 		+0.1352864033
12.15  		0.0517261120 		+0.0784334949
12.3  		0.1334423170 		-0.1155143276
12.45  		0.0088089907 		-0.0172213427
12.6  		-0.5295307114 		-0.0468676151
12.75  		-0.3478079985 		-0.1606660716
12.9  		-0.0855491509 		-0.0060947471
13.05  		0.0817837978 		-0.0210064348
13.2  		0.5365773893 		+0.0811343638
13.35  		0.3405024026 		+0.1738936401
13.5  		0.0000451260 		+0.0144812061
13.65  		-0.3990908280 		-0.0260331201
13.8  		-0.2808619059 		+0.0013104014
13.95  		0.0926838686 		-0.0178305439
14.1  		-0.0423916162 		+0.0323967189
14.25  		-0.1252253553 		+0.1955160540
14.4  		0.0174800776 		-0.0009024799
14.55  		0.0043042059 		-0.0058266731
14.7  		0.0830735621 		+0.0424803077
14.85  		0.2046972004 		-0.0959715286
