0  		1.0000000001 		+0.0000000000
0.15  		0.9999985750 		-0.0000005426
0.3  		0.9999978552 		+0.0000692703
0.45  		0.9999468333 		+0.0005508814
0.6  		0.9999742452 		+0.0015963308
0.75  		0.9997847682 		+0.0025415685
0.9  		0.9998358089 		+0.0032990570
1.05  		0.9993489265 		+0.0043664332
1.2  		0.9155731569 		-0.0298843655
1.35  		0.9953827398 		+0.0045536216
1.5  		0.9923178368 		+0.0092883226
1.65  		0.9549513303 		-0.0345577012
1.8  		0.9961260565 		+0.0070639370
1.95  		0.9847623982 		+0.0097292762
2.1  		0.9922049588 		+0.0069809674
2.25  		0.9807126561 		+0.0705399406
2.4  		0.9797077591 		+0.0212501063
2.55  		0.9872587787 		-0.0328221915
2.7  		0.9589570786 		-0.0930871105
2.85  		0.4788146038 		-0.0763652522
3  		0.7698422015 		-0.2275483786
3.15  		0.8018642827 		+0.0215591795
3.3  		0.9072955784 		-0.0027563283
3.45  		0.8661252048 		-0.0604566826
3.6  		0.9211087095 		+0.1285204345
3.75  		0.9579691511 		-0.1325895012
3.9  		0.9200503529 		-0.0361223563
4.05  		0.9642420338 		-0.0100219677
4.2  		0.3553914201 		+0.0131899209
4.35  		0.6781660745 		-0.0471961288
4.5  		0.4142871510 		-0.0272075786
4.65  		0.8153593323 		-0.0706980653
4.8  		0.9248069655 		-0.0802621004
4.95  		0.2084747756 		+0.1169170141
5.1  		0.7967382831 		+0.2160864713
5.25  		0.8423241853 		-0.0280016468
5.4  		0.2158706859 		+0.5376960685
5.55  		0.7485669318 		+0.0300087600
5.7  		0.8912008900 		-0.0655541094
5.85  		0.8931721872 		-0.0994618269
6  		0.2027444939 		+0.0405897732
6.15  		0.8611799125 		+0.0241878237
6.3  		0.3897695400 		+0.0337446302
6.45  		0.8017758460 		-0.1293255285
6.6  		0.4432814821 		-0.0323572486
6.75  		0.5954324564 		+0.0853142489
6.9  		0.4293524597 		-0.2679298337
7.05  		-0.3343760118 		+0.1886060403
7.2  		0.0199030204 		+0.0087952937
7.35  		0.4008291306 		+0.0163563479
7.5  		0.0371196973 		-0.0016450391
7.65  		0.0541660803 		-0.0072408280
7.8  		0.1385982408 		-0.0103124399
7.95  		0.2235666258 		-0.1740537475
8.1  		0.7595080699 		-0.0346457382
8.25  		0.8035494310 		-0.0286916479
8.4  		0.7805988134 		+0.0249101155
8.55  		0.5298297198 		+0.0242783185
8.7  		-0.3153210589 		-0.1129215980
8.85  		0.6168481310 		+0.1085721650
9  		0.0157620814 		+0.0049022966
9.15  		0.5330649218 		-0.0286492432
9.3  		0.3203809055 		+0.0113094811
9.45  		0.6780086627 		+0.0079039422
9.6  		0.6034294555 		-0.0573428040
9.75  		-0.2141794355 		+0.0211619798
9.9  		-0.0102681780 		-0.0247580267
10.05  		0.0125175648 		-0.0022690631
10.2  		0.0178902809 		+0.0360638378
10.35  		0.0942813419 		+0.0445211039
10.5  		-0.0146598420 		-0.0229295786
10.65  		-0.1069324123 		-0.0368544692
10.8  		0.4611803900 		-0.1135192018
10.95  		0.4367975091 		-0.1013659027
11.1  		0.1071855893 		-0.0731054621
11.25  		0.3971298285 		-0.1278470143
11.4  		0.6214561727 		+0.3216414235
11.55  		0.3804156009 		-0.0443689303
11.7  		0.3519827257 		+0.2705044818
11.85  		0.3729085437 		+0.0339826192
12  		0.0531085072 		-0.2527185855
12.15  		0.2176327758 		+0.1051391096
12.3  		0.4930751064 		-0.1365767196
12.45  		0.3582551438 		+0.0363496188
12.6  		0.3098903535 		+0.1341918320
12.75  		0.1049472110 		-0.1951126444
12.9  		0.0892601825 		-0.0324237034
13.05  		-0.0125813219 		-0.0136032450
13.2  		0.0324622105 		-0.0278261145
13.35  		0.0114174701 		-0.0103063393
13.5  		-0.0261285419 		+0.0115789446
13.65  		0.0262964921 		-0.0017890194
13.8  		0.0053672457 		+0.0113006380
13.95  		-0.0122687834 		+0.0039570616
14.1  		-0.0149727813 		+0.0035847394
14.25  		0.2756649323 		+0.1535490187
14.4  		0.1780600853 		+0.0576566470
14.55  		0.0282433369 		+0.0026876706
14.7  		-0.0911178045 		-0.0096300532
14.85  		-0.1378473418 		+0.0218915561
