0  		1.0000000000 		-0.0000000000
0.15  		0.9999893184 		+0.0000940176
0.3  		0.9999598736 		+0.0000415357
0.45  		0.9996985372 		-0.0001030335
0.6  		0.9384161353 		-0.0091171198
0.75  		0.9380235918 		-0.0058710944
0.9  		0.9898901192 		+0.0019426948
1.05  		0.8274103610 		-0.2510792405
1.2  		0.2428488984 		+0.0411507179
1.35  		0.9809303003 		-0.0145348056
1.5  		0.9561071174 		+0.0244286623
1.65  		0.7168560566 		-0.1744316915
1.8  		0.5953276230 		+0.0048760341
1.95  		0.2246331419 		-0.0383091521
2.1  		0.8837759424 		+0.0347696594
2.25  		0.8117379616 		+0.0914267686
2.4  		0.9680917528 		-0.0099420418
2.55  		0.9557887999 		+0.1299253522
2.7  		0.7946456688 		-0.4330596918
2.85  		0.9029348858 		+0.0804042577
3  		0.9081647328 		+0.0855631303
3.15  		0.4317191762 		-0.0369906311
3.3  		0.7372498608 		+0.0385574178
3.45  		0.5407434979 		-0.0620322873
3.6  		0.4164153973 		-0.1016340656
3.75  		-0.6931239230 		-0.0206565979
3.9  		0.3138031084 		-0.3191103738
4.05  		0.7576302937 		+0.0805391453
4.2  		0.7724415459 		+0.2259814225
4.35  		0.8241053851 		-0.1320075361
4.5  		0.2915315333 		-0.0907571960
4.65  		0.6360317268 		-0.3842833556
4.8  		-0.0732685376 		-0.1519900642
4.95  		-0.3161025056 		+0.0118281370
5.1  		-0.1276243563 		-0.3862732813
5.25  		0.1814368528 		+0.2530203601
5.4  		0.2355066607 		+0.0804000035
5.55  		-0.3695751393 		-0.0214874653
5.7  		0.5859881625 		+0.1854381285
5.85  		0.4012303794 		+0.1628442062
6  		0.0844140108 		+0.0065392362
6.15  		-0.1009283002 		-0.0338541432
6.3  		0.3265788127 		-0.1111416965
6.45  		0.4683654510 		-0.0998243643
6.6  		0.3181953499 		-0.0300265530
6.75  		0.7830455280 		-0.0619462329
6.9  		-0.0685159389 		-0.0066560099
7.05  		0.7080999445 		+0.0432087198
7.2  		0.5718421678 		-0.1648283770
7.35  		0.7881288804 		-0.0525083297
7.5  		0.5156846239 		+0.0118787753
7.65  		0.7071748373 		+0.0817712531
7.8  		0.4013673255 		+0.0007872091
7.95  		-0.0016974615 		-0.0336121468
8.1  		0.1564046323 		+0.0655595318
8.25  		0.4116697714 		+0.0590873733
8.4  		0.1785948931 		-0.0979862555
8.55  		0.0470576227 		-0.0356891951
8.7  		0.1436263953 		-0.0083399583
8.85  		0.5545575481 		+0.1000470220
9  		0.3027685687 		-0.0331032374
9.15  		-0.0183072650 		+0.0020330644
9.3  		-0.0203665356 		+0.0044399034
9.45  		0.1978836152 		-0.0191179056
9.6  		0.3464613836 		-0.0814067151
9.75  		0.1140037020 		+0.0332796960
9.9  		0.3275846925 		+0.1509969983
10.05  		0.3796843632 		-0.0958398005
10.2  		0.3328265184 		-0.2384957170
10.35  		0.1032631594 		+0.3425871188
10.5  		0.2868427676 		-0.2925555105
10.65  		0.4637439218 		-0.1053294148
10.8  		0.2920444389 		+0.0893979243
10.95  		0.0246573941 		-0.1842473672
11.1  		0.6008239110 		-0.2647844879
11.25  		0.1620040655 		+0.0333772540
11.4  		0.0720855085 		+0.0893297187
11.55  		0.5962823121 		+0.0039984346
11.7  		-0.4466238930 		+0.2085112787
11.85  		0.4333466593 		+0.2038201073
12  		0.1986764662 		+0.1264546451
12.15  		0.2924202757 		-0.0264410758
12.3  		0.1705665795 		+0.0045779052
12.45  		0.1045697483 		+0.0528078642
12.6  		-0.2602869383 		+0.0128975885
12.75  		0.2740897097 		+0.3802095902
12.9  		0.2152812681 		-0.2079887209
13.05  		0.1949023948 		+0.1078952051
13.2  		0.1522370402 		-0.0206606648
13.35  		-0.2248001247 		+0.0154850228
13.5  		0.0177471276 		+0.0011668232
13.65  		-0.0425356057 		+0.0162885759
13.8  		0.0711777582 		-0.0266367130
13.95  		0.0714606365 		+0.0554135225
14.1  		0.0272869408 		+0.0332147234
14.25  		0.0238845471 		-0.0027688279
14.4  		-0.0838480054 		+0.0130651563
14.55  		0.0074087976 		+0.0761551031
14.7  		-0.0168076722 		-0.0016772215
14.85  		0.0421620337 		+0.0233914216
