0  		1.0000000010 		+0.0000000000
0.15  		0.9999852060 		-0.0037095929
0.3  		0.9996017106 		-0.0030024749
0.45  		0.9981466678 		+0.0269404330
0.6  		0.9506163948 		+0.2428808533
0.75  		0.9887243236 		+0.0680249109
0.9  		0.8900494233 		+0.1308353000
1.05  		0.9001400177 		-0.0597696313
1.2  		0.8755222039 		+0.0680807776
1.35  		0.9597173245 		-0.1294988521
1.5  		0.7696340688 		+0.4606842184
1.65  		0.1362468254 		+0.2555311934
1.8  		0.7679673734 		-0.1440816347
1.95  		-0.0311428282 		-0.4036102351
2.1  		0.0667844313 		-0.2844536618
2.25  		-0.0701062274 		-0.2489086289
2.4  		0.7358741872 		+0.2799597721
2.55  		0.5187447673 		-0.4238727550
2.7  		0.5685062238 		+0.3859374365
2.85  		-0.2891121488 		-0.6198965826
3  		-0.0224059646 		+0.0182662220
3.15  		0.0497156788 		+0.3368638515
3.3  		0.3044150819 		+0.4437762594
3.45  		0.4405803855 		+0.1401708729
3.6  		-0.0654095230 		-0.0970682624
3.75  		-0.5354294349 		+0.0093337756
3.9  		-0.1121581473 		+0.2873562790
4.05  		0.5986151967 		-0.4078036196
4.2  		-0.1816784577 		+0.0663002756
4.35  		-0.0730313972 		+0.2957179486
4.5  		-0.0136237294 		+0.1928586876
4.65  		0.1104532161 		+0.6477428347
4.8  		0.7181450142 		+0.3996063220
4.95  		-0.0724006125 		-0.6400054093
5.1  		0.0088679078 		+0.3781412989
5.25  		-0.0402085429 		-0.6013588128
5.4  		-0.0189555009 		-0.0035705114
5.55  		-0.0278732959 		-0.1558699080
5.7  		-0.2216670572 		-0.4677910587
5.85  		0.0776927241 		-0.1932161852
6  		0.3362471277 		-0.3697484931
6.15  		0.6122751581 		-0.0228191588
6.3  		0.5278759283 		+0.1952395892
6.45  		0.5046238150 		+0.3332668385
6.6  		0.0171952426 		+0.0008267943
6.75  		-0.0165901845 		+0.0766470029
6.9  		0.0017449522 		-0.0040219113
7.05  		-0.0374518042 		+0.0164617909
7.2  		0.0435255119 		+0.0204906401
7.35  		0.0092322489 		-0.0035444411
7.5  		-0.0742271144 		+0.0055389090
7.65  		0.0207933644 		-0.0129152083
7.8  		0.2843785577 		+0.0209032555
7.95  		0.0003561710 		+0.0004815123
8.1  		0.0351831530 		-0.0064524497
8.25  		-0.0526690207 		-0.0333513057
8.4  		0.2528101908 		-0.0394562059
8.55  		0.0353340032 		-0.0078256354
8.7  		0.1426721108 		-0.0032621679
8.85  		-0.0112838878 		+0.0114549606
9  		-0.0269651186 		-0.0200650333
9.15  		0.0036513898 		-0.0013671837
9.3  		0.2637033270 		-0.0415169124
9.45  		0.0261805481 		+0.0419010550
9.6  		0.0567470595 		-0.4513970317
9.75  		0.3839381216 		+0.0222114524
9.9  		-0.0779895836 		-0.0625716706
10.05  		-0.1072632003 		-0.1130831015
10.2  		-0.0112952889 		-0.0172577331
10.35  		-0.0321923156 		-0.1122198636
10.5  		-0.0374999875 		+0.0215073409
10.65  		0.0202181851 		+0.0669454898
10.8  		-0.0369171904 		+0.0353214959
10.95  		-0.0371672136 		-0.0132089314
11.1  		-0.0005418401 		-0.0005766896
11.25  		0.1980199384 		-0.2473825066
11.4  		0.0411695150 		+0.0386371801
11.55  		-0.0451708120 		+0.1301369154
11.7  		-0.0248727807 		-0.0098160724
11.85  		0.0065705404 		+0.0324609738
12  		-0.1695571499 		-0.0214309332
12.15  		0.1011849999 		-0.0991010125
12.3  		-0.0255723590 		+0.0546679657
12.45  		-0.0607297971 		-0.0882739376
12.6  		-0.0106689501 		-0.0271490498
12.75  		0.0190385047 		+0.0005878216
12.9  		-0.0069913507 		-0.1315674996
13.05  		0.4198725556 		+0.1244267302
13.2  		0.0118248781 		+0.0134855169
13.35  		0.0647872676 		+0.0158060338
13.5  		-0.0289955471 		+0.0149499354
13.65  		-0.0040659463 		+0.0026618998
13.8  		-0.0264448359 		+0.0796101526
13.95  		0.0304118568 		+0.0439404782
14.1  		-0.0089688500 		-0.0081735907
14.25  		0.2441124764 		+0.2215631238
14.4  		0.1852919469 		+0.1084763849
14.55  		0.0365374716 		-0.0879561726
14.7  		0.2348650429 		-0.3379627764
14.85  		0.2376503596 		-0.0565558939
