0  		1.0000000006 		+0.0000000000
0.15  		0.9999998250 		+0.0001860779
0.3  		0.9999947608 		+0.0005886812
0.45  		0.9999729691 		-0.0018297146
0.6  		0.9999251403 		-0.0025919984
0.75  		0.9996442790 		-0.0031075789
0.9  		0.9917487999 		+0.0159756306
1.05  		0.9452769692 		+0.2301479446
1.2  		0.9950972005 		-0.0009331299
1.35  		0.9308076393 		-0.0897734367
1.5  		0.9655118659 		-0.0249743551
1.65  		0.9878901292 		+0.0345517980
1.8  		0.9876882643 		+0.0300654542
1.95  		0.9712129790 		-0.0314071206
2.1  		0.9726028279 		+0.0088177481
2.25  		0.8668965945 		+0.0595263341
2.4  		0.8206806935 		+0.2071641728
2.55  		0.9607662599 		-0.1018541258
2.7  		0.9112474135 		-0.0586938877
2.85  		0.0385768102 		-0.0072740409
3  		0.8310389514 		+0.1115191995
3.15  		0.9099276481 		+0.0285544220
3.3  		0.6664623536 		+0.0059958136
3.45  		-0.3207119741 		+0.0328395487
3.6  		0.2554205440 		-0.0109684122
3.75  		0.6069078648 		+0.0343617933
3.9  		0.0703058479 		-0.0234985012
4.05  		0.5449527600 		+0.0406811337
4.2  		0.0419220766 		+0.0031560721
4.35  		0.3828887998 		-0.1411652940
4.5  		-0.0139387526 		+0.0013399864
4.65  		-0.0201104867 		-0.0020199764
4.8  		0.4676358408 		+0.0055809650
4.95  		0.0672620343 		-0.0948943341
5.1  		0.0565188308 		-0.2329586240
5.25  		-0.0299187606 		+0.1408942919
5.4  		-0.3632885613 		+0.0875196195
5.55  		0.4190598540 		+0.0164051824
5.7  		0.1645016158 		+0.1139493233
5.85  		0.0233399908 		-0.0552002921
6  		0.4196274195 		-0.0404030277
6.15  		0.1917712642 		-0.0243318603
6.3  		0.0918888180 		+0.0522437961
6.45  		-0.2396882159 		+0.0458212934
6.6  		-0.0691505214 		+0.1189535739
6.75  		0.1600597918 		+0.0200450170
6.9  		0.3013062197 		+0.2804360172
7.05  		0.3264423180 		-0.0522109659
7.2  		0.1684957390 		+0.0805125625
7.35  		0.0190399242 		+0.0181232498
7.5  		0.3568276927 		+0.0515334196
7.65  		0.1445383151 		-0.0512130298
7.8  		0.2719567739 		-0.1520128169
7.95  		0.1150752573 		+0.0063858743
8.1  		-0.0006459254 		-0.0004954017
8.25  		0.4350928145 		+0.0083423961
8.4  		-0.0324513097 		+0.0079310500
8.55  		0.0841601080 		-0.1122871353
8.7  		-0.0054552326 		-0.0082340519
8.85  		0.1454870359 		+0.0942671319
9  		0.2204112177 		+0.0849415074
9.15  		-0.2381507047 		-0.0081432516
9.3  		0.2736029054 		-0.0317735528
9.45  		-0.0062752503 		-0.0038637334
9.6  		0.0030605061 		-0.0024289695
9.75  		0.0868187513 		+0.0214867556
9.9  		-0.1345814021 		-0.1728369304
10.05  		0.0878709962 		-0.0496171037
10.2  		-0.0703230482 		+0.0511986201
10.35  		-0.0309248814 		-0.0094500193
10.5  		-0.0288832740 		-0.0112378091
10.65  		-0.0083482847 		+0.0000143077
10.8  		-0.0609694374 		+0.0046820950
10.95  		0.1892685449 		-0.0464993977
11.1  		0.3250383945 		-0.0756278564
11.25  		-0.1977926410 		-0.0524503092
11.4  		0.1391711929 		-0.0663159450
11.55  		0.1628242619 		+0.0973622434
11.7  		-0.1276249193 		+0.0064844773
11.85  		0.0640369552 		-0.0052652020
12  		-0.0216568624 		+0.0153970459
12.15  		-0.0070212418 		-0.0185484390
12.3  		0.1489148108 		+0.0575247537
12.45  		-0.1837976726 		-0.0202848302
12.6  		0.2851599930 		+0.0103737359
12.75  		-0.0991361178 		-0.0264981919
12.9  		0.2089706645 		+0.0210670049
13.05  		0.0178321019 		+0.0090441910
13.2  		0.1550717793 		+0.0510102426
13.35  		0.0050421677 		-0.0512303807
13.5  		-0.0045058173 		+0.0056297985
13.65  		0.0729766840 		-0.0160169843
13.8  		-0.0080468680 		+0.0003550153
13.95  		-0.0011141865 		-0.0001949483
14.1  		0.0254854394 		-0.0622624836
14.25  		0.0078769750 		+0.0008818221
14.4  		0.2030069169 		+0.0310570039
14.55  		0.0415484055 		-0.0519386594
14.7  		-0.2142182547 		+0.0543562354
14.85  		0.1267082229 		+0.1097999896
