0  		1.0000000006 		-0.0000000000
0.15  		0.9999998737 		+0.0000243885
0.3  		0.9999870988 		-0.0003540668
0.45  		0.9999151770 		-0.0007668805
0.6  		0.9998681465 		+0.0014121957
0.75  		0.9995968833 		-0.0052742844
0.9  		0.9997005663 		-0.0039733735
1.05  		0.9868299183 		-0.0085131632
1.2  		0.9933871923 		+0.0082510203
1.35  		0.9932563448 		+0.0246823671
1.5  		0.9749611692 		+0.0538038487
1.65  		0.6012314055 		-0.0628594798
1.8  		0.9643687501 		+0.0036697167
1.95  		0.9248658693 		-0.0339740847
2.1  		0.9511143898 		+0.0237787472
2.25  		0.7214870530 		+0.0480856199
2.4  		0.9418909889 		+0.0800743540
2.55  		0.9432275284 		+0.0104993634
2.7  		0.9428491914 		-0.0959182399
2.85  		0.9394849699 		-0.0913285190
3  		0.4269769795 		+0.0164778158
3.15  		0.8126429842 		+0.2836607996
3.3  		0.3074606064 		-0.4561448931
3.45  		0.5188492381 		+0.3271138098
3.6  		0.6404663557 		-0.1791669718
3.75  		0.3115965570 		-0.0074334973
3.9  		0.2977593106 		+0.0458921834
4.05  		0.6458736811 		+0.0899534030
4.2  		0.0373229646 		+0.0031848075
4.35  		0.6709681931 		+0.0691484854
4.5  		0.7980876539 		+0.1838761159
4.65  		0.1132169843 		+0.0508096184
4.8  		0.0132533862 		+0.0520896799
4.95  		0.2895082213 		+0.0846683438
5.1  		-0.5817777916 		-0.2297399303
5.25  		-0.1128334656 		+0.0268956101
5.4  		0.1424865524 		+0.0124765155
5.55  		0.6358451443 		+0.0598055244
5.7  		0.7097704750 		-0.0648026376
5.85  		0.4050565549 		+0.0080160839
6  		-0.4319646390 		-0.0228587591
6.15  		0.6268851485 		+0.1030068815
6.3  		0.8531442912 		+0.1043824445
6.45  		0.7148138443 		+0.0380642949
6.6  		-0.0791000666 		-0.0167392617
6.75  		0.3220432042 		-0.0198728541
6.9  		-0.0753279216 		-0.0241093091
7.05  		0.1168682651 		-0.0604066618
7.2  		-0.6513422399 		-0.1393070417
7.35  		0.6937239937 		-0.0780639475
7.5  		-0.0759859901 		-0.0032951247
7.65  		0.1589450935 		-0.0038098722
7.8  		0.7316405876 		-0.0032369400
7.95  		0.1861642581 		-0.1891753399
8.1  		-0.0917274953 		-0.1048517558
8.25  		0.4702612724 		-0.0198554297
8.4  		0.2749310428 		+0.0494775245
8.55  		0.3459611957 		-0.0310761714
8.7  		-0.3837778317 		-0.0041096733
8.85  		-0.0063783260 		-0.0020149067
9  		0.0569116890 		-0.0060369200
9.15  		0.3982952541 		+0.0060942373
9.3  		0.6007701578 		+0.0721144346
9.45  		0.5502530221 		-0.0891956222
9.6  		-0.1058705052 		-0.0695460181
9.75  		0.3441046269 		-0.0067164268
9.9  		0.1941617219 		+0.0495094475
10.05  		-0.1175486044 		-0.0714442917
10.2  		0.0408522487 		-0.0106738676
10.35  		0.1847775041 		+0.0523070029
10.5  		0.4676416516 		-0.2024900807
10.65  		0.2011257043 		+0.0533141626
10.8  		0.0186211005 		+0.0067962354
10.95  		0.1977125388 		-0.0365985996
11.1  		0.0021385572 		-0.0004741476
11.25  		0.0525774835 		-0.0094559588
11.4  		0.2274809579 		-0.0210649998
11.55  		-0.1303597227 		-0.0310854181
11.7  		-0.0082040658 		+0.0102864855
11.85  		0.0189247261 		+0.0118326404
12  		0.0366262783 		-0.0136598423
12.15  		-0.1272666201 		+0.0473127932
12.3  		-0.0229819294 		+0.0090332003
12.45  		-0.0738732774 		+0.0080057039
12.6  		-0.1573503058 		-0.0174226648
12.75  		-0.0013204346 		-0.0025421072
12.9  		0.0138464403 		+0.0028473298
13.05  		-0.1072086463 		-0.0616299802
13.2  		-0.1049888152 		+0.0286507585
13.35  		-0.0059643761 		+0.0001158106
13.5  		0.0100579723 		+0.0011536209
13.65  		0.0024128137 		-0.0010929471
13.8  		0.0217200906 		-0.0336811225
13.95  		0.0000051098 		+0.0001757800
14.1  		0.0023974919 		-0.0189521126
14.25  		-0.0090857986 		+0.0145383833
14.4  		0.1032049960 		-0.0678227294
14.55  		-0.0002552998 		-0.0004571400
14.7  		0.0271599275 		+0.0078354515
14.85  		0.0131748730 		+0.0133934071
