0  		1.0000000008 		-0.0000000000
0.15  		0.9999413535 		-0.0002176018
0.3  		0.9964904760 		-0.0004046293
0.45  		0.9998192569 		-0.0000621119
0.6  		0.9990775975 		-0.0017985795
0.75  		0.9993695523 		-0.0026107110
0.9  		0.9950583487 		+0.0003399065
1.05  		0.9969878732 		+0.0154489376
1.2  		0.9856525949 		+0.0005661967
1.35  		-0.2215454955 		-0.0013727423
1.5  		0.9616347763 		+0.0323857466
1.65  		-0.4798520518 		-0.0614121586
1.8  		0.9699533309 		+0.0123769963
1.95  		0.9627450924 		-0.0269876126
2.1  		0.9857139948 		-0.0096496614
2.25  		0.9636651588 		+0.1305059790
2.4  		0.9072751737 		-0.0956422520
2.55  		-0.0865870244 		+0.0000278967
2.7  		0.8256144439 		-0.0449296575
2.85  		0.9411019410 		+0.1356197281
3  		0.8584748510 		-0.0067388103
3.15  		0.8752927741 		+0.0110695999
3.3  		0.7121192002 		-0.0436580299
3.45  		0.7284776659 		-0.0149435403
3.6  		0.7737797066 		+0.0417402722
3.75  		0.8907044557 		+0.0537141475
3.9  		0.9225393184 		-0.0446366114
4.05  		-0.3921180531 		+0.0204766103
4.2  		0.6488607964 		-0.0132895447
4.35  		0.3092201388 		+0.0067955998
4.5  		0.8053381954 		-0.0282319476
4.65  		0.6903890921 		-0.0422196086
4.8  		0.8339642170 		+0.0853040846
4.95  		0.0114676300 		+0.0140565354
5.1  		0.5430319784 		-0.0778415951
5.25  		0.8199341842 		-0.1783791813
5.4  		0.8938008946 		-0.2553834845
5.55  		0.7902050591 		+0.2545326128
5.7  		0.2574393768 		-0.1213414133
5.85  		0.1019824782 		-0.0310396292
6  		0.3058799116 		-0.0123758939
6.15  		0.5289214708 		+0.0504555797
6.3  		-0.1245601918 		+0.0097413869
6.45  		0.6292844997 		-0.1150917730
6.6  		0.5202897680 		-0.0803772247
6.75  		0.1935887560 		+0.0160902610
6.9  		0.3133425315 		-0.0456458641
7.05  		0.0560695246 		+0.0053732109
7.2  		0.4370074207 		-0.1183609076
7.35  		0.4488258405 		-0.0170533422
7.5  		0.0511796047 		+0.2268754922
7.65  		0.5622632184 		-0.1808410512
7.8  		0.1387592051 		-0.2699838493
7.95  		0.6719237284 		-0.0653653018
8.1  		-0.2383143342 		+0.1163215848
8.25  		0.3745825497 		+0.1203539093
8.4  		0.5426544214 		+0.0065129824
8.55  		0.6576904689 		-0.1925005395
8.7  		0.6005241094 		+0.0271404920
8.85  		0.7772615343 		-0.1320796791
9  		0.6500995345 		+0.0691915521
9.15  		0.4861037113 		+0.1125912835
9.3  		-0.4836334284 		-0.0555338945
9.45  		0.3707849163 		+0.0824668195
9.6  		0.4099587238 		-0.0462907780
9.75  		-0.1343570335 		+0.0996328143
9.9  		0.0364736424 		-0.0087513557
10.05  		0.2941217262 		-0.0394481613
10.2  		0.1525848726 		+0.0447195498
10.35  		0.0254042402 		-0.0359758167
10.5  		0.3167913402 		+0.0902445507
10.65  		-0.0924898209 		+0.0049115397
10.8  		0.1108685027 		+0.0534419273
10.95  		0.1262785789 		+0.0199350868
11.1  		0.2613677358 		+0.0955595143
11.25  		-0.1603252228 		+0.1763333498
11.4  		0.0447123512 		+0.0278448655
11.55  		-0.0108513048 		-0.0019047944
11.7  		0.0222241521 		-0.0271376196
11.85  		0.1013720406 		+0.0151307347
12  		-0.1057258001 		+0.0522061102
12.15  		-0.0162722373 		-0.1439994185
12.3  		-0.0303345982 		+0.0424216880
12.45  		0.0930599793 		-0.0180613506
12.6  		-0.0467652211 		+0.0725103408
12.75  		-0.0009481167 		-0.0004837212
12.9  		-0.0923073990 		+0.0395142460
13.05  		-0.0497249577 		-0.0013267671
13.2  		0.0954881035 		-0.1024151327
13.35  		0.0234835057 		-0.0181019309
13.5  		0.0893795526 		-0.0114215098
13.65  		-0.0390838583 		+0.0394564360
13.8  		-0.0090425882 		+0.0064819751
13.95  		-0.0090123967 		-0.0850952106
14.1  		0.0566755462 		-0.0004710514
14.25  		-0.0268310576 		+0.0119955684
14.4  		0.0022346867 		+0.0714957811
14.55  		-0.0013287992 		+0.0018697423
14.7  		0.0053924040 		-0.0080584109
14.85  		0.0202556159 		+0.0367644956
