0  		1.0000000001 		+0.0000000000
0.15  		0.9998647885 		+0.0001972012
0.3  		0.9998715933 		-0.0052088383
0.45  		0.9994430507 		+0.0028995956
0.6  		0.9936704299 		+0.0188641437
0.75  		0.9931938383 		+0.0158421987
0.9  		0.8259303872 		-0.0109258895
1.05  		0.9705852745 		+0.0324572143
1.2  		0.9785782628 		+0.0129103437
1.35  		0.5446344946 		+0.0573216831
1.5  		0.0769414594 		-0.0344272485
1.65  		0.9522845481 		-0.1092632798
1.8  		0.8931280507 		+0.0976159984
1.95  		0.8981771496 		+0.0997991741
2.1  		0.6888645198 		-0.2346747512
2.25  		0.6655459989 		+0.2983112938
2.4  		0.0790153821 		-0.0033145566
2.55  		-0.0131861504 		-0.5500196195
2.7  		0.0710194404 		-0.3437548871
2.85  		-0.0503562771 		-0.0307793041
3  		0.1338399889 		-0.0438554935
3.15  		0.5026450884 		-0.0364820260
3.3  		0.4423158787 		-0.0545646690
3.45  		0.1501787811 		-0.0746490449
3.6  		0.2755031756 		+0.1540030763
3.75  		0.2335008138 		-0.0915544058
3.9  		0.4250250924 		+0.0960586190
4.05  		0.0774516936 		-0.1593331591
4.2  		0.1355328876 		-0.0141621664
4.35  		0.5369868421 		-0.2118401687
4.5  		0.4479145006 		+0.2454117212
4.65  		-0.0432617202 		+0.0121019094
4.8  		0.3145445037 		+0.0910321918
4.95  		0.1496431419 		-0.0403583719
5.1  		0.0692074745 		-0.0334339022
5.25  		-0.2366082852 		+0.2046093185
5.4  		-0.1973787498 		+0.0239308965
5.55  		0.2040827293 		-0.0138109430
5.7  		0.5291474549 		-0.2378234257
5.85  		0.5344835326 		+0.0542645927
6  		0.5928026961 		+0.1056021812
6.15  		-0.2051314608 		-0.0283597702
6.3  		0.6974973713 		-0.1042964415
6.45  		0.4785913226 		-0.0952097431
6.6  		0.0269666793 		+0.0117449353
6.75  		0.0451325184 		+0.0149192124
6.9  		0.2541492364 		-0.0521220845
7.05  		0.3908070304 		+0.0714237374
7.2  		-0.1632991486 		+0.0064217074
7.35  		0.1261258073 		+0.5404845519
7.5  		0.0354290741 		+0.3138379785
7.65  		-0.3017373133 		+0.0803747287
7.8  		0.0333324053 		-0.0321743660
7.95  		0.1576738197 		+0.0276251623
8.1  		0.0051766372 		+0.0213583101
8.25  		0.0167607969 		-0.0146629405
8.4  		-0.2462368282 		-0.0761500884
8.55  		0.0655127192 		+0.0011267227
8.7  		0.2164903102 		+0.0245602532
8.85  		-0.0529516564 		-0.0010095346
9  		0.1462239900 		-0.0095521146
9.15  		0.1545633487 		-0.0092825721
9.3  		0.5767015868 		-0.0022461425
9.45  		0.5300963867 		-0.2105742409
9.6  		0.0426641594 		-0.0125012321
9.75  		0.0079279275 		+0.1552637739
9.9  		-0.0408877826 		+0.0077123989
10.05  		0.1455611902 		+0.0824100360
10.2  		-0.1515426928 		-0.0452979755
10.35  		-0.0454640379 		-0.0137324446
10.5  		0.2342601435 		-0.3135827096
10.65  		0.2886190782 		-0.1383546623
10.8  		0.0390787943 		+0.0002956214
10.95  		-0.1619125480 		-0.0618861388
11.1  		-0.0211690096 		+0.0067038729
11.25  		0.1245060500 		+0.1070274833
11.4  		0.0152953338 		-0.0258542925
11.55  		0.3646112238 		-0.1665173385
11.7  		0.3203698591 		+0.1347081452
11.85  		-0.0343456616 		-0.0035820207
12  		0.1710277452 		+0.0508010319
12.15  		-0.0000787177 		-0.0038738391
12.3  		0.0142610628 		+0.0012750737
12.45  		0.0038343826 		-0.0017123015
12.6  		0.0042322996 		-0.0009704059
12.75  		0.0322732132 		-0.0701314230
12.9  		0.0168004505 		-0.0009652034
13.05  		0.0163769033 		-0.0002514317
13.2  		0.0347247880 		+0.0001113360
13.35  		-0.0140148636 		+0.0385032076
13.5  		-0.0011168902 		-0.0024507138
13.65  		0.0726309847 		-0.0321356849
13.8  		-0.0078009474 		+0.0001337350
13.95  		0.0001857789 		+0.0002909343
14.1  		0.0259307916 		+0.0692337250
14.25  		0.0322870619 		+0.0084748463
14.4  		0.0059309143 		+0.0138877201
14.55  		-0.0098425033 		+0.0051368520
14.7  		-0.0456339188 		+0.0409664191
14.85  		-0.0021994882 		-0.0077990376
