0  		1.0000000007 		-0.0000000000
0.15  		0.9999994162 		+0.0000119745
0.3  		0.9997446807 		+0.0003633922
0.45  		0.9999452170 		+0.0004330802
0.6  		0.9993812888 		+0.0014151404
0.75  		0.9942271862 		+0.0032529414
0.9  		0.9980271242 		-0.0014991856
1.05  		0.9822836132 		+0.0046345639
1.2  		0.9618446509 		-0.0014816865
1.35  		0.9815769048 		-0.0163093935
1.5  		0.9900045464 		+0.0120381103
1.65  		0.7441774013 		-0.0146298195
1.8  		0.9260314398 		-0.0335042181
1.95  		0.9539339415 		+0.0132485360
2.1  		0.2978271760 		-0.0177224377
2.25  		0.4589760817 		-0.0022319992
2.4  		0.8998837355 		+0.2134954191
2.55  		0.8846437009 		-0.1248773255
2.7  		0.8011108255 		-0.0523209522
2.85  		0.6891607990 		-0.0010752643
3  		0.3721264224 		+0.0025783748
3.15  		-0.1890434729 		-0.0149416401
3.3  		0.8031591416 		-0.0063189440
3.45  		0.9102195910 		+0.0376769790
3.6  		0.7930743415 		+0.0895353997
3.75  		0.6324295187 		+0.0280461845
3.9  		0.3030218408 		+0.0038045045
4.05  		0.7470440149 		-0.0811043889
4.2  		0.5642738482 		+0.0199606321
4.35  		0.5571921853 		-0.0423087000
4.5  		0.5848026044 		+0.0106560614
4.65  		0.6588715686 		+0.0706104373
4.8  		0.4541524401 		+0.0492752023
4.95  		0.2039574742 		-0.0006898407
5.1  		-0.3427341289 		-0.0861764571
5.25  		-0.1452522781 		+0.1450511840
5.4  		0.1950080459 		+0.0722682887
5.55  		0.0836072830 		-0.0001271390
5.7  		-0.0332944607 		+0.0012482030
5.85  		-0.0494486310 		+0.0076233993
6  		-0.0012332250 		-0.0009602161
6.15  		-0.0095746455 		+0.0004112387
6.3  		0.0590818859 		-0.0096915275
6.45  		0.0278295365 		-0.0064643455
6.6  		-0.0657792302 		+0.0080448812
6.75  		-0.4846897792 		+0.0392520952
6.9  		0.1062294920 		+0.0152562375
7.05  		0.5831077185 		-0.0392595188
7.2  		0.1283688515 		-0.0010031367
7.35  		-0.0052129909 		+0.0017200398
7.5  		-0.0809264012 		+0.0495304964
7.65  		0.1290336051 		-0.0009464741
7.8  		0.1734171130 		+0.0182069912
7.95  		0.3274579527 		+0.0232889537
8.1  		-0.6558210614 		-0.0599913506
8.25  		0.2763015644 		-0.0399218269
8.4  		0.5070607874 		-0.0185769425
8.55  		0.6185451554 		+0.0007657418
8.7  		0.8182146840 		-0.0281680046
8.85  		0.6858809511 		-0.0314041541
9  		0.5632959349 		-0.0415006346
9.15  		0.5862222421 		-0.1439345837
9.3  		0.1234809872 		+0.0525461426
9.45  		0.2224205081 		+0.0767164001
9.6  		0.3741032854 		+0.0047286537
9.75  		0.2139729291 		+0.0430280565
9.9  		0.0782977662 		-0.0159654252
10.05  		0.0154517815 		+0.0005678293
10.2  		0.0214580601 		+0.0086288150
10.35  		0.0153502473 		-0.0030111483
10.5  		0.0958418868 		+0.0165377777
10.65  		-0.0082559779 		-0.0179062841
10.8  		-0.0196510684 		+0.0130791754
10.95  		-0.0229880518 		-0.0128698552
11.1  		0.5144366449 		-0.0030492557
11.25  		0.0906201786 		+0.0319941624
11.4  		-0.0645993226 		-0.0199395608
11.55  		-0.0046513698 		-0.0002390929
11.7  		0.0876651934 		+0.0535211306
11.85  		0.1086968827 		-0.0133640870
12  		0.0082186703 		+0.0083458866
12.15  		0.0925159138 		-0.0028020956
12.3  		0.0115416275 		-0.0034189846
12.45  		0.0501407898 		+0.0311842113
12.6  		-0.0239457348 		+0.0029981376
12.75  		0.0007369525 		-0.0000462348
12.9  		-0.0060712986 		-0.0022925522
13.05  		-0.0015116818 		+0.0003231612
13.2  		0.2406240016 		-0.0169926825
13.35  		-0.0012301183 		-0.0028207601
13.5  		0.0050204555 		+0.0006035882
13.65  		0.2540099452 		-0.0042733282
13.8  		-0.0168422622 		+0.0059634870
13.95  		0.4677240153 		-0.1120121783
14.1  		0.0032970952 		+0.0008397545
14.25  		-0.0016362427 		+0.0003195800
14.4  		-0.0739620413 		+0.0487297661
14.55  		0.0967134221 		+0.0805751142
14.7  		-0.0210656422 		+0.0177366983
14.85  		0.0262121509 		+0.0447389334
