0  		1.0000000001 		+0.0000000000
0.15  		0.9999980510 		+0.0000219498
0.3  		0.9999976922 		-0.0003465457
0.45  		0.9999426633 		+0.0007059707
0.6  		0.9999490873 		-0.0008617313
0.75  		0.9999321910 		-0.0027035132
0.9  		0.9997716145 		+0.0037478857
1.05  		0.9973327252 		+0.0084957937
1.2  		0.9992917675 		-0.0011377279
1.35  		0.9987460029 		-0.0104256016
1.5  		0.9936022863 		+0.0073351127
1.65  		0.9932052280 		+0.0055366291
1.8  		0.9965355710 		+0.0056319166
1.95  		0.9787342059 		+0.0148921552
2.1  		0.9525575910 		-0.0144641052
2.25  		0.9925410585 		+0.0150046080
2.4  		0.9672806218 		-0.0551169341
2.55  		0.9456963230 		+0.0395784595
2.7  		0.8964947346 		+0.0197633058
2.85  		0.7902107902 		-0.3336277833
3  		0.8473772567 		+0.1144998065
3.15  		0.9088168435 		-0.0039429223
3.3  		0.8180296329 		+0.0447544549
3.45  		0.8988924673 		-0.0567778916
3.6  		0.4932645023 		-0.0407915387
3.75  		-0.3471288192 		+0.0187753632
3.9  		0.5641645466 		-0.1534882141
4.05  		0.0537126415 		-0.1437199146
4.2  		0.8311300659 		-0.0167934431
4.35  		-0.6977326763 		-0.3163047151
4.5  		0.9102753475 		-0.1145267676
4.65  		0.1063733990 		-0.0135012414
4.8  		0.4406407718 		-0.2962095214
4.95  		0.9193645851 		+0.0334165781
5.1  		0.8548212466 		+0.0180977983
5.25  		0.5422037257 		+0.0027574867
5.4  		0.8393500861 		+0.0708569979
5.55  		0.8477445166 		-0.0164878116
5.7  		0.7829749560 		-0.0089838549
5.85  		0.3818078363 		+0.0847751917
6  		0.8472383422 		+0.1222128557
6.15  		0.6539749790 		+0.0728729464
6.3  		0.9178923166 		-0.0944833603
6.45  		0.8280005982 		+0.2328136073
6.6  		0.3813108112 		-0.0918607872
6.75  		0.4253119953 		+0.6624002842
6.9  		0.7151222406 		+0.2548460677
7.05  		0.8836486176 		-0.1050647936
7.2  		0.7683715948 		-0.0769007074
7.35  		0.3871304015 		-0.1319726381
7.5  		0.7867786601 		-0.0218809754
7.65  		0.2986405792 		+0.1169755541
7.8  		0.5627987276 		+0.2023261450
7.95  		0.7732371922 		+0.1230258699
8.1  		0.6145674682 		-0.0243519679
8.25  		0.4257310615 		+0.0074736043
8.4  		-0.3580780254 		-0.0094238078
8.55  		-0.0100809375 		-0.0012984241
8.7  		0.3449509765 		+0.0402714443
8.85  		0.6466980194 		+0.0593200233
9  		0.1840021447 		+0.0634125353
9.15  		0.0959463741 		-0.0340591708
9.3  		0.3304583940 		-0.3086836473
9.45  		-0.0287282135 		-0.1521829264
9.6  		0.1841893265 		-0.0112347184
9.75  		0.5963049175 		+0.0583618113
9.9  		0.1884992710 		-0.0966053749
10.05  		0.2498717708 		-0.1089172642
10.2  		0.6571076951 		+0.0473606682
10.35  		0.5391953140 		+0.0805763539
10.5  		0.5499841235 		-0.0701219282
10.65  		0.5511180465 		+0.0708381124
10.8  		0.5976855545 		+0.2139845301
10.95  		0.3893446231 		+0.0711746978
11.1  		0.1698343934 		+0.0221597059
11.25  		0.0604171181 		-0.0168974592
11.4  		-0.1107116548 		+0.0063547791
11.55  		0.5540532461 		+0.0319305463
11.7  		0.2946089629 		+0.0519668064
11.85  		0.0354146899 		+0.0416584275
12  		0.1388230276 		-0.1431638808
12.15  		0.0205511779 		-0.0085137486
12.3  		-0.0083806657 		+0.0819351980
12.45  		0.4697973375 		-0.0258306225
12.6  		0.1584417340 		-0.0442781962
12.75  		-0.1651043386 		+0.0240220348
12.9  		-0.1271436192 		+0.0496612043
13.05  		-0.0702853420 		-0.0288248908
13.2  		0.4640024908 		-0.0014818530
13.35  		0.4358894421 		-0.0223371403
13.5  		0.5876525082 		-0.0205834120
13.65  		0.6277295264 		+0.0690154065
13.8  		0.6285891865 		-0.1290821156
13.95  		0.4567639416 		+0.0956218119
14.1  		0.6761199729 		-0.0665135688
14.25  		0.4515937895 		-0.0880649479
14.4  		0.2578143212 		+0.0558240577
14.55  		0.0952084839 		+0.0134059899
14.7  		-0.0793983501 		-0.0034815869
14.85  		-0.0472396695 		-0.0020920814
