0  		1.0000000001 		-0.0000000000
0.15  		0.9999837124 		-0.0031240055
0.3  		0.9996822745 		-0.0049207833
0.45  		0.9981158748 		+0.0283782840
0.6  		0.9992746422 		+0.0059119728
0.75  		0.9483486680 		-0.1245646830
0.9  		0.4781157349 		-0.3025611490
1.05  		0.7693973834 		-0.5906569060
1.2  		0.9846380137 		-0.1587662262
1.35  		0.8887705970 		+0.2478070671
1.5  		0.9062970851 		-0.1381454526
1.65  		0.9730334876 		-0.1658435077
1.8  		0.9649718315 		+0.0921526977
1.95  		0.9363738336 		+0.1746233126
2.1  		0.8406181048 		-0.0563502231
2.25  		0.9089682261 		-0.1821331185
2.4  		0.8761014387 		-0.0072925164
2.55  		0.7050227502 		+0.2686347537
2.7  		0.4848058397 		-0.1720757697
2.85  		0.2710193002 		-0.4562313375
3  		0.8166759058 		-0.2479170005
3.15  		0.7819958946 		-0.1246301919
3.3  		0.9597915898 		-0.0137172275
3.45  		0.7258457320 		-0.0603305688
3.6  		0.9694593435 		-0.0367088116
3.75  		0.9286440683 		+0.0807097489
3.9  		0.6738147952 		+0.0263470773
4.05  		0.9220159478 		-0.0691128718
4.2  		0.8464275226 		-0.3421751870
4.35  		0.6956368537 		-0.2996425324
4.5  		0.5830141221 		-0.1024625268
4.65  		-0.5919431461 		-0.0714641909
4.8  		0.6187558074 		+0.2609444766
4.95  		0.2887475840 		+0.5297213720
5.1  		0.4988835436 		-0.1344064368
5.25  		0.2597094199 		-0.4865702139
5.4  		0.3905050454 		+0.2949693233
5.55  		0.7690890618 		+0.0994004812
5.7  		0.7887826946 		-0.3161010825
5.85  		0.8735541907 		-0.1891538248
6  		0.8475682398 		+0.1885015495
6.15  		0.6184967408 		+0.2474516886
6.3  		0.5401235643 		-0.0774629657
6.45  		0.8307785962 		-0.1888265646
6.6  		0.6140138247 		+0.1918038443
6.75  		0.6014872683 		+0.3603137655
6.9  		0.0205510025 		+0.1138726231
7.05  		0.0350640195 		+0.0123251165
7.2  		0.0036175160 		+0.0373468349
7.35  		-0.1091087952 		-0.3640624564
7.5  		0.6050677520 		-0.0791119941
7.65  		-0.2329542939 		-0.1206573259
7.8  		-0.0784068538 		-0.0047797145
7.95  		-0.1520588801 		+0.0119983414
8.1  		0.6255974099 		+0.0136312123
8.25  		0.6284844558 		-0.0544242378
8.4  		0.1622085681 		-0.0098242700
8.55  		0.4379945221 		+0.0680426297
8.7  		0.3071615359 		-0.1163757683
8.85  		0.1230504531 		-0.4207524658
9  		0.0135341045 		+0.0134143995
9.15  		-0.0048060335 		+0.0005954321
9.3  		0.2036267819 		-0.0412236166
9.45  		0.6057271705 		+0.1004593457
9.6  		0.5296516407 		+0.0454317491
9.75  		0.2261470317 		-0.1596997693
9.9  		0.5759333743 		-0.0514486846
10.05  		0.1458198610 		+0.0149137852
10.2  		-0.0979001461 		-0.0035924894
10.35  		0.0023902099 		+0.0038804850
10.5  		-0.1119304753 		-0.0236624643
10.65  		0.0282541352 		-0.2456389943
10.8  		0.1815954593 		+0.0437457176
10.95  		0.1223015955 		+0.0123411765
11.1  		0.0015815512 		+0.0016667758
11.25  		0.4247012370 		+0.0372427747
11.4  		-0.0287555422 		+0.0368552714
11.55  		-0.0323091618 		-0.0334186685
11.7  		-0.0001948035 		-0.0110028717
11.85  		-0.2936815641 		+0.0349176252
12  		-0.0691820850 		+0.0106465025
12.15  		0.0779656362 		+0.0176397632
12.3  		0.0255312308 		+0.0116936201
12.45  		-0.1377011060 		-0.1199482109
12.6  		-0.0153148181 		+0.0069794746
12.75  		0.0183198399 		+0.0726898698
12.9  		0.4028572832 		-0.0250260855
13.05  		0.0007013362 		+0.0068043158
13.2  		0.2350307652 		-0.1070136539
13.35  		0.0219970990 		-0.0464780892
13.5  		-0.0508503220 		+0.0043118362
13.65  		0.0567309308 		-0.1043463181
13.8  		-0.0558189792 		+0.1111247781
13.95  		0.1043272680 		+0.0540439958
14.1  		0.0174373277 		-0.0406953701
14.25  		0.0002441707 		+0.0004114321
14.4  		-0.0341563082 		+0.0014595121
14.55  		-0.0053731736 		+0.0051087873
14.7  		-0.0144380908 		-0.0051571804
14.85  		-0.0092005258 		+0.0213425103
