0  		1.0000000007 		-0.0000000000
0.15  		0.9999993423 		-0.0003501357
0.3  		0.9999891590 		-0.0001979980
0.45  		0.9999073138 		+0.0006748222
0.6  		0.9998171725 		-0.0013282566
0.75  		0.9953287059 		-0.0006810715
0.9  		0.9985493301 		+0.0027275727
1.05  		0.9490787980 		-0.0037634447
1.2  		0.9449933834 		+0.0598857576
1.35  		0.8194319055 		-0.0646712902
1.5  		0.4458510377 		-0.0405667652
1.65  		0.7774527030 		-0.0504178380
1.8  		0.5814939789 		+0.0479343804
1.95  		0.9348698813 		-0.0096627324
2.1  		0.8177952008 		-0.0691254746
2.25  		0.8173862881 		-0.0039796773
2.4  		0.8689432915 		-0.0045025579
2.55  		0.9000618307 		-0.0025355084
2.7  		0.4399151840 		+0.0816263341
2.85  		-0.5866802377 		+0.0703675824
3  		0.1137618833 		+0.0178603908
3.15  		0.1951073590 		-0.1310451409
3.3  		0.1234941457 		-0.3009373538
3.45  		0.8003564755 		+0.2401979258
3.6  		0.7396622218 		+0.0191639899
3.75  		0.6700619402 		-0.0041044751
3.9  		0.5383412361 		-0.0435356839
4.05  		0.6609979702 		-0.0169314760
4.2  		0.8136830244 		-0.0490510641
4.35  		0.3706419153 		+0.0263219847
4.5  		0.4171194760 		+0.1992094256
4.65  		-0.1221783560 		+0.0983634270
4.8  		-0.1676402252 		+0.0840740411
4.95  		0.0511716125 		+0.0088211048
5.1  		0.6675666530 		+0.1468881113
5.25  		0.2299321245 		-0.0233533068
5.4  		0.3242948061 		-0.0089527456
5.55  		0.0280604790 		+0.0169106638
5.7  		0.5444398327 		-0.0688995022
5.85  		0.3589033229 		-0.0767921676
6  		-0.1314266282 		+0.0064228117
6.15  		0.4522068657 		+0.0485304146
6.3  		0.0765789079 		-0.2388037585
6.45  		0.5525950658 		+0.0908805881
6.6  		-0.2015634006 		-0.3281617753
6.75  		0.4560216140 		-0.0850429277
6.9  		0.2409149896 		+0.0163638316
7.05  		0.3728224400 		-0.0679607108
7.2  		0.2322696984 		-0.0647284773
7.35  		0.3023795292 		-0.0670385287
7.5  		0.0140357263 		-0.0028663661
7.65  		0.1245181945 		-0.0233018441
7.8  		0.3347740901 		-0.0599456807
7.95  		0.0530557764 		-0.0770188658
8.1  		0.0081089217 		+0.0107906566
8.25  		0.1818990551 		-0.0827733904
8.4  		0.1171145614 		-0.0351818337
8.55  		-0.2562162812 		+0.0917606107
8.7  		-0.4829527309 		-0.0234625625
8.85  		-0.1992885649 		-0.0842677202
9  		0.0099981002 		+0.0037800298
9.15  		0.1012882425 		+0.0661192326
9.3  		-0.0148301056 		-0.0080980406
9.45  		-0.0205227779 		-0.0179390836
9.6  		-0.0116723184 		+0.0045417794
9.75  		0.0324595958 		-0.0164853603
9.9  		0.1774248730 		+0.0005077059
10.05  		0.4179287978 		+0.0148199930
10.2  		0.2207082760 		+0.3083137731
10.35  		0.1566553933 		+0.0098588430
10.5  		0.2307223780 		+0.0324638978
10.65  		0.0849998749 		+0.0018050404
10.8  		0.0171227994 		-0.0411987289
10.95  		0.0583712763 		+0.0688370024
11.1  		-0.0038498619 		-0.0009053885
11.25  		0.1168629926 		-0.0538660856
11.4  		0.1082107003 		+0.0207210849
11.55  		0.0410179061 		+0.0380879158
11.7  		0.1267612554 		+0.0089062797
11.85  		0.0213161175 		-0.0022723097
12  		0.2045996037 		-0.0949879227
12.15  		-0.2531574531 		-0.0168283728
12.3  		-0.3784499755 		+0.1025605223
12.45  		-0.4949857260 		+0.0581325088
12.6  		0.0678215148 		-0.0261288475
12.75  		0.2434294448 		-0.1571329920
12.9  		-0.2473803394 		-0.0142113740
13.05  		0.1121898304 		+0.0080972520
13.2  		0.0977627666 		+0.0227403845
13.35  		0.1008168815 		-0.0130890621
13.5  		0.1515961860 		+0.0600422908
13.65  		-0.0069599381 		-0.0008607450
13.8  		-0.0433847914 		+0.0093715261
13.95  		0.3336312124 		-0.0082035609
14.1  		-0.0175380072 		+0.0121020480
14.25  		0.0381862257 		-0.0043302657
14.4  		0.0100918965 		+0.0008016769
14.55  		0.2371120584 		-0.0612732323
14.7  		0.4074395435 		-0.0865755763
14.85  		0.0638240450 		+0.0415245666
