0  		1.0000000001 		+0.0000000000
0.15  		0.9999868024 		-0.0022609955
0.3  		0.9982985676 		+0.0416738516
0.45  		0.9697629241 		-0.0319181085
0.6  		0.9943781544 		-0.0040715149
0.75  		0.9990967152 		-0.0054102876
0.9  		0.9907929051 		+0.0112766594
1.05  		0.9802407257 		-0.0068818907
1.2  		0.9813925651 		-0.0079086358
1.35  		0.9301912840 		-0.1741823603
1.5  		0.9763676264 		-0.0346853996
1.65  		0.7258117993 		-0.0052585210
1.8  		-0.7710119445 		+0.0108948208
1.95  		-0.4122361476 		+0.0027112232
2.1  		0.7898792912 		-0.0125790121
2.25  		0.8975120701 		+0.0209568161
2.4  		0.3256029205 		+0.0023386594
2.55  		0.3952749252 		+0.0387949366
2.7  		0.7889842559 		+0.0353735063
2.85  		0.7697724560 		+0.0273880125
3  		0.7607629432 		-0.0866906406
3.15  		0.6523655817 		-0.0466559648
3.3  		0.6854429852 		-0.0479107004
3.45  		0.5858943180 		+0.0586867679
3.6  		0.7638139232 		+0.0283825472
3.75  		0.5128328128 		-0.0000700367
3.9  		-0.3711088537 		+0.0076431837
4.05  		-0.0086869144 		-0.0047674252
4.2  		0.2879886507 		-0.0648123560
4.35  		0.7630948366 		+0.0257551101
4.5  		0.7476199814 		+0.0266700119
4.65  		0.3970984583 		-0.0009092220
4.8  		0.6167912952 		-0.0070684354
4.95  		0.3586433351 		-0.0104265677
5.1  		0.5455976585 		+0.0397715717
5.25  		0.6738278444 		-0.1249016304
5.4  		-0.0944010936 		-0.0284351494
5.55  		0.3858368732 		+0.3847599495
5.7  		0.6277886610 		+0.0507791657
5.85  		-0.3654448437 		+0.0564197138
6  		0.4033405172 		-0.0557830146
6.15  		0.3338622665 		-0.0776139386
6.3  		-0.1813101434 		+0.2047969366
6.45  		0.2138372738 		-0.0427696723
6.6  		0.3522547669 		+0.0254480838
6.75  		0.0250522421 		+0.0966689052
6.9  		0.1583014807 		-0.0425548670
7.05  		0.0726531368 		+0.0313029114
7.2  		0.1219340038 		-0.0050090694
7.35  		0.0271861810 		+0.0020242030
7.5  		-0.0074522628 		+0.0070749336
7.65  		0.1208008930 		-0.0101969986
7.8  		-0.0195067303 		+0.0097827311
7.95  		0.0289032684 		-0.0088490372
8.1  		-0.2015782310 		+0.0249489677
8.25  		0.0396025853 		-0.0123484428
8.4  		0.1342530014 		+0.1721310794
8.55  		0.2298868475 		+0.0234328137
8.7  		0.3254396409 		+0.0055914008
8.85  		0.5734427171 		+0.0508875869
9  		0.0459528740 		-0.0096977349
9.15  		0.0296909100 		+0.0352403789
9.3  		0.4859531843 		+0.0375138930
9.45  		0.3303729461 		-0.1567829423
9.6  		0.4386059663 		-0.1699541478
9.75  		0.3477393556 		-0.0094804949
9.9  		0.0312346530 		+0.0272028001
10.05  		0.0068329510 		+0.0019708935
10.2  		-0.1642839978 		-0.0157694580
10.35  		-0.0115461941 		-0.0133014444
10.5  		-0.0061440881 		+0.0037285688
10.65  		0.0207068395 		+0.0216956319
10.8  		0.0004141986 		+0.0000114548
10.95  		-0.0074029347 		+0.0528464873
11.1  		0.0104518503 		-0.0160223874
11.25  		-0.0050767600 		-0.0003516422
11.4  		-0.0040084902 		-0.0127804927
11.55  		0.0002351914 		-0.0018355755
11.7  		0.0867493982 		+0.0132956290
11.85  		0.0486210196 		-0.0357540645
12  		0.0040027812 		+0.0047878372
12.15  		-0.0702109290 		-0.0111553133
12.3  		-0.0720215586 		+0.0829892617
12.45  		0.0421131808 		+0.0257867286
12.6  		-0.1153814779 		+0.0322778668
12.75  		0.1544167786 		+0.1110627624
12.9  		0.0861989342 		-0.0630381231
13.05  		0.0022652066 		+0.0121194889
13.2  		0.0694697877 		-0.0506989864
13.35  		0.0117766038 		-0.0494279775
13.5  		0.0561370331 		-0.0633683289
13.65  		-0.0562802628 		-0.1834220520
13.8  		-0.0050698589 		-0.0070339985
13.95  		-0.0752982958 		+0.0212266756
14.1  		-0.0026774560 		+0.0050091210
14.25  		-0.0647436099 		-0.0541241459
14.4  		-0.0087052965 		-0.0002825573
14.55  		-0.0095403130 		+0.0057701629
14.7  		0.0810082498 		+0.0231682777
14.85  		0.0700767003 		+0.0487415665
