0  		1.0000000008 		+0.0000000000
0.15  		0.9999967084 		+0.0000628097
0.3  		0.9999927001 		-0.0001085464
0.45  		0.9999128110 		+0.0004937203
0.6  		0.9977641371 		+0.0564183731
0.75  		0.9973812881 		+0.0118264672
0.9  		0.8397672062 		+0.0031181461
1.05  		0.9197259411 		+0.0116173714
1.2  		0.9889690305 		+0.0020281800
1.35  		0.9323137751 		+0.0166930148
1.5  		0.7832984748 		+0.0178548115
1.65  		0.5018770105 		-0.0010107588
1.8  		0.8719570138 		+0.0235349855
1.95  		0.6486754336 		+0.1706574961
2.1  		0.4536512439 		+0.1180310874
2.25  		0.9034451811 		-0.0756840748
2.4  		0.9290394168 		-0.0413194085
2.55  		0.7732547319 		+0.0256995396
2.7  		0.5387046186 		-0.0211699764
2.85  		0.7684988924 		+0.0928441367
3  		0.8924845576 		-0.0163714594
3.15  		0.2203697701 		-0.1659768860
3.3  		0.8003754798 		+0.0288454090
3.45  		0.9507156798 		+0.0552073262
3.6  		0.8611861209 		-0.0301943240
3.75  		-0.2416577785 		+0.0654545216
3.9  		0.8033898505 		-0.0147254079
4.05  		0.8738387906 		+0.0024929751
4.2  		0.3955747063 		+0.0215618224
4.35  		0.4463253771 		+0.0532911382
4.5  		0.4236954754 		-0.0349203424
4.65  		0.3354136254 		-0.0286753099
4.8  		0.8533071393 		+0.0407671849
4.95  		0.0894453203 		-0.0113180554
5.1  		0.3653559180 		+0.0322182468
5.25  		0.0936921678 		-0.0004963275
5.4  		0.7456157869 		-0.0446551867
5.55  		0.5929441086 		+0.0657071365
5.7  		0.0771868844 		+0.0178792112
5.85  		0.5579546079 		+0.1134686128
6  		0.2773129557 		-0.0831749446
6.15  		0.7138917991 		+0.0883967405
6.3  		0.3861849997 		+0.1140165339
6.45  		0.5779232649 		-0.0329661140
6.6  		0.2627909309 		+0.0074295950
6.75  		0.2666665591 		-0.0211201225
6.9  		0.0293104562 		+0.0087591595
7.05  		0.3718526225 		+0.0661537286
7.2  		0.2697226121 		+0.0565510225
7.35  		0.1999772566 		+0.0558071463
7.5  		-0.0315933648 		+0.0142480431
7.65  		0.0050019883 		+0.0809793422
7.8  		-0.0008416137 		+0.0291456975
7.95  		0.0789950838 		-0.1126725514
8.1  		-0.0145130984 		+0.0073466923
8.25  		0.1398322650 		-0.0526970912
8.4  		0.0684428862 		-0.0082574188
8.55  		-0.1562770488 		-0.0196766846
8.7  		0.0497253916 		+0.0024118618
8.85  		0.0802497339 		-0.0125467558
9  		0.4586569428 		-0.0314133347
9.15  		0.0026679033 		+0.0030679190
9.3  		0.4648460016 		+0.1269043034
9.45  		0.0262088051 		+0.0326778218
9.6  		-0.0761723235 		-0.0137683122
9.75  		0.0104494767 		-0.0219957868
9.9  		-0.1031383382 		+0.0087076357
10.05  		0.4116348203 		-0.1084786754
10.2  		0.0099767475 		+0.0030431498
10.35  		0.1885288683 		+0.0336895015
10.5  		0.5089818690 		-0.0609653440
10.65  		0.2908136752 		-0.1370404712
10.8  		0.1833493293 		-0.0178941956
10.95  		0.3585420307 		+0.1729300716
11.1  		0.0849445512 		-0.0075054796
11.25  		-0.0006674113 		-0.0001592448
11.4  		0.0157440256 		+0.0014992463
11.55  		-0.1236135462 		+0.1541823054
11.7  		-0.0510482495 		-0.1074755451
11.85  		0.0927945843 		-0.2910185639
12  		0.1267481324 		+0.0311558304
12.15  		-0.0098078062 		+0.0025365259
12.3  		0.1223640323 		-0.0553093685
12.45  		0.3762095093 		+0.0412725203
12.6  		0.0835657279 		-0.0372960393
12.75  		0.0236473012 		+0.0269610118
12.9  		0.0351097884 		-0.0043081067
13.05  		0.0648160450 		-0.0203076264
13.2  		-0.0781174207 		-0.0882270156
13.35  		0.0197747522 		-0.0147826913
13.5  		-0.0327488230 		-0.0006056546
13.65  		-0.0420712652 		+0.0162973204
13.8  		-0.0038863055 		-0.0033653149
13.95  		-0.0009818414 		-0.0005564535
14.1  		-0.1179891632 		+0.0071275603
14.25  		0.0221148726 		-0.0250802409
14.4  		-0.0481651675 		-0.0710957124
14.55  		0.0189873333 		+0.0148485880
14.7  		-0.0779036109 		-0.0272338632
14.85  		0.1133973549 		-0.0150371734
