0  		1.0000000007 		-0.0000000000
0.15  		0.9999441883 		+0.0001349864
0.3  		0.9993672486 		-0.0004345901
0.45  		0.9999494691 		-0.0010692209
0.6  		0.9996461080 		+0.0028792416
0.75  		0.9991672635 		+0.0030708304
0.9  		0.9946261295 		-0.0063749006
1.05  		0.9730840491 		-0.0273885865
1.2  		0.9977652835 		-0.0037830615
1.35  		0.9253029242 		-0.2195750969
1.5  		0.9945055414 		-0.0029552054
1.65  		0.9785315764 		-0.0140263734
1.8  		0.9974326144 		+0.0042454753
1.95  		0.9788059058 		+0.0826378395
2.1  		0.9889885124 		-0.0138649000
2.25  		0.9675602143 		+0.0170867854
2.4  		0.9951687686 		+0.0054891131
2.55  		0.9472634185 		+0.0126100648
2.7  		0.9357467512 		+0.0305589960
2.85  		0.9429610293 		-0.0201384432
3  		0.9733469559 		+0.0224814298
3.15  		0.9522586852 		+0.0340498696
3.3  		-0.7671816052 		-0.0425806928
3.45  		0.8268159192 		+0.0146917550
3.6  		0.9679003857 		+0.0100501715
3.75  		0.9755849529 		-0.0083776264
3.9  		0.8841339051 		-0.0404359654
4.05  		0.5318087366 		-0.1761717809
4.2  		0.9129560431 		+0.0235291422
4.35  		0.8896940365 		+0.0117808951
4.5  		0.8354342261 		-0.0336603695
4.65  		0.9466675206 		+0.0585007450
4.8  		0.7707851058 		+0.2046946569
4.95  		0.9186138438 		+0.0208778664
5.1  		0.6946999639 		-0.0167830841
5.25  		0.8797804591 		-0.0082758733
5.4  		0.7104437203 		+0.0035798832
5.55  		0.5243330360 		-0.0042606855
5.7  		0.9086419133 		-0.0688012666
5.85  		0.8936422299 		-0.0467055863
6  		0.8090527746 		+0.0042650521
6.15  		0.6297255192 		-0.1153614772
6.3  		0.5102857570 		-0.0164157285
6.45  		0.8397654606 		-0.0710521116
6.6  		0.6587514950 		-0.1906389117
6.75  		0.7609394620 		-0.0873797610
6.9  		0.6864849807 		+0.1419201933
7.05  		-0.1792122573 		+0.0089444967
7.2  		0.0212211379 		+0.1162426832
7.35  		0.4750179866 		+0.2784408876
7.5  		0.3721103285 		+0.0514994105
7.65  		0.7081408315 		+0.0191190414
7.8  		0.7934178022 		+0.1710373944
7.95  		0.8158576772 		+0.3002189837
8.1  		0.8629717997 		+0.0793085956
8.25  		-0.4557099584 		-0.0257738842
8.4  		0.7006024921 		-0.0823179250
8.55  		0.4580345782 		-0.1645728398
8.7  		0.0212366084 		-0.1066855473
8.85  		0.5309888729 		-0.1501602714
9  		0.4504303312 		+0.1547317941
9.15  		0.4241744658 		+0.2670105966
9.3  		0.5240691305 		-0.1792583458
9.45  		-0.0655029687 		+0.0049894170
9.6  		0.5733696441 		-0.3603839577
9.75  		0.2551402823 		+0.1710893054
9.9  		-0.1194748601 		-0.2311649693
10.05  		-0.4460663607 		+0.2452453789
10.2  		-0.3885784142 		-0.1216395263
10.35  		-0.0867919049 		+0.0170722939
10.5  		0.0131782664 		+0.0381653555
10.65  		0.0014494434 		-0.0348339987
10.8  		0.0923596170 		-0.1471117159
10.95  		-0.0069231975 		+0.0160653630
11.1  		0.2877415963 		-0.0144228821
11.25  		-0.0012833513 		-0.0056329185
11.4  		0.3439519283 		+0.1350932995
11.55  		0.1218199014 		+0.0778686085
11.7  		-0.1208036290 		+0.0012911575
11.85  		0.0942365542 		+0.0368472851
12  		0.1526196979 		+0.0595563462
12.15  		-0.2876142843 		+0.0209935624
12.3  		-0.0848223524 		-0.0214588678
12.45  		0.4731333763 		-0.0508123556
12.6  		-0.0114773602 		+0.0035376855
12.75  		0.3372853081 		-0.0502515999
12.9  		-0.0095704844 		-0.0006683425
13.05  		-0.1261893353 		+0.0117145995
13.2  		-0.0197446242 		+0.0209722094
13.35  		0.0227916322 		-0.0108300762
13.5  		-0.2520837395 		+0.0544345386
13.65  		0.0173831249 		+0.0040442930
13.8  		0.2366252596 		+0.0960255470
13.95  		0.0398739769 		-0.0188956685
14.1  		0.1018414846 		-0.0097856378
14.25  		0.2742973584 		+0.2349792739
14.4  		0.1900930547 		+0.0157267534
14.55  		0.2188211696 		-0.0248068843
14.7  		0.1514892080 		+0.0932039053
14.85  		0.0058819814 		+0.0004610842
