0  		1.0000000008 		-0.0000000000
0.15  		0.9999948534 		-0.0013304870
0.3  		0.9997527004 		-0.0049211549
0.45  		0.9982865695 		+0.0017082582
0.6  		0.9942033326 		+0.0168213996
0.75  		0.9844300604 		+0.0436009311
0.9  		0.9384343229 		+0.0572161214
1.05  		0.8526621993 		-0.1506599358
1.2  		0.6937355573 		+0.2950987515
1.35  		-0.9147961257 		+0.1212797358
1.5  		-0.1344360151 		+0.0913562614
1.65  		0.4080618810 		-0.1915126513
1.8  		0.6076164734 		+0.1575217248
1.95  		0.6414654011 		+0.1030972312
2.1  		0.9078061968 		+0.0271391928
2.25  		0.2603929252 		-0.2943672908
2.4  		0.7930605506 		-0.0676260036
2.55  		0.7157584195 		-0.1320021967
2.7  		0.9139205786 		+0.2170250829
2.85  		0.8225490483 		+0.2451233074
3  		0.7539401395 		-0.3330948868
3.15  		0.6355274222 		-0.4269991872
3.3  		0.5509211991 		-0.0109678368
3.45  		0.4786920821 		-0.0669265565
3.6  		0.8186810047 		-0.1228412010
3.75  		-0.1509949038 		-0.0490927689
3.9  		0.5608257790 		+0.2075685818
4.05  		0.2672427955 		+0.1154563287
4.2  		0.3529542053 		-0.0325117042
4.35  		0.2574093581 		+0.0622360108
4.5  		0.6368493133 		-0.0230258036
4.65  		0.2941506394 		-0.0251121936
4.8  		0.6288165163 		-0.1564221122
4.95  		0.4838995782 		-0.0395411768
5.1  		0.0477228774 		+0.0023961527
5.25  		0.0883934000 		-0.0146023082
5.4  		0.0218665428 		+0.0030026231
5.55  		0.0134919576 		+0.0026809668
5.7  		0.2568517050 		+0.0080272498
5.85  		-0.0061342485 		+0.0722949012
6  		0.0348733475 		+0.0030418139
6.15  		-0.0004195488 		+0.0002460646
6.3  		0.0580532673 		+0.0438074244
6.45  		0.0098147182 		+0.0391033018
6.6  		0.0027997953 		+0.0335604164
6.75  		0.0690782464 		-0.1483451580
6.9  		0.0539404934 		-0.0000080000
7.05  		-0.0216658981 		-0.0440078463
7.2  		0.0137911694 		-0.0890692950
7.35  		0.0637903320 		+0.1893807183
7.5  		0.1930547112 		-0.0172446086
7.65  		0.0085803908 		-0.0318802474
7.8  		0.0449216866 		-0.0011435411
7.95  		-0.0626008290 		-0.0159894354
8.1  		0.0751795758 		-0.0322951332
8.25  		0.1806901434 		-0.0460631332
8.4  		-0.5594128388 		+0.0482417842
8.55  		0.2983234359 		-0.0029595054
8.7  		-0.0068335372 		-0.0234857718
8.85  		0.1877086846 		-0.0079675706
9  		0.2651223658 		-0.0166955055
9.15  		-0.1654520295 		+0.1171013716
9.3  		0.0390486566 		-0.0590728982
9.45  		0.0135182723 		-0.0038010606
9.6  		0.0043223534 		+0.0003968492
9.75  		-0.0020666757 		+0.0194614111
9.9  		-0.1791363183 		-0.0206375310
10.05  		-0.0189739596 		-0.0291325672
10.2  		-0.0198397002 		-0.0063069041
10.35  		0.1403539407 		+0.0164499408
10.5  		-0.1693671127 		+0.0052002062
10.65  		0.1033945028 		-0.0002316217
10.8  		0.0806368736 		+0.0042356570
10.95  		0.0144389063 		+0.0056345178
11.1  		0.2363391290 		-0.0234583564
11.25  		0.0472041944 		+0.0113416337
11.4  		-0.0580413987 		-0.0050012122
11.55  		-0.1616016792 		+0.1073171198
11.7  		0.2591099567 		-0.1021702243
11.85  		0.4963480905 		+0.1119300584
12  		0.5407655125 		+0.0120111211
12.15  		0.5058258179 		+0.0585600291
12.3  		-0.3897314632 		+0.1957232794
12.45  		0.0078535593 		+0.0294642872
12.6  		0.2166422659 		-0.0737858119
12.75  		0.2970616972 		-0.0402387462
12.9  		-0.0002349283 		+0.0014860019
13.05  		0.0098011604 		+0.0031278253
13.2  		-0.0516341726 		+0.0085473008
13.35  		-0.3049566651 		+0.0232968739
13.5  		0.0621583272 		+0.0064646786
13.65  		0.1088406750 		-0.0521654973
13.8  		0.2540796989 		-0.0151909135
13.95  		0.1914883892 		+0.0256449434
14.1  		0.1206050520 		+0.0156286890
14.25  		-0.0282608021 		+0.0019331595
14.4  		-0.0213601029 		-0.0099732771
14.55  		-0.0062611278 		-0.0021486767
14.7  		-0.0780007851 		-0.0090829453
14.85  		0.0026356577 		-0.0007141173
