0  		1.0000000001 		-0.0000000000
0.15  		0.9999898962 		-0.0000942094
0.3  		0.9998178440 		-0.0001819406
0.45  		0.9985667903 		+0.0031579217
0.6  		0.7048807522 		-0.0689149627
0.75  		0.9987830433 		-0.0051871315
0.9  		0.9931037113 		-0.0103155126
1.05  		0.9849651340 		+0.0022251771
1.2  		0.9922719341 		-0.0222548166
1.35  		0.9573451525 		-0.0622702674
1.5  		0.9272814807 		-0.0601143723
1.65  		0.6618931198 		-0.1105005170
1.8  		0.8064234489 		-0.0146830831
1.95  		0.7738855290 		+0.0462570859
2.1  		0.9615367715 		-0.0081169285
2.25  		0.1413096040 		+0.0250680132
2.4  		0.6614978880 		-0.0114862791
2.55  		0.9691606058 		-0.0888411910
2.7  		0.9805663560 		-0.0561646374
2.85  		0.7288868955 		-0.0185494092
3  		0.8343554232 		-0.0113654629
3.15  		0.9565938711 		-0.0027947044
3.3  		0.9378541924 		-0.0719051998
3.45  		0.8510702289 		-0.0067794746
3.6  		0.7987950870 		+0.3419986444
3.75  		0.8797077021 		-0.0233412609
3.9  		-0.1097399274 		+0.0196332917
4.05  		0.3757246804 		+0.0152513645
4.2  		0.4249747368 		+0.0294306833
4.35  		-0.0884114958 		-0.2723895004
4.5  		0.7564248960 		+0.0680945478
4.65  		0.8169100588 		+0.0801719382
4.8  		0.1540218366 		+0.0487530358
4.95  		-0.4070358072 		-0.0551857585
5.1  		-0.5842781559 		-0.0232695749
5.25  		0.3233321709 		-0.1182266095
5.4  		0.4482567650 		+0.0391804060
5.55  		0.8271980085 		-0.0830315617
5.7  		-0.0662999796 		-0.0008789852
5.85  		-0.1916405615 		+0.0369891667
6  		0.3536412067 		+0.1106728319
6.15  		0.1045017078 		-0.0363290717
6.3  		0.4874436957 		-0.0517707387
6.45  		0.8035225467 		-0.0935869884
6.6  		0.6435603974 		-0.0790488725
6.75  		0.2130204704 		+0.0946033602
6.9  		-0.2037541342 		+0.0057501554
7.05  		-0.1361092515 		+0.0208177373
7.2  		0.1714645123 		+0.0760781286
7.35  		-0.1151912389 		-0.0212864622
7.5  		-0.0028512433 		+0.0000284812
7.65  		-0.2111034263 		+0.0294981414
7.8  		0.0471534822 		+0.0198289832
7.95  		0.2607478031 		+0.1208060920
8.1  		0.0278938945 		+0.0370413396
8.25  		0.3261806077 		-0.0097088560
8.4  		0.1106022575 		-0.1458094600
8.55  		-0.0342272795 		+0.0077389672
8.7  		-0.0122867043 		-0.0193629755
8.85  		0.2246963892 		-0.1460894513
9  		0.4054622312 		-0.1526104614
9.15  		0.0157467442 		-0.0003680654
9.3  		0.0982346702 		+0.0550763516
9.45  		0.2398220505 		+0.2973126903
9.6  		0.0135309255 		+0.1214757852
9.75  		-0.0149161883 		-0.0066093114
9.9  		0.1891499256 		+0.0960037641
10.05  		0.0874370526 		-0.0630635199
10.2  		0.0675495533 		-0.1344790907
10.35  		0.0434454059 		+0.0065830807
10.5  		0.0021581751 		+0.0093328295
10.65  		0.0280284368 		+0.0900517450
10.8  		-0.0707510130 		+0.0001419337
10.95  		-0.0092439281 		+0.0092345960
11.1  		-0.0173783511 		-0.0047167519
11.25  		0.0200327345 		-0.0007147871
11.4  		0.0434309678 		+0.0097438221
11.55  		-0.1261271949 		+0.1914020249
11.7  		0.0157518142 		-0.0041324055
11.85  		0.1372586461 		+0.1002978394
12  		-0.0254198871 		+0.0681858821
12.15  		-0.0272161250 		+0.0029191230
12.3  		-0.0044712055 		-0.0085230240
12.45  		-0.0838275781 		+0.0257532554
12.6  		0.0210136900 		+0.0278669791
12.75  		0.0004314913 		-0.0000382197
12.9  		0.0193027331 		-0.0055030615
13.05  		0.0003200925 		-0.0017180655
13.2  		0.0001717718 		+0.0000234548
13.35  		0.0207290556 		-0.0031349750
13.5  		-0.0146484984 		-0.0150420096
13.65  		0.0000363266 		-0.0000265379
13.8  		0.0077621664 		+0.0016664356
13.95  		0.0069456361 		-0.0062019827
14.1  		-0.0009307978 		+0.0004281520
14.25  		0.0006335721 		+0.0009307356
14.4  		0.0008547209 		-0.0016218338
14.55  		0.0133637203 		-0.0379131128
14.7  		-0.0006692151 		+0.0011138861
14.85  		0.0001420868 		+0.0002077401
