2007.00000	   0.00000	   0.00000	   0.00000	
1615.40503	1983.98173	1449.23232	        P1	
 645.65759	1881.32432	  88.54988	        P1	
2116.04188	 594.10241	1217.04627	        P1	
1364.45608	1657.07976	  72.07552	        P1	
1791.95203	 337.09489	1362.74172	        P1	
1448.94643	1199.12583	1280.36974	        P1	
1480.47268	 246.08652	1809.60985	        P1	
 583.86614	 232.25329	1084.73623	        P1	
1733.94373	 635.60221	 501.95436	        P1	
1718.81113	 768.11034	1190.27539	        P1	
 389.66445	 941.39022	1613.97633	        P1	
1186.64804	1541.31715	2061.35927	        P1	
 759.15209	1480.88763	1113.56645	        P1	
 332.91720	2045.86736	 512.25088	        P1	
1651.97548	1756.09684	1070.32115	        P1	
  13.87155	 990.89874	 221.88959	        P1	
 790.67834	1542.77332	 102.45015	        P1	
  13.87155	1816.52636	 450.47188	        P1	
1027.75574	2085.91105	 450.98669	        P1	
1687.28488	 173.27989	1739.59361	        P1	
 697.36064	1707.31636	 660.52048	        P1	
 842.38139	2061.88485	2064.96302	        P1	
1047.93254	1436.47555	1690.68528	        P1	
1186.64804	1187.47674	2204.99544	        P1	
 359.39925	 411.35769	2133.43472	        P1	
 543.51254	1247.17823	 174.52567	        P1	
 697.36064	1407.35291	 392.81144	        P1	
1552.35253	1002.54782	1995.46165	        P1	
 915.52229	 799.41722	 154.44750	        P1	
 882.73499	 831.45214	1228.88726	        P1	
1094.59139	1670.18496	1011.11629	        P1	
1237.09004	 227.88489	 724.87356	        P1	
 544.77359	 859.11870	2016.05463	        P1	
1563.70198	1344.01111	1739.59361	        P1	
1789.42993	 669.09330	1640.74721	        P1	
1640.62603	  19.65780	 576.08916	        P1	
1505.69368	 681.47042	1156.81174	        P1	
1394.72128	1304.69551	 829.89786	        P1	
1000.01264	1349.10755	1023.47209	        P1	
 771.76259	1968.69233	1793.65023	        P1	
 445.15065	1590.82572	1534.17844	        P1	
1382.11078	 179.10440	 926.68498	        P1	
1648.19233	 944.30250	 638.38296	        P1	
 939.48224	 661.81261	1729.81195	        P1	
1947.06118	1579.90472	1966.63143	        P1	
2044.16203	1108.84554	1611.91705	        P1	
1361.93398	  16.01748	 465.40177	        P1	
 474.15479	1641.06232	2238.45902	        P1	
1397.24338	2175.46325	  98.84640	        P1	
1136.20604	1041.86342	 489.59856	        P1	
  27.74310	  37.85948	 133.33965	        P1	
  18.91575	1458.31755	 714.57710	        P1	
1006.31789	1859.48232	2054.66650	        P1	
 119.79975	1324.35331	1595.95744	        P1	
 281.21415	2205.31397	 191.00009	        P1	
1124.85659	1876.95592	1898.67453	        P1	
 846.16454	1889.33304	 545.19966	        P1	
2070.64408	  43.68400	1774.60173	        P1	
 712.49324	1823.80704	1223.22417	        P1	
1780.60258	1713.86896	 654.34258	        P1	
 713.75429	1089.18774	1851.31067	        P1	
 250.94895	 922.46050	1646.92511	        P1	
   3.78315	1299.59903	 475.69829	        P1	
1943.27803	1338.91463	 871.08388	        P1	
1151.33864	1781.57916	 153.93269	        P1	
 337.96140	 333.45453	1672.15158	        P1	
1770.51418	2003.63953	 471.57967	        P1	
2187.92173	 663.26873	 870.56907	        P1	
  78.18510	2026.93764	 395.38559	        P1	
1005.05684	1398.61611	2121.07892	        P1	
  23.95995	1494.72091	 984.34535	        P1	
1737.72688	 419.36641	 792.31565	        P1	
1374.54448	1887.14884	 483.42066	        P1	
1601.53348	1706.58832	  53.02695	        P1	
1701.15643	1360.75663	2102.03042	        P1	
1191.69224	1261.73955	2049.00347	        P1	
1394.72128	1138.69631	 757.30753	        P1	
1989.93688	 148.52560	1698.92246	        P1	
1462.81798	2096.83205	 654.85738	        P1	
1587.66193	2050.96385	1470.34016	        P1	
1675.93543	 437.56809	1165.04892	        P1	
1978.58743	1018.56530	1663.91434	        P1	
1818.43408	 345.10361	 840.19438	        P1	
1733.94373	2179.10357	 164.74402	        P1	
1356.88978	 527.12029	2108.72312	        P1	
1867.61503	 101.20128	 675.45036	        P1	
2026.50733	 722.97022	1865.72575	        P1	
1237.09004	1752.45652	 207.47445	        P1	
 600.25979	1403.71255	1326.18919	        P1	
1407.33178	 889.69750	2159.69080	        P1	
 163.93650	 736.80350	1466.22154	        P1	
1745.29318	1830.35964	1983.10585	        P1	
1370.76133	2062.61293	 967.35613	        P1	
1849.96033	1874.77172	 361.92194	        P1	
 370.74870	1383.32671	1614.49114	        P1	
2068.12198	1400.80031	 170.40705	        P1	
 411.10230	1974.51684	1706.64483	        P1	
 581.34404	1321.44103	 149.81407	        P1	
 191.67960	 736.80350	1954.27563	        P1	
1646.93128	 624.68121	1519.76336	        P1	
 329.13405	 752.09290	1171.22682	        P1	
1220.69639	1795.41244	 471.06486	        P1	
1897.88023	 440.48033	1962.51287	        P1	
1573.79038	 700.40013	 170.92192	        P1	
1402.28758	 442.66453	1216.53146	        P1	
 737.71424	1052.05634	 598.74148	        P1	
  73.14090	2101.20045	 728.99218	        P1	
1341.75718	 189.29732	1476.00326	        P1	
1229.52374	1175.82771	2023.77700	        P1	
 788.15624	1225.33623	1921.32685	        P1	
2208.09853	1248.63435	1925.44547	        P1	
1455.25168	1955.58712	 120.98385	        P1	
 481.72109	1185.29255	 981.77127	        P1	
1983.63163	1464.14211	 737.22936	        P1	
 436.32330	1732.79872	 341.84377	        P1	
1703.67853	 169.63952	1548.59358	        P1	
1197.99749	 752.82094	1741.65295	        P1	
1687.28488	1099.38071	1336.48564	        P1	
 894.08444	1175.82771	1589.77954	        P1	
1610.36083	1483.07183	1348.32664	        P1	
1185.38699	 730.97894	2221.98466	        P1	
 485.50424	1429.19491	 601.31556	        P1	
 457.76114	2142.70025	 617.78998	        P1	
1253.48369	1895.88564	1125.92225	        P1	
1774.29733	2158.71773	1052.30225	        P1	
2013.89683	 884.60102	 508.13226	        P1	
 573.77774	 768.11034	1494.53696	        P1	
1709.98378	1186.74871	1182.03815	        P1	
 369.48765	 449.21713	1443.56928	        P1	
 658.26809	1601.74672	1968.17590	        P1	
 316.52355	 178.37632	 981.77127	        P1	
1812.12883	2131.05117	 166.28849	        P1	
1138.72814	2069.89356	 380.97051	        P1	
 610.34819	1106.66134	  53.54182	        P1	
1741.51003	 998.17942	1768.42383	        P1	
2031.55153	 358.93689	 936.46663	        P1	
1693.59013	 131.78008	 718.69566	        P1	
1443.90223	1914.08732	 232.18605	        P1	
1471.64533	 182.74472	  92.15369	        P1	
1465.34008	 985.80230	1134.15942	        P1	
 427.49595	1601.01864	1206.23494	        P1	
 465.32744	 450.67329	1033.76855	        P1	
  47.91990	2201.67365	1297.35897	        P1	
1524.60943	1871.85944	1976.92795	        P1	
 785.63414	 957.40770	1461.58812	        P1	
1587.66193	  15.28940	1150.63384	        P1	
1829.78353	 883.14490	 156.50678	        P1	
2102.17033	1432.10715	1692.22975	        P1	
  89.53455	 427.37513	 331.54731	        P1	
1807.08463	  15.28940	2020.17325	        P1	
1934.45068	1311.97615	  11.84100	        P1	
2192.96593	1928.64864	 804.67145	        P1	
 354.35505	1475.79115	 597.19701	        P1	
2206.83748	 346.55973	2061.35927	        P1	
1867.61503	1331.63395	 362.43681	        P1	
 268.60365	2050.96385	1972.29452	        P1	
1156.38284	  15.28940	 644.04606	        P1	
1969.76008	 879.50454	1723.11925	        P1	
1520.82628	 902.80270	 446.86807	        P1	
 220.68375	 983.61810	2102.54522	        P1	
2121.08608	 404.80509	2048.48860	        P1	
1356.88978	 348.01589	 837.62023	        P1	
  61.79145	 625.40930	 244.54185	        P1	
 853.73084	1417.54583	 895.79548	        P1	
1462.81798	1288.67803	 835.56095	        P1	
 861.29714	1260.28343	 284.18339	        P1	
1938.23383	 157.99048	 551.89236	        P1	
 433.80120	 500.90989	1935.74193	        P1	
1558.65778	 449.94521	1668.03296	        P1	
2190.44383	 208.95512	 858.21327	        P1	
 842.38139	 493.62921	 143.63617	        P1	
 310.21830	 339.27909	 317.13217	        P1	
1319.05829	 894.06590	2207.56952	        P1	
1223.21849	2124.49857	  48.90839	        P1	
1239.61214	1104.47714	1239.69859	        P1	
1340.49614	 768.11034	 709.94368	        P1	
2235.84163	 584.63753	 271.31279	        P1	
1427.50858	1820.16672	1688.62594	        P1	
2021.46313	 334.18261	 693.46926	        P1	
 712.49324	1833.99996	1605.73915	        P1	
1460.29588	 470.33109	2048.48860	        P1	
1745.29318	 353.84041	1583.08683	        P1	
 476.67689	 564.97973	1079.07319	        P1	
  75.66300	2026.93764	1447.17304	        P1	
1206.82484	 986.53034	1272.13256	        P1	
1733.94373	1135.05594	1167.10826	        P1	
 989.92424	2126.68277	 788.71190	        P1	
 513.24734	1890.78916	  36.55259	        P1	
1527.13153	1970.87652	1429.15414	        P1	
 393.44760	2216.23497	1943.97917	        P1	
1314.01409	 819.80310	1004.42353	        P1	
1547.30833	1020.02142	2100.48594	        P1	
1533.43678	 652.34773	1315.37786	        P1	
1798.25728	1342.55495	1709.21898	        P1	
1962.19378	 326.17389	 819.08653	        P1	
 287.51940	1642.51844	 650.22396	        P1	
1625.49343	 294.86701	1329.79294	        P1	
1916.79598	 429.55933	 924.62570	        P1	
1314.01409	2130.32313	1127.98152	        P1	
 401.01390	 122.31520	 767.60405	        P1	
1206.82484	1812.15796	1888.37807	        P1	
 438.84540	1927.92056	1252.05439	        P1	
1457.77378	 537.31321	1779.23515	        P1	
1156.38284	2247.54185	 223.94887	        P1	
1900.40233	 881.68874	 368.61471	        P1	
1150.07759	2082.27073	2209.11400	        P1	
1008.83999	1207.13455	 109.14292	        P1	
1827.26143	2113.57757	  85.97579	        P1	
 807.07199	 493.62921	 364.49609	        P1	
1298.88149	1686.20244	 586.90048	        P1	
   3.78315	1525.29972	 448.41254	        P1	
2081.99353	1188.93291	1144.97075	        P1	
2060.55568	  84.45572	1937.80127	        P1	
1477.95058	 490.71693	2075.25954	        P1	
1581.35668	1817.25444	1130.55567	        P1	
1923.10123	 503.09409	1015.23485	        P1	
 950.83169	1255.18695	 906.09200	        P1	
1691.06803	1247.17823	 983.83055	        P1	
 148.80390	2187.11233	1585.14611	        P1	
 186.63540	 668.36521	  20.07817	        P1	
1720.07218	 218.42000	 889.61758	        P1	
 522.07469	1633.78164	1484.24044	        P1	
1097.11349	  52.42080	1006.99767	        P1	
1341.75718	 969.78482	1618.60976	        P1	
 211.85640	 174.73600	 488.05409	        P1	
 209.33430	1067.34574	 401.04869	        P1	
 408.58020	  80.08732	 313.01361	        P1	
1583.87878	 698.94402	1050.24297	        P1	
1843.65508	1307.60775	1488.35906	        P1	
2244.66897	 397.52441	 815.48278	        P1	
 225.72795	1327.26555	 771.72268	        P1	
 215.63955	1951.94676	1438.93586	        P1	
 543.51254	  64.79792	2215.80676	        P1	
 553.60094	 399.70861	1385.39404	        P1	
 395.96970	1483.79991	1151.14865	        P1	
1826.00038	2210.41045	 321.25079	        P1	
1621.71028	2141.97217	2172.56146	        P1	
 720.05954	 587.54981	 644.04606	        P1	
2156.39548	1444.48431	 417.52304	        P1	
 972.26954	 306.51609	 269.25345	        P1	
 518.29154	 942.84634	 734.65528	        P1	
1114.76819	1674.55336	1988.76894	        P1	
1121.07344	1180.19611	 454.59044	        P1	
 828.50984	1753.91264	1365.31586	        P1	
2027.76838	 400.43669	1132.61495	        P1	
 363.18240	 872.22390	2091.73390	        P1	
1065.58724	 693.84753	1950.15707	        P1	
 687.27224	  99.74512	2155.57224	        P1	
 790.67834	1602.47475	1035.82789	        P1	
2145.04603	1369.49343	 563.73336	        P1	
1587.66193	2168.91065	 242.48257	        P1	
 761.67419	 773.20682	 568.36679	        P1	
 781.85099	 260.64789	  90.09435	        P1	
 738.97529	  80.08732	1179.46406	        P1	
 938.22119	1834.72804	1068.77667	        P1	
1271.13839	 301.41961	 792.31565	        P1	
1878.96448	1927.92056	1167.10826	        P1	
1972.28218	  29.12268	 761.94096	        P1	
1046.67149	 649.43550	 693.98406	        P1	
1041.62729	 256.27949	 156.50678	        P1	
  41.61465	2209.68237	 183.27772	        P1	
1326.62459	2124.49857	 368.61471	        P1	
2128.65238	1565.34335	 320.73599	        P1	
 655.74599	 128.13972	1381.79028	        P1	
 639.35234	1787.40372	 553.43684	        P1	
 424.97385	1063.70542	2102.03042	        P1	
1814.65093	1317.07263	 160.62540	        P1	
1486.77793	 277.39341	1352.96006	        P1	
2242.14687	1980.34136	1876.02227	        P1	
 129.88815	 928.28502	1799.31333	        P1	
 691.05539	1665.81656	 672.87628	        P1	
 490.54844	1321.44103	 452.53116	        P1	
 704.92694	 204.58672	1346.26736	        P1	
1633.05973	1701.49184	1241.75787	        P1	
 404.79705	1027.30210	 619.84926	        P1	
 349.31085	 406.98929	 626.02716	        P1	
1485.51688	 147.06948	 168.86258	        P1	
1011.36209	 726.61053	   4.11862	        P1	
1081.98089	1668.72884	 582.26706	        P1	
1636.84288	1849.28936	1939.34574	        P1	
 302.65200	1100.83682	2176.16522	        P1	
1546.04728	2175.46325	 568.36679	        P1	
 752.84684	 612.30409	2042.31070	        P1	
1196.73644	1155.44183	1657.22163	        P1	
 319.04565	2077.17425	1717.45615	        P1	
2228.27533	 508.91861	 154.44750	        P1	
 261.03735	1809.24572	1472.39944	        P1	
1679.71858	  11.64908	 527.18077	        P1	
1380.84973	1815.07024	 341.32897	        P1	
1063.06514	1716.05316	 689.86550	        P1	
1760.42578	1434.29135	1758.64217	        P1	
 127.36605	1254.45891	1288.60692	        P1	
2107.21453	 465.23461	 483.42066	        P1	
2030.29048	 362.57721	 798.49355	        P1	
1494.34423	2123.77053	 942.64453	        P1	
1459.03483	1049.14410	1114.08125	        P1	
2169.00598	 709.13693	1383.33476	        P1	
 413.62440	1076.08254	 337.72521	        P1	
 913.00019	 419.36641	1779.23515	        P1	
1718.81113	1654.89556	2161.75014	        P1	
 443.88960	2217.69113	 255.35317	        P1	
 438.84540	  33.49108	1436.87652	        P1	
 310.21830	 682.92653	 716.12158	        P1	
1836.08878	2114.30565	1811.66913	        P1	
1403.54863	1992.71853	1348.84144	        P1	
1221.95744	 708.40890	 812.90863	        P1	
2225.75323	 440.48033	2186.46174	        P1	
1146.29444	 839.46090	1999.06540	        P1	
 119.79975	1194.75743	 735.17008	        P1	
 848.68664	2139.78797	 115.32082	        P1	
2233.31953	2179.10357	 963.23757	        P1	
 279.95310	 282.48989	1917.20823	        P1	
1515.78208	1033.85470	1029.13513	        P1	
1052.97674	 756.46130	1603.67981	        P1	
1335.45194	 469.60301	1212.41284	        P1	
1263.57209	 627.59350	 553.43684	        P1	
1740.24898	 722.24213	 833.50167	        P1	
2098.38718	1626.50095	1752.46427	        P1	
 413.62440	1884.23656	1777.17587	        P1	
1470.38428	 588.27789	1027.59065	        P1	
 314.00145	2013.10436	2228.16256	        P1	
 940.74329	 649.43550	1702.52621	        P1	
1185.38699	 869.31162	 211.59307	        P1	
 293.82465	1344.73915	1235.06516	        P1	
2016.41893	1305.42355	2160.20566	        P1	
1873.92028	 436.84001	  88.03507	        P1	
1143.77234	2045.13933	 922.56636	        P1	
 901.65074	1193.30131	2017.59910	        P1	
 424.97385	 406.98929	 571.97054	        P1	
 556.12304	1970.87652	 280.06477	        P1	
1066.84829	1574.08015	1758.64217	        P1	
 784.37309	 132.50812	1747.83085	        P1	
 793.20044	1346.19531	 681.62826	        P1	
1240.87319	1847.83324	1637.14346	        P1	
 451.45589	 179.10440	2108.20832	        P1	
1445.16328	1339.64271	 460.76834	        P1	
 195.46275	1895.15756	 110.68739	        P1	
 967.22534	  67.71020	   6.17790	        P1	
1316.53619	1097.92454	1221.16489	        P1	
1756.64263	1028.75822	 742.89246	        P1	
1419.94228	 671.27750	1387.45332	        P1	
1379.58868	1067.34574	 776.35610	        P1	
 571.25564	1624.31675	 424.21581	        P1	
 218.16165	1480.15955	 288.30201	        P1	
1032.79994	 533.67289	 792.83046	        P1	
 646.91864	 900.61850	1305.59615	        P1	
 688.53329	 432.47161	1173.80097	        P1	
1114.76819	 149.98172	1092.97347	        P1	
2100.90928	1993.44656	1270.58809	        P1	
 213.11745	2030.57796	1085.25109	        P1	
1694.85118	 171.82372	1494.53696	        P1	
1622.97133	2116.48985	 926.68498	        P1	
 372.00975	 274.48112	 314.55809	        P1	
  10.08840	 285.40213	   5.66310	        P1	
1785.64678	2216.23497	 764.00030	        P1	
 124.84395	1129.23143	1661.85506	        P1	
1793.21308	 982.89002	 656.40186	        P1	
1292.57624	 289.04249	 127.16175	        P1	
1219.43534	 619.58473	 720.75500	        P1	
1804.56253	 577.35689	1583.60164	        P1	
1272.39944	 912.26754	1443.56928	        P1	
1889.05288	  42.22788	1756.58283	        P1	
 634.30814	1175.82771	1121.80362	        P1	
1337.97404	 395.34021	1124.37777	        P1	
1677.19648	1383.32671	1208.29422	        P1	
1844.91613	1701.49184	1422.46144	        P1	
1055.49884	 631.23381	1768.42383	        P1	
 818.42144	1435.01943	  44.78977	        P1	
1717.55008	1467.78243	 407.74139	        P1	
  79.44615	 778.30330	 434.51227	        P1	
1233.30689	 744.08414	1537.78226	        P1	
1855.00453	 201.67449	 570.42606	        P1	
1460.29588	1131.41563	1927.50475	        P1	
1422.46438	2015.28856	1190.27539	        P1	
2031.55153	  60.42952	2147.84986	        P1	
 868.86344	2053.87613	 232.18605	        P1	
 315.26250	1722.60576	 751.64450	        P1	
 282.47520	 773.20682	1360.68244	        P1	
2209.35958	  50.96468	 965.81165	        P1	
2127.39133	1174.37154	1968.69077	        P1	
1638.10393	1368.03731	 744.95173	        P1	
1355.62873	 446.30489	1226.82792	        P1	
 678.44489	 299.96349	2141.15710	        P1	
 267.34260	 856.20642	 809.30488	        P1	
2079.47143	2212.59465	1019.35347	        P1	
1307.70884	1011.28462	1488.87386	        P1	
1848.69928	1702.21992	1566.61241	        P1	
1510.73788	 896.97814	1703.04108	        P1	
1770.51418	1498.36123	1142.91147	        P1	
2221.97008	 164.54309	1268.52875	        P1	
2002.54738	 369.85789	1762.76073	        P1	
1548.56938	 701.85630	1467.76602	        P1	
1856.26558	1825.99124	 804.67145	        P1	
 983.61899	1693.48312	 676.99484	        P1	
1046.67149	   4.36840	1544.47496	        P1	
1157.64389	 862.03094	1171.74169	        P1	
1170.25439	 774.66294	1177.91959	        P1	
1645.67023	 587.54981	1274.19184	        P1	
1274.92154	 983.61810	  28.31535	        P1	
1303.92569	1409.53711	1924.93060	        P1	
 276.16995	 332.72649	1795.19471	        P1	
1694.85118	 921.73242	  37.06740	        P1	
 314.00145	 538.04129	1473.94392	        P1	
2095.86508	 480.52401	2200.87682	        P1	
1942.01698	2112.84953	1443.05442	        P1	
1863.83188	 307.24413	  18.01890	        P1	
 343.00560	 780.48750	1523.36711	        P1	
2070.64408	 297.05121	1274.19184	        P1	
1238.35109	  21.84200	2180.79864	        P1	
 544.77359	1825.99124	1397.74984	        P1	
 856.25294	1036.03890	1694.80383	        P1	
 977.31374	1257.37115	1840.49935	        P1	
  54.22515	 944.30250	 460.76834	        P1	
 810.85514	 839.46090	 354.19957	        P1	
1809.60673	1633.05355	2229.70704	        P1	
 528.37994	1359.30051	 992.06773	        P1	
 191.67960	2141.97217	1531.60436	        P1	
 237.07740	1760.46524	 216.22649	        P1	
1887.79183	1695.66732	 924.11083	        P1	
 832.29299	1932.28896	1704.58555	        P1	
1123.59554	1943.20996	2019.65844	        P1	
1639.36498	1553.69432	 385.08907	        P1	
 416.14650	1932.28896	2116.96037	        P1	
1544.78623	 428.83129	1412.16492	        P1	
1026.49469	 254.82332	 980.22680	        P1	
1229.52374	 536.58513	 275.94621	        P1	
2187.92173	1995.63076	 479.81691	        P1	
2006.33053	 811.79434	 127.67662	        P1	
 895.34549	2000.72724	 846.37228	        P1	
 324.08985	2056.78836	1258.23229	        P1	
 441.36750	1875.49976	1531.60436	        P1	
1561.17988	2238.07697	 864.39117	        P1	
2238.36372	1848.56132	 664.63904	        P1	
2179.09438	 551.87453	2050.54794	        P1	
1383.37183	 712.77730	 588.95976	        P1	
 636.83024	 457.95393	 407.22658	        P1	
 113.49450	 930.46922	 599.25628	        P1	
1765.46998	1055.69670	1107.90335	        P1	
 302.65200	1635.23776	1605.73915	        P1	
 517.03049	 691.66333	1469.82536	        P1	
1934.45068	 416.45413	1492.99248	        P1	
1897.88023	  95.37672	1655.16235	        P1	
 504.41999	 481.98013	1815.78775	        P1	
1039.10519	1301.78323	1315.89267	        P1	
1031.53889	 128.13972	 825.77930	        P1	
 802.02779	 741.17190	1986.70960	        P1	
1208.08589	1277.02895	 850.49090	        P1	
 766.71839	1517.29095	1926.98994	        P1	
 180.33015	1962.13972	1422.97624	        P1	
1250.96159	1201.31003	1088.85485	        P1	
 998.75159	2230.79633	1490.93314	        P1	
1899.14128	 235.89361	2151.45362	        P1	
1064.32619	 289.77053	1809.60985	        P1	
 856.25294	  69.16632	1530.05988	        P1	
 715.01534	1372.40571	 774.29676	        P1	
 638.09129	 442.66453	   5.66310	        P1	
2074.42723	2228.61213	1515.64474	        P1	
1436.33593	 354.56849	  51.48248	        P1	
1852.48243	 214.77969	  26.77088	        P1	
2035.33468	 211.13932	 308.38019	        P1	
1252.22264	1488.89635	1128.49639	        P1	
 563.68934	1643.24652	1707.15963	        P1	
1209.34694	2142.70025	1291.18107	        P1	
 767.97944	1299.59903	2149.90914	        P1	
1503.17158	 537.31321	 339.78449	        P1	
1851.22138	1715.32512	 188.94075	        P1	
 219.42270	1834.72804	2034.07352	        P1	
 791.93939	 460.13813	  41.18602	        P1	
 636.83024	 252.63912	 232.70091	        P1	
 713.75429	1546.41363	1729.81195	        P1	
1509.47683	2133.96345	 698.10268	        P1	
1103.41874	2032.03413	 133.33965	        P1	
1767.99208	1457.58951	2104.08970	        P1	
1142.51129	 318.89321	1644.86583	        P1	
2220.70903	2034.94636	1480.63668	        P1	
1853.74348	1472.15083	 667.21318	        P1	
 447.67274	  19.65780	1274.19184	        P1	
1873.92028	1659.99204	1076.49905	        P1	
1965.97693	2148.52477	 345.44759	        P1	
1732.68268	1306.15163	 364.49609	        P1	
1834.82773	1120.49462	1946.03845	        P1	
 653.22389	2134.69153	 652.28324	        P1	
 915.52229	1121.22271	1886.31873	        P1	
 923.08859	 442.66453	 671.33180	        P1	
 954.61484	 540.95353	2149.39434	        P1	
2013.89683	1354.93211	1453.86574	        P1	
1716.28903	1049.14410	 465.40177	        P1	
1442.64118	1402.25643	 569.91126	        P1	
 815.89934	1561.70303	1328.24847	        P1	
2085.77668	 454.31361	 310.43947	        P1	
 175.28595	 763.74194	 733.11080	        P1	
 129.88815	2133.96345	  18.53370	        P1	
1035.32204	1643.24652	 473.12414	        P1	
1798.25728	 275.20921	 364.49609	        P1	
 664.57334	 961.77610	 504.01364	        P1	
1498.12738	1968.69233	1634.56931	        P1	
  52.96410	1124.13494	  11.84100	        P1	
1152.59969	 569.34813	1672.15158	        P1	
1392.19918	1635.23776	1531.60436	        P1	
1762.94788	 675.64590	 656.91666	        P1	
 862.55819	1170.73123	1285.00317	        P1	
1204.30274	 653.07581	1335.97084	        P1	
 121.06080	 578.08493	  72.07552	        P1	
 680.96699	1154.71374	1488.35906	        P1	
2081.99353	 370.58593	1258.23229	        P1	
1889.05288	 489.26081	 654.85738	        P1	
 298.86885	 829.26794	 177.09982	        P1	
 761.67419	 548.96229	1114.08125	        P1	
 321.56775	  22.57008	 763.48543	        P1	
1981.10953	1676.73756	1103.78479	        P1	
2107.21453	1775.75464	 341.32897	        P1	
 654.48494	 473.97141	2157.63152	        P1	
2114.78083	1999.99916	 498.35061	        P1	
1385.89393	1522.38743	 236.30467	        P1	
 368.22660	2210.41045	  50.96767	        P1	
1503.17158	2206.04205	1675.75533	        P1	
 804.54989	2181.28777	 696.04340	        P1	
 928.13279	1275.57283	2156.08704	        P1	
1667.10808	1144.52083	 228.58229	        P1	
1517.04313	1510.73835	1828.14355	        P1	
 991.18529	1163.45054	 621.90860	        P1	
1593.96718	 949.39894	 251.23461	        P1	
1174.03754	 552.60261	1756.06803	        P1	
 829.77089	2111.39337	2055.18137	        P1	
 564.95039	 199.49029	2079.37810	        P1	
  41.61465	2238.80505	1984.65032	        P1	
 862.55819	 330.54229	 187.39627	        P1	
 287.51940	  71.35052	1690.68528	        P1	
 650.70179	1846.37712	1058.48015	        P1	
1786.90783	 792.86462	 860.27255	        P1	
1760.42578	 639.24253	2186.46174	        P1	
1108.46294	1625.77292	 751.12963	        P1	
1745.29318	 825.62762	1737.53433	        P1	
 790.67834	 133.23620	 471.06486	        P1	
1548.56938	 867.85550	1424.52072	        P1	
 263.55945	2107.75305	2100.48594	        P1	
1546.04728	1619.22032	 953.45585	        P1	
1699.89538	1076.08254	 615.73070	        P1	
2029.02943	1756.82492	 453.04597	        P1	
1619.18818	 894.06590	1534.17844	        P1	
 348.04980	 797.96110	   9.78165	        P1	
 443.88960	  39.31560	 328.97317	        P1	
1422.46438	1464.87015	1523.88198	        P1	
2155.13443	 131.78008	 485.47994	        P1	
1622.97133	1963.59584	1904.33762	        P1	
1155.12179	  85.91188	 965.81165	        P1	
1865.09293	1421.91423	 477.24276	        P1	
1475.42848	 895.52202	1496.59624	        P1	
1858.78768	1432.83523	1285.00317	        P1	
2211.88168	1327.99363	1062.59877	        P1	
 987.40214	 532.21673	1449.74718	        P1	
 949.57064	 823.44342	 532.84386	        P1	
 515.76944	 836.54862	 321.25079	        P1	
1737.72688	 787.76814	1159.38589	        P1	
  32.78730	1587.18535	2104.60457	        P1	
1245.91739	 336.36681	2194.69892	        P1	
1755.38158	 993.08294	 850.49090	        P1	
 485.50424	 867.12742	1630.96556	        P1	
 515.76944	1515.10675	 685.23208	        P1	
2073.16618	1994.90273	2244.63692	        P1	
1211.86904	 114.30648	1189.76052	        P1	
 411.10230	2086.63913	2091.73390	        P1	
 524.59679	1022.20562	2069.59645	        P1	
1264.83314	1238.44143	2003.18402	        P1	
1297.62044	2176.19133	 934.92215	        P1	
1157.64389	 914.45174	 666.69838	        P1	
 831.03194	1743.71972	1504.83341	        P1	
2105.95348	 203.85869	1466.22154	        P1	
2237.10267	1978.88524	1354.50454	        P1	
 547.29569	2229.34017	1587.20545	        P1	
1264.83314	1986.89396	  92.15369	        P1	
 818.42144	1356.38823	 378.39637	        P1	
1563.70198	1686.20244	2156.08704	        P1	
1303.92569	 369.85789	 700.16196	        P1	
1436.33593	2013.10436	2086.07087	        P1	
1721.33323	2042.22705	2089.67462	        P1	
  92.05665	1640.33424	 537.47729	        P1	
 319.04565	1488.89635	2186.46174	        P1	
1360.67293	2061.15676	 969.41547	        P1	
1312.75304	 271.56889	1239.18372	        P1	
1015.14524	2189.29653	 391.26697	        P1	
 406.05810	 541.68161	1515.12994	        P1	
 293.82465	1108.84554	1647.43998	        P1	
2107.21453	 396.79633	1883.74465	        P1	
1684.76278	  48.05240	1311.25924	        P1	
1322.84144	1691.29892	2071.65573	        P1	
 319.04565	1317.07263	1224.76864	        P1	
1073.15354	  64.79792	2081.43744	        P1	
 882.73499	1571.16792	1200.57185	        P1	
1438.85803	1848.56132	 768.11886	        P1	
1557.39673	 757.91742	1317.43714	        P1	
 272.38680	 591.19013	1665.97368	        P1	
 805.81094	 224.97260	1249.48024	        P1	
 499.37579	1338.18655	  48.90839	        P1	
 316.52355	 408.44541	1575.36446	        P1	
1689.80698	1100.83682	1817.84703	        P1	
1343.01823	1435.01943	 316.61737	        P1	
 634.30814	1121.95074	1086.79557	        P1	
 815.89934	1835.45612	 619.84926	        P1	
1171.51544	1503.45771	2244.63692	        P1	
 534.68519	 521.29573	1871.38885	        P1	
1505.69368	 362.57721	1816.30255	        P1	
1694.85118	1939.56964	1402.38326	        P1	
  51.70305	1161.26634	 339.26969	        P1	
2213.14273	 740.44382	 878.80625	        P1	
 857.51399	2021.11313	1171.22682	        P1	
  10.08840	 310.15641	2063.41855	        P1	
1136.20604	1343.28303	  18.53370	        P1	
 283.73625	1582.08892	1651.55854	        P1	
 925.61069	 610.11989	 849.97603	        P1	
 504.41999	1967.23616	 238.87881	        P1	
1804.56253	1628.68515	 949.33730	        P1	
1233.30689	1293.04643	1217.04627	        P1	
 824.72669	2155.07737	2081.43744	        P1	
 102.14505	 536.58513	1871.38885	        P1	
1161.42704	2058.24453	 269.25345	        P1	
 230.77215	   6.55260	 852.55018	        P1	
  80.70720	1558.06272	1768.93863	        P1	
  88.27350	1830.35964	1606.25396	        P1	
 901.65074	1774.29852	 114.80595	        P1	
1374.54448	1718.23736	 611.09728	        P1	
 441.36750	 224.24452	1258.23229	        P1	
2056.77253	 501.63793	 184.82219	        P1	
 385.88130	 353.84041	2089.67462	        P1	
 234.55530	1443.02815	1086.79557	        P1	
 373.27080	1607.57124	  18.53370	        P1	
 180.33015	1231.16075	1346.26736	        P1	
1677.19648	1432.83523	 951.39657	        P1	
 987.40214	 746.26834	1018.83867	        P1	
 179.06910	 879.50454	1228.88726	        P1	
1834.82773	1727.70224	  30.88950	        P1	
 938.22119	 559.15521	1706.64483	        P1	
 645.65759	1140.15243	2174.62074	        P1	
 153.84810	 537.31321	 951.39657	        P1	
2081.99353	2029.12185	   6.17790	        P1	
 525.85784	1114.67011	2153.51290	        P1	
1350.58453	2037.85865	1884.25945	        P1	
 407.31915	 536.58513	1037.37237	        P1	
2200.53223	 538.04129	 633.74954	        P1	
 403.53600	  14.56132	 691.40998	        P1	
1731.42163	 302.14769	1849.25133	        P1	
 924.34964	1828.17544	1241.75787	        P1	
 612.87029	 745.54030	1472.39944	        P1	
 561.16724	 996.72330	2189.03582	        P1	
1060.54304	  86.63992	1939.34574	        P1	
2126.13028	1242.08175	1933.16784	        P1	
1379.58868	1124.13494	1988.76894	        P1	
 472.89374	 632.68993	 325.36941	        P1	
  52.96410	1081.90711	 837.62023	        P1	
2018.94103	 104.11352	1568.67175	        P1	
1320.31934	 347.28781	2125.19754	        P1	
 232.03320	 655.26001	  12.35580	        P1	
1353.10663	1633.05355	 215.71169	        P1	
1209.34694	 488.53273	 221.88959	        P1	
1092.06929	 991.62682	 444.80879	        P1	
 157.63125	 482.70821	1056.42087	        P1	
  18.91575	 728.79473	1468.28088	        P1	
 201.76800	1613.39575	2180.28384	        P1	
1948.32223	1203.49423	 296.53919	        P1	
 329.13405	 619.58473	1943.97917	        P1	
  81.96825	  47.32432	1227.34279	        P1	
1978.58743	1785.94756	1012.66077	        P1	
1418.68123	1596.65024	1149.08937	        P1	
 134.93235	 200.21832	  22.65232	        P1	
2022.72418	2185.65617	2110.78247	        P1	
1103.41874	 121.58712	 288.30201	        P1	
2214.40378	2003.63953	1268.52875	        P1	
  18.91575	1643.24652	 440.69017	        P1	
1885.26973	1353.47595	1950.15707	        P1	
2152.61233	1557.33463	1600.07606	        P1	
 706.18799	 691.66333	1573.30518	        P1	
 363.18240	2061.88485	2046.42932	        P1	
2187.92173	1108.84554	 831.95720	        P1	
2032.81258	1422.64231	 732.59593	        P1	
 549.81779	1185.29255	 380.97051	        P1	
1660.80283	 634.14610	1375.09752	        P1	
1361.93398	 684.38270	 639.92744	        P1	
1387.15498	2009.46404	2211.68814	        P1	
 786.89519	1766.28976	 337.72521	        P1	
 220.68375	1175.82771	 490.11337	        P1	
2071.90513	1089.91582	1756.06803	        P1	
2244.66897	 691.66333	1888.37807	        P1	
 706.18799	1601.74672	1350.38592	        P1	
1356.88978	2165.27033	1504.83341	        P1	
1219.43534	1624.31675	 498.35061	        P1	
 672.13964	 398.25249	1849.25133	        P1	
1562.44093	 236.62169	1274.70665	        P1	
 694.83854	1247.17823	1315.89267	        P1	
  23.95995	1209.31875	 251.23461	        P1	
1234.56794	1922.82412	  28.31535	        P1	
 620.43659	1306.15163	1508.95204	        P1	
2031.55153	  95.37672	1233.52069	        P1	
 929.39384	1021.47754	 665.15390	        P1	
 949.57064	  16.74552	 308.38019	        P1	
  59.26935	  96.83288	2073.20020	        P1	
1906.70758	1329.44975	 357.80339	        P1	
1752.85948	1932.28896	 875.20250	        P1	
1066.84829	 112.12228	2097.91180	        P1	
1249.70054	 206.04289	1342.66354	        P1	
1089.54719	 257.73561	2137.55334	        P1	
1947.06118	2131.77925	  44.78977	        P1	
1433.81383	 140.51688	 479.30204	        P1	
 942.00434	1038.95114	 969.41547	        P1	
 401.01390	  10.19292	 932.34807	        P1	
   6.30525	1857.29812	1053.84673	        P1	
1648.19233	1235.52915	 177.09982	        P1	
 430.01805	1583.54504	1731.35643	        P1	
1047.93254	 108.48192	 801.06770	        P1	
 406.05810	1258.09923	1068.77667	        P1	
2203.05433	 124.49940	1780.77963	        P1	
 330.39510	2118.67405	 155.99197	        P1	
  27.74310	1009.10042	 903.51785	        P1	
1679.71858	 525.66413	1320.01129	        P1	
1510.73788	2028.39376	1801.88747	        P1	
 308.95725	 701.12822	 236.30467	        P1	
 667.09544	1946.12224	1780.77963	        P1	
 219.42270	 844.55734	1363.25659	        P1	
 326.61195	 428.83129	 448.41254	        P1	
1538.48098	1492.53671	  28.31535	        P1	
 336.70035	1088.45971	 564.24816	        P1	
1539.74203	1622.86064	1669.57743	        P1	
2075.68828	 330.54229	1782.83891	        P1	
1991.19793	 607.93569	2127.25682	        P1	
1899.14128	1876.95592	 372.73327	        P1	
2195.48803	  47.32432	 858.21327	        P1	
1163.94914	1723.33384	1193.87914	        P1	
 814.63829	1517.29095	   5.66310	        P1	
1572.52933	 469.60301	 809.30488	        P1	
 890.30129	1272.66055	1957.87944	        P1	
 306.43515	1340.37075	1968.69077	        P1	
 657.00704	 737.53153	 220.34512	        P1	
 324.08985	 565.70781	 728.99218	        P1	
 190.41855	1765.56172	1466.22154	        P1	
1000.01264	 625.40930	2153.51290	        P1	
1325.36354	 628.32153	2160.20566	        P1	
1172.77649	 663.99681	1686.56666	        P1	
1955.88853	 367.67369	 193.57417	        P1	
 427.49595	 299.23541	1044.06507	        P1	
 108.45030	 396.06829	1521.82264	        P1	
 121.06080	1540.58912	1521.82264	        P1	
2133.69658	 940.66214	 499.89508	        P1	
1583.87878	1715.32512	 423.70094	        P1	
2239.62477	 918.82014	2248.24074	        P1	
1847.43823	1414.63355	1029.64999	        P1	
1281.22679	 624.68121	 724.35876	        P1	
 907.95599	1935.20124	 742.89246	        P1	
1076.93669	 956.67962	1311.25924	        P1	
  89.53455	 580.26913	1445.11376	        P1	
 123.58290	2174.00713	  32.94878	        P1	
2209.35958	2083.72685	 691.92478	        P1	
 818.42144	1187.47674	 918.44780	        P1	
2223.23113	1172.91543	2156.08704	        P1	
 657.00704	1137.96823	2244.12212	        P1	
 659.52914	1962.13972	2011.42120	        P1	
  65.57460	1444.48431	 584.32634	        P1	
2163.96178	 972.69710	 201.29655	        P1	
1929.40648	 215.50772	1636.62865	        P1	
1865.09293	 294.86701	1754.52355	        P1	
 578.82194	1733.52676	 319.19151	        P1	
 794.46149	1039.67922	 920.50708	        P1	
 646.91864	2101.92853	 100.90568	        P1	
 102.14505	 867.12742	 254.83837	        P1	
1223.21849	 200.94640	 803.12698	        P1	
 257.25420	2147.79673	1999.06540	        P1	
1075.67564	1684.01824	1292.72554	        P1	
 633.04709	 551.87453	 930.80360	        P1	
 208.07325	2227.15597	1883.74465	        P1	
 981.09689	1782.30724	 426.27509	        P1	
 860.03609	1001.81974	1184.09749	        P1	
1474.16743	 741.89994	1667.51815	        P1	
 774.28469	 278.12149	 866.96526	        P1	
1272.39944	1866.03492	 639.92744	        P1	
 709.97114	  77.90312	1086.79557	        P1	
2119.82503	1892.24532	 175.04047	        P1	
 316.52355	1959.22744	  75.67927	        P1	
 829.77089	1211.50295	 456.64978	        P1	
 379.57605	1752.45652	2147.33500	        P1	
 395.96970	1071.71414	1679.87395	        P1	
1459.03483	1289.40611	1917.20823	        P1	
1780.60258	1256.64311	 423.70094	        P1	
 834.81509	 987.25842	2052.60722	        P1	
1273.66049	 627.59350	  77.73855	        P1	
 838.59824	1289.40611	 664.63904	        P1	
1576.31248	 238.80589	1521.82264	        P1	
 245.90475	 813.25050	 205.92997	        P1	
 156.37020	 196.57800	1346.78216	        P1	
1442.64118	1057.15282	 786.13775	        P1	
  32.78730	 560.61133	 164.74402	        P1	
1259.78894	1777.21076	2024.29187	        P1	
 119.79975	 835.09250	 485.47994	        P1	
2075.68828	1683.29016	1908.45625	        P1	
  12.61050	 920.27630	 836.07576	        P1	
  58.00830	1196.94163	 747.52588	        P1	
2088.29878	1871.13136	 955.51520	        P1	
 292.56360	1323.62523	1908.97105	        P1	
  42.87570	 265.01629	1245.36162	        P1	
2210.62063	1153.98571	 584.32634	        P1	
 919.30544	2123.77053	 354.19957	        P1	
  85.75140	1753.18456	 226.52302	        P1	
1302.66464	 622.49701	1756.06803	        P1	
1678.45753	 404.07701	1527.48573	        P1	
1052.97674	1954.85904	1983.10585	        P1	
1445.16328	 122.31520	 160.62540	        P1	
1288.79309	1394.97575	1951.70154	        P1	
 633.04709	1868.21912	 724.87356	        P1	
1026.49469	 681.47042	 681.11346	        P1	
1884.00868	 904.25882	1575.36446	        P1	
  17.65470	1520.20323	 248.66047	        P1	
 629.26394	2069.89356	1136.21877	        P1	
 368.22660	1434.29135	 788.71190	        P1	
 625.48079	2152.16513	 576.60396	        P1	
2169.00598	2123.04245	2108.20832	        P1	
 638.09129	2216.23497	 178.64429	        P1	
 662.05124	 621.04089	1367.37514	        P1	
1855.00453	1287.94995	 739.28870	        P1	
1546.04728	1587.18535	 796.43427	        P1	
1330.40774	 877.32034	1173.28616	        P1	
1274.92154	 906.44302	1223.22417	        P1	
1063.06514	 784.12782	1508.95204	        P1	
1254.74474	1567.52755	 950.88177	        P1	
1996.24213	 877.32034	 716.12158	        P1	
1631.79868	 840.18894	1259.77676	        P1	
 413.62440	 511.10281	1229.40207	        P1	
1438.85803	1433.56331	1399.80912	        P1	
1155.12179	1239.16951	1793.65023	        P1	
 249.68790	 257.73561	 749.07036	        P1	
 329.13405	 124.49940	 959.11895	        P1	
1930.66753	1062.24930	1589.77954	        P1	
1119.81239	1527.48392	 959.63375	        P1	
2117.30293	1155.44183	 508.13226	        P1	
 653.22389	 139.78880	1558.37523	        P1	
 264.82050	 202.40252	 479.81691	        P1	
1568.74618	  18.92972	1894.55597	        P1	
1644.40918	1048.41602	1322.07057	        P1	
1055.49884	1448.12463	 335.15107	        P1	
2049.20623	 213.32352	1926.98994	        P1	
1612.88293	2145.61253	 263.07555	        P1	
1485.51688	 848.92574	2092.24877	        P1	
  55.48620	1240.62563	  80.31270	        P1	
1943.27803	 688.02302	1439.45066	        P1	
1799.51833	 115.76260	 383.02979	        P1	
1944.53908	1255.18695	1604.19468	        P1	
1838.61088	1868.21912	2165.86870	        P1	
1055.49884	1566.07143	1223.22417	        P1	
1667.10808	 100.47320	1093.48827	        P1	
2051.72833	1424.82651	 854.60946	        P1	
 287.51940	 698.94402	1589.26473	        P1	
1141.25024	 492.90113	 790.25637	        P1	
2026.50733	1392.79155	 591.01911	        P1	
 121.06080	2198.76137	2242.06284	        P1	
 780.58994	 466.69073	1690.68528	        P1	
1064.32619	1678.92176	 467.46111	        P1	
2208.09853	 578.81301	1842.55863	        P1	
  16.39365	2238.80505	1068.77667	        P1	
2055.51148	1954.13096	1165.56379	        P1	
1943.27803	 294.86701	 211.59307	        P1	
 547.29569	1939.56964	1898.15973	        P1	
 171.50280	  56.78920	2217.86604	        P1	
 345.52770	 481.98013	 560.12961	        P1	
 853.73084	1925.73636	 907.63647	        P1	
2131.17448	 404.80509	1422.97624	        P1	
 402.27495	1468.51051	1881.68530	        P1	
1703.67853	1831.08772	1912.57480	        P1	
1727.63848	1022.20562	  50.96767	        P1	
2002.54738	 221.33229	1293.24035	        P1	
 343.00560	 846.01350	1832.26211	        P1	
1407.33178	1306.15163	1181.52334	        P1	
 756.62999	 947.94282	1711.27825	        P1	
1911.75178	 113.57840	1298.90344	        P1	
1644.40918	 247.54269	 448.41254	        P1	
1653.23653	 712.77730	1787.47233	        P1	
1663.32493	1684.01824	1760.70145	        P1	
2021.46313	1836.91224	 186.88147	        P1	
1815.91198	 831.45214	 251.23461	        P1	
1036.58309	1207.13455	1587.20545	        P1	
2039.11783	1657.80784	1173.80097	        P1	
  55.48620	1705.13216	 740.83318	        P1	
1470.38428	 781.94362	2057.24065	        P1	
 643.13549	2012.37633	1738.04913	        P1	
1124.85659	  88.82412	 753.18898	        P1	
 394.70865	 229.34101	1811.66913	        P1	
 552.33989	1849.28936	 177.09982	        P1	
 564.95039	 950.85510	 175.04047	        P1	
1865.09293	 903.53074	 325.36941	        P1	
 930.65489	2082.27073	 805.18626	        P1	
1947.06118	 374.22629	 992.06773	        P1	
1295.09834	1576.26435	 648.16468	        P1	
1097.11349	1317.80071	1072.38043	        P1	
1172.77649	1697.85152	1529.54501	        P1	
1017.66734	1274.84475	 831.95720	        P1	
1844.91613	1999.99916	 757.82240	        P1	
 123.58290	1724.06192	1052.30225	        P1	
 653.22389	 126.68360	2219.41052	        P1	
1826.00038	 311.61253	1264.41019	        P1	
 216.90060	1657.07976	2069.08164	        P1	
 356.87715	1976.70104	 457.16459	        P1	
1827.26143	1020.02142	 773.78195	        P1	
2002.54738	2233.70857	1346.26736	        P1	
 491.80949	 589.73401	 952.94105	        P1	
1213.13009	1629.41324	1008.54215	        P1	
  12.61050	1884.23656	 294.47991	        P1	
1399.76548	1520.20323	 359.86267	        P1	
1720.07218	1285.76575	 314.55809	        P1	
1322.84144	 513.28701	  98.84640	        P1	
 601.52084	 926.82890	2195.21372	        P1	
1235.82899	1770.65816	1326.18919	        P1	
 867.60239	2204.58593	1355.01934	        P1	
 848.68664	 500.18181	 630.14578	        P1	
1102.15769	1731.34256	1593.38335	        P1	
 619.17554	1714.59704	 557.55546	        P1	
1535.95888	 500.90989	  96.27225	        P1	
 100.88400	1470.69471	 965.81165	        P1	
 158.89230	 696.03173	1136.21877	        P1	
 694.83854	  12.37712	1259.77676	        P1	
 993.70739	 460.13813	2062.90374	        P1	
 612.87029	1336.73043	2106.66384	        P1	
1093.33034	 399.70861	1272.64737	        P1	
1674.67438	2024.02536	2192.63964	        P1	
 622.95869	1124.13494	1023.47209	        P1	
1902.92443	1040.40730	1436.87652	        P1	
 498.11474	1365.12503	1723.63405	        P1	
1723.85533	 354.56849	1058.48015	        P1	
 762.93524	1046.23182	2231.76632	        P1	
1674.67438	1569.71175	  47.36392	        P1	
 629.26394	1593.73795	 438.11608	        P1	
 428.75700	1534.76455	 462.82768	        P1	
 151.32600	1502.72963	 518.94359	        P1	
 651.96284	 254.09529	1818.36183	        P1	
1394.72128	2171.09485	2131.37544	        P1	
 421.19070	1751.72844	 625.51236	        P1	
1460.29588	1595.92215	1698.40765	        P1	
1736.46583	1400.07223	 841.73885	        P1	
  89.53455	 979.24970	 213.65235	        P1	
1628.01553	 858.39062	 186.88147	        P1	
 213.11745	1675.28144	1391.57194	        P1	
1087.02509	 829.99602	1286.54764	        P1	
1363.19503	 337.09489	2238.45902	        P1	
 382.09815	1299.59903	 747.52588	        P1	
1129.90079	1166.36283	1532.11916	        P1	
 577.56089	1172.18734	 518.42878	        P1	
 330.39510	  53.87692	1554.77148	        P1	
2245.93002	 246.81461	1984.65032	        P1	
1979.84848	 885.32910	 269.25345	        P1	
1051.71569	 449.94521	1002.36425	        P1	
2061.81673	1788.85984	 588.44496	        P1	
 735.19214	 182.74472	1394.14608	        P1	
2016.41893	1085.54742	 945.21868	        P1	
 716.27639	2042.95513	1633.02484	        P1	
2211.88168	1657.07976	1840.49935	        P1	
1090.80824	1756.82492	1806.00603	        P1	
1930.66753	 776.84714	 326.91389	        P1	
1900.40233	 915.17982	1496.59624	        P1	
1430.03068	1732.79872	1467.76602	        P1	
1944.53908	  34.94720	 376.85189	        P1	
1875.18133	 200.21832	 858.21327	        P1	
 756.62999	1958.49936	1704.58555	        P1	
 245.90475	1956.31516	 788.71190	        P1	
1176.55964	1851.47356	1394.14608	        P1	
1051.71569	1677.46564	 526.66596	        P1	
 432.54015	  86.63992	1686.05185	        P1	
 906.69494	 424.46289	1881.68530	        P1	
 242.12160	1578.44855	1103.78479	        P1	
 326.61195	 166.72728	1010.60143	        P1	
 206.81220	1654.16752	 559.61474	        P1	
 953.35379	 350.92813	1636.62865	        P1	
 432.54015	1689.84276	1122.31849	        P1	
 930.65489	1307.60775	 784.07847	        P1	
2001.28633	 217.69192	1235.06516	        P1	
 564.95039	 709.13693	1863.66647	        P1	
1630.53763	2017.47276	 691.40998	        P1	
 297.60780	 503.82213	1204.17566	        P1	
 281.21415	1359.30051	 405.16724	        P1	
1562.44093	1107.38942	1305.08134	        P1	
1658.28073	  13.83328	2209.11400	        P1	
1490.56108	 101.92932	1834.32145	        P1	
 261.03735	1005.46010	 836.07576	        P1	
 147.54285	1866.03492	1844.61791	        P1	
1814.65093	1880.59624	 736.71456	        P1	
   2.52210	2123.04245	1836.38073	        P1	
 933.17699	 452.85749	1219.10555	        P1	
 890.30129	 476.15561	 347.50687	        P1	
 365.70450	 646.52321	1039.43165	        P1	
 488.02634	 141.97300	 197.69279	        P1	
1554.87463	2045.13933	1782.83891	        P1	
1384.63288	 880.96070	 917.93293	        P1	
 312.74040	 771.75070	1101.72545	        P1	
 907.95599	 910.08334	 930.80360	        P1	
 249.68790	1906.07856	1735.47505	        P1	
1539.74203	 728.79473	  24.19679	        P1	
1754.12053	1009.82850	 409.80067	        P1	
1129.90079	 942.11830	 897.85476	        P1	
1513.25998	1709.50056	1381.79028	        P1	
1148.81654	 616.67249	 615.21584	        P1	
1974.80428	1344.01111	1072.38043	        P1	
 718.79849	 104.84160	 790.77118	        P1	
2221.97008	1161.99443	 413.91929	        P1	
1160.16599	 971.24094	2204.99544	        P1	
1595.22823	2133.96345	2182.34312	        P1	
1657.01968	 503.82213	2055.18137	        P1	
 972.26954	1228.24851	  76.19408	        P1	
 726.36479	1469.23855	 467.46111	        P1	
 482.98214	1819.43864	2151.45362	        P1	
1138.72814	1979.61333	 553.43684	        P1	
 612.87029	1007.64430	1497.11104	        P1	
1438.85803	1382.59863	1581.54236	        P1	
 537.20729	1386.23895	1221.16489	        P1	
 575.03879	 419.36641	1027.07585	        P1	
1958.41063	1976.70104	2106.66384	        P1	
2162.70073	 274.48112	 628.08650	        P1	
1341.75718	 151.43788	1436.87652	        P1	
1615.40503	 814.70662	 755.24826	        P1	
  89.53455	1266.10795	1352.44526	        P1	
1446.42433	2056.78836	  92.15369	        P1	
 485.50424	 506.00633	 263.59041	        P1	
  64.31355	1002.54782	1451.80646	        P1	
 993.70739	1625.04484	1958.39425	        P1	
 542.25149	  53.87692	 258.95699	        P1	
1923.10123	2125.22665	1947.58292	        P1	
   1.26105	1777.21076	1876.02227	        P1	
1443.90223	 369.12981	2219.41052	        P1	
2157.65653	2090.27945	 884.98415	        P1	
1918.05703	2135.41957	 226.52302	        P1	
1268.61629	1201.31003	 965.29685	        P1	
1459.03483	 497.26953	 765.54478	        P1	
 963.44219	1153.25763	1612.43186	        P1	
1358.15083	1388.42315	 370.15919	        P1	
1013.88419	1202.76615	1667.51815	        P1	
1900.40233	1204.95035	 722.29948	        P1	
1824.73933	2128.13893	 440.69017	        P1	
1887.79183	1826.71932	 714.06224	        P1	
1157.64389	1741.53552	 576.60396	        P1	
1250.96159	1055.69670	 774.29676	        P1	
 496.85369	1351.29175	1239.69859	        P1	
 247.16580	1339.64271	1836.89553	        P1	
 863.81924	 773.93490	2172.04660	        P1	
 160.15335	 992.35490	1097.09203	        P1	
 831.03194	 760.82970	 695.52854	        P1	
 147.54285	2066.98133	 663.09456	        P1	
2165.22283	 982.16194	 992.58259	        P1	
 406.05810	1887.14884	2180.79864	        P1	
 303.91305	1940.29772	1881.68530	        P1	
 686.01119	  75.71892	1599.56125	        P1	
1253.48369	1875.49976	1346.26736	        P1	
1972.28218	1668.72884	 315.07289	        P1	
1583.87878	 460.13813	1906.91177	        P1	
 112.23345	 737.53153	2123.13827	        P1	
1914.27388	1464.87015	 553.95171	        P1	
1416.15913	1959.22744	 123.55800	        P1	
1052.97674	 249.72689	2104.08970	        P1	
 750.32474	 331.27033	2229.70704	        P1	
 628.00289	1403.71255	 697.58788	        P1	
1764.20893	1697.12344	 475.69829	        P1	
1543.52518	1218.78363	1484.24044	        P1	
2199.27118	1215.87135	 918.44780	        P1	
1576.31248	1622.13255	1309.19996	        P1	
1718.81113	1129.23143	1408.56116	        P1	
 462.80534	 369.12981	1218.59074	        P1	
1493.08318	1858.02616	 424.21581	        P1	
1708.72273	 753.54902	  67.95690	        P1	
 324.08985	 144.88528	2073.20020	        P1	
 691.05539	 729.52282	 705.82506	        P1	
 716.27639	  64.06988	1503.28894	        P1	
 433.80120	 256.27949	2060.84440	        P1	
1878.96448	 771.75070	 405.16724	        P1	
 211.85640	 471.78721	1193.87914	        P1	
 494.33159	1086.27551	1949.64220	        P1	
 900.38969	1876.95592	2073.20020	        P1	
1102.15769	1214.41523	 724.35876	        P1	
1605.31663	 406.98929	 743.40726	        P1	
1994.98108	 853.29414	  36.55259	        P1	
 905.43389	2057.51645	 977.65265	        P1	
 882.73499	 275.20921	1167.62307	        P1	
1210.60799	1210.04683	 143.63617	        P1	
 119.79975	1630.14132	1103.26993	        P1	
 482.98214	  83.72768	1572.79031	        P1	
1605.31663	 216.23580	1484.24044	        P1	
1000.01264	 572.98849	1924.93060	        P1	
1029.01679	1961.41164	 549.83309	        P1	
1783.12468	1387.69511	 887.04343	        P1	
1812.12883	2101.92853	 707.88434	        P1	
1093.33034	1375.31795	1303.02206	        P1	
1403.54863	1002.54782	 296.53919	        P1	
2103.43138	 116.49068	1461.58812	        P1	
1050.45464	 356.02461	 852.55018	        P1	
 989.92424	 115.76260	 378.39637	        P1	
 134.93235	 657.44421	 932.86288	        P1	
2161.43968	 943.57442	2009.36192	        P1	
1286.27099	1756.09684	 625.51236	        P1	
 795.72254	1072.44222	1352.96006	        P1	
1388.41603	1402.98451	1022.95723	        P1	
 631.78604	 481.25209	1836.89553	        P1	
1514.52103	 140.51688	 768.11886	        P1	
2114.78083	2170.36677	1315.37786	        P1	
 881.47394	 204.58672	 326.91389	        P1	
 119.79975	 615.21633	 665.15390	        P1	
 965.96429	1625.04484	1161.44517	        P1	
 698.62169	 658.17230	1307.14062	        P1	
1269.87734	1177.28383	 105.02430	        P1	
 306.43515	 862.75902	1309.71477	        P1	
 686.01119	1823.07896	1103.78479	        P1	
 598.99874	 776.84714	1764.82007	        P1	
1037.84414	1500.54543	 223.94887	        P1	
 678.44489	1122.67882	1953.76082	        P1	
1426.24753	 779.75942	1068.77667	        P1	
 742.75844	 768.11034	1933.16784	        P1	
 477.93794	 337.09489	1342.66354	        P1	
 634.30814	 101.20128	1041.49093	        P1	
 253.47105	 727.33862	 284.18339	        P1	
1407.33178	2246.81377	1536.23778	        P1	
1614.14398	1638.15004	 574.54468	        P1	
2162.70073	1976.70104	1595.44263	        P1	
1123.59554	1518.01903	  30.88950	        P1	
1472.90638	1148.88923	 908.15128	        P1	
1697.37328	 240.26201	 741.34798	        P1	
1491.82213	1037.49502	1630.96556	        P1	
 575.03879	1890.06112	1127.98152	        P1	
 301.39095	 692.39142	1237.12444	        P1	
2205.57643	 322.53353	 512.25088	        P1	
 540.99044	2139.78797	1791.07615	        P1	
2126.13028	 327.63001	 625.51236	        P1	
 704.92694	1033.12662	1292.72554	        P1	
1160.16599	2101.20045	1210.86837	        P1	
2055.51148	1925.00832	1894.04110	        P1	
2078.21038	1821.62284	 345.96239	        P1	
1171.51544	 886.05714	1772.54245	        P1	
 718.79849	 343.64749	2151.96842	        P1	
1640.62603	1516.56291	2190.58030	        P1	
 234.55530	1556.60655	1418.85768	        P1	
1727.63848	1582.81695	1729.29715	        P1	
 626.74184	 983.61810	 108.62805	        P1	
1428.76963	1068.07382	1564.55313	        P1	
1738.98793	 744.81222	2217.86604	        P1	
2005.06948	 511.10281	2193.15444	        P1	
 620.43659	 396.06829	 961.17823	        P1	
 387.14235	 460.86621	 285.72787	        P1	
1256.00579	 298.50733	1381.79028	        P1	
  36.57045	 765.19810	 131.79518	        P1	
1817.17303	 105.56968	 181.21837	        P1	
 472.89374	 811.79434	 967.87100	        P1	
 991.18529	 294.13893	1696.86318	        P1	
 498.11474	1858.75424	 298.08367	        P1	
 799.50569	1878.41204	 982.28607	        P1	
1296.35939	 202.40252	1167.10826	        P1	
1557.39673	 749.18062	 426.27509	        P1	
2221.97008	1316.34455	 808.79007	        P1	
 761.67419	 700.40013	 788.71190	        P1	
  35.30940	1626.50095	1871.38885	        P1	
 576.29984	1504.91383	 475.69829	        P1	
2184.13858	2073.53393	1004.42353	        P1	
 249.68790	 195.12189	 267.70897	        P1	
1161.42704	 706.95273	1993.40237	        P1	
 831.03194	  12.37712	1624.27285	        P1	
2022.72418	  99.01708	1968.17590	        P1	
1264.83314	 130.32392	1838.95487	        P1	
 320.30670	 107.75388	 360.37747	        P1	
1549.83043	1379.68635	2155.57224	        P1	
 201.76800	2083.72685	 463.34249	        P1	
1413.63703	 233.70941	2131.37544	        P1	
1677.19648	 554.78681	 520.48806	        P1	
 314.00145	1423.37035	1548.59358	        P1	
 401.01390	2048.77965	 580.72258	        P1	
1715.02798	2214.77885	  94.21297	        P1	
 955.87589	1773.57044	2013.99535	        P1	
 822.20459	1777.93884	1297.35897	        P1	
 915.52229	 241.71812	 757.82240	        P1	
  51.70305	  56.06112	1906.91177	        P1	
1170.25439	 760.10162	 236.30467	        P1	
1148.81654	 807.42594	1350.90079	        P1	
 732.67004	1823.80704	 977.65265	        P1	
 979.83584	 584.63753	1068.26187	        P1	
2052.98938	 621.76893	1859.03305	        P1	
1293.83729	 550.41841	 722.81428	        P1	
2205.57643	1008.37234	 380.97051	        P1	
1168.99334	 469.60301	 940.58525	        P1	
 680.96699	1078.99482	1377.67166	        P1	
1965.97693	 785.58394	 726.93290	        P1	
2034.07363	 466.69073	1784.89825	        P1	
 213.11745	1653.43944	1414.73906	        P1	
2083.25458	1051.32830	1738.04913	        P1	
1322.84144	 334.18261	1329.79294	        P1	
2123.60818	  17.47360	 674.93556	        P1	
 649.44074	1129.23143	1006.99767	        P1	
1728.89953	  60.42952	 238.87881	        P1	
 708.71009	1194.02935	1797.25405	        P1	
 340.48350	1185.29255	 747.01108	        P1	
1663.32493	1791.77212	1677.81461	        P1	
1747.81528	1467.78243	 903.51785	        P1	
1954.62748	1464.87015	 708.39920	        P1	
1665.84703	2115.03373	 372.73327	        P1	
1074.41459	1429.92295	  18.01890	        P1	
1761.68683	1507.82611	 310.95427	        P1	
2121.08608	1001.81974	 757.82240	        P1	
1588.92298	 841.64510	1195.93842	        P1	
1616.66608	2091.00753	 930.28873	        P1	
1757.90368	1274.11671	 979.71193	        P1	
 481.72109	1354.20403	1346.78216	        P1	
 899.12864	2072.80585	 952.94105	        P1	
1573.79038	1236.25723	2157.63152	        P1	
1296.35939	2194.39297	1173.28616	        P1	
2238.36372	 769.56650	2153.51290	        P1	
2223.23113	 540.95353	2110.78247	        P1	
 575.03879	2203.12977	 679.05418	        P1	
 537.20729	1981.79753	1443.05442	        P1	
1973.54323	2165.99837	 411.86001	        P1	
1066.84829	2169.63873	1739.59361	        P1	
 523.33574	1503.45771	1948.09773	        P1	
 145.02075	1488.89635	1332.36709	        P1	
1554.87463	1721.87772	  59.20485	        P1	
 503.15894	 350.20009	 670.81694	        P1	
2179.09438	 880.96070	1855.42923	        P1	
 853.73084	 789.95234	 109.14292	        P1	
 662.05124	1136.51211	1849.25133	        P1	
 481.72109	 659.62841	  26.25607	        P1	
 503.15894	1668.00076	1031.19447	        P1	
1257.26684	 147.79752	1079.07319	        P1	
 887.77919	1195.48551	2227.64770	        P1	
1389.67708	 331.99841	 508.13226	        P1	
2046.68413	1274.84475	1167.10826	        P1	
1959.67168	 990.17070	1015.23485	        P1	
 562.42829	1086.27551	 928.74426	        P1	
 472.89374	1678.19372	2053.12203	        P1	
 827.24879	1839.09644	1921.32685	        P1	
1423.72543	1468.51051	1603.67981	        P1	
1891.57498	1859.48232	1633.02484	        P1	
1880.22553	 752.09290	 361.92194	        P1	
1235.82899	1804.14924	 216.22649	        P1	
1838.61088	 253.36721	 871.08388	        P1	
1697.37328	2121.58633	1986.70960	        P1	
 680.96699	 716.41762	 568.36679	        P1	
 298.86885	1484.52795	 370.15919	        P1	
1943.27803	1427.73875	2192.63964	        P1	
 506.94209	1544.95752	1195.93842	        P1	
 244.64370	 597.01469	2213.74742	        P1	
1798.25728	 346.55973	 869.02460	        P1	
1261.04999	1106.66134	1554.77148	        P1	
1639.36498	1383.32671	 757.30753	        P1	
1256.00579	 741.17190	1330.30774	        P1	
1904.18548	1728.43032	 786.65256	        P1	
 680.96699	 728.06670	1002.87905	        P1	
2056.77253	2230.06825	1427.09486	        P1	
1896.61918	 763.01390	 459.22387	        P1	
1023.97259	 272.29692	2061.35927	        P1	
1573.79038	1843.46484	2108.20832	        P1	
2058.03358	2174.00713	1330.30774	        P1	
 983.61899	 451.40133	2242.06284	        P1	
2094.60403	1708.77252	1657.73644	        P1	
 162.67545	 248.27072	  61.26419	        P1	
 430.01805	1369.49343	1779.23515	        P1	
 901.65074	2110.66533	1900.21900	        P1	
  73.14090	 237.34972	 407.22658	        P1	
1335.45194	1487.44023	1138.27805	        P1	
 300.12990	 832.90830	1838.44001	        P1	
1496.86633	1155.44183	1532.11916	        P1	
 790.67834	2208.22625	1192.33467	        P1	
1524.60943	2135.41957	 936.98150	        P1	
1010.10104	 226.42872	2129.31616	        P1	
 883.99604	 194.39380	2026.35115	        P1	
  35.30940	1122.67882	1910.51552	        P1	
 538.46834	 348.74393	 969.41547	        P1	
1725.11638	 414.99801	2001.63955	        P1	
1370.76133	1464.14211	1331.85222	        P1	
 881.47394	1544.22943	 240.93809	        P1	
1548.56938	 672.73361	1439.45066	        P1	
 572.51669	1460.50175	1820.42117	        P1	
 331.65615	2106.29693	 885.49896	        P1	
 350.57190	 934.83762	1508.95204	        P1	
 750.32474	2081.54265	1805.49123	        P1	
2055.51148	1530.39615	1951.70154	        P1	
1234.56794	 342.91941	1644.86583	        P1	
 583.86614	 408.44541	 889.61758	        P1	
  11.34945	 497.26953	 827.32377	        P1	
2191.70488	1842.00872	 496.29127	        P1	
 976.05269	 538.76933	1908.45625	        P1	
1147.55549	 358.20881	 322.79527	        P1	
1501.91053	 401.16473	1797.25405	        P1	
 587.64929	 816.89082	2199.33234	        P1	
 413.62440	2089.55137	1851.31067	        P1	
 562.42829	2117.21793	1392.08674	        P1	
1080.71984	   0.72808	1657.73644	        P1	
2119.82503	1962.13972	 588.95976	        P1	
 491.80949	 713.50533	1233.52069	        P1	
2237.10267	1802.69312	 788.19703	        P1	
  99.62295	 932.65342	 426.27509	        P1	
 481.72109	 572.26041	1149.08937	        P1	
1974.80428	 310.15641	1451.80646	        P1	
 158.89230	1572.62403	1595.44263	        P1	
2223.23113	 651.61970	 236.81947	        P1	
2018.94103	1745.17584	1212.41284	        P1	
 414.88545	1657.80784	1692.74456	        P1	
 907.95599	2140.51605	 217.77097	        P1	
  23.95995	 935.56570	1745.77151	        P1	
1902.92443	 392.42793	1011.11629	        P1	
2219.44798	 365.48949	 559.61474	        P1	
 943.26539	 288.31441	 784.59328	        P1	
1611.62188	1313.43231	 632.20506	        P1	
1916.79598	1247.90631	1714.88201	        P1	
 171.50280	 147.06948	 638.38296	        P1	
1639.36498	1807.06152	1838.44001	        P1	
1119.81239	 857.66254	 733.11080	        P1	
1209.34694	2119.40213	1751.94941	        P1	
 110.97240	 398.98053	  11.84100	        P1	
1535.95888	1215.87135	2073.71507	        P1	
1585.13983	 123.04328	 510.19154	        P1	
 913.00019	1523.11552	 522.54734	        P1	
1081.98089	1657.07976	 924.62570	        P1	
2022.72418	1392.06351	1997.52093	        P1	
2176.57228	 991.62682	1027.07585	        P1	
1833.56668	 875.13614	 825.77930	        P1	
1314.01409	2152.16513	 182.76285	        P1	
 350.57190	1692.02696	 734.65528	        P1	
1301.40359	 238.80589	1233.00582	        P1	
 123.58290	 739.71574	1945.52364	        P1	
 155.10915	1740.80744	1142.91147	        P1	
 311.47935	 207.49900	 834.01648	        P1	
1267.35524	  47.32432	 895.28067	        P1	
 667.09544	1472.87891	2091.73390	        P1	
1069.37039	1182.38031	1089.36965	        P1	
1675.93543	1785.94756	1492.99248	        P1	
 469.11059	 876.59230	 979.71193	        P1	
1786.90783	 238.07781	1552.19733	        P1	
 986.14109	 658.17230	1917.20823	        P1	
 208.07325	 275.93729	 127.16175	        P1	
 366.96555	2136.87573	 102.45015	        P1	
1926.88438	2032.76216	1383.33476	        P1	
1479.21163	1884.96464	 389.20769	        P1	
 369.48765	 409.90153	 938.52597	        P1	
 488.02634	 653.07581	 637.86816	        P1	
2001.28633	2176.19133	 378.91117	        P1	
 374.53185	1957.77132	 539.53657	        P1	
2133.69658	1951.21872	 959.63375	        P1	
1831.04458	2041.49896	 652.79810	        P1	
1165.21019	 310.15641	2182.34312	        P1	
 249.68790	1006.18814	 794.88980	        P1	
1461.55693	1772.84236	 177.09982	        P1	
 191.67960	2026.93764	 366.04057	        P1	
1855.00453	1890.78916	 807.24560	        P1	
 126.10500	 816.89082	 267.19417	        P1	
 639.35234	1781.57916	  65.89762	        P1	
1256.00579	 795.04882	 586.90048	        P1	
 508.20314	 699.67210	 928.74426	        P1	
1490.56108	 295.59509	1084.73623	        P1	
2234.58058	1217.32751	 162.68468	        P1	
2221.97008	 186.38509	 280.06477	        P1	
1194.21434	1689.84276	1307.65549	        P1	
1952.10538	1271.20443	 106.56877	        P1	
2127.39133	 109.93808	1410.62044	        P1	
 856.25294	2152.89317	2110.78247	        P1	
1196.73644	1752.45652	2159.69080	        P1	
 949.57064	1314.16035	1704.58555	        P1	
 988.66319	 321.80549	 378.91117	        P1	
1522.08733	 374.95433	1062.08397	        P1	
1683.50173	 667.63713	1920.81205	        P1	
 205.55115	1560.24692	 738.77383	        P1	
1368.23923	1855.84196	 481.36138	        P1	
1876.44238	1879.86816	  18.01890	        P1	
 216.90060	1983.25364	 897.33995	        P1	
2080.73248	1687.65856	 696.04340	        P1	
1070.63144	  51.69272	1838.95487	        P1	
2113.51978	 863.48710	 275.43135	        P1	
1343.01823	 289.04249	1274.70665	        P1	
 424.97385	 672.00553	 455.10531	        P1	
2227.01428	2207.49817	 574.02988	        P1	
1199.25854	 179.83249	1799.82813	        P1	
 843.64244	1882.05236	2155.57224	        P1	
1475.42848	1205.67843	 753.70378	        P1	
 735.19214	1992.71853	 453.04597	        P1	
1404.80968	1399.34415	 461.28321	        P1	
 428.75700	2105.56885	  57.14557	        P1	
 774.28469	 506.73441	1841.01415	        P1	
1369.50028	 931.92534	 320.73599	        P1	
1562.44093	1407.35291	 596.68214	        P1	
1790.69098	 764.47002	1186.15677	        P1	
 274.90890	 481.98013	2118.50484	        P1	
 398.49180	1571.16792	1813.72841	        P1	
 699.88274	 395.34021	1373.03824	        P1	
 808.33304	  77.90312	 133.85452	        P1	
 297.60780	2181.28777	 771.72268	        P1	
 432.54015	 152.16592	 882.92487	        P1	
1619.18818	1134.32791	1127.98152	        P1	
 190.41855	1209.31875	 592.56358	        P1	
 417.40755	2084.45493	1671.63671	        P1	
2078.21038	1384.78283	1309.71477	        P1	
1756.64263	 705.49662	 736.71456	        P1	
 761.67419	2230.79633	 615.21584	        P1	
1849.96033	 963.23222	 197.69279	        P1	
 364.44345	1229.70463	 359.86267	        P1	
 513.24734	1004.00394	2141.67196	        P1	
 433.80120	  64.06988	2209.11400	        P1	
 784.37309	 784.85590	 491.65784	        P1	
 813.37724	1218.05555	 245.05671	        P1	
1026.49469	 872.22390	 558.07026	        P1	
1406.07073	 446.30489	 819.08653	        P1	
 209.33430	2128.86697	1723.11925	        P1	
1651.97548	1659.99204	1292.72554	        P1	
 375.79290	1993.44656	 376.33709	        P1	
1704.93958	 372.77013	 387.14841	        P1	
1868.87608	1703.67604	 722.81428	        P1	
1447.68538	 487.80469	 800.55283	        P1	
1452.72958	 583.90949	  22.13745	        P1	
 967.22534	1518.01903	1099.66617	        P1	
2152.61233	1004.00394	1889.92255	        P1	
1098.37454	 559.88329	1696.34831	        P1	
 694.83854	2163.08613	1999.06540	        P1	
1820.95618	1205.67843	1434.81724	        P1	
1629.27658	  29.12268	1101.72545	        P1	
  93.31770	 458.68201	 383.02979	        P1	
1553.61358	 902.80270	1300.96272	        P1	
 211.85640	1710.95672	1806.00603	        P1	
1394.72128	1980.34136	 611.09728	        P1	
  95.83980	2130.32313	 868.50973	        P1	
 409.84125	 523.47993	 271.31279	        P1	
 389.66445	2091.73556	 374.79261	        P1	
1505.69368	1724.06192	1818.36183	        P1	
 123.58290	 554.78681	1144.45594	        P1	
 258.51525	1716.05316	 271.31279	        P1	
1812.12883	1060.79314	2172.56146	        P1	
1474.16743	1047.68794	1537.78226	        P1	
1050.45464	 830.72410	1461.58812	        P1	
1435.07488	1930.83284	1223.22417	        P1	
1747.81528	  81.54348	2145.79052	        P1	
1187.90909	1290.13415	1832.77697	        P1	
1505.69368	1908.99084	1051.78745	        P1	
1240.87319	1932.28896	 407.22658	        P1	
 870.12449	1664.36044	  74.13480	        P1	
1865.09293	1659.26396	 462.82768	        P1	
1781.86363	 108.48192	1253.59886	        P1	
2225.75323	2088.82333	 547.25894	        P1	
1784.38573	1468.51051	1863.15161	        P1	
 168.98070	1779.39496	 987.94917	        P1	
2169.00598	1761.92136	 852.03537	        P1	
1389.67708	 946.48670	1972.80933	        P1	
2114.78083	 706.95273	 603.37491	        P1	
 889.04024	1914.08732	2238.45902	        P1	
1412.37598	 480.52401	2038.70695	        P1	
 189.15750	 940.66214	 170.92192	        P1	
1877.70343	1876.22784	1600.07606	        P1	
 544.77359	1665.81656	 326.91389	        P1	
1534.69783	1791.77212	 361.92194	        P1	
 649.44074	 258.46369	 354.19957	        P1	
1713.76693	 312.34061	1519.76336	        P1	
1422.46438	1796.86856	1117.68507	        P1	
1537.21993	 351.65621	1946.03845	        P1	
1100.89664	 112.85032	1085.25109	        P1	
1600.27243	2004.36756	1530.05988	        P1	
 631.78604	1353.47595	1289.12179	        P1	
 448.93379	 390.24373	1400.32398	        P1	
1557.39673	1689.84276	  18.01890	        P1	
2157.65653	 257.00752	1451.29166	        P1	
1831.04458	 869.31162	2032.52905	        P1	
1664.58598	 761.55774	2186.46174	        P1	
 498.11474	 919.54822	2213.23262	        P1	
1616.66608	  56.78920	1644.86583	        P1	
2206.83748	  29.12268	2017.59910	        P1	
2124.86923	 840.91702	1515.12994	        P1	
 601.52084	 105.56968	1560.43451	        P1	
 812.11619	 524.20801	1569.18656	        P1	
1899.14128	 939.20602	2102.03042	        P1	
1996.24213	2010.19213	 639.92744	        P1	
1211.86904	1880.59624	1618.60976	        P1	
 957.13694	1832.54384	1317.43714	        P1	
 418.66860	1945.39416	1531.60436	        P1	
 894.08444	1720.42156	1060.53949	        P1	
1327.88564	1168.54703	 359.86267	        P1	
 741.49739	 292.68281	1464.16226	        P1	
1694.85118	1967.23616	 592.56358	        P1	
1168.99334	1287.94995	1204.17566	        P1	
 619.17554	 555.51489	 860.78736	        P1	
 485.50424	 696.75982	  94.21297	        P1	
1732.68268	2042.95513	 324.85455	        P1	
2116.04188	1868.21912	  34.49325	        P1	
 566.21144	  34.21912	1228.88726	        P1	
1767.99208	1590.09764	1107.38855	        P1	
1479.21163	1882.05236	  18.01890	        P1	
 722.58164	  12.37712	 739.28870	        P1	
 693.57749	1881.32432	1509.46684	        P1	
 549.81779	1207.13455	1179.46406	        P1	
1886.53078	1610.48352	 434.51227	        P1	
 958.39799	2058.97256	1889.92255	        P1	
 944.52644	 727.33862	 304.26157	        P1	
 609.08714	1836.91224	2106.66384	        P1	
1085.76404	 396.79633	1214.98699	        P1	
1462.81798	  91.73640	1255.65814	        P1	
2063.07778	1859.48232	1280.88455	        P1	
1150.07759	1330.90591	1869.32950	        P1	
1378.32763	 583.18141	 934.40735	        P1	
 707.44904	 548.23421	1223.22417	        P1	
1119.81239	  85.91188	1980.53170	        P1	
1498.12738	 949.39894	 858.21327	        P1	
 931.91594	 406.98929	2184.40240	        P1	
1581.35668	 171.82372	2184.91726	        P1	
 548.55674	1991.26236	1276.76599	        P1	
1732.68268	1786.67564	 551.37756	        P1	
1172.77649	1237.71335	 566.30751	        P1	
1012.62314	2219.87533	1801.37261	        P1	
 179.06910	2184.20005	 718.18086	        P1	
 195.46275	2036.40253	1319.49642	        P1	
2003.80843	 424.46289	2122.62340	        P1	
1829.78353	1103.02102	 963.75237	        P1	
1723.85533	 970.51290	 125.61728	        P1	
1128.63974	1497.63315	 652.79810	        P1	
1320.31934	 960.31994	1845.13277	        P1	
2117.30293	1734.98292	1262.35085	        P1	
1137.46709	 369.85789	 941.10005	        P1	
1295.09834	 835.09250	2091.73390	        P1	
2198.01013	 506.00633	1332.36709	        P1	
1549.83043	 117.21872	 790.25637	        P1	
1182.86489	 196.57800	1198.51257	        P1	
1701.15643	 323.98969	 638.38296	        P1	
 720.05954	1203.49423	 716.63638	        P1	
1305.18674	1554.42235	1747.83085	        P1	
1726.37743	 673.46170	1158.87102	        P1	
1216.91324	1769.93012	1541.90081	        P1	
1437.59698	  90.28028	1608.31324	        P1	
1133.68394	2117.94597	2093.79324	        P1	
1363.19503	2235.89277	1357.07869	        P1	
 786.89519	 812.52242	1873.44813	        P1	
 630.52499	1798.32472	 479.30204	        P1	
1208.08589	 272.29692	1994.94684	        P1	
 673.40069	1170.73123	 872.62835	        P1	
 673.40069	1795.41244	 359.86267	        P1	
2232.05848	2246.81377	1049.72817	        P1	
 446.41170	 329.08613	1519.24856	        P1	
 745.28054	 992.35490	1362.74172	        P1	
 791.93939	  62.61372	1696.86318	        P1	
 649.44074	 240.99009	1231.46135	        P1	
1421.20333	1156.89794	 351.62549	        P1	
 802.02779	  27.66652	 591.01911	        P1	
2201.79328	1913.35924	 982.28607	        P1	
 102.14505	2032.03413	 306.32085	        P1	
1568.74618	 800.87334	1042.00579	        P1	
 891.56234	 546.77809	 689.35064	        P1	
1612.88293	1206.40651	 639.92744	        P1	
2102.17033	 360.39301	1218.59074	        P1	
2162.70073	2243.17345	1243.30234	        P1	
 146.28180	 953.76734	1332.36709	        P1	
 540.99044	2126.68277	2062.90374	        P1	
 190.41855	1759.73716	1394.14608	        P1	
 762.93524	 188.56929	2060.84440	        P1	
1327.88564	2179.10357	2086.07087	        P1	
1708.72273	 861.30290	1818.36183	        P1	
2129.91343	1534.03652	 811.36416	        P1	
 958.39799	 497.99761	 166.80330	        P1	
1615.40503	   8.00872	1499.17038	        P1	
  92.05665	1983.98173	1041.49093	        P1	
 829.77089	 420.82253	1772.54245	        P1	
1610.36083	1876.22784	 500.40989	        P1	
  25.22100	1907.53472	  96.27225	        P1	
1575.05143	2218.41917	1381.79028	        P1	
 517.03049	1716.78124	  43.24530	        P1	
 602.78189	1724.06192	 879.32106	        P1	
1442.64118	1536.22072	 483.93547	        P1	
 486.76529	1105.20522	 858.72808	        P1	
1802.04043	1264.65183	1884.25945	        P1	
1757.90368	1466.32631	1436.87652	        P1	
   7.56630	 978.52162	1002.36425	        P1	
1895.35813	1378.23023	 488.05409	        P1	
 645.65759	1038.22310	 799.00836	        P1	
1630.53763	 120.13100	 247.11599	        P1	
1081.98089	1488.16831	1949.64220	        P1	
 942.00434	1381.14251	1220.65002	        P1	
1837.34983	 736.07542	 630.14578	        P1	
1330.40774	1752.45652	1898.67453	        P1	
 595.21559	2022.56924	 821.66068	        P1	
1866.35398	 859.11870	2060.84440	        P1	
2103.43138	1272.66055	 961.69310	        P1	
 930.65489	 898.43430	 836.07576	        P1	
 126.10500	 945.03054	 141.57689	        P1	
 708.71009	 116.49068	 471.57967	        P1	
 315.26250	  18.92972	 623.45308	        P1	
 229.51110	 668.36521	2163.80942	        P1	
2163.96178	1933.74512	 922.56636	        P1	
 689.79434	1758.28104	 284.18339	        P1	
1228.26269	 829.99602	 409.28586	        P1	
1329.14669	 744.08414	 899.91410	        P1	
 395.96970	 693.11950	1095.54755	        P1	
 775.54574	 600.65501	1181.52334	        P1	
1784.38573	 667.63713	 702.22130	        P1	
1889.05288	1499.81735	1951.70154	        P1	
1571.26828	1635.23776	2098.42667	        P1	
 730.14794	1937.38544	 168.34777	        P1	
1343.01823	2110.66533	2182.85792	        P1	
2112.25873	2011.64824	1070.32115	        P1	
 137.45445	 961.77610	1721.05991	        P1	
1499.38843	 507.46249	 300.14295	        P1	
  17.65470	1638.15004	1859.54785	        P1	
 214.37850	2021.11313	 250.71975	        P1	
1934.45068	 400.43669	 971.98955	        P1	
 857.51399	 514.01509	1078.55833	        P1	
 402.27495	 589.00593	 722.29948	        P1	
 114.75555	1289.40611	 287.78715	        P1	
 215.63955	1030.21434	 368.61471	        P1	
  40.35360	 184.92892	1766.36455	        P1	
 213.11745	 701.12822	 149.81407	        P1	
 437.58435	1484.52795	 745.46660	        P1	
1214.39114	1209.31875	1692.22975	        P1	
1141.25024	2157.26157	 512.25088	        P1	
2036.59573	 471.05913	1401.86846	        P1	
 388.40340	1042.59150	1807.55051	        P1	
 283.73625	1343.28303	 835.56095	        P1	
 195.46275	1223.88011	1206.74975	        P1	
 152.58705	1165.63474	 615.73070	        P1	
1924.36228	 182.01669	1300.96272	        P1	
 876.42974	 520.56769	2182.85792	        P1	
2165.22283	  31.30688	1338.03012	        P1	
1385.89393	1852.92972	1869.32950	        P1	
1824.73933	 663.26873	 314.55809	        P1	
1680.97963	 776.84714	1492.99248	        P1	
 253.47105	1046.23182	1020.89795	        P1	
2213.14273	2018.92893	 706.33986	        P1	
 358.13820	1625.04484	 322.79527	        P1	
1930.66753	2170.36677	1925.44547	        P1	
 702.40484	 283.21792	1449.74718	        P1	
 421.19070	 966.87254	 109.14292	        P1	
1107.20189	1668.72884	 315.07289	        P1	
2192.96593	  13.83328	 806.73073	        P1	
 191.67960	 259.19172	1377.15686	        P1	
 267.34260	 800.87334	1814.24327	        P1	
1654.49758	1574.08015	1142.39667	        P1	
 998.75159	 669.82133	 802.61217	        P1	
 330.39510	1544.95752	 188.94075	        P1	
1227.00164	 345.83169	1410.62044	        P1	
 223.20585	 363.30529	1268.52875	        P1	
 751.58579	 725.15442	2009.36192	        P1	
1575.05143	1529.66812	 304.77637	        P1	
  61.79145	 974.88130	1121.80362	        P1	
   1.26105	 257.00752	1851.31067	        P1	
1081.98089	  43.68400	1397.74984	        P1	
2041.63993	 251.18301	2021.71772	        P1	
 306.43515	1801.96504	1587.72026	        P1	
 832.29299	1571.16792	 879.32106	        P1	
1489.30003	1123.40691	1257.71742	        P1	
 539.72939	1055.69670	2195.21372	        P1	
1992.45898	  43.68400	 471.06486	        P1	
1094.59139	  10.19292	 838.13510	        P1	
2023.98523	 484.16433	2062.90374	        P1	
1037.84414	2023.29733	 226.00815	        P1	
 377.05395	 600.65501	1669.57743	        P1	
2064.33883	1170.00314	 967.87100	        P1	
 506.94209	1167.81894	 764.00030	        P1	
 929.39384	1981.06944	 543.65519	        P1	
2068.12198	 503.82213	2062.90374	        P1	
1785.64678	 955.22350	 990.52325	        P1	
 214.37850	1156.16991	 527.18077	        P1	
1945.80013	1095.74034	1284.48836	        P1	
 418.66860	1368.76535	1029.64999	        P1	
2147.56813	1832.54384	 315.07289	        P1	
1958.41063	 492.90113	1037.37237	        P1	
 238.33845	1994.17464	2125.19754	        P1	
1663.32493	 781.21554	1364.80106	        P1	
1375.80553	 133.23620	1482.69596	        P1	
1417.42018	1207.13455	2246.69626	        P1	
 713.75429	2080.81456	 191.00009	        P1	
1269.87734	1389.87931	 534.90314	        P1	
 683.48909	1565.34335	  47.36392	        P1	
 834.81509	   7.28068	2147.33500	        P1	
1691.06803	1357.84435	1537.78226	        P1	
2230.79743	  88.09608	1268.52875	        P1	
 805.81094	 621.04089	 961.17823	        P1	
1102.15769	1821.62284	 271.82759	        P1	
 239.59950	1833.27192	1424.52072	        P1	
1532.17573	  48.78048	1047.66883	        P1	
2070.64408	1006.18814	 825.77930	        P1	
1657.01968	  91.73640	1348.32664	        P1	
1419.94228	1080.45094	 411.86001	        P1	
 567.47249	1842.00872	2023.77700	        P1	
  40.35360	1007.64430	 632.20506	        P1	
 672.13964	 115.76260	1366.86034	        P1	
1723.85533	 939.93410	1603.67981	        P1	
 717.53744	 993.81102	1532.11916	        P1	
 628.00289	1761.92136	 368.61471	        P1	
 902.91179	 857.66254	1993.40237	        P1	
 770.50154	 999.63554	 561.67408	        P1	
1191.69224	1838.36836	 524.60668	        P1	
1308.96989	2029.84993	 164.22915	        P1	
 185.37435	1126.31914	 252.77909	        P1	
 530.90204	1797.59664	 149.81407	        P1	
1095.85244	 734.61930	1132.61495	        P1	
 788.15624	  74.99088	 880.86553	        P1	
 655.74599	 235.89361	2095.85252	        P1	
1897.88023	2049.50773	 726.41804	        P1	
2143.78498	1217.32751	1991.34303	        P1	
1791.95203	1809.24572	1986.70960	        P1	
 904.17284	1751.00036	2240.51836	        P1	
 684.75014	 787.04010	 570.42606	        P1	
 640.61339	2042.95513	 263.07555	        P1	
 327.87300	 167.45532	2209.62886	        P1	
  35.30940	  36.40332	1968.69077	        P1	
1141.25024	  77.90312	1882.20017	        P1	
1054.23779	 133.96428	 304.77637	        P1	
1657.01968	 627.59350	 687.80616	        P1	
2165.22283	 473.97141	 353.68477	        P1	
1406.07073	2120.85825	 568.36679	        P1	
 128.62710	1039.67922	1742.16775	        P1	
 554.86199	2176.91937	1517.70408	        P1	
 568.73354	2187.84037	1814.24327	        P1	
 167.71965	1520.93131	2240.00350	        P1	
 286.25835	 254.09529	 263.07555	        P1	
1683.50173	 216.23580	   1.54447	        P1	
 805.81094	2225.69985	 242.48257	        P1	
 390.92550	 177.64829	1158.87102	        P1	
 368.22660	2124.49857	 275.94621	        P1	
1208.08589	 227.15681	 236.30467	        P1	
1471.64533	2026.20956	1043.55027	        P1	
1307.70884	  74.99088	1107.90335	        P1	
1133.68394	1950.49064	 619.33446	        P1	
 660.79019	 818.34694	 629.63098	        P1	
1751.59843	 540.95353	  11.84100	        P1	
 524.59679	  33.49108	1943.46430	        P1	
 134.93235	 606.47953	1074.43977	        P1	
   6.30525	2004.36756	 300.65781	        P1	
1041.62729	1923.55216	 394.87079	        P1	
1983.63163	 778.30330	1486.29972	        P1	
 394.70865	 118.67488	1152.69312	        P1	
1528.39258	2041.49896	1340.08946	        P1	
1363.19503	1638.87812	 372.73327	        P1	
1812.12883	1257.37115	2093.79324	        P1	
1749.07633	1290.86223	2163.80942	        P1	
 462.80534	 654.53193	1513.07066	        P1	
1322.84144	2037.85865	1155.26727	        P1	
 969.74744	1598.10635	1320.01129	        P1	
 244.64370	1456.13335	1587.20545	        P1	
1949.58328	 374.22629	 139.51755	        P1	
1421.20333	 319.62129	1881.68530	        P1	
1256.00579	1295.95871	1078.55833	        P1	
 181.59120	 442.66453	 473.63901	        P1	
2071.90513	1314.16035	1282.94389	        P1	
1626.75448	1217.32751	1511.01131	        P1	
1952.10538	 315.98093	1408.04636	        P1	
1475.42848	2216.23497	1307.65549	        P1	
 796.98359	 829.99602	1285.00317	        P1	
 876.42974	1727.70224	1000.81977	        P1	
2093.34298	1338.18655	 955.51520	        P1	
 388.40340	  80.08732	 351.62549	        P1	
1457.77378	1073.17031	1362.74172	        P1	
1675.93543	1231.16075	1272.13256	        P1	
 628.00289	2117.21793	1775.11653	        P1	
 321.56775	1893.70144	 532.84386	        P1	
 509.46419	2064.79713	1041.49093	        P1	
 232.03320	 492.17309	1109.44782	        P1	
  85.75140	 463.05041	  74.13480	        P1	
 913.00019	 391.69989	 718.69566	        P1	
 104.66715	2234.43665	1410.10564	        P1	
2003.80843	1790.31596	 771.72268	        P1	
1978.58743	 827.81182	2094.30804	        P1	
1465.34008	  17.47360	1735.98985	        P1	
1204.30274	1644.70264	 994.64187	        P1	
1706.20063	 542.40969	 100.90568	        P1	
1141.25024	1322.89715	  48.90839	        P1	
1240.87319	1202.76615	1309.19996	        P1	
 171.50280	1380.41443	 372.21847	        P1	
 264.82050	1418.27391	 108.62805	        P1	
1288.79309	2111.39337	1221.16489	        P1	
 625.48079	1424.09843	1495.05176	        P1	
1421.20333	 514.74313	1443.56928	        P1	
1643.14813	 332.72649	  32.94878	        P1	
 812.11619	1400.80031	1750.40493	        P1	
 139.97655	 680.74233	 617.27518	        P1	
 168.98070	 688.75110	 664.63904	        P1	
 723.84269	2050.23576	2124.68274	        P1	
1920.57913	1108.84554	 802.61217	        P1	
1337.97404	 910.81142	 488.05409	        P1	
 147.54285	 254.09529	 917.93293	        P1	
 530.90204	 213.32352	1828.14355	        P1	
1008.83999	  90.28028	1022.95723	        P1	
1935.71173	 181.28860	 358.31819	        P1	
1831.04458	 375.68241	2075.77435	        P1	
1519.56523	1574.80823	1810.12465	        P1	
1373.28343	 163.81500	  98.84640	        P1	
 213.11745	 441.93649	1035.31303	        P1	
1186.64804	1905.35052	 800.55283	        P1	
1715.02798	1908.99084	1031.70927	        P1	
1184.12594	  79.35928	 887.04343	        P1	
1205.56379	1678.92176	1389.51266	        P1	
1374.54448	2162.35805	1317.43714	        P1	
1979.84848	1074.62642	 915.87365	        P1	
2122.34713	 251.18301	1768.42383	        P1	
1865.09293	1876.22784	 353.68477	        P1	
1339.23509	1495.44895	1445.11376	        P1	
1296.35939	1994.90273	2005.24330	        P1	
 402.27495	 271.56889	2145.79052	        P1	
 900.38969	 927.55694	 716.12158	        P1	
 452.71694	1558.79075	  67.44209	        P1	
1308.96989	 174.73600	 946.76315	        P1	
 345.52770	 257.73561	1323.61504	        P1	
  85.75140	1948.30644	1391.57194	        P1	
1962.19378	2022.56924	1101.21065	        P1	
1407.33178	 305.78801	 137.45827	        P1	
1838.61088	1269.74831	 355.74404	        P1	
 215.63955	1847.10516	1252.05439	        P1	
1475.42848	 378.59469	1992.88750	        P1	
1238.35109	1576.99243	   7.72237	        P1	
1648.19233	1199.12583	  75.67927	        P1	
1142.51129	 760.10162	  80.31270	        P1	
1401.02653	 824.89954	1488.35906	        P1	
1428.76963	 402.62089	1418.34282	        P1	
 127.36605	 664.72490	 514.82497	        P1	
  74.40195	 670.54941	2131.37544	        P1	
 116.01660	 155.80628	 922.56636	        P1	
2128.65238	 936.29374	 510.70641	        P1	
 837.33719	1812.88604	1070.32115	        P1	
1084.50299	2219.14725	 753.70378	        P1	
 279.95310	1609.02735	1049.72817	        P1	
1715.02798	1721.14964	1112.02197	        P1	
1886.53078	1268.29215	 350.08101	        P1	
  26.48205	 162.35888	 368.09984	        P1	
1635.58183	1341.82691	1727.23781	        P1	
2074.42723	1663.63236	2079.89297	        P1	
1110.98504	1468.51051	 113.26148	        P1	
1322.84144	 572.98849	 984.34535	        P1	
1499.38843	1863.12264	1397.74984	        P1	
1138.72814	1216.59943	 427.81956	        P1	
 629.26394	1024.38982	 322.79527	        P1	
1534.69783	1768.47396	1184.09749	        P1	
1422.46438	1811.42992	 405.16724	        P1	
1552.35253	1363.66891	 504.01364	        P1	
 484.24319	1026.57402	 179.15910	        P1	
1423.72543	1264.65183	1027.07585	        P1	
1587.66193	1078.26674	 370.15919	        P1	
2118.56398	 216.96389	2036.13280	        P1	
2204.31538	1991.99044	 191.51489	        P1	
 549.81779	 862.03094	1906.91177	        P1	
1488.03898	 203.85869	 162.68468	        P1	
1863.83188	  43.68400	1865.72575	        P1	
1031.53889	 697.48790	1863.15161	        P1	
 437.58435	1816.52636	2149.39434	        P1	
 868.86344	2144.15637	  30.37469	        P1	
1095.85244	1995.63076	 374.79261	        P1	
1174.03754	2045.13933	 978.16745	        P1	
 722.58164	1097.19651	   2.05928	        P1	
1744.03213	2132.50733	 652.28324	        P1	
1978.58743	1922.82412	1035.31303	        P1	
 998.75159	1233.34495	1043.55027	        P1	
1408.59283	1370.94955	 265.13489	        P1	
1572.52933	  31.30688	1163.50445	        P1	
2061.81673	1771.38624	1984.65032	        P1	
2095.86508	  87.36800	1132.10015	        P1	
1346.80138	 553.33069	 454.59044	        P1	
 718.79849	 234.43749	 256.89765	        P1	
1181.60384	 540.95353	 271.31279	        P1	
 804.54989	1453.22111	1626.84694	        P1	
 749.06369	1876.95592	 448.41254	        P1	
1960.93273	1009.82850	1348.84144	        P1	
 113.49450	 748.45254	1716.94135	        P1	
2031.55153	1389.87931	1033.76855	        P1	
2235.84163	 302.14769	1694.80383	        P1	
 540.99044	 342.91941	 569.91126	        P1	
1452.72958	 763.01390	1546.53424	        P1	
2112.25873	  79.35928	1795.19471	        P1	
1322.84144	2107.75305	 105.02430	        P1	
 688.53329	 943.57442	  67.95690	        P1	
2071.90513	1184.56451	1721.05991	        P1	
1957.14958	 696.03173	 757.82240	        P1	
 712.49324	1059.33702	  57.14557	        P1	
1137.46709	1996.35884	 316.61737	        P1	
1564.96303	2224.24373	2134.97920	        P1	
1213.13009	 618.85670	 701.70644	        P1	
1558.65778	1226.06431	 182.76285	        P1	
 245.90475	 572.98849	 150.32888	        P1	
1858.78768	1074.62642	 143.63617	        P1	
1762.94788	1617.76415	1889.92255	        P1	
1871.39818	 318.89321	 197.69279	        P1	
 861.29714	1855.84196	2086.07087	        P1	
1397.24338	1367.30923	1272.64737	        P1	
 451.45589	1413.90551	 269.25345	        P1	
 595.21559	 400.43669	1480.12182	        P1	
 712.49324	1402.98451	 113.26148	        P1	
 354.35505	1352.01983	 852.55018	        P1	
 123.58290	2086.63913	 786.65256	        P1	
1191.69224	 208.95512	1363.25659	        P1	
1938.23383	1070.98610	 658.46114	        P1	
1881.48658	 543.13773	 739.28870	        P1	
 742.75844	 184.20089	 768.11886	        P1	
2017.67998	 420.82253	 405.68211	        P1	
1286.27099	1495.44895	1037.37237	        P1	
  60.53040	1198.39775	 234.24539	        P1	
 317.78460	 942.11830	 133.33965	        P1	
 482.98214	  70.62248	  57.66038	        P1	
 382.09815	 868.58354	1340.08946	        P1	
1099.63559	2159.44577	1815.78775	        P1	
 394.70865	1651.98332	 829.89786	        P1	
  66.83565	1571.89595	1383.33476	        P1	
1161.42704	 479.79593	2042.82557	        P1	
1078.19774	 887.51330	1843.07343	        P1	
 290.04150	 615.94441	2038.70695	        P1	
 249.68790	  78.63120	 796.94908	        P1	
 788.15624	1903.89436	 782.53400	        P1	
1488.03898	1708.04444	1995.46165	        P1	
 829.77089	 419.36641	 679.56898	        P1	
 551.07884	 650.16353	1025.01657	        P1	
 788.15624	 213.32352	1778.72035	        P1	
1537.21993	1120.49462	2064.96302	        P1	
1673.41333	 680.74233	 430.39371	        P1	
 157.63125	1507.82611	 656.91666	        P1	
1150.07759	 461.59429	 144.15098	        P1	
1339.23509	1195.48551	1670.09224	        P1	
1924.36228	2019.65696	1956.33497	        P1	
1570.00723	1263.19571	1731.87123	        P1	
1122.33449	 272.29692	1443.56928	        P1	
2126.13028	1048.41602	1970.75005	        P1	
1051.71569	2093.91977	1406.50188	        P1	
 399.75285	 674.91781	1099.66617	        P1	
1524.60943	2016.01664	 854.09465	        P1	
 694.83854	2037.85865	1742.16775	        P1	
1239.61214	 396.79633	 561.67408	        P1	
1665.84703	1630.14132	1157.32655	        P1	
1329.14669	 749.90870	1331.85222	        P1	
2214.40378	2175.46325	1686.56666	        P1	
1849.96033	2042.22705	2026.35115	        P1	
1620.44923	 871.49582	1513.58546	        P1	
1978.58743	 708.40890	2005.24330	        P1	
2141.26288	 355.29653	  48.90839	        P1	
1074.41459	 486.34853	 850.49090	        P1	
1068.10934	1847.10516	2001.12474	        P1	
 511.98629	 136.87652	 807.24560	        P1	
1781.86363	2071.34973	 899.39923	        P1	
 669.61754	2058.24453	 897.85476	        P1	
1553.61358	1785.21952	1552.71214	        P1	
 881.47394	 420.09449	 405.16724	        P1	
1818.43408	1914.81536	2030.46977	        P1	
 249.68790	1246.45015	1828.14355	        P1	
 701.14379	1288.67803	1379.21614	        P1	
1535.95888	 562.06749	 528.72524	        P1	
1061.80409	 409.17349	1924.93060	        P1	
 849.94769	1086.27551	1338.03012	        P1	
1998.76423	2058.24453	 446.86807	        P1	
1348.06243	1124.86302	2057.24065	        P1	
 810.85514	1689.84276	1710.76345	        P1	
2232.05848	  64.06988	1256.17295	        P1	
 465.32744	1911.17504	 123.55800	        P1	
 890.30129	 846.01350	 576.60396	        P1	
1460.29588	1834.72804	 401.56349	        P1	
 380.83710	 112.12228	 119.43938	        P1	
 392.18655	1705.86024	1428.63934	        P1	
1976.06533	1050.60022	1700.46693	        P1	
 143.75970	 556.24293	 784.07847	        P1	
 854.99189	1715.32512	1379.73094	        P1	
 733.93109	 419.36641	 444.80879	        P1	
1911.75178	1742.99164	 205.41517	        P1	
 784.37309	1001.81974	 986.40470	        P1	
 527.11889	 846.01350	1651.55854	        P1	
 191.67960	 393.15601	 265.64969	        P1	
1575.05143	1107.38942	2088.13015	        P1	
1846.17718	 224.24452	 418.03791	        P1	
1834.82773	1906.80664	 661.03528	        P1	
 641.87444	1547.14172	1356.56382	        P1	
1887.79183	2042.22705	 123.55800	        P1	
2090.82088	 429.55933	 326.91389	        P1	
2176.57228	1454.67723	1613.97633	        P1	
1074.41459	 113.57840	1093.48827	        P1	
 108.45030	 486.34853	 869.02460	        P1	
1229.52374	   3.64032	 702.22130	        P1	
1972.28218	 100.47320	 469.52039	        P1	
 837.33719	1309.06391	 763.48543	        P1	
1329.14669	 642.15481	1692.74456	        P1	
2105.95348	2229.34017	1741.65295	        P1	
1471.64533	1933.01704	 940.58525	        P1	
 197.98485	 829.26794	 691.40998	        P1	
1654.49758	1741.53552	1985.16513	        P1	
 156.37020	 481.98013	 178.64429	        P1	
1576.31248	 602.83921	 681.11346	        P1	
1180.34279	1265.37991	1733.41571	        P1	
 924.34964	2065.52516	1661.34025	        P1	
 740.23634	 286.13021	1014.72005	        P1	
1232.04584	1464.14211	1880.14083	        P1	
 673.40069	1068.80191	1554.25661	        P1	
 479.19899	2226.42793	1368.91962	        P1	
2095.86508	2150.70897	1537.78226	        P1	
1281.22679	1555.15043	1371.49376	        P1	
 167.71965	2132.50733	1733.41571	        P1	
  26.48205	2020.38504	1754.52355	        P1	
  18.91575	 504.55021	 254.83837	        P1	
1776.81943	1550.05395	  78.25342	        P1	
2078.21038	 256.27949	1441.50994	        P1	
 640.61339	2093.91977	 195.63352	        P1	
  45.39780	1239.16951	1609.85771	        P1	
 736.45319	 397.52441	1064.14325	        P1	
 774.28469	1196.94163	1661.85506	        P1	
1931.92858	1333.81815	 629.63098	        P1	
2021.46313	1756.82492	 504.01364	        P1	
2103.43138	1837.64032	1986.70960	        P1	
 745.28054	2018.92893	1324.12984	        P1	
 527.11889	1062.97734	1696.86318	        P1	
 230.77215	  63.34180	1698.92246	        P1	
 505.68104	1472.87891	 961.17823	        P1	
1871.39818	1212.95911	1009.05695	        P1	
 413.62440	 682.92653	1214.98699	        P1	
1353.10663	1475.79115	2147.84986	        P1	
1464.07903	1876.22784	1420.91696	        P1	
1068.10934	1504.91383	 185.33700	        P1	
1575.05143	1855.84196	1148.57457	        P1	
1256.00579	 844.55734	1463.64746	        P1	
 986.14109	 546.05001	1181.52334	        P1	
 499.37579	1871.13136	 296.02439	        P1	
1799.51833	 529.30449	1362.74172	        P1	
 171.50280	 320.34933	 523.06221	        P1	
 441.36750	2147.79673	 354.19957	        P1	
2243.40792	 425.91901	1037.88717	        P1	
1108.46294	 357.48073	1202.63119	        P1	
1517.04313	1700.03572	1713.33753	        P1	
1104.67979	1534.76455	 913.81437	        P1	
 680.96699	1109.57362	 539.02176	        P1	
1996.24213	   6.55260	1340.60426	        P1	
 885.25709	 490.71693	 919.99227	        P1	
1542.26413	1793.22824	1440.99514	        P1	
1804.56253	1068.07382	 322.79527	        P1	
2211.88168	1284.30963	 798.49355	        P1	
