2007.00000	   0.00000	   0.00000	   0.00000	
1495.60528	1919.18376	  48.90839	        P1	
1104.67979	 959.59190	 300.14295	        P1	
 414.88545	1705.86024	1854.91443	        P1	
1335.45194	 973.42514	2038.19214	        P1	
1547.30833	  60.42952	1352.44526	        P1	
1800.77938	 796.50494	 992.58259	        P1	
 848.68664	 581.72529	 843.79813	        P1	
1045.41044	 875.86422	 736.71456	        P1	
1675.93543	2202.40173	 880.86553	        P1	
1644.40918	1298.87095	 924.62570	        P1	
1650.71443	2027.66573	 280.06477	        P1	
1211.86904	2099.01625	1632.51003	        P1	
1070.63144	1669.45692	 405.16724	        P1	
2075.68828	 607.20761	1501.22966	        P1	
 996.22949	 348.01589	1954.27563	        P1	
1892.83603	 961.77610	 119.43938	        P1	
 591.43244	 160.90272	1377.15686	        P1	
 346.78875	 878.77650	1305.59615	        P1	
 644.39654	1672.36916	 702.22130	        P1	
 891.56234	1464.14211	 911.75503	        P1	
 978.57479	  40.77172	 943.15940	        P1	
 321.56775	 166.72728	 763.48543	        P1	
2071.90513	 542.40969	 539.53657	        P1	
 936.96014	1657.80784	1513.58546	        P1	
 581.34404	1764.10556	2112.32694	        P1	
1606.57768	 717.87373	 197.17799	        P1	
  90.79560	 448.48909	1016.77933	        P1	
1592.70613	 728.79473	1173.28616	        P1	
 185.37435	  47.32432	1709.21898	        P1	
2133.69658	 961.04802	 650.22396	        P1	
2192.96593	 759.37354	 598.74148	        P1	
1500.64948	 428.10321	1107.38855	        P1	
1595.22823	 572.98849	1739.59361	        P1	
 611.60924	1349.10755	 728.47738	        P1	
 204.29010	 420.82253	 363.98129	        P1	
 955.87589	1961.41164	 135.91380	        P1	
 846.16454	2219.87533	 516.36944	        P1	
 546.03464	1737.89516	 790.25637	        P1	
  50.44200	  50.96468	2141.15710	        P1	
 436.32330	2214.77885	1700.46693	        P1	
 805.81094	1469.96663	2244.12212	        P1	
1815.91198	1427.01071	1288.60692	        P1	
1293.83729	1207.13455	 265.13489	        P1	
1882.74763	1043.31954	1573.30518	        P1	
1326.62459	 222.78840	 396.93006	        P1	
1831.04458	1574.08015	1696.86318	        P1	
1431.29173	2018.92893	1233.00582	        P1	
1112.24609	 755.73322	 308.89499	        P1	
1863.83188	2176.91937	 685.23208	        P1	
1514.52103	 287.58632	1537.78226	        P1	
1832.30563	 749.18062	1352.96006	        P1	
 515.76944	1698.57956	 178.64429	        P1	
 435.06225	1174.37154	 578.66331	        P1	
1987.41478	1154.71374	 553.95171	        P1	
2112.25873	 124.49940	 438.63089	        P1	
  37.83150	 704.76853	1185.64196	        P1	
 913.00019	 809.61014	 510.70641	        P1	
 926.87174	1151.07343	2007.81745	        P1	
2054.25043	 115.76260	 698.10268	        P1	
2100.90928	1461.95791	1121.80362	        P1	
1747.81528	 266.47241	 384.57426	        P1	
1649.45338	1105.20522	1853.36995	        P1	
 789.41729	 854.75030	 436.05674	        P1	
 546.03464	 750.63674	1659.79578	        P1	
1715.02798	1479.43151	 250.71975	        P1	
 841.12034	1478.70343	1099.66617	        P1	
1611.62188	 495.08533	 572.48541	        P1	
1517.04313	1832.54384	 117.38010	        P1	
1282.48784	 108.48192	  24.19679	        P1	
  22.69890	 611.57601	 100.39087	        P1	
 624.21974	 208.95512	2242.06284	        P1	
2011.37473	 370.58593	 850.49090	        P1	
2003.80843	1017.10914	 351.62549	        P1	
 187.89645	2050.96385	1575.36446	        P1	
 263.55945	 878.77650	1126.43705	        P1	
 321.56775	 921.00434	1511.52618	        P1	
  70.61880	 263.56012	 246.60119	        P1	
 805.81094	1100.10874	1863.66647	        P1	
1863.83188	1917.72764	 376.85189	        P1	
 936.96014	 915.17982	 123.55800	        P1	
1947.06118	1744.44776	1945.52364	        P1	
2037.85678	 151.43788	2158.14632	        P1	
1818.43408	2172.55097	  98.33159	        P1	
1276.18259	 394.61213	1265.95466	        P1	
 534.68519	1974.51684	 860.27255	        P1	
 141.23760	   0.00000	2145.27572	        P1	
1622.97133	2120.85825	1453.35094	        P1	
2239.62477	1521.65935	 288.30201	        P1	
  76.92405	1951.94676	 357.80339	        P1	
1377.06658	  33.49108	   9.78165	        P1	
 544.77359	1862.39456	2061.35927	        P1	
2176.57228	 489.26081	1970.75005	        P1	
  81.96825	 634.14610	 201.29655	        P1	
 206.81220	1547.86975	1196.45329	        P1	
 538.46834	2142.70025	 569.91126	        P1	
   8.82735	1825.26316	 961.69310	        P1	
 494.33159	 409.17349	 669.27246	        P1	
 657.00704	 977.79354	1252.05439	        P1	
 180.33015	 344.37553	1622.72838	        P1	
1668.36913	1344.73915	 696.04340	        P1	
1547.30833	 792.86462	1780.77963	        P1	
2196.74908	1041.13534	1245.87649	        P1	
1382.11078	1030.94242	1391.57194	        P1	
 316.52355	1535.49263	  26.25607	        P1	
2192.96593	 446.30489	1226.82792	        P1	
 689.79434	2231.52437	1672.15158	        P1	
 530.90204	 404.07701	1099.66617	        P1	
1459.03483	1235.52915	1579.48308	        P1	
 181.59120	1073.17031	 829.89786	        P1	
1369.50028	1010.55654	 850.49090	        P1	
1559.91883	1038.95114	2098.42667	        P1	
1762.94788	1081.90711	 293.96505	        P1	
1665.84703	1552.96623	1675.75533	        P1	
1972.28218	 241.71812	  48.90839	        P1	
1622.97133	 554.05873	 584.84121	        P1	
  56.74725	 720.05793	1000.30497	        P1	
1027.75574	  41.49980	1243.30234	        P1	
1259.78894	1343.28303	 315.07289	        P1	
1866.35398	 945.03054	  28.83022	        P1	
 482.98214	1863.12264	1087.31037	        P1	
1388.41603	1847.10516	 197.17799	        P1	
1581.35668	1828.90352	1498.65551	        P1	
 118.53870	 152.89400	1501.22966	        P1	
  16.39365	1675.28144	 353.68477	        P1	
 825.98774	 172.55180	1976.92795	        P1	
1421.20333	 546.77809	 646.10534	        P1	
 237.07740	1068.80191	 749.58516	        P1	
2013.89683	1510.73835	 623.45308	        P1	
  66.83565	 558.42713	1723.11925	        P1	
2092.08193	1729.15836	1889.92255	        P1	
 446.41170	1380.41443	 469.52039	        P1	
1486.77793	 465.23461	1031.70927	        P1	
 769.24049	1885.69272	 415.97857	        P1	
1288.79309	1741.53552	1733.41571	        P1	
1595.22823	1854.38584	1958.39425	        P1	
1476.68953	 421.55061	1601.62053	        P1	
1490.56108	 171.82372	 598.74148	        P1	
1239.61214	1794.68436	 745.46660	        P1	
1643.14813	1586.45732	1651.55854	        P1	
1262.31104	1445.21235	 708.39920	        P1	
1607.83873	1577.72052	1022.95723	        P1	
2126.13028	1301.78323	 878.80625	        P1	
 440.10645	1563.15915	 950.88177	        P1	
1118.55134	1162.72251	1158.87102	        P1	
 920.56649	1766.28976	 827.32377	        P1	
  92.05665	1510.73835	1179.46406	        P1	
1332.92984	 522.02381	  24.71160	        P1	
1123.59554	1595.19412	1151.14865	        P1	
2090.82088	1482.34375	1017.29419	        P1	
1258.52789	 131.05200	1167.62307	        P1	
1397.24338	1300.32711	1781.29443	        P1	
1224.47954	 425.91901	 495.77646	        P1	
1345.54033	1105.93331	 317.13217	        P1	
2017.67998	 464.50653	1968.69077	        P1	
1007.57894	1870.40332	 366.55537	        P1	
1285.00994	 306.51609	2139.61262	        P1	
 624.21974	2037.85865	2151.45362	        P1	
1332.92984	1343.28303	2114.38622	        P1	
2008.85263	1424.82651	  59.20485	        P1	
1210.60799	1409.53711	1089.36965	        P1	
1224.47954	 741.89994	1381.79028	        P1	
1717.55008	1403.71255	1383.33476	        P1	
 883.99604	 584.63753	 325.36941	        P1	
 784.37309	 550.41841	 383.02979	        P1	
1327.88564	 526.39221	1731.35643	        P1	
 292.56360	1303.23935	 116.86529	        P1	
 982.35794	 201.67449	1393.63122	        P1	
1654.49758	 396.06829	1688.62594	        P1	
2179.09438	 998.90750	  82.37198	        P1	
 330.39510	1293.04643	 420.09719	        P1	
 262.29840	  26.21040	 421.64166	        P1	
1549.83043	1344.73915	1562.49385	        P1	
1266.09419	 465.96269	 891.67686	        P1	
 615.39239	1285.76575	 584.84121	        P1	
1382.11078	 483.43629	 323.31007	        P1	
1610.36083	1253.00275	1086.79557	        P1	
1470.38428	 209.68320	2242.57764	        P1	
1789.42993	1107.38942	 932.86288	        P1	
1312.75304	2129.59505	1583.08683	        P1	
1756.64263	 511.83089	2153.51290	        P1	
1617.92713	2011.64824	1675.75533	        P1	
1546.04728	1971.60456	1296.84416	        P1	
 600.25979	1424.09843	1853.36995	        P1	
1952.10538	1792.50016	1754.00875	        P1	
1876.44238	2137.60377	 597.19701	        P1	
1221.95744	1895.15756	  79.79789	        P1	
 783.11204	   8.00872	 827.32377	        P1	
 374.53185	1295.23063	  69.50137	        P1	
 762.93524	1455.40531	 460.76834	        P1	
1452.72958	1708.04444	1095.03275	        P1	
  13.87155	 184.20089	1132.61495	        P1	
1548.56938	1355.66015	 337.72521	        P1	
 520.81364	 618.12861	2125.19754	        P1	
1398.50443	2247.54185	2126.74202	        P1	
1423.72543	1098.65262	1785.41305	        P1	
1220.69639	1686.20244	 827.83858	        P1	
1491.82213	 655.98810	 792.83046	        P1	
2232.05848	1925.00832	1503.28894	        P1	
1006.31789	1083.36322	1780.77963	        P1	
2093.34298	1237.71335	1690.68528	        P1	
1926.88438	2131.77925	1088.85485	        P1	
 630.52499	2207.49817	 708.39920	        P1	
1747.81528	 171.82372	2235.88494	        P1	
1785.64678	 847.46962	1280.36974	        P1	
1324.10249	 211.13932	1692.22975	        P1	
 459.02219	1025.11790	1509.46684	        P1	
1670.89123	2193.66493	1305.59615	        P1	
1166.47124	 401.16473	1877.56675	        P1	
1320.31934	1060.79314	1060.53949	        P1	
1711.24483	 450.67329	1577.42374	        P1	
 668.35649	1185.29255	 623.45308	        P1	
 742.75844	2131.05117	1011.11629	        P1	
 610.34819	 575.17269	 934.92215	        P1	
1955.88853	 765.19810	1052.30225	        P1	
1897.88023	2184.92813	1498.65551	        P1	
  13.87155	 851.10994	 640.44230	        P1	
1791.95203	1075.35451	 979.71193	        P1	
1354.36768	 719.32990	1795.19471	        P1	
1674.67438	 532.94481	1360.68244	        P1	
 163.93650	1964.32393	2016.05463	        P1	
 225.72795	 890.42554	 790.25637	        P1	
2026.50733	 572.98849	1974.35380	        P1	
2124.86923	2066.98133	1572.79031	        P1	
1380.84973	 644.33901	 372.21847	        P1	
1066.84829	2217.69113	2207.56952	        P1	
1936.97278	 575.17269	1719.51543	        P1	
1114.76819	2144.88445	  49.42320	        P1	
  92.05665	 338.55101	1006.99767	        P1	
2232.05848	1432.83523	1095.03275	        P1	
1899.14128	1595.92215	1412.67978	        P1	
 862.55819	1183.83643	1229.40207	        P1	
1794.47413	 367.67369	2104.08970	        P1	
1503.17158	1061.52122	1155.26727	        P1	
1485.51688	1754.64072	1194.39395	        P1	
 997.49054	1506.36995	 529.24011	        P1	
1601.53348	 176.19212	1987.22447	        P1	
 842.38139	2220.60337	2038.19214	        P1	
1969.76008	1144.52083	1254.11367	        P1	
  71.87985	 728.79473	2242.06284	        P1	
2042.90098	 965.41642	1933.68265	        P1	
1693.59013	1193.30131	 368.09984	        P1	
1426.24753	 281.76181	2182.34312	        P1	
 894.08444	1775.75464	  94.21297	        P1	
1360.67293	 803.05754	2118.50484	        P1	
  87.01245	2215.50693	 780.47466	        P1	
 320.30670	 937.74990	1541.90081	        P1	
1648.19233	1841.28064	 860.27255	        P1	
1674.67438	2040.04285	2057.24065	        P1	
 290.04150	1485.25603	1657.22163	        P1	
1933.18963	1817.98252	 726.41804	        P1	
1766.73103	1946.12224	1471.88464	        P1	
 300.12990	1218.78363	 586.90048	        P1	
 142.49865	1523.84355	1333.91156	        P1	
1064.32619	2099.74433	 164.22915	        P1	
  55.48620	2143.42833	1869.32950	        P1	
 561.16724	 184.20089	 508.64707	        P1	
 754.10789	1208.59071	 700.16196	        P1	
2235.84163	1924.28024	1810.12465	        P1	
 250.94895	 443.39261	 871.08388	        P1	
1443.90223	1691.29892	 656.91666	        P1	
1958.41063	1989.80624	1723.63405	        P1	
1182.86489	 572.26041	2021.71772	        P1	
1773.03628	 272.29692	1937.80127	        P1	
 192.94065	 270.11272	 852.03537	        P1	
1945.80013	1009.82850	1157.32655	        P1	
 742.75844	1059.33702	1719.00063	        P1	
1896.61918	 806.69790	 633.74954	        P1	
 139.97655	 255.55141	 667.21318	        P1	
1197.99749	 281.03373	1463.64746	        P1	
 175.28595	1153.98571	1115.62572	        P1	
1593.96718	1227.52043	1593.89816	        P1	
 402.27495	1861.66652	 539.53657	        P1	
1394.72128	1780.85112	 947.27795	        P1	
 326.61195	2133.96345	 815.48278	        P1	
 314.00145	 720.05793	1610.37258	        P1	
 279.95310	 742.62802	1785.41305	        P1	
1829.78353	1381.14251	 485.47994	        P1	
1544.78623	1582.08892	2005.24330	        P1	
 654.48494	1236.98531	1146.51522	        P1	
  34.04835	1461.22983	1989.28375	        P1	
1525.87048	 199.49029	 930.28873	        P1	
 895.34549	2191.48073	 596.68214	        P1	
 300.12990	 489.26081	1464.16226	        P1	
1765.46998	  64.06988	 880.86553	        P1	
1677.19648	1019.29334	 819.60140	        P1	
 625.48079	1278.48511	1949.64220	        P1	
2065.59988	1582.81695	1616.55048	        P1	
 905.43389	 540.22549	2121.07892	        P1	
1921.84018	1840.55256	 214.16722	        P1	
2023.98523	1758.28104	   6.17790	        P1	
 320.30670	2230.79633	 720.24014	        P1	
1674.67438	 872.22390	1058.48015	        P1	
1745.29318	1007.64430	 250.71975	        P1	
  80.70720	 179.10440	 279.54997	        P1	
 272.38680	1555.15043	1508.95204	        P1	
1340.49614	1975.24493	1305.59615	        P1	
 933.17699	1705.13216	   5.66310	        P1	
1664.58598	1169.27511	1033.76855	        P1	
2160.17863	2097.56013	1064.65805	        P1	
 882.73499	1488.16831	1249.99505	        P1	
 157.63125	 213.32352	 387.14841	        P1	
1815.91198	1341.09883	 915.87365	        P1	
 939.48224	 686.56690	1381.27542	        P1	
 226.98900	1349.83563	1408.56116	        P1	
1472.90638	1000.36362	1173.80097	        P1	
 504.41999	 930.46922	 699.64716	        P1	
1310.23094	  98.28900	1292.72554	        P1	
1186.64804	 437.56809	 391.26697	        P1	
  18.91575	1234.07303	 569.91126	        P1	
1383.37183	 986.53034	 183.27772	        P1	
 214.37850	1202.76615	2235.88494	        P1	
 815.89934	 803.05754	 702.22130	        P1	
 733.93109	1892.97336	1778.72035	        P1	
1889.05288	1268.29215	1344.72289	        P1	
1735.20478	1443.02815	 215.71169	        P1	
1234.56794	1151.07343	 582.26706	        P1	
 769.24049	 607.20761	1939.86055	        P1	
 720.05954	1654.89556	1791.07615	        P1	
 451.45589	2152.16513	 792.83046	        P1	
1242.13424	1844.19292	1398.26464	        P1	
1542.26413	 527.84833	1358.62316	        P1	
1757.90368	 812.52242	1922.87132	        P1	
2244.66897	 126.68360	1138.27805	        P1	
1406.07073	1694.21116	1587.20545	        P1	
 124.84395	1497.63315	 529.24011	        P1	
2076.94933	1475.79115	 844.31300	        P1	
 482.98214	2214.05077	2221.98466	        P1	
1972.28218	 372.77013	1610.37258	        P1	
1580.09563	1756.82492	1220.65002	        P1	
1005.05684	2071.34973	 466.94624	        P1	
 892.82339	2053.14805	1453.35094	        P1	
 268.60365	 179.83249	1182.03815	        P1	
 321.56775	 910.81142	 809.30488	        P1	
2223.23113	1184.56451	1498.65551	        P1	
1551.09148	  11.64908	1095.54755	        P1	
1950.84433	 664.72490	1188.21605	        P1	
 665.83439	 640.69870	1671.63671	        P1	
2008.85263	1245.72211	1776.66101	        P1	
1334.19089	 195.12189	 398.98934	        P1	
 523.33574	 872.95194	 357.80339	        P1	
 831.03194	1791.77212	  83.91645	        P1	
2030.29048	1796.86856	2019.65844	        P1	
1006.31789	 911.53950	 261.53107	        P1	
1727.63848	1355.66015	1227.34279	        P1	
 580.08299	 780.48750	2114.90102	        P1	
 944.52644	1976.70104	 901.97338	        P1	
1257.26684	1465.59823	1583.08683	        P1	
 351.83295	1098.65262	  18.53370	        P1	
1923.10123	1534.03652	1534.17844	        P1	
2066.86093	1199.12583	 376.85189	        P1	
1117.29029	1587.18535	1086.79557	        P1	
 114.75555	1701.49184	1754.52355	        P1	
1539.74203	1004.00394	2235.88494	        P1	
2128.65238	1325.08135	 220.34512	        P1	
1056.75989	1262.46763	1169.16754	        P1	
  94.57875	 290.49861	 829.38305	        P1	
 395.96970	1255.18695	 617.27518	        P1	
2248.45212	1611.21155	 759.36688	        P1	
 945.78749	   4.36840	 210.04859	        P1	
1766.73103	 546.77809	1429.15414	        P1	
1515.78208	1751.72844	1725.17853	        P1	
1126.11764	1207.86263	1464.16226	        P1	
1994.98108	1622.13255	1105.32927	        P1	
 397.23075	1962.13972	  45.30458	        P1	
1771.77523	 307.97221	2126.74202	        P1	
1876.44238	1582.81695	 833.50167	        P1	
1722.59428	2153.62125	1564.55313	        P1	
1636.84288	1954.13096	 566.30751	        P1	
1087.02509	 621.76893	1882.20017	        P1	
1881.48658	 904.25882	1218.59074	        P1	
1998.76423	2180.55973	 238.36395	        P1	
2113.51978	 348.01589	 800.55283	        P1	
1611.62188	 867.85550	1219.10555	        P1	
1838.61088	2056.06033	1912.57480	        P1	
1486.77793	 310.88449	1226.82792	        P1	
  80.70720	1528.94003	2057.24065	        P1	
 423.71280	2222.05953	1288.60692	        P1	
2122.34713	 939.93410	1880.14083	        P1	
2213.14273	1362.21275	2118.50484	        P1	
 641.87444	 599.19889	1052.30225	        P1	
2227.01428	   0.00000	1286.54764	        P1	
 960.92009	1112.48591	1836.89553	        P1	
 756.62999	1770.65816	1278.31046	        P1	
1599.01138	 939.20602	1033.25375	        P1	
 167.71965	1682.56212	 331.03245	        P1	
1610.36083	1688.38664	 193.05937	        P1	
2042.90098	 487.80469	1262.35085	        P1	
2060.55568	2102.65657	2116.96037	        P1	
 537.20729	 388.78761	1427.09486	        P1	
 475.41584	1585.00115	 469.00558	        P1	
2047.94518	 838.73282	1953.76082	        P1	
 952.09274	 510.37473	 844.31300	        P1	
1747.81528	 611.57601	 576.08916	        P1	
1794.47413	1854.38584	 871.08388	        P1	
1983.63163	1826.71932	 125.61728	        P1	
2171.52808	 931.92534	 116.86529	        P1	
1321.58039	 182.01669	1657.73644	        P1	
1152.59969	2026.93764	1688.11113	        P1	
1503.17158	 792.13654	1134.67429	        P1	
1247.17844	1513.65063	1915.14895	        P1	
1085.76404	1209.31875	1970.23524	        P1	
 435.06225	 115.76260	 883.43968	        P1	
1315.27514	 995.26714	 611.09728	        P1	
 413.62440	 145.61332	1457.46956	        P1	
 766.71839	 556.24293	 759.36688	        P1	
 441.36750	1131.41563	1698.92246	        P1	
 180.33015	1534.03652	 164.22915	        P1	
1525.87048	1191.11711	 380.45564	        P1	
1015.14524	1503.45771	1348.84144	        P1	
 650.70179	1148.88923	2236.39974	        P1	
1611.62188	 452.85749	1233.00582	        P1	
 812.11619	1881.32432	 965.81165	        P1	
1528.39258	 439.75229	1515.64474	        P1	
1834.82773	1148.16114	1525.42646	        P1	
 868.86344	 305.05993	 127.67662	        P1	
1300.14254	1350.56371	1182.03815	        P1	
1506.95473	 143.42912	1579.48308	        P1	
1503.17158	1780.85112	1554.25661	        P1	
1346.80138	1652.71136	2180.28384	        P1	
1065.58724	1601.01864	 815.48278	        P1	
1393.46023	1668.00076	 146.21032	        P1	
1942.01698	 540.22549	1801.37261	        P1	
 802.02779	 447.03293	 629.63098	        P1	
 993.70739	 163.08692	2161.75014	        P1	
1279.96574	1858.75424	1006.99767	        P1	
1243.39529	1470.69471	1066.20253	        P1	
1730.16058	1643.97456	1068.26187	        P1	
 958.39799	 387.33149	2034.58833	        P1	
1998.76423	1783.03532	1764.30521	        P1	
2169.00598	2124.49857	1791.07615	        P1	
 635.56919	 977.06550	1554.25661	        P1	
 519.55259	 267.92852	 621.90860	        P1	
1634.32078	 463.05041	 644.04606	        P1	
 332.91720	 630.50573	1241.24306	        P1	
 582.60509	  64.06988	 632.20506	        P1	
1418.68123	 492.90113	1004.93839	        P1	
1366.97818	 940.66214	 901.45857	        P1	
1404.80968	1424.09843	1941.40502	        P1	
2078.21038	1100.83682	 636.32368	        P1	
 740.23634	1599.56252	1405.98702	        P1	
 329.13405	  76.44700	 605.43418	        P1	
 388.40340	1240.62563	 574.54468	        P1	
 129.88815	 621.04089	 712.51776	        P1	
 430.01805	 299.23541	2112.84174	        P1	
2179.09438	 825.62762	1698.92246	        P1	
 175.28595	1126.31914	 455.10531	        P1	
1964.71588	2226.42793	1762.76073	        P1	
1290.05414	1267.56411	 522.54734	        P1	
 819.68249	1894.42952	  83.91645	        P1	
 467.84954	2104.84077	2099.97114	        P1	
2073.16618	 198.03412	 363.98129	        P1	
2225.75323	1774.29852	1986.70960	        P1	
 794.46149	  87.36800	 211.59307	        P1	
 929.39384	1455.40531	 170.40705	        P1	
 544.77359	 806.69790	 687.80616	        P1	
1805.82358	 187.84120	 562.18889	        P1	
1350.58453	 494.35729	 860.78736	        P1	
1437.59698	1936.65736	 140.03242	        P1	
 914.26124	1250.09051	2114.90102	        P1	
1068.10934	2145.61253	2213.74742	        P1	
1273.66049	2160.90193	 565.79264	        P1	
1786.90783	 506.00633	2079.89297	        P1	
1498.12738	1060.06510	 133.33965	        P1	
 936.96014	1130.68754	 975.59337	        P1	
 924.34964	1682.56212	1597.50191	        P1	
 234.55530	  11.64908	1589.77954	        P1	
 911.73914	2200.94557	1313.83339	        P1	
1962.19378	1542.04523	 358.31819	        P1	
 345.52770	1894.42952	2071.65573	        P1	
 942.00434	1924.28024	1681.93323	        P1	
 965.96429	1486.71215	1863.66647	        P1	
 802.02779	1536.22072	1473.94392	        P1	
 875.16869	  30.57880	1651.04373	        P1	
1472.90638	1301.78323	 582.26706	        P1	
1968.49903	 759.37354	1939.34574	        P1	
1646.93128	1919.18376	1672.15158	        P1	
 249.68790	 953.76734	1523.88198	        P1	
1339.23509	1546.41363	 500.40989	        P1	
 769.24049	 607.20761	1719.00063	        P1	
1775.55838	1258.09923	2199.33234	        P1	
1181.60384	 460.86621	1335.97084	        P1	
 112.23345	1883.50852	1151.14865	        P1	
1259.78894	 421.55061	 366.04057	        P1	
 321.56775	 153.62208	  59.20485	        P1	
1983.63163	 385.14729	1288.60692	        P1	
1519.56523	 989.44262	1068.77667	        P1	
2138.74078	1643.97456	 771.72268	        P1	
1498.12738	1863.85072	1350.38592	        P1	
 838.59824	1526.75583	1478.06254	        P1	
1214.39114	 427.37513	1815.78775	        P1	
 503.15894	1455.40531	 329.48797	        P1	
2204.31538	 247.54269	2141.15710	        P1	
 631.78604	1884.96464	1200.05704	        P1	
 192.94065	1400.07223	2236.39974	        P1	
1689.80698	1678.92176	 431.93818	        P1	
2152.61233	 843.82930	1768.93863	        P1	
 143.75970	 719.32990	2108.72312	        P1	
  58.00830	1734.25484	2224.04394	        P1	
 572.51669	1844.92096	1937.80127	        P1	
2040.37888	1038.22310	 632.20506	        P1	
2058.03358	2152.16513	2244.63692	        P1	
  83.22930	 735.34734	1982.59104	        P1	
 986.14109	 438.29613	 930.80360	        P1	
2029.02943	  45.86820	2237.94422	        P1	
2192.96593	 194.39380	 681.11346	        P1	
1335.45194	2117.94597	1665.97368	        P1	
 129.88815	 915.17982	2176.16522	        P1	
 274.90890	 789.22430	 928.74426	        P1	
1682.24068	 746.99642	1161.44517	        P1	
1659.54178	1348.37951	1348.84144	        P1	
1955.88853	1327.26555	 697.58788	        P1	
1558.65778	2006.55176	 455.10531	        P1	
  95.83980	 444.12069	 836.07576	        P1	
2035.33468	1514.37872	 331.03245	        P1	
 868.86344	2135.41957	1611.91705	        P1	
1887.79183	1638.87812	1134.15942	        P1	
1675.93543	1075.35451	 485.47994	        P1	
1968.49903	2096.10397	2086.07087	        P1	
1605.31663	 185.65700	 228.58229	        P1	
1098.37454	 508.91861	1420.91696	        P1	
 538.46834	1596.65024	 996.18635	        P1	
1789.42993	 615.21633	1672.15158	        P1	
1672.15228	1233.34495	2112.32694	        P1	
1339.23509	2217.69113	1713.33753	        P1	
1312.75304	1950.49064	 464.88696	        P1	
1215.65219	  87.36800	 965.29685	        P1	
1132.42289	   1.45612	1772.54245	        P1	
1006.31789	1284.30963	1179.97887	        P1	
 770.50154	1140.88051	2213.74742	        P1	
2153.87338	 362.57721	1427.09486	        P1	
2080.73248	 990.17070	1801.37261	        P1	
1045.41044	 157.99048	2005.24330	        P1	
1022.71154	2116.48985	1854.91443	        P1	
1068.10934	 307.97221	2088.13015	        P1	
 467.84954	2115.03373	 663.09456	        P1	
 687.27224	2024.75344	1385.39404	        P1	
1230.78479	 808.15402	1799.31333	        P1	
 182.85225	1167.09091	1898.67453	        P1	
2000.02528	 519.83961	 823.20515	        P1	
1384.63288	1593.00992	1418.34282	        P1	
 336.70035	1292.31835	 918.44780	        P1	
2160.17863	1286.49383	1824.02493	        P1	
1619.18818	 116.49068	 281.60925	        P1	
1303.92569	  42.22788	1078.55833	        P1	
 204.29010	2213.32273	1064.65805	        P1	
1751.59843	 235.16552	1865.21095	        P1	
1770.51418	 765.92614	  41.18602	        P1	
1380.84973	1357.84435	  79.79789	        P1	
 592.69349	1253.73083	 148.26960	        P1	
 368.22660	 314.52481	1260.29157	        P1	
 720.05954	  53.14888	 182.76285	        P1	
2041.63993	 658.90033	 110.68739	        P1	
1523.34838	1004.73202	1354.50454	        P1	
 286.25835	 621.04089	 942.64453	        P1	
 692.31644	 155.07820	2114.38622	        P1	
1360.67293	1191.84514	 269.76831	        P1	
 660.79019	   0.00000	1952.21635	        P1	
 215.63955	1069.52994	  61.26419	        P1	
 284.99730	  62.61372	 635.80888	        P1	
 842.38139	1729.88644	1074.95457	        P1	
  89.53455	1727.70224	 457.16459	        P1	
1699.89538	  50.96468	1047.66883	        P1	
 785.63414	 810.33822	 586.90048	        P1	
1628.01553	2106.29693	2048.48860	        P1	
1889.05288	 937.74990	1015.23485	        P1	
1764.20893	1649.07104	1834.83625	        P1	
2098.38718	 661.08453	 343.90311	        P1	
1944.53908	1115.39814	1622.72838	        P1	
1297.62044	 587.54981	 735.17008	        P1	
1051.71569	 329.08613	  22.65232	        P1	
 310.21830	1965.78004	1743.71223	        P1	
 712.49324	 916.63594	2116.96037	        P1	
1152.59969	 781.94362	1150.63384	        P1	
 925.61069	 283.94601	 129.73590	        P1	
1389.67708	1399.34415	 411.86001	        P1	
2190.44383	1101.56491	  70.01618	        P1	
1049.19359	 751.36482	1101.21065	        P1	
 233.29425	1485.98411	1937.28640	        P1	
1141.25024	 612.30409	1572.79031	        P1	
 266.08155	 449.21713	1394.14608	        P1	
 680.96699	2031.30605	1989.28375	        P1	
1914.27388	 327.63001	1396.20536	        P1	
 355.61610	 311.61253	1054.36159	        P1	
1233.30689	 522.75189	2219.92532	        P1	
2214.40378	 483.43629	2182.85792	        P1	
 505.68104	1854.38584	 118.92457	        P1	
 117.27765	 554.05873	2184.91726	        P1	
 598.99874	1598.10635	 498.35061	        P1	
 547.29569	 726.61053	 399.50421	        P1	
1979.84848	1035.31082	 458.70906	        P1	
1392.19918	 476.15561	1371.49376	        P1	
1915.53493	1670.91304	1705.10036	        P1	
1726.37743	 428.83129	 899.39923	        P1	
1865.09293	 382.23501	1830.20283	        P1	
 723.84269	 530.03253	1832.77697	        P1	
1194.21434	2183.47197	1982.59104	        P1	
1113.50714	1465.59823	1297.35897	        P1	
2071.90513	   8.00872	 621.90860	        P1	
 157.63125	1031.67050	1478.57734	        P1	
1267.35524	1149.61731	1844.61791	        P1	
1982.37058	 610.11989	 602.86004	        P1	
 539.72939	1825.99124	2027.89562	        P1	
1433.81383	1574.80823	 168.34777	        P1	
1873.92028	 161.63080	1136.73357	        P1	
1330.40774	 644.33901	1575.36446	        P1	
1481.73373	2183.47197	 320.73599	        P1	
1514.52103	1021.47754	1982.59104	        P1	
2247.19107	 483.43629	 318.67665	        P1	
 529.64099	1186.74871	1157.32655	        P1	
 566.21144	1570.43983	1113.56645	        P1	
1949.58328	1904.62244	1095.03275	        P1	
1889.05288	1942.48192	2213.74742	        P1	
1022.71154	1017.10914	1573.30518	        P1	
 597.73769	2204.58593	 436.05674	        P1	
2240.88582	 749.18062	1181.52334	        P1	
1250.96159	1623.58872	 547.25894	        P1	
2113.51978	1904.62244	 315.07289	        P1	
 182.85225	 725.88250	1844.61791	        P1	
 658.26809	1269.74831	1597.50191	        P1	
1699.89538	2245.35765	2009.36192	        P1	
 668.35649	  81.54348	2128.80130	        P1	
 215.63955	 271.56889	1985.16513	        P1	
1123.59554	 951.58314	1673.69605	        P1	
1148.81654	 242.44621	 366.04057	        P1	
2176.57228	 251.91109	1212.92765	        P1	
 240.86055	 811.79434	 654.34258	        P1	
 504.41999	2015.28856	 269.76831	        P1	
1348.06243	 179.83249	1317.95194	        P1	
2143.78498	1457.58951	  46.84905	        P1	
1722.59428	2220.60337	 351.62549	        P1	
 728.88689	1543.50135	 765.54478	        P1	
 953.35379	 133.96428	2059.29993	        P1	
 674.66174	2246.08573	1412.16492	        P1	
1432.55278	1595.92215	 394.87079	        P1	
2027.76838	 131.05200	1766.87935	        P1	
 482.98214	 921.00434	 333.09179	        P1	
1858.78768	 460.13813	 183.27772	        P1	
 762.93524	2046.59545	1261.83604	        P1	
 580.08299	 420.82253	2217.35124	        P1	
2071.90513	1954.85904	2027.89562	        P1	
 688.53329	 569.34813	1832.77697	        P1	
 919.30544	 922.46050	 658.46114	        P1	
  73.14090	1327.99363	2156.08704	        P1	
 387.14235	1234.07303	1348.32664	        P1	
 778.06784	1111.75782	2236.39974	        P1	
 433.80120	1906.07856	2147.84986	        P1	
 549.81779	1170.73123	1878.08155	        P1	
 186.63540	1386.23895	1764.82007	        P1	
2110.99768	 171.82372	1301.47759	        P1	
 636.83024	 567.16393	1939.34574	        P1	
 200.50695	1146.70503	 186.88147	        P1	
2110.99768	 499.45373	 238.87881	        P1	
2136.21868	1881.32432	1589.77954	        P1	
 147.54285	 155.07820	 315.07289	        P1	
1983.63163	1369.49343	1613.97633	        P1	
1509.47683	2190.75265	1217.04627	        P1	
2140.00183	2106.29693	1986.70960	        P1	
1158.90494	 264.28821	1921.32685	        P1	
 924.34964	 840.91702	1278.82527	        P1	
 435.06225	1164.17863	1828.65835	        P1	
 964.70324	1018.56530	1880.14083	        P1	
1834.82773	 757.91742	1365.31586	        P1	
 962.18114	1411.72131	1083.19175	        P1	
 814.63829	1374.58991	1243.81715	        P1	
1592.70613	1997.08693	1107.90335	        P1	
1493.08318	 295.59509	1517.18921	        P1	
1601.53348	 850.38190	1171.22682	        P1	
1839.87193	1070.98610	1138.79285	        P1	
 607.82609	1748.81616	1795.70957	        P1	
1025.23364	1228.24851	1157.32655	        P1	
 311.47935	 229.34101	 588.44496	        P1	
1851.22138	2153.62125	1193.87914	        P1	
 674.66174	1136.51211	 361.92194	        P1	
 192.94065	 536.58513	1128.49639	        P1	
 417.40755	 760.82970	2209.11400	        P1	
1366.97818	2195.84913	 195.11865	        P1	
  59.26935	1008.37234	  78.25342	        P1	
1587.66193	 462.32233	1482.18116	        P1	
 781.85099	2245.35765	 823.20515	        P1	
2061.81673	 179.83249	1010.60143	        P1	
1143.77234	1271.93251	 547.25894	        P1	
 664.57334	 925.37274	 728.47738	        P1	
1663.32493	 913.72370	2153.51290	        P1	
1462.81798	2063.34096	 405.68211	        P1	
1274.92154	 363.30529	 114.80595	        P1	
1846.17718	 318.89321	1644.86583	        P1	
1505.69368	1916.27152	 751.12963	        P1	
1626.75448	 936.29374	1086.79557	        P1	
 722.58164	 506.00633	1655.16235	        P1	
1894.09708	1686.20244	1397.74984	        P1	
1834.82773	1079.72291	 836.07576	        P1	
1597.75033	1483.07183	 216.22649	        P1	
 963.44219	1022.20562	 191.51489	        P1	
 687.27224	  96.83288	1894.04110	        P1	
 302.65200	1492.53671	  94.72778	        P1	
1445.16328	 543.13773	1554.77148	        P1	
 897.86759	1076.08254	1758.64217	        P1	
1529.65363	1303.96743	2081.95225	        P1	
 992.44634	1319.98491	2085.55600	        P1	
1453.99063	2224.24373	2034.58833	        P1	
 511.98629	1218.78363	 372.21847	        P1	
1991.19793	1723.33384	1112.02197	        P1	
1233.30689	2013.83244	 710.45848	        P1	
1264.83314	 374.95433	 413.40448	        P1	
1213.13009	  26.21040	 339.78449	        P1	
 261.03735	1263.19571	 151.87335	        P1	
2161.43968	1543.50135	1957.87944	        P1	
 737.71424	1736.43904	1953.76082	        P1	
1857.52663	1716.05316	 728.47738	        P1	
1551.09148	1604.65895	 189.45562	        P1	
 989.92424	1676.73756	1290.66626	        P1	
1090.80824	1721.87772	1405.98702	        P1	
1235.82899	 149.98172	1741.65295	        P1	
 417.40755	 102.65740	 988.46397	        P1	
 962.18114	 137.60460	2094.30804	        P1	
1559.91883	1127.77531	1707.15963	        P1	
  30.26520	1330.90591	 681.62826	        P1	
2122.34713	2184.92813	1558.89004	        P1	
 344.26665	 159.44660	 582.26706	        P1	
1293.83729	1274.11671	 676.99484	        P1	
 366.96555	1006.91622	2001.63955	        P1	
 306.43515	 618.12861	2044.88485	        P1	
2124.86923	1510.73835	1097.60689	        P1	
 477.93794	1047.68794	 949.33730	        P1	
 983.61899	1472.15083	 290.36129	        P1	
1411.11493	1063.70542	1731.35643	        P1	
1959.67168	  78.63120	 359.86267	        P1	
1061.80409	 934.83762	1786.95753	        P1	
1744.03213	1271.93251	1219.10555	        P1	
 572.51669	1394.97575	2192.63964	        P1	
 312.74040	 380.05081	1002.36425	        P1	
1679.71858	 231.52521	 483.42066	        P1	
1438.85803	1688.38664	1447.17304	        P1	
1615.40503	1352.01983	 290.36129	        P1	
 162.67545	 523.47993	1018.83867	        P1	
1133.68394	1662.17624	1638.68793	        P1	
1354.36768	 238.80589	 800.55283	        P1	
2161.43968	 208.22709	 107.08358	        P1	
1819.69513	2030.57796	1820.42117	        P1	
 942.00434	 393.88409	 831.44233	        P1	
 982.35794	 842.37314	1568.67175	        P1	
1831.04458	1645.43072	1819.90631	        P1	
1157.64389	 768.83842	 525.12149	        P1	
 654.48494	2021.84116	 739.28870	        P1	
1799.51833	1336.00235	1581.02755	        P1	
2245.93002	2128.13893	1262.35085	        P1	
 658.26809	 725.15442	1076.49905	        P1	
 882.73499	1530.39615	 759.36688	        P1	
2161.43968	2040.04285	  81.85717	        P1	
2189.18278	1827.44736	1173.28616	        P1	
1742.77108	2198.76137	1190.27539	        P1	
2245.93002	1388.42315	1968.69077	        P1	
 266.08155	 564.25169	 292.42057	        P1	
2142.52393	1707.31636	  73.61999	        P1	
1994.98108	 505.27829	 317.13217	        P1	
 290.04150	  43.68400	 409.28586	        P1	
 582.60509	  58.24532	 245.05671	        P1	
 725.10374	1389.87931	1540.35634	        P1	
1465.34008	1055.69670	 120.98385	        P1	
1044.14939	 270.84081	1000.81977	        P1	
1689.80698	1293.04643	1272.64737	        P1	
2123.60818	 521.29573	 387.14841	        P1	
 575.03879	1246.45015	 987.94917	        P1	
 964.70324	 472.51529	1208.29422	        P1	
 624.21974	1829.63156	 442.74951	        P1	
 778.06784	 714.23342	 712.00296	        P1	
2138.74078	1327.99363	1186.15677	        P1	
 151.32600	1258.09923	 593.07838	        P1	
1261.04999	 193.66572	1264.41019	        P1	
1631.79868	 324.71773	1062.08397	        P1	
1698.63433	1408.80903	 433.99746	        P1	
1225.74059	  59.70148	2017.59910	        P1	
 138.71550	1454.67723	 884.98415	        P1	
2156.39548	 684.38270	 219.83025	        P1	
1223.21849	 126.68360	 341.32897	        P1	
2184.13858	 120.85908	1602.13534	        P1	
 923.08859	1278.48511	 368.09984	        P1	
 851.20874	 906.44302	1774.60173	        P1	
1184.12594	1191.84514	1500.71486	        P1	
 580.08299	1325.08135	 831.95720	        P1	
 899.12864	 762.28582	 193.05937	        P1	
  95.83980	1938.11352	2059.29993	        P1	
 870.12449	 366.94561	2180.79864	        P1	
1344.27928	1932.28896	1889.92255	        P1	
 789.41729	1683.29016	1556.31595	        P1	
2238.36372	1261.73955	 300.65781	        P1	
 238.33845	1314.16035	1692.22975	        P1	
1573.79038	  88.82412	1431.21348	        P1	
 943.26539	1001.81974	1920.81205	        P1	
2126.13028	 334.91069	 885.49896	        P1	
1213.13009	 929.01310	 578.14844	        P1	
 684.75014	 179.83249	1700.98173	        P1	
 431.27910	1738.62324	 328.97317	        P1	
 474.15479	  50.96468	1830.71763	        P1	
1209.34694	 925.37274	 214.16722	        P1	
 553.60094	1800.50892	1937.28640	        P1	
1624.23238	 675.64590	 411.34514	        P1	
1190.43119	1156.16991	1830.71763	        P1	
 225.72795	1946.12224	 217.77097	        P1	
1651.97548	1725.51804	2114.38622	        P1	
 813.37724	1024.38982	 253.29389	        P1	
 134.93235	  31.30688	 176.58495	        P1	
 866.34134	 840.91702	 724.35876	        P1	
1345.54033	 787.04010	 491.65784	        P1	
1061.80409	 216.96389	 663.09456	        P1	
1601.53348	 199.49029	1208.29422	        P1	
 131.14920	1811.42992	1183.58262	        P1	
1938.23383	1343.28303	 829.38305	        P1	
 223.20585	 430.28741	1014.72005	        P1	
 611.60924	1892.24532	1819.90631	        P1	
 108.45030	  36.40332	1309.19996	        P1	
 683.48909	 889.69750	 341.84377	        P1	
 472.89374	 750.63674	 388.69289	        P1	
  58.00830	 678.55813	 370.15919	        P1	
 171.50280	1445.94043	 773.78195	        P1	
 351.83295	 743.35610	 868.50973	        P1	
1258.52789	1780.85112	 397.44487	        P1	
 467.84954	1649.07104	 871.08388	        P1	
1919.31808	1215.87135	 306.83571	        P1	
 470.37164	1257.37115	1795.70957	        P1	
 158.89230	1766.28976	1426.58006	        P1	
2003.80843	1552.96623	1119.74435	        P1	
1245.91739	 959.59190	 763.48543	        P1	
  84.49035	  26.93848	2096.36732	        P1	
1628.01553	  70.62248	 792.83046	        P1	
1059.28199	1445.94043	 452.53116	        P1	
1139.98919	1696.39536	 893.73620	        P1	
 258.51525	1982.52556	 751.64450	        P1	
1742.77108	1825.99124	1317.43714	        P1	
1190.43119	1540.58912	 193.57417	        P1	
2080.73248	 283.94601	 304.26157	        P1	
 501.89789	 837.27670	 786.65256	        P1	
1201.78064	1615.57995	1105.32927	        P1	
 563.68934	 951.58314	 504.52851	        P1	
 585.12719	1164.90671	2084.01152	        P1	
1670.89123	 605.02341	 328.97317	        P1	
1460.29588	2144.88445	1651.04373	        P1	
2099.64823	 494.35729	 609.03794	        P1	
1590.18403	1548.59783	2013.99535	        P1	
 580.08299	 495.08533	1290.66626	        P1	
2180.35543	 833.63634	1937.80127	        P1	
 943.26539	  53.87692	1488.35906	        P1	
2107.21453	1001.09170	1713.33753	        P1	
1460.29588	 142.70108	1688.62594	        P1	
2064.33883	 836.54862	1507.40756	        P1	
1225.74059	1531.85232	1750.40493	        P1	
1981.10953	1684.01824	1440.99514	        P1	
2011.37473	1666.54464	 378.39637	        P1	
 742.75844	1619.94835	1147.03009	        P1	
1950.84433	1341.82691	 959.63375	        P1	
1364.45608	1891.51724	1113.56645	        P1	
 322.82880	  11.64908	1960.45353	        P1	
1691.06803	 267.20049	1721.05991	        P1	
 896.60654	 789.95234	1154.75247	        P1	
1659.54178	1840.55256	 592.56358	        P1	
1727.63848	 982.89002	 335.15107	        P1	
 264.82050	 760.10162	 741.34798	        P1	
1727.63848	1648.34296	1517.70408	        P1	
 722.58164	1978.15716	 271.31279	        P1	
1675.93543	1319.98491	 545.71447	        P1	
  50.44200	 586.82173	2104.60457	        P1	
1266.09419	1342.55495	 807.24560	        P1	
1287.53204	 868.58354	2234.34046	        P1	
 708.71009	 962.50414	2067.53717	        P1	
 749.06369	  87.36800	1785.41305	        P1	
 267.34260	 729.52282	1661.85506	        P1	
1897.88023	 999.63554	 777.90058	        P1	
 358.13820	 626.13733	1165.56379	        P1	
1113.50714	 989.44262	 518.94359	        P1	
  87.01245	 612.30409	  88.54988	        P1	
 895.34549	1792.50016	1573.30518	        P1	
 635.56919	2187.11233	1764.30521	        P1	
1192.95329	1651.25524	1181.52334	        P1	
1498.12738	1894.42952	 162.68468	        P1	
 262.29840	1461.95791	1132.61495	        P1	
1392.19918	 883.87294	1581.02755	        P1	
1406.07073	 572.98849	 280.06477	        P1	
2108.47558	1595.92215	1523.88198	        P1	
 267.34260	 786.31202	1674.21086	        P1	
1706.20063	1551.51012	 576.60396	        P1	
 949.57064	1651.98332	1375.09752	        P1	
 832.29299	 617.40053	1167.10826	        P1	
1611.62188	1295.95871	1770.48311	        P1	
1515.78208	1588.64152	1856.97371	        P1	
1822.21723	 749.18062	1173.80097	        P1	
 442.62855	1788.85984	 117.38010	        P1	
 761.67419	1054.24054	 485.99481	        P1	
 355.61610	1887.14884	1890.43735	        P1	
1196.73644	1167.09091	1134.15942	        P1	
2180.35543	 115.76260	2186.97654	        P1	
 136.19340	1080.45094	  28.83022	        P1	
 177.80805	 386.60341	2032.52905	        P1	
1654.49758	2217.69113	 559.61474	        P1	
2020.20208	1218.78363	1348.32664	        P1	
1166.47124	2199.48945	  30.88950	        P1	
 838.59824	 827.81182	1074.95457	        P1	
 276.16995	 820.53114	1437.39138	        P1	
 703.66589	1394.97575	 221.88959	        P1	
 596.47664	1065.16154	1585.66098	        P1	
1161.42704	1522.38743	1033.25375	        P1	
1810.86778	1930.83284	1729.81195	        P1	
2234.58058	1087.73162	 976.10817	        P1	
1527.13153	1084.09131	 428.33437	        P1	
 977.31374	 299.23541	 353.68477	        P1	
1950.84433	1608.29932	 836.07576	        P1	
 651.96284	1070.98610	1646.92511	        P1	
 418.66860	1994.90273	 378.91117	        P1	
 132.41025	 967.60062	2120.56412	        P1	
 741.49739	 885.32910	 942.64453	        P1	
1084.50299	 704.76853	1315.37786	        P1	
1752.85948	1943.93804	 952.94105	        P1	
1837.34983	1493.26475	1035.82789	        P1	
2245.93002	1781.57916	 530.78458	        P1	
 973.53059	1957.04324	1935.22712	        P1	
1877.70343	 433.19969	1029.13513	        P1	
2137.47973	2186.38425	 205.41517	        P1	
2116.04188	1233.34495	 967.87100	        P1	
 887.77919	1044.04762	2169.98732	        P1	
1519.56523	 239.53392	1437.39138	        P1	
 155.10915	1640.33424	1941.40502	        P1	
2003.80843	1408.80903	1978.47242	        P1	
 619.17554	 967.60062	 773.78195	        P1	
 404.79705	 238.07781	1532.11916	        P1	
1066.84829	 483.43629	 799.00836	        P1	
 812.11619	 129.59588	1461.58812	        P1	
1127.37869	1025.11790	  70.01618	        P1	
 416.14650	 939.20602	 599.25628	        P1	
2166.48388	 206.77092	 104.50949	        P1	
1078.19774	 955.95154	 331.54731	        P1	
 219.42270	2185.65617	1060.53949	        P1	
   5.04420	 110.66612	1764.82007	        P1	
 216.90060	1041.13534	 413.40448	        P1	
1535.95888	2019.65696	  98.33159	        P1	
 762.93524	1175.82771	1010.60143	        P1	
2216.92588	 578.08493	  67.44209	        P1	
1291.31519	 230.06909	1486.29972	        P1	
 955.87589	1795.41244	2081.95225	        P1	
1256.00579	2201.67365	 514.31016	        P1	
  94.57875	 500.18181	1632.51003	        P1	
 499.37579	1502.72963	 254.83837	        P1	
 832.29299	1145.97694	1370.97896	        P1	
  23.95995	1139.42434	2209.62886	        P1	
1046.67149	1032.39854	 487.53928	        P1	
 716.27639	 334.91069	  28.31535	        P1	
1945.80013	 722.97022	 199.23727	        P1	
 244.64370	 688.75110	1331.85222	        P1	
 283.73625	1279.21315	 289.84649	        P1	
1413.63703	 979.24970	2246.18140	        P1	
1408.59283	 130.32392	1698.40765	        P1	
 201.76800	2211.86657	1079.07319	        P1	
 736.45319	 795.04882	1453.35094	        P1	
1279.96574	 297.77929	 930.28873	        P1	
1432.55278	1590.09764	  74.13480	        P1	
1186.64804	1602.47475	 487.53928	        P1	
1798.25728	1559.51883	 613.15656	        P1	
1390.93813	1684.01824	1527.48573	        P1	
  63.05250	  61.15760	 149.81407	        P1	
 547.29569	2018.20084	 217.77097	        P1	
 921.82754	 125.95552	 641.98678	        P1	
1350.58453	 637.05833	1042.00579	        P1	
1476.68953	1681.10596	1894.55597	        P1	
1585.13983	 197.30609	1430.69862	        P1	
 615.39239	1957.04324	1576.90893	        P1	
 551.07884	1378.23023	1502.77414	        P1	
1132.42289	2139.05993	1707.15963	        P1	
1678.45753	1384.05475	1394.14608	        P1	
2169.00598	2102.65657	1667.51815	        P1	
1762.94788	2149.25285	1929.04922	        P1	
2143.78498	  33.49108	1924.93060	        P1	
 138.71550	 685.83882	 895.79548	        P1	
1533.43678	2127.41085	1445.62856	        P1	
1722.59428	 385.87533	 469.00558	        P1	
 329.13405	 907.89914	2007.30264	        P1	
1906.70758	1167.81894	1160.93037	        P1	
1923.10123	1445.21235	1072.89529	        P1	
1907.96863	  91.00832	 808.79007	        P1	
 713.75429	1074.62642	1229.40207	        P1	
2029.02943	 805.96982	 543.65519	        P1	
2126.13028	 615.94441	1613.97633	        P1	
1122.33449	 125.22748	2102.54522	        P1	
1020.18944	 605.02341	 574.54468	        P1	
 731.40899	 818.34694	2106.14904	        P1	
1509.47683	 417.18221	 883.43968	        P1	
1151.33864	 302.14769	1237.63925	        P1	
1644.40918	 995.99522	1150.63384	        P1	
1557.39673	1583.54504	1056.42087	        P1	
 943.26539	 955.22350	  65.38275	        P1	
 339.22245	1343.28303	 951.39657	        P1	
 129.88815	1241.35371	2158.14632	        P1	
1150.07759	1558.06272	1751.94941	        P1	
 230.77215	 517.65541	 321.25079	        P1	
 732.67004	 698.21593	1754.00875	        P1	
1059.28199	 356.75269	 263.07555	        P1	
1368.23923	 648.70741	1620.15423	        P1	
 639.35234	1730.61452	 627.57164	        P1	
 573.77774	 300.69153	  30.37469	        P1	
 180.33015	 456.49781	 210.04859	        P1	
 858.77504	 246.81461	1285.00317	        P1	
 703.66589	1696.39536	2079.89297	        P1	
1678.45753	 471.05913	1455.92508	        P1	
1136.20604	1049.14410	 786.65256	        P1	
 228.25005	 162.35888	2108.72312	        P1	
1496.86633	 418.63833	1906.91177	        P1	
1583.87878	1489.62443	  57.14557	        P1	
 254.73210	 468.87493	1060.53949	        P1	
 575.03879	1454.67723	 463.34249	        P1	
 968.48639	 908.62722	2044.88485	        P1	
1737.72688	 384.41921	 884.98415	        P1	
2201.79328	 765.92614	1259.77676	        P1	
 644.39654	 736.07542	2194.69892	        P1	
1650.71443	 463.77849	1447.68784	        P1	
1361.93398	1633.78164	 193.05937	        P1	
1704.93958	1138.69631	1472.39944	        P1	
1886.53078	 921.73242	1717.45615	        P1	
1204.30274	1762.64944	 265.64969	        P1	
 802.02779	1338.18655	 926.17017	        P1	
1626.75448	 864.94322	 396.93006	        P1	
1090.80824	1793.22824	  88.03507	        P1	
1256.00579	 340.73521	1484.24044	        P1	
1756.64263	 964.68834	 665.15390	        P1	
1372.02238	 726.61053	 629.63098	        P1	
  80.70720	 297.05121	  44.78977	        P1	
1152.59969	2236.62085	2003.18402	        P1	
2016.41893	1772.84236	 512.25088	        P1	
 914.26124	2182.01585	 891.16205	        P1	
2166.48388	2174.00713	 553.43684	        P1	
1938.23383	2001.45533	1208.29422	        P1	
 171.50280	1815.79832	 232.18605	        P1	
 837.33719	 291.22669	2059.29993	        P1	
 394.70865	 428.83129	 440.69017	        P1	
1467.86218	1432.83523	1076.49905	        P1	
  87.01245	  37.13140	 495.77646	        P1	
 973.53059	1381.87055	2019.65844	        P1	
 983.61899	 904.25882	1354.50454	        P1	
1587.66193	1478.70343	1890.43735	        P1	
 824.72669	 662.54070	1022.95723	        P1	
1395.98233	 462.32233	2235.88494	        P1	
1834.82773	1116.12622	 409.28586	        P1	
 952.09274	 725.88250	 232.18605	        P1	
1056.75989	 982.89002	 248.66047	        P1	
 181.59120	 251.91109	1670.09224	        P1	
 948.30959	 773.20682	1422.46144	        P1	
 107.18925	 150.70980	  30.88950	        P1	
 819.68249	2149.25285	 654.85738	        P1	
 872.64659	 825.62762	1292.72554	        P1	
1336.71299	1434.29135	 289.84649	        P1	
  26.48205	2026.20956	1988.76894	        P1	
1233.30689	1665.81656	 394.87079	        P1	
1142.51129	2035.67445	 582.26706	        P1	
1881.48658	 961.04802	1711.27825	        P1	
1105.94084	2157.26157	 876.74697	        P1	
 369.48765	1437.93171	1776.66101	        P1	
1563.70198	1160.53831	1243.81715	        P1	
 199.24590	 706.22470	 398.98934	        P1	
 887.77919	 496.54149	1980.53170	        P1	
 689.79434	1315.61651	 442.23464	        P1	
1921.84018	 630.50573	1457.46956	        P1	
1471.64533	 969.05674	1165.56379	        P1	
1456.51273	2088.82333	1595.95744	        P1	
  85.75140	1517.29095	1740.10848	        P1	
 943.26539	  39.31560	2186.97654	        P1	
 185.37435	1341.82691	2196.75820	        P1	
 949.57064	1012.74074	1686.05185	        P1	
1068.10934	 728.79473	2137.03854	        P1	
1040.36624	 305.05993	2030.46977	        P1	
1677.19648	 163.08692	1889.92255	        P1	
1012.62314	 316.70901	  12.35580	        P1	
1464.07903	1982.52556	 580.20778	        P1	
1691.06803	1848.56132	 429.87884	        P1	
 336.70035	1634.50972	  82.37198	        P1	
1162.68809	1745.90392	1127.98152	        P1	
 501.89789	2246.81377	1247.42096	        P1	
1509.47683	 267.20049	1405.98702	        P1	
2118.56398	1760.46524	 903.51785	        P1	
 948.30959	1351.29175	1142.39667	        P1	
 699.88274	2198.03333	1609.85771	        P1	
1591.44508	 808.15402	1743.71223	        P1	
 796.98359	1842.00872	1052.30225	        P1	
 670.87859	 311.61253	1327.73366	        P1	
 443.88960	1070.25802	2081.95225	        P1	
1547.30833	2020.38504	2156.08704	        P1	
  87.01245	 224.97260	1138.27805	        P1	
 910.47809	1013.46882	1346.78216	        P1	
2220.70903	1545.68555	 140.03242	        P1	
2155.13443	 772.47874	2061.35927	        P1	
 585.12719	 733.89122	 240.93809	        P1	
1794.47413	1400.07223	 537.47729	        P1	
  87.01245	 996.72330	 675.45036	        P1	
 243.38265	1522.38743	 858.72808	        P1	
1939.49488	1323.62523	1167.62307	        P1	
 843.64244	1649.07104	 847.91675	        P1	
1904.18548	1116.85431	2097.91180	        P1	
2080.73248	1843.46484	1799.31333	        P1	
 524.59679	 621.76893	 448.92741	        P1	
 809.59409	 812.52242	2236.39974	        P1	
1968.49903	1944.66612	1121.80362	        P1	
 197.98485	1541.31715	 901.45857	        P1	
 419.92965	1322.89715	1933.16784	        P1	
1311.49199	2198.76137	 771.72268	        P1	
1276.18259	1927.92056	1159.38589	        P1	
 238.33845	2232.98053	2071.65573	        P1	
1838.61088	1531.85232	1182.03815	        P1	
1907.96863	1922.82412	1368.91962	        P1	
 831.03194	1666.54464	 945.21868	        P1	
 377.05395	1105.93331	1931.10850	        P1	
1250.96159	 974.15322	1317.43714	        P1	
 902.91179	 859.11870	 689.35064	        P1	
  18.91575	2045.13933	1931.10850	        P1	
  42.87570	 547.50613	 492.17271	        P1	
  31.52625	2081.54265	 926.68498	        P1	
1282.48784	1520.93131	 650.73876	        P1	
2124.86923	 536.58513	 553.95171	        P1	
1885.26973	1970.87652	 615.21584	        P1	
 760.41314	1494.72091	1101.72545	        P1	
 131.14920	1198.39775	1937.80127	        P1	
1437.59698	1919.18376	1276.76599	        P1	
 213.11745	1353.47595	 839.67957	        P1	
1885.26973	2096.10397	 609.55280	        P1	
 913.00019	1003.27590	1379.73094	        P1	
1920.57913	1353.47595	1920.81205	        P1	
 602.78189	 958.13574	 598.74148	        P1	
 351.83295	 763.74194	 881.38040	        P1	
 529.64099	 361.12109	 448.41254	        P1	
1138.72814	1653.43944	  57.14557	        P1	
 628.00289	2045.86736	 759.36688	        P1	
1097.11349	 586.82173	2062.90374	        P1	
 321.56775	1759.73716	 232.70091	        P1	
 191.67960	1677.46564	 741.34798	        P1	
 520.81364	1592.28184	 817.02725	        P1	
1735.20478	 978.52162	 364.49609	        P1	
1469.12323	1197.66971	1677.81461	        P1	
1544.78623	 969.05674	1253.59886	        P1	
2166.48388	1090.64391	  96.27225	        P1	
1070.63144	1914.08732	1152.69312	        P1	
 514.50839	1118.31042	 123.55800	        P1	
 509.46419	1747.36004	1873.44813	        P1	
1437.59698	 878.04842	1922.87132	        P1	
 779.32889	1811.42992	 582.78186	        P1	
1750.33738	 519.83961	 613.15656	        P1	
2015.15788	 214.05160	2119.01964	        P1	
 760.41314	   2.18420	 154.44750	        P1	
 605.30399	1735.71096	1369.43448	        P1	
2016.41893	1443.75623	1848.73653	        P1	
 561.16724	 229.34101	 965.29685	        P1	
1519.56523	 200.21832	  65.89762	        P1	
1692.32908	 853.29414	  67.44209	        P1	
1694.85118	 685.83882	1383.84956	        P1	
 572.51669	  48.05240	2034.07352	        P1	
 957.13694	1408.80903	 773.78195	        P1	
1649.45338	2054.60416	1023.47209	        P1	
 863.81924	1552.96623	1655.67716	        P1	
2017.67998	  36.40332	1109.96269	        P1	
1103.41874	1713.14092	1682.44804	        P1	
1793.21308	1368.76535	1542.41568	        P1	
1508.21578	 784.85590	 656.91666	        P1	
 967.22534	1670.91304	1260.29157	        P1	
1007.57894	 682.19850	1653.10301	        P1	
 127.36605	1981.06944	1181.52334	        P1	
 896.60654	1912.63116	 442.74951	        P1	
 286.25835	1305.42355	1272.13256	        P1	
 858.77504	1343.28303	 562.18889	        P1	
1541.00308	1049.87214	1233.52069	        P1	
 476.67689	 979.97774	1105.32927	        P1	
1437.59698	1776.48272	1671.63671	        P1	
 262.29840	 122.31520	2021.71772	        P1	
 931.91594	 749.18062	 409.28586	        P1	
 337.96140	 532.94481	   6.17790	        P1	
 393.44760	 139.78880	1173.80097	        P1	
1153.86074	 284.67409	 700.16196	        P1	
1460.29588	1381.87055	 407.22658	        P1	
2153.87338	1975.97296	1136.21877	        P1	
 862.55819	  96.10480	 568.36679	        P1	
 702.40484	1104.47714	1889.92255	        P1	
 346.78875	1060.79314	2099.97114	        P1	
1902.92443	 638.51450	 273.88687	        P1	
2189.18278	1041.13534	 152.38822	        P1	
 694.83854	 583.18141	 582.26706	        P1	
1114.76819	1370.22151	2145.79052	        P1	
 276.16995	1603.93092	 664.63904	        P1	
 872.64659	 739.71574	 598.74148	        P1	
1655.75863	2052.41996	1370.97896	        P1	
 393.44760	  58.24532	 252.77909	        P1	
1698.63433	1740.80744	  50.96767	        P1	
 984.88004	  61.88568	2034.58833	        P1	
 258.51525	 701.12822	1626.33213	        P1	
 288.78045	1670.91304	2052.60722	        P1	
 206.81220	1760.46524	1050.24297	        P1	
1174.03754	1790.31596	2019.65844	        P1	
1237.09004	1287.94995	1562.49385	        P1	
2179.09438	  43.68400	1402.38326	        P1	
2063.07778	1224.60815	2234.34046	        P1	
 448.93379	 799.41722	1983.10585	        P1	
2171.52808	 410.62961	 440.17536	        P1	
  46.65885	2059.70065	 619.33446	        P1	
 610.34819	 917.36402	 965.29685	        P1	
1215.65219	 763.01390	 100.90568	        P1	
2161.43968	 436.84001	2225.58842	        P1	
2150.09023	 858.39062	1513.58546	        P1	
 583.86614	 396.79633	 356.25891	        P1	
1316.53619	2156.53353	 250.71975	        P1	
 131.14920	 573.71653	  92.15369	        P1	
1421.20333	 526.39221	  12.35580	        P1	
1039.10519	 372.77013	2081.43744	        P1	
1162.68809	 495.08533	 388.69289	        P1	
1924.36228	 580.99721	 265.64969	        P1	
1680.97963	1389.87931	1603.67981	        P1	
2026.50733	 522.02381	1087.31037	        P1	
1525.87048	 726.61053	1642.80655	        P1	
1653.23653	 982.16194	2191.09516	        P1	
1592.70613	 561.33941	 261.01627	        P1	
 598.99874	1175.82771	 244.54185	        P1	
1094.59139	1913.35924	 500.40989	        P1	
1191.69224	 571.53233	1468.28088	        P1	
2150.09023	2030.57796	 604.91938	        P1	
1039.10519	1297.41483	 790.77118	        P1	
1068.10934	1321.44103	2236.39974	        P1	
 591.43244	 653.07581	1717.45615	        P1	
1607.83873	1012.74074	1272.13256	        P1	
1948.32223	 667.63713	 127.67662	        P1	
 266.08155	 309.42833	2192.63964	        P1	
 802.02779	 267.92852	1962.51287	        P1	
2181.61648	 340.73521	 922.05155	        P1	
1688.54593	1002.54782	1663.39953	        P1	
 139.97655	1710.22864	1780.77963	        P1	
 846.16454	1691.29892	1622.21351	        P1	
1987.41478	1231.88883	  63.32347	        P1	
2055.51148	 582.45333	1567.12728	        P1	
 511.98629	  74.26280	 358.31819	        P1	
2205.57643	1009.82850	1319.49642	        P1	
 775.54574	 641.42673	1993.40237	        P1	
1684.76278	2026.93764	1502.77414	        P1	
1838.61088	 527.12029	1504.83341	        P1	
 741.49739	 168.91149	 885.49896	        P1	
 979.83584	1809.24572	 930.28873	        P1	
 219.42270	 234.43749	1719.51543	        P1	
 683.48909	1311.97615	1054.36159	        P1	
   2.52210	1664.36044	1558.37523	        P1	
 426.23490	1546.41363	 712.00296	        P1	
 124.84395	 449.21713	 634.26440	        P1	
1003.79579	1945.39416	 827.32377	        P1	
1075.67564	2230.06825	2151.45362	        P1	
2017.67998	2134.69153	  22.13745	        P1	
2060.55568	 998.90750	 607.49346	        P1	
1243.39529	2022.56924	1488.87386	        P1	
 414.88545	1236.98531	 695.52854	        P1	
1650.71443	1726.24612	  40.67115	        P1	
 486.76529	  99.01708	1146.51522	        P1	
1437.59698	1173.64351	2196.75820	        P1	
 655.74599	1540.58912	 219.83025	        P1	
 322.82880	  48.05240	1064.14325	        P1	
 583.86614	 309.42833	2118.50484	        P1	
 179.06910	 449.94521	 222.40439	        P1	
1493.08318	1964.32393	1646.92511	        P1	
1200.51959	 355.29653	1074.43977	        P1	
1301.40359	 599.92693	  18.01890	        P1	
1339.23509	1620.67644	1044.06507	        P1	
 345.52770	1297.41483	 619.33446	        P1	
1534.69783	1863.12264	1649.49926	        P1	
 237.07740	1150.34534	 566.30751	        P1	
 807.07199	 142.70108	1276.25112	        P1	
1138.72814	2158.71773	1943.46430	        P1	
 696.09959	1360.02855	1857.48857	        P1	
1587.66193	 728.79473	 164.74402	        P1	
1527.13153	1270.47635	 523.06221	        P1	
1988.67583	1716.05316	 473.63901	        P1	
 363.18240	2210.41045	2176.16522	        P1	
2242.14687	 110.66612	  55.08629	        P1	
1691.06803	2131.05117	 418.03791	        P1	
 715.01534	 928.28502	1033.25375	        P1	
1741.51003	   9.46488	 349.56614	        P1	
1796.99623	1210.77491	 899.39923	        P1	
 569.99459	1156.16991	1183.58262	        P1	
1660.80283	 771.02262	1255.65814	        P1	
1682.24068	1546.41363	 741.34798	        P1	
 873.90764	1020.02142	1552.19733	        P1	
1034.06099	2206.04205	1927.50475	        P1	
1923.10123	1847.10516	1840.49935	        P1	
1227.00164	1213.68715	1011.11629	        P1	
 436.32330	1460.50175	 679.05418	        P1	
 505.68104	1413.17743	 852.55018	        P1	
 327.87300	1984.70976	 362.43681	        P1	
1878.96448	 920.27630	1317.95194	        P1	
1432.55278	1562.43112	 337.21035	        P1	
 973.53059	2157.98965	1983.10585	        P1	
 776.80679	 629.04961	1805.49123	        P1	
  17.65470	1916.27152	1313.31852	        P1	
1121.07344	 979.24970	1293.24035	        P1	
 969.74744	 989.44262	 988.46397	        P1	
2169.00598	1824.53512	 831.44233	        P1	
1262.31104	1640.33424	 809.30488	        P1	
 643.13549	 327.63001	1317.43714	        P1	
1861.30978	  17.47360	1132.10015	        P1	
 176.54700	 470.33109	1367.37514	        P1	
  25.22100	1686.20244	1861.09233	        P1	
  74.40195	1440.84395	2248.24074	        P1	
 535.94624	1900.98212	 436.05674	        P1	
 976.05269	 144.15720	 353.68477	        P1	
 401.01390	  40.77172	1655.16235	        P1	
 813.37724	1851.47356	 518.42878	        P1	
 267.34260	 248.99881	1692.74456	        P1	
1422.46438	1844.92096	1000.30497	        P1	
1960.93273	1277.75703	1842.55863	        P1	
1786.90783	1829.63156	2069.08164	        P1	
  49.18095	 376.41049	 726.41804	        P1	
1273.66049	1801.23696	  61.26419	        P1	
 271.12575	1153.98571	1626.84694	        P1	
 331.65615	 347.28781	 191.51489	        P1	
1875.18133	 947.21474	1684.50738	        P1	
1525.87048	1626.50095	1554.77148	        P1	
1558.65778	 465.96269	2108.72312	        P1	
1438.85803	1212.23103	1013.17557	        P1	
 141.23760	2057.51645	 216.22649	        P1	
1936.97278	1929.37672	1521.82264	        P1	
 336.70035	1319.98491	 368.09984	        P1	
1657.01968	 527.12029	1194.39395	        P1	
   8.82735	1893.70144	1031.70927	        P1	
1010.10104	1965.05196	2104.60457	        P1	
1757.90368	1543.50135	1517.70408	        P1	
1461.55693	1404.44063	 668.75766	        P1	
 310.21830	 499.45373	1105.32927	        P1	
 582.60509	1026.57402	2057.24065	        P1	
1870.13713	 963.23222	1198.51257	        P1	
1011.36209	 107.75388	1824.53973	        P1	
  37.83150	1515.83483	1027.07585	        P1	
1031.53889	1576.99243	2224.04394	        P1	
1482.99478	 442.66453	 110.68739	        P1	
 611.60924	 190.02540	1841.01415	        P1	
 271.12575	 287.58632	 226.52302	        P1	
1186.64804	 629.77770	1202.11632	        P1	
1543.52518	 115.03452	 961.69310	        P1	
1533.43678	 687.29493	1080.61767	        P1	
 184.11330	 157.26240	1527.48573	        P1	
1554.87463	2203.85785	1922.87132	        P1	
1475.42848	 551.87453	 944.70387	        P1	
1459.03483	 727.33862	 613.15656	        P1	
1615.40503	1193.30131	 757.30753	        P1	
1663.32493	1079.72291	1121.80362	        P1	
1359.41188	2045.86736	1951.70154	        P1	
 210.59535	  70.62248	1633.02484	        P1	
1846.17718	2192.93685	1087.31037	        P1	
1998.76423	1791.77212	 219.83025	        P1	
1936.97278	 131.05200	2077.31882	        P1	
 774.28469	 353.84041	1953.76082	        P1	
 788.15624	 302.14769	 782.01913	        P1	
1894.09708	1226.06431	 298.59847	        P1	
 547.29569	 888.24134	2143.21644	        P1	
1766.73103	1483.07183	1953.76082	        P1	
1563.70198	 123.77132	 411.86001	        P1	
 870.12449	 219.87612	 658.97600	        P1	
2071.90513	 634.14610	 497.83574	        P1	
1482.99478	1068.80191	1727.23781	        P1	
2073.16618	1996.35884	1521.30783	        P1	
1841.13298	1410.99323	1255.65814	        P1	
  10.08840	 645.06710	 664.63904	        P1	
 471.63269	 733.89122	1921.32685	        P1	
 620.43659	  37.85948	1257.71742	        P1	
1500.64948	1920.63992	 843.79813	        P1	
 456.50009	2222.05953	2151.96842	        P1	
 459.02219	 168.91149	 650.73876	        P1	
 398.49180	1635.23776	 586.38568	        P1	
 124.84395	1777.21076	1216.53146	        P1	
 326.61195	1839.82452	1640.74721	        P1	
 669.61754	 951.58314	1729.29715	        P1	
 379.57605	1258.82731	1943.46430	        P1	
1151.33864	1468.51051	 650.73876	        P1	
2105.95348	1476.51923	1204.69047	        P1	
 896.60654	1123.40691	 712.51776	        P1	
1644.40918	 171.82372	1179.46406	        P1	
 580.08299	1635.23776	 469.00558	        P1	
1166.47124	1751.00036	  48.90839	        P1	
 126.10500	2107.02497	 294.47991	        P1	
1672.15228	1648.34296	1432.75796	        P1	
 813.37724	1277.75703	1322.07057	        P1	
 699.88274	 801.60142	 823.20515	        P1	
1290.05414	 626.86541	1898.15973	        P1	
1230.78479	1939.56964	1735.98985	        P1	
1470.38428	  39.31560	2071.14092	        P1	
 972.26954	 686.56690	 917.93293	        P1	
1281.22679	 585.36561	2100.48594	        P1	
2237.10267	1890.06112	2046.94413	        P1	
 788.15624	1858.75424	1725.17853	        P1	
1754.12053	1898.06984	  55.60110	        P1	
1312.75304	2171.82293	 318.67665	        P1	
1837.34983	 104.11352	1401.86846	        P1	
 419.92965	1536.94875	1197.99776	        P1	
 857.51399	1766.28976	1789.53167	        P1	
 564.95039	1994.90273	2190.58030	        P1	
1253.48369	 232.98132	1913.08967	        P1	
 562.42829	 589.73401	1836.38073	        P1	
1326.62459	1677.46564	 563.73336	        P1	
1034.06099	1246.45015	 547.77381	        P1	
 141.23760	 783.39974	1851.31067	        P1	
 843.64244	1089.91582	 617.78998	        P1	
1201.78064	1416.08971	 893.22133	        P1	
1971.02113	 245.35849	1107.90335	        P1	
1987.41478	1042.59150	 306.32085	        P1	
 286.25835	1388.42315	 567.85198	        P1	
 403.53600	1246.45015	1505.34828	        P1	
 989.92424	 289.04249	 250.71975	        P1	
1295.09834	 439.02421	2057.24065	        P1	
 684.75014	 864.21514	 839.67957	        P1	
1581.35668	1792.50016	1981.04657	        P1	
2087.03773	1748.08812	 497.83574	        P1	
 448.93379	2000.72724	 112.74667	        P1	
  76.92405	1277.75703	1655.67716	        P1	
1058.02094	 508.91861	1050.24297	        P1	
1387.15498	1552.23815	1727.75268	        P1	
 856.25294	 733.16313	1233.52069	        P1	
 648.17969	1317.80071	1120.25915	        P1	
1378.32763	1822.35092	 638.38296	        P1	
1870.13713	1041.86342	 891.16205	        P1	
1414.89808	 764.47002	 532.84386	        P1	
1679.71858	1748.81616	  67.44209	        P1	
 461.54429	1676.00952	 621.39374	        P1	
1397.24338	2207.49817	 499.89508	        P1	
1383.37183	  80.81540	 352.14029	        P1	
1370.76133	1177.28383	 926.68498	        P1	
 889.04024	 907.89914	1241.24306	        P1	
1677.19648	 923.18854	 992.58259	        P1	
 925.61069	1319.25683	1878.08155	        P1	
 163.93650	 292.68281	 636.32368	        P1	
2104.69243	1957.77132	 854.60946	        P1	
1383.37183	 197.30609	1745.77151	        P1	
1735.20478	1137.24014	 228.06749	        P1	
  11.34945	 635.60221	 977.65265	        P1	
1316.53619	 429.55933	1148.57457	        P1	
 517.03049	1111.02974	 782.53400	        P1	
 192.94065	1040.40730	 423.70094	        P1	
2011.37473	 712.77730	 761.94096	        P1	
2230.79743	 328.35809	1677.81461	        P1	
1349.32348	1242.08175	 207.98932	        P1	
1800.77938	1658.53592	 551.89236	        P1	
1546.04728	   2.91228	1412.16492	        P1	
 872.64659	1496.90511	 792.83046	        P1	
1571.26828	 433.92773	 660.52048	        P1	
1896.61918	2192.93685	1291.18107	        P1	
 380.83710	 898.43430	1645.38064	        P1	
 779.32889	1658.53592	 842.25366	        P1	
 387.14235	 740.44382	1309.71477	        P1	
 141.23760	 862.03094	2056.72584	        P1	
1127.37869	1686.20244	 766.05958	        P1	
 506.94209	 969.78482	 123.55800	        P1	
1195.47539	1597.37832	 819.08653	        P1	
 688.53329	1004.73202	 631.69026	        P1	
1979.84848	1014.92494	 617.27518	        P1	
1259.78894	 925.37274	2069.08164	        P1	
 963.44219	1709.50056	1820.42117	        P1	
1750.33738	 496.54149	1844.61791	        P1	
1828.52248	 987.25842	1817.84703	        P1	
 506.94209	2137.60377	 611.09728	        P1	
2187.92173	 690.93530	1738.04913	        P1	
1722.59428	2176.91937	1154.75247	        P1	
 731.40899	 250.45492	 232.70091	        P1	
 225.72795	1022.93370	 930.28873	        P1	
1890.31393	 342.91941	 450.98669	        P1	
1320.31934	1018.56530	1497.11104	        P1	
 552.33989	1843.46484	1014.72005	        P1	
2163.96178	 621.76893	1265.95466	        P1	
1655.75863	 184.20089	 979.71193	        P1	
 498.11474	 664.72490	2065.47783	        P1	
 332.91720	1689.11472	1974.35380	        P1	
1876.44238	1408.08095	2062.90374	        P1	
 563.68934	1220.96783	 815.48278	        P1	
 310.21830	 599.92693	2099.97114	        P1	
 706.18799	 850.38190	 213.65235	        P1	
2090.82088	 403.34893	1519.24856	        P1	
 737.71424	 354.56849	  53.02695	        P1	
1856.26558	2223.51565	2052.60722	        P1	
1488.03898	1779.39496	1462.10298	        P1	
1252.22264	 551.14649	1307.14062	        P1	
 182.85225	2013.10436	 981.77127	        P1	
1919.31808	1908.99084	 512.76569	        P1	
1640.62603	  50.23660	1249.48024	        P1	
1692.32908	1996.35884	1570.73103	        P1	
 397.23075	1887.87692	1764.30521	        P1	
 677.18384	1863.12264	 291.90577	        P1	
 883.99604	 377.86661	 285.72787	        P1	
1585.13983	 689.47913	2217.35124	        P1	
1167.73229	 196.57800	1575.36446	        P1	
 679.70594	1717.50932	 446.86807	        P1	
1537.21993	 283.21792	1513.07066	        P1	
 776.80679	2124.49857	1346.26736	        P1	
 844.90349	2093.91977	 411.86001	        P1	
1588.92298	2124.49857	1517.70408	        P1	
1296.35939	2233.70857	 864.39117	        P1	
1344.27928	1775.02656	1710.76345	        P1	
2081.99353	  31.30688	 707.88434	        P1	
1667.10808	 336.36681	 520.48806	        P1	
 253.47105	1456.86143	1335.97084	        P1	
1259.78894	1665.08852	1954.27563	        P1	
1588.92298	1759.00912	 829.89786	        P1	
 263.55945	1520.93131	1497.11104	        P1	
 703.66589	 640.69870	1972.80933	        P1	
1592.70613	1054.96862	1496.59624	        P1	
1105.94084	2032.03413	1646.92511	        P1	
 740.23634	1421.91423	1910.51552	        P1	
1406.07073	1944.66612	2023.77700	        P1	
1389.67708	 324.71773	1981.04657	        P1	
 436.32330	 336.36681	1607.79843	        P1	
 346.78875	1812.15796	1080.61767	        P1	
1804.56253	1587.91344	 846.37228	        P1	
1731.42163	 466.69073	1313.83339	        P1	
1726.37743	 102.65740	1496.59624	        P1	
 963.44219	 154.35012	1018.83867	        P1	
1645.67023	1327.26555	1653.61788	        P1	
1781.86363	1311.24811	 806.73073	        P1	
  13.87155	2228.61213	 638.38296	        P1	
2153.87338	1965.78004	 625.51236	        P1	
 131.14920	 760.10162	2088.13015	        P1	
 918.04439	 629.04961	 915.87365	        P1	
1640.62603	 894.79394	2242.06284	        P1	
1322.84144	 890.42554	 665.15390	        P1	
 383.35920	2047.32353	 151.87335	        P1	
1664.58598	1874.04364	 772.23748	        P1	
1803.30148	1738.62324	  43.24530	        P1	
   7.56630	1941.02576	 401.04869	        P1	
 508.20314	1835.45612	 349.56614	        P1	
1915.53493	1471.42275	 845.85747	        P1	
1662.06388	 940.66214	2073.71507	        P1	
 395.96970	1429.92295	 430.39371	        P1	
1786.90783	1220.96783	1420.91696	        P1	
1190.43119	 719.32990	2209.11400	        P1	
1538.48098	 263.56012	1272.13256	        P1	
1544.78623	1893.70144	 193.05937	        P1	
  89.53455	 153.62208	1200.57185	        P1	
2013.89683	 612.30409	2011.42120	        P1	
1332.92984	1947.57836	1962.51287	        P1	
1155.12179	 358.20881	1373.03824	        P1	
1863.83188	 409.17349	1208.29422	        P1	
1266.09419	1710.95672	1713.33753	        P1	
1472.90638	1938.11352	 392.81144	        P1	
1388.41603	 360.39301	  49.42320	        P1	
1756.64263	1793.22824	1861.09233	        P1	
 518.29154	 297.77929	1060.02463	        P1	
1880.22553	 689.47913	 862.84670	        P1	
 556.12304	1586.45732	1466.22154	        P1	
 890.30129	1035.31082	 426.27509	        P1	
 981.09689	1004.73202	 545.19966	        P1	
1755.38158	 958.13574	2135.49406	        P1	
1691.06803	 781.21554	1746.28638	        P1	
1368.23923	 865.67130	2190.58030	        P1	
 581.34404	1046.23182	2242.57764	        P1	
2134.95763	2139.78797	 641.98678	        P1	
1145.03339	 540.22549	1961.99800	        P1	
1943.27803	 233.70941	 749.07036	        P1	
2050.46728	 556.24293	 765.54478	        P1	
 466.58849	1475.06311	1918.75270	        P1	
 810.85514	 647.25130	 626.02716	        P1	
1764.20893	 838.00474	 604.91938	        P1	
 293.82465	 548.23421	 569.91126	        P1	
 750.32474	 302.14769	 292.42057	        P1	
  58.00830	  94.64868	1453.86574	        P1	
1969.76008	1348.37951	1066.20253	        P1	
 737.71424	 635.60221	2237.94422	        P1	
2032.81258	 896.97814	1869.84437	        P1	
1168.99334	1022.93370	1850.79581	        P1	
 861.29714	1871.85944	1558.37523	        P1	
1713.76693	 910.81142	 810.84935	        P1	
2224.49218	  43.68400	1447.17304	        P1	
 856.25294	 313.79673	1635.08418	        P1	
 197.98485	2139.78797	 745.46660	        P1	
 698.62169	1355.66015	 123.04319	        P1	
1116.02924	 168.18340	 617.78998	        P1	
1988.67583	 638.51450	1799.82813	        P1	
 119.79975	1234.07303	 520.48806	        P1	
1433.81383	  41.49980	 728.99218	        P1	
1465.34008	 742.62802	 500.40989	        P1	
 745.28054	 795.77690	1807.55051	        P1	
1947.06118	 378.59469	1676.27014	        P1	
1546.04728	2066.25325	1019.35347	        P1	
 445.15065	 760.82970	 213.65235	        P1	
2151.35128	 334.91069	2029.95490	        P1	
1022.71154	 278.84952	 191.00009	        P1	
1813.38988	1865.30684	2120.56412	        P1	
1708.72273	 341.46329	2153.51290	        P1	
2219.44798	1511.46643	1235.57997	        P1	
2224.49218	 158.71852	1116.14059	        P1	
1499.38843	1015.65302	1941.40502	        P1	
 732.67004	1628.68515	 535.41801	        P1	
 438.84540	1973.06073	1900.21900	        P1	
1900.40233	1433.56331	 306.32085	        P1	
1760.42578	1029.48630	1398.26464	        P1	
1384.63288	 463.05041	 339.78449	        P1	
1069.37039	1604.65895	 220.34512	        P1	
 501.89789	1926.46444	 384.57426	        P1	
1296.35939	1866.76296	 133.85452	        P1	
1337.97404	 865.67130	1912.57480	        P1	
 152.58705	 704.04050	1782.83891	        P1	
1297.62044	1816.52636	2025.83634	        P1	
1882.74763	 983.61810	  46.84905	        P1	
 634.30814	 912.26754	1537.78226	        P1	
1993.72003	1906.80664	 712.00296	        P1	
 554.86199	1521.65935	1055.90607	        P1	
1563.70198	1687.65856	1074.43977	        P1	
1301.40359	2047.32353	1140.33732	        P1	
1090.80824	 175.46409	 751.12963	        P1	
 441.36750	 684.38270	1639.20274	        P1	
 722.58164	 479.79593	1313.83339	        P1	
1533.43678	1531.85232	 916.38846	        P1	
 767.97944	 498.72569	1368.91962	        P1	
1460.29588	1271.20443	 951.39657	        P1	
1041.62729	 254.82332	1548.59358	        P1	
 469.11059	1646.88684	2040.25142	        P1	
 851.20874	 108.48192	1604.19468	        P1	
 568.73354	 238.07781	 685.74688	        P1	
1322.84144	2017.47276	2147.84986	        P1	
 519.55259	 276.66532	  78.25342	        P1	
1151.33864	 674.91781	2057.24065	        P1	
1756.64263	 401.16473	 431.93818	        P1	
2031.55153	 104.11352	 455.10531	        P1	
 373.27080	1483.79991	1115.62572	        P1	
1570.00723	1203.49423	2193.15444	        P1	
1283.74889	1871.13136	1449.74718	        P1	
 614.13134	1247.17823	1156.81174	        P1	
 282.47520	1007.64430	 761.94096	        P1	
1805.82358	1975.97296	1605.73915	        P1	
2156.39548	1983.25364	1786.95753	        P1	
 530.90204	1640.33424	2020.17325	        P1	
1015.14524	1472.87891	1571.24584	        P1	
 770.50154	1381.14251	1422.97624	        P1	
1875.18133	 112.85032	1808.06537	        P1	
1881.48658	1581.36084	2205.51024	        P1	
1258.52789	1747.36004	 273.37207	        P1	
 553.60094	 318.16513	 109.14292	        P1	
1750.33738	1661.44816	 263.59041	        P1	
1959.67168	 151.43788	1826.08421	        P1	
 184.11330	1926.46444	1668.03296	        P1	
1686.02383	1081.17902	 939.04078	        P1	
1706.20063	2196.57717	1338.54499	        P1	
1957.14958	 982.89002	2137.55334	        P1	
 138.71550	1443.02815	 104.50949	        P1	
1129.90079	  96.10480	 815.48278	        P1	
2177.83333	1976.70104	1082.67695	        P1	
2021.46313	1114.67011	2172.04660	        P1	
2160.17863	1145.24891	1263.89532	        P1	
 655.74599	1396.43191	 306.32085	        P1	
1762.94788	 848.92574	 998.76049	        P1	
1105.94084	1261.73955	1962.51287	        P1	
 129.88815	 465.23461	1198.51257	        P1	
 522.07469	 451.40133	2228.16256	        P1	
 218.16165	2165.99837	1214.98699	        P1	
2187.92173	1375.31795	1086.79557	        P1	
2061.81673	1797.59664	1939.86055	        P1	
 469.11059	1026.57402	1229.40207	        P1	
 215.63955	 262.83209	1758.12731	        P1	
1498.12738	 685.83882	 285.72787	        P1	
 810.85514	1989.80624	1223.22417	        P1	
2192.96593	1947.57836	 123.04319	        P1	
  36.57045	1397.15995	1585.66098	        P1	
 356.87715	 931.19730	2028.41043	        P1	
1977.32638	1345.46723	1309.71477	        P1	
1308.96989	 120.85908	   9.78165	        P1	
 672.13964	1638.87812	1157.32655	        P1	
1813.38988	 624.68121	 976.10817	        P1	
 441.36750	2152.16513	1330.30774	        P1	
1071.89249	2139.05993	 310.95427	        P1	
 373.27080	2069.16553	 836.07576	        P1	
1383.37183	2081.54265	 366.04057	        P1	
 823.46564	1491.80863	 840.19438	        P1	
2117.30293	1740.80744	1175.34544	        P1	
1394.72128	 123.77132	1301.47759	        P1	
1218.17429	1156.16991	1472.39944	        P1	
 232.03320	1782.30724	 131.28037	        P1	
1953.36643	2010.19213	 397.44487	        P1	
 611.60924	 865.67130	1744.22703	        P1	
  25.22100	2201.67365	1359.13796	        P1	
1667.10808	1709.50056	 345.44759	        P1	
1677.19648	 732.43510	1041.49093	        P1	
1016.40629	 142.70108	1622.21351	        P1	
 170.24175	1347.65143	1031.70927	        P1	
 635.56919	1539.13295	2135.49406	        P1	
 706.18799	2204.58593	1992.88750	        P1	
 524.59679	1041.13534	 734.65528	        P1	
1055.49884	1574.80823	 654.85738	        P1	
 813.37724	1328.72171	 817.54206	        P1	
1305.18674	 955.95154	 654.34258	        P1	
 194.20170	 349.47201	 940.58525	        P1	
 819.68249	1492.53671	2202.93610	        P1	
1475.42848	1552.23815	 164.74402	        P1	
2092.08193	1873.31556	1764.82007	        P1	
 730.14794	1534.03652	 959.63375	        P1	
 969.74744	1129.23143	1637.14346	        P1	
1900.40233	 963.23222	1686.56666	        P1	
1988.67583	 204.58672	 770.17820	        P1	
2224.49218	1145.97694	1480.63668	        P1	
1291.31519	1670.18496	 376.33709	        P1	
1508.21578	1390.60735	1877.56675	        P1	
 411.10230	1443.02815	 949.33730	        P1	
 687.27224	 929.74114	  41.18602	        P1	
1069.37039	 678.55813	 191.00009	        P1	
1991.19793	 389.51569	1206.74975	        P1	
 791.93939	 435.38389	2097.91180	        P1	
 887.77919	2091.00753	2232.28112	        P1	
1385.89393	1008.37234	 504.52851	        P1	
1279.96574	 843.82930	1665.45881	        P1	
  47.91990	1858.02616	1321.55576	        P1	
1131.16184	2045.13933	1906.39690	        P1	
1655.75863	2082.99876	1604.19468	        P1	
  26.48205	1883.50852	1645.38064	        P1	
 936.96014	1801.96504	 543.65519	        P1	
 931.91594	 204.58672	1031.19447	        P1	
 720.05954	1464.14211	1614.49114	        P1	
2021.46313	 836.54862	 710.45848	        P1	
 433.80120	1131.41563	1186.15677	        P1	
 255.99315	1625.77292	1429.15414	        P1	
1799.51833	1528.21195	1344.72289	        P1	
1050.45464	 618.12861	1039.43165	        P1	
2192.96593	 169.63952	1327.73366	        P1	
 141.23760	2134.69153	1368.91962	        P1	
1051.71569	2222.05953	1311.77404	        P1	
1875.18133	 689.47913	 339.26969	        P1	
1942.01698	1773.57044	2194.69892	        P1	
 451.45589	  29.12268	 955.00033	        P1	
 658.26809	 487.80469	1812.18393	        P1	
 921.82754	1338.91463	2139.09782	        P1	
1152.59969	 511.10281	 234.76019	        P1	
 834.81509	1667.27272	 182.76285	        P1	
 651.96284	2152.89317	 357.80339	        P1	
 836.07614	1866.03492	1608.31324	        P1	
  76.92405	 383.69113	2155.57224	        P1	
1119.81239	 971.24094	1537.78226	        P1	
 258.51525	1098.65262	 166.80330	        P1	
  69.35775	1308.33583	2119.01964	        P1	
1791.95203	 619.58473	2160.20566	        P1	
  42.87570	1185.29255	1877.56675	        P1	
1537.21993	1165.63474	1735.47505	        P1	
1784.38573	   9.46488	 287.78715	        P1	
 165.19755	 778.30330	 879.32106	        P1	
 833.55404	1274.84475	1838.95487	        P1	
1205.56379	1304.69551	 941.10005	        P1	
 852.46979	1281.39735	1123.86297	        P1	
 379.57605	1916.99956	1079.07319	        P1	
1947.06118	 438.29613	 506.07298	        P1	
 638.09129	1108.11751	1935.74193	        P1	
2238.36372	 190.02540	1848.73653	        P1	
 422.45175	2184.92813	1597.50191	        P1	
1638.10393	 144.88528	 632.20506	        P1	
  52.96410	2054.60416	 362.43681	        P1	
1189.17014	 893.33782	1995.46165	        P1	
1073.15354	1825.26316	 191.00009	        P1	
1069.37039	 489.26081	 809.30488	        P1	
 152.58705	 859.84674	 215.71169	        P1	
 356.87715	  12.37712	1659.79578	        P1	
1955.88853	1421.91423	1879.62603	        P1	
 711.23219	 265.01629	1836.89553	        P1	
1790.69098	 286.85829	1838.44001	        P1	
1205.56379	2008.00793	2114.90102	        P1	
1976.06533	1276.30091	2240.00350	        P1	
1090.80824	1724.78996	1160.93037	        P1	
 657.00704	1107.38942	1366.86034	        P1	
 184.11330	1572.62403	 957.57447	        P1	
 273.64785	1900.98212	1243.81715	        P1	
1906.70758	 358.20881	2174.62074	        P1	
 116.01660	 627.59350	2060.84440	        P1	
1180.34279	1552.23815	 407.22658	        P1	
 568.73354	2045.13933	2207.56952	        P1	
1250.96159	1825.99124	1249.48024	        P1	
2123.60818	 495.08533	 949.33730	        P1	
1194.21434	1638.87812	1109.44782	        P1	
1306.44779	 333.45453	1469.82536	        P1	
1044.14939	  21.84200	 959.11895	        P1	
1018.92839	 331.99841	 240.93809	        P1	
1707.46168	1087.73162	 327.42869	        P1	
1109.72399	1668.72884	 786.13775	        P1	
1263.57209	1507.09803	1786.95753	        P1	
1070.63144	2112.12145	 291.90577	        P1	
1314.01409	 570.80429	 528.72524	        P1	
 372.00975	 494.35729	  77.73855	        P1	
  20.17680	1518.74712	1404.44254	        P1	
1808.34568	1467.78243	 296.53919	        P1	
 440.10645	1999.99916	1241.24306	        P1	
 751.58579	 730.97894	1340.08946	        P1	
2192.96593	 240.99009	1776.66101	        P1	
1968.49903	1429.19491	 854.60946	        P1	
1505.69368	 789.22430	 823.71996	        P1	
1738.98793	1799.05276	1962.51287	        P1	
 612.87029	1547.86975	 394.87079	        P1	
1653.23653	1704.40412	 724.87356	        P1	
1820.95618	 522.75189	1762.76073	        P1	
1263.57209	1041.13534	1344.72289	        P1	
1148.81654	1606.84315	1499.17038	        P1	
1939.49488	 387.33149	 590.50424	        P1	
1007.57894	 408.44541	 500.40989	        P1	
1543.52518	1303.23935	1747.83085	        P1	
 969.74744	1515.10675	  65.89762	        P1	
 460.28324	1206.40651	2153.51290	        P1	
2137.47973	1120.49462	  80.31270	        P1	
1812.12883	 338.55101	 407.74139	        P1	
 168.98070	1161.99443	1521.30783	        P1	
1709.98378	1990.53433	 893.22133	        P1	
 562.42829	 192.20960	1107.38855	        P1	
 440.10645	1938.84156	1035.82789	        P1	
1070.63144	  19.65780	1563.00866	        P1	
1116.02924	 137.60460	1471.88464	        P1	
1913.01283	 124.49940	1929.04922	        P1	
 438.84540	1263.92375	1381.79028	        P1	
 450.19484	 971.96902	1842.55863	        P1	
 805.81094	 760.82970	1738.04913	        P1	
1296.35939	 439.75229	 868.50973	        P1	
 447.67274	 143.42912	 895.28067	        P1	
1457.77378	 978.52162	1434.81724	        P1	
 279.95310	 426.64709	1955.82010	        P1	
 557.38409	1783.76336	  11.84100	        P1	
1707.46168	2054.60416	1346.26736	        P1	
 390.92550	 902.80270	 644.56086	        P1	
2200.53223	2040.77093	 720.24014	        P1	
1827.26143	 811.79434	1900.73387	        P1	
 358.13820	 298.50733	 127.67662	        P1	
1267.35524	 446.30489	2053.12203	        P1	
1923.10123	 970.51290	1830.71763	        P1	
1794.47413	1485.98411	 712.51776	        P1	
 155.10915	1922.82412	1239.18372	        P1	
2094.60403	 226.42872	1754.00875	        P1	
 851.20874	1797.59664	1181.52334	        P1	
1992.45898	2227.88405	1348.32664	        P1	
 880.21289	1713.86896	 932.34807	        P1	
 359.39925	1305.42355	1801.88747	        P1	
2073.16618	1009.10042	  94.21297	        P1	
1597.75033	1388.42315	  24.19679	        P1	
  10.08840	1122.67882	   6.17790	        P1	
1745.29318	1464.87015	1140.85219	        P1	
1104.67979	 324.71773	1926.98994	        P1	
1626.75448	2073.53393	 934.92215	        P1	
 590.17139	 876.59230	 380.45564	        P1	
 529.64099	 215.50772	 665.15390	        P1	
1906.70758	 382.96309	 718.69566	        P1	
 641.87444	1889.33304	 611.61208	        P1	
 914.26124	 107.02580	1915.14895	        P1	
1641.88708	 698.94402	1155.26727	        P1	
1242.13424	1333.09011	 510.19154	        P1	
1233.30689	1432.83523	1249.48024	        P1	
1446.42433	  24.02620	1550.65286	        P1	
1475.42848	1093.55614	 345.44759	        P1	
1128.63974	2234.43665	1305.08134	        P1	
 337.96140	1397.88803	 512.76569	        P1	
1233.30689	1728.43032	 466.94624	        P1	
1032.79994	1734.98292	1233.00582	        P1	
 375.79290	1403.71255	1519.24856	        P1	
 546.03464	1633.05355	2001.12474	        P1	
 767.97944	 217.69192	2242.06284	        P1	
1113.50714	 240.99009	 348.02167	        P1	
1511.99893	1504.91383	 860.27255	        P1	
2233.31953	 955.95154	1962.51287	        P1	
1428.76963	1500.54543	1322.07057	        P1	
 803.28884	1260.28343	 687.29136	        P1	
 359.39925	1871.85944	1014.72005	        P1	
 209.33430	1026.57402	 661.03528	        P1	
1493.08318	 313.06869	 405.16724	        P1	
 567.47249	  13.10520	1717.45615	        P1	
1559.91883	1456.86143	 537.47729	        P1	
1494.34423	1825.26316	1815.78775	        P1	
 715.01534	 626.86541	 576.08916	        P1	
1509.47683	 293.41089	1657.73644	        P1	
1242.13424	 213.32352	1006.48287	        P1	
1750.33738	 273.75309	2009.87673	        P1	
1365.71713	 893.33782	1272.64737	        P1	
1263.57209	 324.71773	 714.57710	        P1	
1784.38573	1327.26555	2209.62886	        P1	
 514.50839	1175.09963	 352.14029	        P1	
2013.89683	 597.74273	1543.96016	        P1	
 796.98359	1258.09923	 222.40439	        P1	
1161.42704	 807.42594	 351.62549	        P1	
1172.77649	 291.22669	1200.57185	        P1	
1755.38158	 139.78880	 191.51489	        P1	
 220.68375	1574.80823	 772.23748	        P1	
 451.45589	 579.54109	1307.14062	        P1	
1442.64118	1301.78323	 432.45299	        P1	
 239.59950	 888.24134	1445.11376	        P1	
 662.05124	 418.63833	1894.55597	        P1	
1022.71154	  28.39460	 168.34777	        P1	
2007.59158	  97.56092	1031.19447	        P1	
 658.26809	 477.61173	 498.35061	        P1	
 844.90349	2226.42793	1943.46430	        P1	
 653.22389	 864.94322	1254.11367	        P1	
 977.31374	1851.47356	 141.57689	        P1	
 930.65489	1454.67723	1107.38855	        P1	
1124.85659	1214.41523	1013.17557	        P1	
2070.64408	2112.84953	2016.05463	        P1	
 725.10374	1356.38823	1243.30234	        P1	
1455.25168	1703.67604	1891.98183	        P1	
 220.68375	2065.52516	1394.14608	        P1	
1631.79868	 963.96030	1157.32655	        P1	
1689.80698	 238.80589	1708.70411	        P1	
 286.25835	2110.66533	2065.47783	        P1	
1245.91739	1814.34216	1004.93839	        P1	
1981.10953	 524.93609	2170.50212	        P1	
1519.56523	 261.37592	1678.32948	        P1	
 889.04024	2196.57717	 541.59591	        P1	
1882.74763	1446.66851	 843.79813	        P1	
 247.16580	1849.28936	  61.26419	        P1	
2006.33053	 603.56729	2059.29993	        P1	
1310.23094	1287.94995	 944.70387	        P1	
 253.47105	2149.98093	 168.86258	        P1	
2108.47558	2018.20084	1563.00866	        P1	
 611.60924	 239.53392	1025.01657	        P1	
 799.50569	1948.30644	 895.79548	        P1	
 962.18114	1043.31954	 955.51520	        P1	
 451.45589	 508.19053	 567.85198	        P1	
1147.55549	2008.00793	1620.66904	        P1	
1686.02383	1908.26276	 535.41801	        P1	
2192.96593	1940.29772	 633.74954	        P1	
1319.05829	1425.55455	 197.17799	        P1	
 112.23345	 399.70861	1457.98436	        P1	
 760.41314	 271.56889	 928.74426	        P1	
1040.36624	1270.47635	 598.74148	        P1	
1887.79183	 133.23620	 773.78195	        P1	
 981.09689	 243.17429	1311.77404	        P1	
 224.46690	2125.95473	1412.16492	        P1	
1422.46438	2182.74393	1231.46135	        P1	
 544.77359	1230.43271	2079.37810	        P1	
 837.33719	1818.71056	 535.41801	        P1	
 432.54015	1103.02102	 444.80879	        P1	
1293.83729	 569.34813	1191.81986	        P1	
 421.19070	2240.98925	1958.39425	        P1	
1143.77234	 290.49861	1624.78766	        P1	
1831.04458	2086.63913	1677.81461	        P1	
 648.17969	1534.76455	1123.86297	        P1	
 276.16995	1222.42395	1943.97917	        P1	
 445.15065	1022.93370	 219.83025	        P1	
1926.88438	2054.60416	 759.36688	        P1	
 854.99189	2114.30565	 901.97338	        P1	
1876.44238	 768.83842	1811.66913	        P1	
 283.73625	1688.38664	1068.77667	        P1	
 428.75700	1183.83643	2217.86604	        P1	
1177.82069	1410.99323	2027.89562	        P1	
1407.33178	1512.92255	2215.80676	        P1	
2008.85263	1247.17823	 271.82759	        P1	
 993.70739	 215.50772	1784.89825	        P1	
  32.78730	1250.81855	  59.71972	        P1	
 595.21559	1572.62403	 310.43947	        P1	
 413.62440	1862.39456	1111.50717	        P1	
 824.72669	 862.03094	 152.38822	        P1	
1211.86904	  57.51728	 434.51227	        P1	
1872.65923	 112.85032	 666.69838	        P1	
1993.72003	1617.03612	 392.81144	        P1	
 327.87300	1297.41483	1217.04627	        P1	
1181.60384	1002.54782	1593.89816	        P1	
1336.71299	 701.85630	1978.98723	        P1	
1418.68123	 823.44342	 562.18889	        P1	
1882.74763	1739.35132	1424.52072	        P1	
1356.88978	 927.55694	1852.85515	        P1	
 583.86614	2219.87533	1937.28640	        P1	
1370.76133	2080.08653	1151.14865	        P1	
 254.73210	1823.07896	1029.64999	        P1	
1481.73373	 862.75902	 963.75237	        P1	
2016.41893	 992.35490	1138.79285	        P1	
1060.54304	1053.51250	1107.90335	        P1	
1174.03754	 724.42633	 640.44230	        P1	
2109.73663	1916.99956	 759.36688	        P1	
1071.89249	1562.43112	 862.33183	        P1	
 240.86055	 108.48192	1679.87395	        P1	
1557.39673	1234.07303	2063.41855	        P1	
1607.83873	1972.33264	1478.06254	        P1	
2002.54738	1603.20284	2081.95225	        P1	
1556.13568	1077.53871	1256.17295	        P1	
1404.80968	 658.17230	 917.93293	        P1	
 263.55945	1202.03811	 473.12414	        P1	
1709.98378	 519.83961	1959.93872	        P1	
1182.86489	1705.13216	1418.85768	        P1	
1380.84973	1046.23182	2040.25142	        P1	
 793.20044	  98.28900	 352.14029	        P1	
 124.84395	 489.98889	 446.86807	        P1	
2247.19107	1795.41244	2169.98732	        P1	
1657.01968	 963.96030	2184.40240	        P1	
2095.86508	 310.15641	1780.77963	        P1	
1303.92569	 824.17150	1447.68784	        P1	
1553.61358	1195.48551	 676.99484	        P1	
1215.65219	 205.31480	 174.52567	        P1	
 253.47105	 390.97181	 736.71456	        P1	
1812.12883	  31.30688	1634.56931	        P1	
 572.51669	 397.52441	1910.51552	        P1	
  26.48205	1820.89476	 634.26440	        P1	
1295.09834	1536.94875	 726.93290	        P1	
  27.74310	  88.82412	2240.51836	        P1	
2103.43138	 342.19133	 123.04319	        P1	
   3.78315	 711.32113	 609.55280	        P1	
1238.35109	 327.63001	 205.41517	        P1	
1050.45464	1879.14012	 843.79813	        P1	
1175.29859	 407.71733	 368.61471	        P1	
 238.33845	2209.68237	1715.39688	        P1	
1388.41603	1264.65183	1624.78766	        P1	
1981.10953	 369.12981	1181.52334	        P1	
1582.61773	1346.19531	1566.61241	        P1	
1324.10249	2242.44537	1746.28638	        P1	
 370.74870	1083.36322	1179.97887	        P1	
1109.72399	1145.97694	 220.34512	        P1	
1005.05684	 433.19969	 985.88983	        P1	
1513.25998	 894.06590	 102.45015	        P1	
 885.25709	  61.15760	 328.97317	        P1	
1836.08878	1623.58872	1282.42902	        P1	
2232.05848	1866.76296	 839.67957	        P1	
1421.20333	1534.03652	 595.13766	        P1	
 273.64785	1749.54424	1224.76864	        P1	
1296.35939	 100.47320	 186.88147	        P1	
1996.24213	 203.13060	 148.26960	        P1	
2162.70073	 839.46090	1768.93863	        P1	
 177.80805	1012.74074	  92.15369	        P1	
1709.98378	1713.86896	 357.80339	        P1	
2075.68828	 888.24134	 734.65528	        P1	
2104.69243	 709.86502	 957.57447	        P1	
1856.26558	1205.67843	1995.46165	        P1	
1239.61214	 571.53233	 924.62570	        P1	
 964.70324	1941.75384	 871.08388	        P1	
  21.43785	 660.35650	 273.88687	        P1	
1018.92839	  53.87692	 475.18348	        P1	
1663.32493	 144.88528	 656.91666	        P1	
