2007.00000	   0.00000	   0.00000	   0.00000	
  12.61050	 597.01469	 825.26443	        P1	
 312.74040	1038.22310	2219.92532	        P1	
 938.22119	 633.41801	1383.84956	        P1	
 513.24734	1933.01704	 352.14029	        P1	
1489.30003	1884.96464	2151.45362	        P1	
1692.32908	1732.79872	 601.31556	        P1	
1774.29733	1359.30051	1060.02463	        P1	
2006.33053	1391.33543	1564.55313	        P1	
1527.13153	1931.56092	 755.76306	        P1	
1393.46023	1455.40531	 547.25894	        P1	
 765.45734	 650.16353	 127.67662	        P1	
 138.71550	 639.24253	 858.21327	        P1	
1388.41603	1831.08772	 792.83046	        P1	
1699.89538	   1.45612	 666.69838	        P1	
2041.63993	 271.56889	 440.69017	        P1	
 538.46834	 361.84913	 808.79007	        P1	
1329.14669	1984.70976	1653.61788	        P1	
1256.00579	1244.99403	  18.53370	        P1	
1716.28903	1478.70343	1365.31586	        P1	
 928.13279	2050.23576	 957.05967	        P1	
  54.22515	1852.92972	 306.32085	        P1	
2040.37888	 476.15561	1748.34565	        P1	
 452.71694	 688.02302	 242.48257	        P1	
 749.06369	 512.55893	2019.65844	        P1	
2064.33883	2184.92813	2133.43472	        P1	
1129.90079	 241.71812	 376.33709	        P1	
2156.39548	 232.98132	 882.92487	        P1	
 780.58994	1733.52676	 246.60119	        P1	
 790.67834	1570.43983	1513.58546	        P1	
 736.45319	2054.60416	 337.72521	        P1	
1684.76278	 832.90830	 683.17274	        P1	
1054.23779	1683.29016	1068.26187	        P1	
 539.72939	 971.24094	2032.01424	        P1	
 262.29840	1208.59071	1529.54501	        P1	
1957.14958	1306.15163	 914.32918	        P1	
 862.55819	 100.47320	1420.91696	        P1	
1441.38013	 347.28781	1062.59877	        P1	
1616.66608	2194.39297	1202.63119	        P1	
 614.13134	1049.14410	1410.62044	        P1	
1339.23509	 626.13733	2110.78247	        P1	
 986.14109	1250.81855	1789.53167	        P1	
 983.61899	 771.75070	1453.86574	        P1	
1108.46294	 674.91781	2176.16522	        P1	
2200.53223	 226.42872	 813.42350	        P1	
 228.25005	 788.49622	1457.98436	        P1	
 793.20044	 725.88250	 571.97054	        P1	
1728.89953	1028.75822	1525.94126	        P1	
2198.01013	 966.14450	 936.46663	        P1	
 363.18240	 489.26081	 401.56349	        P1	
1070.63144	1228.24851	1688.62594	        P1	
 737.71424	1587.91344	 471.06486	        P1	
1934.45068	2188.56845	  30.88950	        P1	
 780.58994	 455.04169	2139.61262	        P1	
 846.16454	1158.35411	 792.83046	        P1	
1209.34694	 883.14490	1608.31324	        P1	
1176.55964	1919.91184	1902.79315	        P1	
1670.89123	 708.40890	 689.35064	        P1	
1205.56379	1113.94202	1051.78745	        P1	
 842.38139	1706.58832	2233.82560	        P1	
 190.41855	1325.80943	 125.10247	        P1	
2084.51563	2030.57796	  18.01890	        P1	
1973.54323	2238.80505	1420.91696	        P1	
  95.83980	1511.46643	 926.68498	        P1	
1865.09293	 811.79434	1611.91705	        P1	
1586.40088	 174.73600	1719.00063	        P1	
 658.26809	 228.61292	 504.52851	        P1	
1689.80698	 987.25842	 847.91675	        P1	
1218.17429	1555.15043	1688.11113	        P1	
 267.34260	1255.18695	  98.33159	        P1	
1127.37869	 795.04882	 160.62540	        P1	
 607.82609	 693.11950	1775.11653	        P1	
 128.62710	  18.92972	1703.04108	        P1	
 298.86885	 899.16234	2198.81754	        P1	
 832.29299	 250.45492	1190.27539	        P1	
 353.09400	 122.31520	1847.19205	        P1	
 156.37020	 164.54309	1836.89553	        P1	
 942.00434	 211.86740	 556.01099	        P1	
 809.59409	1421.18615	 918.44780	        P1	
1943.27803	 350.20009	1399.80912	        P1	
1745.29318	1654.16752	 386.63354	        P1	
 441.36750	1587.18535	 858.21327	        P1	
 860.03609	2239.53313	2209.11400	        P1	
 384.62025	 558.42713	 986.40470	        P1	
1344.27928	 915.90790	1813.72841	        P1	
 625.48079	 304.33189	1935.74193	        P1	
2054.25043	1152.52954	 901.45857	        P1	
 268.60365	2126.68277	1134.67429	        P1	
 228.25005	 278.84952	 197.17799	        P1	
 498.11474	 995.26714	  35.00812	        P1	
 580.08299	1457.58951	2003.69883	        P1	
 654.48494	1446.66851	 182.76285	        P1	
 462.80534	 861.30290	 348.02167	        P1	
 317.78460	1012.01270	1813.72841	        P1	
2031.55153	2120.85825	1661.85506	        P1	
 587.64929	2155.07737	1154.75247	        P1	
1549.83043	1692.75504	1298.90344	        P1	
1803.30148	 645.06710	1966.63143	        P1	
1740.24898	 246.08652	1598.01678	        P1	
2042.90098	1125.59111	  94.72778	        P1	
1015.14524	  83.72768	2202.93610	        P1	
1296.35939	1132.87174	   4.11862	        P1	
 244.64370	2141.97217	1315.37786	        P1	
 882.73499	1141.60854	1177.91959	        P1	
1765.46998	  52.42080	 514.31016	        P1	
2122.34713	1037.49502	1298.90344	        P1	
1979.84848	1779.39496	2147.84986	        P1	
1384.63288	1087.73162	 450.98669	        P1	
 433.80120	1332.36203	1329.79294	        P1	
 100.88400	 770.29454	  16.47442	        P1	
2123.60818	 196.57800	 718.18086	        P1	
1496.86633	 776.84714	 133.85452	        P1	
 697.36064	2026.20956	 158.56612	        P1	
1622.97133	1303.96743	2009.36192	        P1	
 553.60094	  82.27152	1451.29166	        P1	
1438.85803	1204.95035	 733.11080	        P1	
2237.10267	1565.34335	1173.28616	        P1	
1918.05703	 788.49622	 205.41517	        P1	
1889.05288	2219.14725	 464.88696	        P1	
 368.22660	 314.52481	1181.52334	        P1	
1124.85659	2182.74393	1931.10850	        P1	
1783.12468	 892.60974	 269.76831	        P1	
2198.01013	 468.14689	 137.97308	        P1	
1694.85118	1945.39416	1165.56379	        P1	
 175.28595	 622.49701	 259.47179	        P1	
1046.67149	1579.90472	 731.05146	        P1	
1580.09563	 536.58513	 258.95699	        P1	
1287.53204	 259.91981	1192.33467	        P1	
 233.29425	1663.63236	1752.46427	        P1	
1595.22823	 468.14689	1029.13513	        P1	
2160.17863	 753.54902	1385.39404	        P1	
 476.67689	 457.22589	1708.70411	        P1	
1673.41333	1354.93211	1293.24035	        P1	
 813.37724	1271.93251	 372.73327	        P1	
1590.18403	1263.19571	 967.35613	        P1	
1650.71443	1807.78956	1703.04108	        P1	
2073.16618	 857.66254	2235.88494	        P1	
2092.08193	1076.81062	2225.58842	        P1	
1901.66338	1228.97655	1562.49385	        P1	
1891.57498	 918.82014	 856.66880	        P1	
 905.43389	2131.77925	1181.52334	        P1	
1061.80409	 232.98132	 343.90311	        P1	
1219.43534	1293.77451	 310.95427	        P1	
 250.94895	 357.48073	1116.14059	        P1	
 525.85784	1723.33384	1132.10015	        P1	
 892.82339	 128.13972	1418.85768	        P1	
 678.44489	1029.48630	1492.47761	        P1	
 678.44489	 463.05041	 574.54468	        P1	
1612.88293	1439.38783	 736.71456	        P1	
 151.32600	 330.54229	1171.22682	        P1	
1548.56938	1422.64231	 817.54206	        P1	
 848.68664	1095.74034	1531.60436	        P1	
2108.47558	1977.42913	1795.19471	        P1	
 954.61484	1065.16154	 592.56358	        P1	
1103.41874	1218.05555	 529.24011	        P1	
 403.53600	1533.30843	1525.94126	        P1	
2071.90513	1459.77371	1325.67432	        P1	
   8.82735	1296.68675	2223.52914	        P1	
1629.27658	1408.08095	1235.06516	        P1	
  63.05250	1926.46444	 223.94887	        P1	
1374.54448	 998.90750	 794.37493	        P1	
  26.48205	 958.86382	2231.76632	        P1	
 974.79164	1012.74074	1177.91959	        P1	
   1.26105	1551.51012	1968.17590	        P1	
 218.16165	 794.32074	 345.44759	        P1	
 587.64929	1228.97655	2178.73936	        P1	
1013.88419	 990.17070	1552.71214	        P1	
1535.95888	 117.94680	1200.05704	        P1	
2109.73663	 172.55180	1655.67716	        P1	
1944.53908	   5.82452	 387.14841	        P1	
 268.60365	 977.79354	1425.03558	        P1	
 812.11619	 912.99562	1019.35347	        P1	
1364.45608	1367.30923	1748.34565	        P1	
 382.09815	 948.67090	 794.37493	        P1	
 137.45445	 874.40810	 108.62805	        P1	
 897.86759	1425.55455	 808.79007	        P1	
 460.28324	 881.68874	1443.56928	        P1	
1282.48784	1283.58155	 740.83318	        P1	
 669.61754	2045.13933	1719.51543	        P1	
2192.96593	 374.95433	1599.56125	        P1	
 368.22660	 283.94601	 236.30467	        P1	
1712.50588	1405.16871	2209.11400	        P1	
   0.00000	 824.17150	1410.62044	        P1	
1379.58868	1686.20244	 742.89246	        P1	
 306.43515	2161.62997	1567.12728	        P1	
 208.07325	1570.43983	1842.55863	        P1	
 754.10789	 937.74990	1015.23485	        P1	
1300.14254	1130.68754	 257.41251	        P1	
 668.35649	1502.72963	 866.45045	        P1	
2240.88582	1841.28064	  61.77900	        P1	
 389.66445	 773.93490	1319.49642	        P1	
1312.75304	 476.88369	1565.06794	        P1	
 841.12034	1009.82850	  77.73855	        P1	
1023.97259	1112.48591	1393.63122	        P1	
 250.94895	 261.37592	 487.53928	        P1	
1300.14254	1692.75504	  94.21297	        P1	
 305.17410	1747.36004	   0.00000	        P1	
1938.23383	2052.41996	1698.40765	        P1	
 727.62584	  37.13140	1255.65814	        P1	
 129.88815	1183.10834	2038.19214	        P1	
2078.21038	1250.81855	2092.24877	        P1	
1172.77649	 910.08334	 771.72268	        P1	
 124.84395	 993.81102	 728.99218	        P1	
 172.76385	 986.53034	 691.40998	        P1	
 738.97529	1515.83483	1515.12994	        P1	
1151.33864	   2.18420	 396.93006	        P1	
1535.95888	 106.29772	1752.46427	        P1	
1166.47124	1669.45692	1739.59361	        P1	
 569.99459	 238.80589	 485.47994	        P1	
1346.80138	1843.46484	 847.91675	        P1	
1317.79724	1681.10596	2024.29187	        P1	
1317.79724	2195.12105	 871.08388	        P1	
1296.35939	1157.62603	 952.94105	        P1	
 583.86614	 286.13021	 901.97338	        P1	
 993.70739	2182.74393	1503.28894	        P1	
1728.89953	1860.21036	 603.37491	        P1	
 977.31374	 489.98889	 366.55537	        P1	
 349.31085	  61.88568	1152.69312	        P1	
2240.88582	 784.12782	 520.48806	        P1	
2240.88582	1040.40730	1991.34303	        P1	
1546.04728	2035.67445	 858.72808	        P1	
1878.96448	2229.34017	1350.90079	        P1	
 522.07469	1440.11591	1892.49663	        P1	
 263.55945	1807.78956	 691.40998	        P1	
1239.61214	1105.93331	 522.54734	        P1	
 677.18384	1247.17823	  92.66850	        P1	
2220.70903	1419.00195	 802.61217	        P1	
1368.23923	1940.29772	1850.79581	        P1	
 745.28054	  22.57008	 973.53403	        P1	
2245.93002	1550.05395	2149.39434	        P1	
 694.83854	1529.66812	2110.26760	        P1	
1315.27514	1975.24493	1035.31303	        P1	
 254.73210	 726.61053	 215.71169	        P1	
  18.91575	2164.54225	 773.78195	        P1	
 215.63955	  77.90312	 623.45308	        P1	
2098.38718	1512.92255	 479.81691	        P1	
1686.02383	1988.35013	2096.36732	        P1	
1398.50443	2030.57796	1074.43977	        P1	
1537.21993	 864.21514	1099.15137	        P1	
1088.28614	1539.86103	1754.52355	        P1	
1185.38699	 752.82094	1352.44526	        P1	
1037.84414	 519.11153	 166.28849	        P1	
1989.93688	 730.97894	 825.77930	        P1	
 635.56919	1068.80191	1819.90631	        P1	
1015.14524	 143.42912	 640.44230	        P1	
2025.24628	1106.66134	1431.21348	        P1	
 341.74455	 955.95154	 158.56612	        P1	
 117.27765	1873.31556	 621.90860	        P1	
2007.59158	1764.83364	 667.21318	        P1	
 664.57334	1777.21076	1933.16784	        P1	
1158.90494	 891.88170	1325.67432	        P1	
2011.37473	 867.12742	1352.96006	        P1	
 655.74599	1362.94083	 705.82506	        P1	
 484.24319	 216.96389	1721.05991	        P1	
 837.33719	1007.64430	1027.59065	        P1	
1668.36913	1446.66851	 281.60925	        P1	
1484.25583	 702.58433	1326.18919	        P1	
1383.37183	 642.88290	 280.06477	        P1	
 691.05539	1387.69511	1770.48311	        P1	
1426.24753	1775.75464	1717.45615	        P1	
1775.55838	1019.29334	 189.45562	        P1	
2083.25458	 502.36601	 137.45827	        P1	
 349.31085	1097.19651	 588.95976	        P1	
 650.70179	1553.69432	1039.94645	        P1	
 223.20585	 408.44541	 718.18086	        P1	
 296.34675	1200.58195	1116.14059	        P1	
1012.62314	1076.81062	 438.63089	        P1	
 153.84810	2053.14805	2063.41855	        P1	
2020.20208	1332.36203	 186.88147	        P1	
1369.50028	 784.85590	 664.63904	        P1	
 648.17969	 588.27789	2028.41043	        P1	
 963.44219	1649.79912	1917.20823	        P1	
1592.70613	 817.61890	1447.68784	        P1	
1387.15498	 115.03452	  24.19679	        P1	
1368.23923	 999.63554	1004.93839	        P1	
1731.42163	  29.85072	1939.34574	        P1	
1042.88834	1772.84236	1301.47759	        P1	
 218.16165	1887.87692	1713.33753	        P1	
1942.01698	1408.08095	 924.62570	        P1	
  35.30940	 270.84081	1074.95457	        P1	
1040.36624	1416.08971	1966.63143	        P1	
1417.42018	 524.20801	 483.42066	        P1	
 440.10645	 156.53432	 232.70091	        P1	
1731.42163	1437.93171	1107.90335	        P1	
2157.65653	2129.59505	 872.62835	        P1	
1069.37039	 697.48790	1226.82792	        P1	
 230.77215	1497.63315	1752.46427	        P1	
 283.73625	1129.23143	1606.25396	        P1	
 495.59264	1999.99916	2030.46977	        P1	
 132.41025	1210.77491	 887.04343	        P1	
1461.55693	1487.44023	 687.29136	        P1	
2223.23113	1724.78996	  36.55259	        P1	
1519.56523	1073.89834	 628.08650	        P1	
 488.02634	 160.90272	 764.00030	        P1	
1973.54323	2097.56013	 226.00815	        P1	
 587.64929	 880.96070	1109.44782	        P1	
 708.71009	 266.47241	 234.76019	        P1	
 728.88689	1141.60854	2092.24877	        P1	
 974.79164	1576.26435	1029.64999	        P1	
1065.58724	1825.26316	1537.78226	        P1	
1499.38843	 782.67170	1677.81461	        P1	
 179.06910	2108.48113	1195.93842	        P1	
 604.04294	1362.21275	2011.93607	        P1	
 366.96555	1692.75504	1533.66363	        P1	
1635.58183	1708.77252	1381.27542	        P1	
 399.75285	 291.95473	1482.18116	        P1	
 124.84395	 273.02501	 185.33700	        P1	
1707.46168	1272.66055	1579.48308	        P1	
2216.92588	1629.41324	2200.87682	        P1	
 365.70450	1927.92056	1048.18369	        P1	
1200.51959	 934.83762	1447.17304	        P1	
1465.34008	 538.76933	1883.74465	        P1	
 264.82050	1721.14964	1748.34565	        P1	
1418.68123	1346.19531	 436.05674	        P1	
1733.94373	1898.06984	1175.34544	        P1	
1616.66608	1036.76694	 170.92192	        P1	
 636.83024	 484.16433	  47.36392	        P1	
 856.25294	 612.30409	1572.79031	        P1	
2061.81673	1933.01704	1156.81174	        P1	
1953.36643	 439.02421	 926.68498	        P1	
1369.50028	2117.21793	 329.48797	        P1	
 384.62025	1124.86302	 784.59328	        P1	
  73.14090	1533.30843	2200.87682	        P1	
 764.19629	 157.26240	1779.23515	        P1	
1320.31934	1947.57836	 337.72521	        P1	
1310.23094	2160.17385	1618.60976	        P1	
 372.00975	 334.18261	 464.88696	        P1	
 257.25420	1389.15123	 928.22945	        P1	
1858.78768	 838.73282	1908.97105	        P1	
 697.36064	1094.28422	 823.20515	        P1	
1679.71858	1627.95712	1694.80383	        P1	
 651.96284	1005.46010	1670.09224	        P1	
 209.33430	1683.29016	1235.06516	        P1	
1913.01283	1989.80624	2169.98732	        P1	
1273.66049	1892.97336	 535.41801	        P1	
1833.56668	 380.05081	 792.31565	        P1	
 638.09129	1224.60815	 899.91410	        P1	
 769.24049	 216.96389	1047.66883	        P1	
1867.61503	 248.27072	1400.32398	        P1	
1827.26143	 246.81461	1482.69596	        P1	
 907.95599	  13.10520	 279.54997	        P1	
1319.05829	1418.27391	1670.09224	        P1	
2170.26703	2149.98093	 959.63375	        P1	
 885.25709	 656.71613	1752.46427	        P1	
   8.82735	 842.37314	1678.32948	        P1	
2085.77668	 155.80628	1029.13513	        P1	
1781.86363	 824.89954	 936.98150	        P1	
1476.68953	 607.93569	1560.43451	        P1	
1615.40503	  29.85072	 469.00558	        P1	
 846.16454	  74.99088	1609.85771	        P1	
1983.63163	1608.29932	1830.71763	        P1	
1240.87319	 425.19093	1259.77676	        P1	
1441.38013	1156.89794	1023.47209	        P1	
 290.04150	1827.44736	 141.57689	        P1	
1847.43823	1271.93251	 693.98406	        P1	
1012.62314	1076.81062	2132.91992	        P1	
 438.84540	1936.65736	2018.11397	        P1	
 668.35649	1729.88644	1830.20283	        P1	
  69.35775	 912.26754	  73.61999	        P1	
 175.28595	2065.52516	 597.19701	        P1	
 117.27765	 220.60420	1272.64737	        P1	
1041.62729	1555.15043	 619.33446	        P1	
 895.34549	  74.26280	 834.01648	        P1	
1121.07344	1037.49502	 172.98120	        P1	
 139.97655	1389.87931	1640.74721	        P1	
1954.62748	1764.83364	2194.69892	        P1	
1665.84703	1986.89396	 319.19151	        P1	
 226.98900	1055.69670	1257.71742	        P1	
 409.84125	1404.44063	1539.84153	        P1	
 230.77215	 878.77650	 879.32106	        P1	
 418.66860	 934.83762	 321.25079	        P1	
1340.49614	 500.18181	 735.17008	        P1	
 701.14379	 431.01549	1552.71214	        P1	
1564.96303	 271.56889	2048.48860	        P1	
 213.11745	 964.68834	  98.33159	        P1	
2201.79328	 979.97774	2223.52914	        P1	
 678.44489	 365.48949	1060.02463	        P1	
1567.48513	 367.67369	  65.38275	        P1	
 433.80120	1472.15083	1470.34016	        P1	
 953.35379	1068.80191	 823.71996	        P1	
1143.77234	1534.03652	 287.78715	        P1	
1316.53619	 438.29613	 722.29948	        P1	
 369.48765	1535.49263	 840.19438	        P1	
1856.26558	1601.74672	   9.78165	        P1	
1703.67853	 638.51450	 683.17274	        P1	
1258.52789	1220.23975	 739.28870	        P1	
1174.03754	 725.88250	 621.39374	        P1	
1394.72128	1170.73123	  38.61187	        P1	
1988.67583	1303.96743	1742.16775	        P1	
 455.23904	1188.93291	 442.23464	        P1	
2133.69658	1470.69471	 471.57967	        P1	
1750.33738	2220.60337	1401.86846	        P1	
1099.63559	1416.81775	 444.29398	        P1	
 529.64099	 847.46962	 446.35326	        P1	
1152.59969	1922.09604	1459.52884	        P1	
 832.29299	1539.13295	1741.65295	        P1	
1587.66193	1046.23182	 872.62835	        P1	
2132.43553	 388.05953	 740.83318	        P1	
1194.21434	2158.71773	1793.65023	        P1	
2051.72833	1349.10755	 116.86529	        P1	
1634.32078	 698.94402	1885.80393	        P1	
 568.73354	 536.58513	1296.84416	        P1	
1026.49469	 189.29732	 611.09728	        P1	
2097.12613	 877.32034	1066.71739	        P1	
1389.67708	1581.36084	2182.34312	        P1	
1601.53348	1205.67843	1521.30783	        P1	
1833.56668	 337.82293	1048.18369	        P1	
 465.32744	 404.07701	2163.80942	        P1	
1549.83043	1771.38624	2058.78512	        P1	
 583.86614	2040.77093	 516.36944	        P1	
1122.33449	 262.10401	1711.27825	        P1	
1078.19774	1368.03731	 545.71447	        P1	
1355.62873	 121.58712	 833.50167	        P1	
 479.19899	 993.08294	2024.29187	        P1	
1219.43534	 376.41049	 263.07555	        P1	
 513.24734	1886.42076	1241.24306	        P1	
1225.74059	1169.27511	1460.04364	        P1	
2176.57228	1807.06152	1305.59615	        P1	
1607.83873	1098.65262	 353.68477	        P1	
 802.02779	 361.12109	 131.79518	        P1	
1167.73229	1329.44975	 646.62020	        P1	
1790.69098	 471.78721	1095.03275	        P1	
 329.13405	1362.21275	 716.12158	        P1	
1885.26973	 552.60261	 556.01099	        P1	
 868.86344	1921.36796	2112.32694	        P1	
 407.31915	1679.64984	 860.27255	        P1	
  29.00415	1534.03652	 874.68763	        P1	
 524.59679	1376.04603	 613.15656	        P1	
1143.77234	1171.45931	1714.88201	        P1	
 197.98485	 457.95393	1678.32948	        P1	
1359.41188	1159.08214	1340.08946	        P1	
1008.83999	1549.32592	1430.69862	        P1	
 266.08155	 240.99009	2178.22450	        P1	
1568.74618	1799.78084	1527.48573	        P1	
 119.79975	1817.98252	1657.73644	        P1	
1600.27243	1296.68675	 714.57710	        P1	
1663.32493	 444.84873	1672.15158	        P1	
 206.81220	  55.33308	 244.54185	        P1	
1605.31663	1734.98292	1472.39944	        P1	
1393.46023	1954.85904	 976.10817	        P1	
1300.14254	2212.59465	 477.24276	        P1	
 668.35649	1674.55336	 535.41801	        P1	
 419.92965	 690.93530	1484.75524	        P1	
 523.33574	 737.53153	 306.83571	        P1	
 726.36479	 267.92852	 654.34258	        P1	
1998.76423	1375.31795	2180.28384	        P1	
2147.56813	 639.97061	2032.52905	        P1	
1100.89664	1736.43904	  63.32347	        P1	
1577.57353	1356.38823	1291.18107	        P1	
 677.18384	 204.58672	 703.76578	        P1	
1354.36768	1342.55495	1214.98699	        P1	
 965.96429	2208.95433	1881.68530	        P1	
 896.60654	 721.51410	 706.33986	        P1	
1600.27243	1117.58234	1140.85219	        P1	
 890.30129	 866.39934	 870.56907	        P1	
1011.36209	 141.24492	2099.97114	        P1	
1844.91613	1769.93012	  15.95955	        P1	
 569.99459	 190.75349	2048.48860	        P1	
1160.16599	1922.09604	 310.43947	        P1	
 696.09959	1028.03014	1581.02755	        P1	
1639.36498	1135.78403	 982.28607	        P1	
1554.87463	2066.98133	1090.91413	        P1	
1036.58309	 844.55734	 574.02988	        P1	
1131.16184	 715.68953	 864.39117	        P1	
 764.19629	  52.42080	 667.21318	        P1	
2022.72418	 195.12189	1225.28345	        P1	
1674.67438	 873.68002	 420.09719	        P1	
1176.55964	1317.07263	 427.81956	        P1	
1194.21434	 179.83249	2059.29993	        P1	
2211.88168	 866.39934	1506.89276	        P1	
1248.43949	1113.94202	1278.82527	        P1	
1271.13839	  16.01748	  14.41508	        P1	
1305.18674	1172.91543	 699.64716	        P1	
  34.04835	 373.49821	  26.25607	        P1	
1938.23383	1467.05435	1426.58006	        P1	
 428.75700	2044.41125	1359.13796	        P1	
1273.66049	 645.06710	1268.52875	        P1	
1520.82628	1145.97694	 215.71169	        P1	
1620.44923	 577.35689	  83.91645	        P1	
1427.50858	 844.55734	1647.43998	        P1	
  44.13675	 402.62089	 230.64157	        P1	
2200.53223	 302.14769	 806.73073	        P1	
2089.55983	 776.84714	1023.47209	        P1	
1066.84829	 751.36482	1606.25396	        P1	
1607.83873	1225.33623	 259.47179	        P1	
 493.07054	 682.19850	 971.98955	        P1	
  35.30940	2010.92016	1598.01678	        P1	
 319.04565	1200.58195	1210.35356	        P1	
 567.47249	 863.48710	1955.82010	        P1	
 738.97529	 955.22350	 318.67665	        P1	
1112.24609	1715.32512	1585.14611	        P1	
 133.67130	1831.81576	 852.03537	        P1	
 150.06495	 507.46249	2121.07892	        P1	
2065.59988	 164.54309	  94.72778	        P1	
2180.35543	2027.66573	 164.22915	        P1	
1457.77378	 509.64669	1373.55304	        P1	
1556.13568	  72.80668	 170.40705	        P1	
2210.62063	1839.82452	1972.80933	        P1	
1286.27099	2063.34096	1358.62316	        P1	
 552.33989	1581.36084	2139.09782	        P1	
 923.08859	 433.92773	 598.74148	        P1	
1592.70613	1135.05594	  90.60922	        P1	
2011.37473	 536.58513	1987.22447	        P1	
1926.88438	 302.87573	1128.49639	        P1	
1079.45879	 148.52560	 531.29939	        P1	
 403.53600	1035.31082	2211.68814	        P1	
 288.78045	2045.13933	 860.78736	        P1	
 422.45175	 404.07701	1323.61504	        P1	
 211.85640	 493.62921	 630.14578	        P1	
 344.26665	1854.38584	1403.92774	        P1	
1909.22968	 974.15322	1033.25375	        P1	
2147.56813	1548.59783	 378.39637	        P1	
2040.37888	2053.14805	1824.02493	        P1	
1856.26558	1724.06192	 108.62805	        P1	
1121.07344	 808.88210	1683.99251	        P1	
  63.05250	1791.04404	1278.82527	        P1	
 950.83169	 591.19013	  84.43132	        P1	
 825.98774	2053.87613	1986.70960	        P1	
 616.65344	 779.75942	 179.15910	        P1	
  84.49035	 937.02182	1638.68793	        P1	
1989.93688	 586.82173	 957.05967	        P1	
2181.61648	1020.74950	1387.45332	        P1	
 421.19070	  26.21040	 501.95436	        P1	
2146.30708	  37.85948	1850.79581	        P1	
 293.82465	1344.73915	 493.71718	        P1	
1372.02238	2155.07737	1426.58006	        P1	
1432.55278	1815.79832	1268.52875	        P1	
 520.81364	  96.83288	2028.41043	        P1	
 242.12160	2022.56924	2064.96302	        P1	
1145.03339	2141.97217	 184.82219	        P1	
1668.36913	1619.94835	 374.79261	        P1	
1760.42578	 438.29613	1130.04087	        P1	
1151.33864	1634.50972	 423.70094	        P1	
1692.32908	  88.82412	 251.23461	        P1	
1223.21849	1250.81855	 469.00558	        P1	
 745.28054	1427.73875	 109.14292	        P1	
1272.39944	1512.19451	1602.13534	        P1	
1848.69928	 230.06909	1603.67981	        P1	
1984.89268	2040.04285	2176.16522	        P1	
 506.94209	1288.67803	  49.42320	        P1	
1785.64678	 464.50653	  65.89762	        P1	
 532.16309	 591.19013	 986.40470	        P1	
 542.25149	2156.53353	 621.39374	        P1	
1605.31663	1547.14172	 213.65235	        P1	
2128.65238	1185.29255	 555.49618	        P1	
1621.71028	1906.07856	 844.31300	        P1	
1665.84703	 522.02381	 395.38559	        P1	
 971.00849	 752.82094	1309.19996	        P1	
 904.17284	1152.52954	  22.65232	        P1	
1906.70758	 888.24134	1568.67175	        P1	
  25.22100	1708.04444	1908.97105	        P1	
 591.43244	1209.31875	 512.25088	        P1	
 638.09129	1700.76376	 499.89508	        P1	
1506.95473	1354.93211	1521.82264	        P1	
2146.30708	1253.73083	1779.23515	        P1	
 732.67004	1119.03851	 510.19154	        P1	
2156.39548	1997.81496	1784.89825	        P1	
2124.86923	1315.61651	 360.37747	        P1	
1660.80283	1640.33424	 642.50158	        P1	
1622.97133	 376.41049	1175.86025	        P1	
1611.62188	 748.45254	1605.73915	        P1	
1673.41333	  63.34180	2038.70695	        P1	
2123.60818	1737.16712	1101.72545	        P1	
1954.62748	1971.60456	  59.71972	        P1	
 660.79019	 483.43629	 782.01913	        P1	
 300.12990	 546.05001	  63.32347	        P1	
 939.48224	 305.05993	1945.52364	        P1	
 728.88689	2131.77925	2058.78512	        P1	
1974.80428	 535.85709	1887.86320	        P1	
2098.38718	1475.06311	 417.52304	        P1	
1976.06533	1606.84315	 759.36688	        P1	
1412.37598	1603.20284	 661.03528	        P1	
 406.05810	1268.29215	 320.73599	        P1	
 460.28324	2106.29693	1867.78503	        P1	
1649.45338	 965.41642	 432.45299	        P1	
 378.31500	1326.53751	1597.50191	        P1	
1837.34983	1577.72052	 683.17274	        P1	
2012.63578	 426.64709	1330.30774	        P1	
 554.86199	1505.64191	 899.39923	        P1	
 528.37994	 229.34101	1210.86837	        P1	
1657.01968	1488.16831	 576.60396	        P1	
1494.34423	 572.98849	 374.27774	        P1	
 121.06080	2047.32353	1646.92511	        P1	
2088.29878	1409.53711	1163.50445	        P1	
 411.10230	 873.68002	1390.02746	        P1	
 944.52644	 757.91742	1803.94675	        P1	
1321.58039	1070.25802	 858.72808	        P1	
1774.29733	1485.98411	 397.44487	        P1	
 901.65074	1417.54583	1161.44517	        P1	
2146.30708	2063.34096	 462.82768	        P1	
2242.14687	  65.52600	 922.05155	        P1	
1279.96574	2234.43665	1309.71477	        P1	
1122.33449	 148.52560	1964.57215	        P1	
1853.74348	 414.99801	1712.82273	        P1	
 175.28595	1618.49224	1155.26727	        P1	
1915.53493	1669.45692	1696.34831	        P1	
 776.80679	 730.97894	2198.81754	        P1	
1646.93128	  74.26280	2168.44284	        P1	
1663.32493	1548.59783	 860.27255	        P1	
1992.45898	2095.37593	 219.83025	        P1	
 122.32185	  76.44700	1169.16754	        P1	
2015.15788	  20.38588	1700.98173	        P1	
1635.58183	1073.89834	1432.75796	        P1	
1755.38158	 378.59469	 780.47466	        P1	
1245.91739	1664.36044	 259.47179	        P1	
1687.28488	 391.69989	2065.47783	        P1	
1813.38988	1680.37792	1906.39690	        P1	
1075.67564	 702.58433	 753.18898	        P1	
1438.85803	2183.47197	1741.65295	        P1	
 547.29569	1180.92414	2116.96037	        P1	
 643.13549	 569.34813	 170.92192	        P1	
2123.60818	 583.90949	2219.92532	        P1	
  12.61050	 633.41801	1830.20283	        P1	
1456.51273	2043.68316	1820.42117	        P1	
 315.26250	1227.52043	1068.77667	        P1	
1152.59969	1161.99443	 691.92478	        P1	
 737.71424	1579.17664	 458.70906	        P1	
1384.63288	 369.85789	 558.07026	        P1	
2034.07363	 625.40930	1158.87102	        P1	
1290.05414	1417.54583	 817.02725	        P1	
2026.50733	1975.24493	1824.53973	        P1	
1675.93543	 305.05993	  67.44209	        P1	
1189.17014	1194.75743	 549.83309	        P1	
1187.90909	 824.17150	1175.86025	        P1	
1659.54178	 835.82054	1043.55027	        P1	
1571.26828	 781.94362	1978.47242	        P1	
1751.59843	 453.58553	 926.17017	        P1	
1892.83603	1308.33583	 372.21847	        P1	
 778.06784	 906.44302	 333.60659	        P1	
2001.28633	 791.40850	1577.42374	        P1	
 517.03049	 199.49029	2054.66650	        P1	
 243.38265	1887.87692	2097.91180	        P1	
 257.25420	2067.70936	 215.71169	        P1	
1764.20893	 597.74273	1123.86297	        P1	
1713.76693	1487.44023	1773.05725	        P1	
 756.62999	 547.50613	  55.08629	        P1	
 897.86759	 933.38150	1115.62572	        P1	
1015.14524	 810.33822	 858.72808	        P1	
 813.37724	 108.48192	1568.67175	        P1	
1269.87734	 657.44421	 106.56877	        P1	
 292.56360	 369.85789	2232.28112	        P1	
1455.25168	1729.88644	1113.56645	        P1	
1152.59969	1492.53671	 213.65235	        P1	
1167.73229	 626.13733	1500.71486	        P1	
 199.24590	1252.27471	 528.72524	        P1	
 104.66715	 954.49542	 179.15910	        P1	
 102.14505	 213.32352	1142.39667	        P1	
 322.82880	 262.10401	1575.36446	        P1	
 740.23634	   2.18420	1414.73906	        P1	
 128.62710	1201.31003	 846.37228	        P1	
1416.15913	1009.82850	1405.98702	        P1	
1899.14128	1823.07896	1486.81458	        P1	
1843.65508	1994.90273	1101.72545	        P1	
2118.56398	 764.47002	 352.14029	        P1	
2205.57643	2170.36677	2056.72584	        P1	
 197.98485	 316.70901	 940.58525	        P1	
1295.09834	1938.84156	1673.69605	        P1	
1465.34008	 215.50772	 757.82240	        P1	
 134.93235	1370.94955	 258.95699	        P1	
1722.59428	 867.85550	1819.90631	        P1	
  58.00830	1416.81775	1642.80655	        P1	
  54.22515	1370.94955	1665.97368	        P1	
1611.62188	 722.24213	1136.21877	        P1	
1831.04458	 304.33189	1541.90081	        P1	
2148.82918	  32.03492	  72.07552	        P1	
2156.39548	1138.69631	 837.62023	        P1	
 696.09959	 870.76774	 387.14841	        P1	
1453.99063	2227.15597	2106.14904	        P1	
1599.01138	2191.48073	 849.97603	        P1	
2110.99768	 763.01390	 324.85455	        P1	
 708.71009	 329.08613	 271.31279	        P1	
1088.28614	1209.31875	1869.84437	        P1	
 918.04439	 806.69790	 312.49875	        P1	
1918.05703	1596.65024	1830.20283	        P1	
1049.19359	1303.23935	1616.55048	        P1	
 477.93794	1104.47714	1610.37258	        P1	
 807.07199	 841.64510	 483.93547	        P1	
 831.03194	2145.61253	 707.88434	        P1	
 243.38265	1528.21195	1523.88198	        P1	
  59.26935	1038.95114	 648.16468	        P1	
 472.89374	1171.45931	  14.41508	        P1	
1151.33864	1986.89396	  28.83022	        P1	
1857.52663	1599.56252	1078.55833	        P1	
1697.37328	1890.06112	 786.65256	        P1	
1745.29318	1323.62523	 166.80330	        P1	
1039.10519	1568.25563	1643.32136	        P1	
1949.58328	1936.65736	1023.47209	        P1	
 762.93524	 501.63793	 438.11608	        P1	
 132.41025	 226.42872	 753.18898	        P1	
1709.98378	 961.04802	1583.08683	        P1	
1466.60113	1079.72291	 757.30753	        P1	
1730.16058	 896.97814	1357.07869	        P1	
2198.01013	1877.68396	 696.04340	        P1	
 923.08859	1195.48551	 348.02167	        P1	
 547.29569	1760.46524	 254.83837	        P1	
 610.34819	1044.04762	1471.88464	        P1	
1822.21723	1471.42275	1494.53696	        P1	
1537.21993	 203.13060	1624.78766	        P1	
 842.38139	1754.64072	 120.98385	        P1	
1267.35524	 817.61890	1263.89532	        P1	
2161.43968	2022.56924	2071.14092	        P1	
2037.85678	 484.89241	1175.34544	        P1	
1239.61214	2171.82293	1725.69333	        P1	
1833.56668	1365.85311	 819.08653	        P1	
1486.77793	1531.12423	1235.57997	        P1	
1075.67564	1879.14012	2145.79052	        P1	
1736.46583	1697.12344	 718.18086	        P1	
1171.51544	 641.42673	 314.55809	        P1	
2210.62063	 268.65661	 341.32897	        P1	
2208.09853	1050.60022	 759.88168	        P1	
1752.85948	1160.53831	2071.65573	        P1	
1179.08174	  40.04368	1645.38064	        P1	
 389.66445	1835.45612	1300.96272	        P1	
 510.72524	 306.51609	 547.25894	        P1	
 634.30814	 174.00792	 209.53379	        P1	
 344.26665	1194.75743	1705.10036	        P1	
1919.31808	1456.13335	1037.37237	        P1	
 350.57190	1710.95672	2158.14632	        P1	
   8.82735	1081.17902	1762.24593	        P1	
1775.55838	1533.30843	2225.58842	        P1	
 513.24734	1991.26236	 646.62020	        P1	
1738.98793	1835.45612	 304.77637	        P1	
 605.30399	 273.75309	 440.69017	        P1	
 602.78189	1892.97336	  16.47442	        P1	
 630.52499	 637.78641	2169.98732	        P1	
2147.56813	2195.12105	 630.14578	        P1	
 890.30129	1610.48352	 928.74426	        P1	
1722.59428	1520.20323	 302.71709	        P1	
2221.97008	 779.03134	1894.55597	        P1	
 158.89230	2079.35845	1723.63405	        P1	
 214.37850	  50.96468	 516.36944	        P1	
1095.85244	 680.74233	 591.01911	        P1	
   6.30525	1868.94716	1394.14608	        P1	
1972.28218	 933.38150	 329.48797	        P1	
1936.97278	1472.15083	 761.42615	        P1	
1412.37598	 997.45134	1838.95487	        P1	
1513.25998	 452.85749	 329.48797	        P1	
2075.68828	 835.82054	1333.91156	        P1	
 191.67960	1700.76376	 197.17799	        P1	
 475.41584	 306.51609	 337.21035	        P1	
  98.36190	 904.25882	 934.40735	        P1	
 506.94209	1903.16632	2215.29190	        P1	
1250.96159	1721.14964	1762.24593	        P1	
1900.40233	1196.21355	 302.20229	        P1	
1984.89268	1609.02735	1723.11925	        P1	
2108.47558	 707.68082	1490.41834	        P1	
1998.76423	1433.56331	 799.00836	        P1	
  88.27350	2224.97177	 481.36138	        P1	
1612.88293	 763.74194	 547.77381	        P1	
 857.51399	 432.47161	 403.10796	        P1	
  58.00830	1421.18615	1925.44547	        P1	
1988.67583	1975.24493	1552.71214	        P1	
 200.50695	1602.47475	 530.78458	        P1	
 928.13279	1539.13295	2049.00347	        P1	
1097.11349	2056.06033	1120.25915	        P1	
 421.19070	1936.65736	2061.35927	        P1	
 303.91305	1167.09091	1653.10301	        P1	
2099.64823	 854.02222	1062.59877	        P1	
1288.79309	1196.94163	 920.50708	        P1	
1302.66464	 961.77610	1362.74172	        P1	
2090.82088	1100.83682	1465.70674	        P1	
 756.62999	2165.27033	1497.11104	        P1	
1171.51544	1506.36995	 887.55830	        P1	
2224.49218	2042.95513	 541.08104	        P1	
1002.53474	1730.61452	2048.48860	        P1	
1702.41748	 147.06948	1733.41571	        P1	
 128.62710	1221.69591	   8.23718	        P1	
1013.88419	 580.99721	 883.43968	        P1	
 559.90619	 889.69750	 595.13766	        P1	
 997.49054	 791.40850	1924.93060	        P1	
1974.80428	1448.85271	1912.57480	        P1	
1350.58453	 134.69232	 530.78458	        P1	
1069.37039	 409.17349	 269.25345	        P1	
 519.55259	 208.22709	1721.05991	        P1	
 172.76385	1206.40651	1943.46430	        P1	
 199.24590	  39.31560	 389.20769	        P1	
 778.06784	1451.03691	1212.92765	        P1	
1030.27784	 966.14450	 769.66333	        P1	
 967.22534	1742.26356	 438.11608	        P1	
1089.54719	1588.64152	 423.70094	        P1	
1562.44093	1522.38743	1824.02493	        P1	
1726.37743	 591.91821	 606.97866	        P1	
1800.77938	1901.71016	1815.78775	        P1	
 388.40340	1051.32830	 139.51755	        P1	
1737.72688	  80.08732	1418.85768	        P1	
 997.49054	 644.33901	1373.03824	        P1	
 518.29154	  45.86820	2032.52905	        P1	
 206.81220	1693.48312	1416.79834	        P1	
2155.13443	 508.91861	1217.04627	        P1	
1725.11638	2015.28856	 442.74951	        P1	
 532.16309	1652.71136	 876.74697	        P1	
 616.65344	  77.90312	2067.53717	        P1	
1010.10104	1378.23023	1873.44813	        P1	
 728.88689	1129.95951	 310.95427	        P1	
 266.08155	1360.75663	 755.24826	        P1	
1672.15228	1220.23975	 413.40448	        P1	
1192.95329	 862.03094	2166.38356	        P1	
  29.00415	 478.33981	2075.77435	        P1	
 539.72939	 396.06829	 990.52325	        P1	
  54.22515	1903.89436	1000.30497	        P1	
1300.14254	 535.12901	2230.22184	        P1	
 818.42144	  72.07860	1902.79315	        P1	
 214.37850	1386.23895	 967.87100	        P1	
  17.65470	2245.35765	 545.19966	        P1	
 670.87859	1547.86975	  42.73049	        P1	
1089.54719	1610.48352	1257.71742	        P1	
 226.98900	1394.97575	 197.17799	        P1	
1113.50714	 516.19929	 953.45585	        P1	
1853.74348	 745.54030	1824.53973	        P1	
 799.50569	 899.89042	  38.61187	        P1	
1334.19089	2165.27033	 880.86553	        P1	
1107.20189	2146.34057	2178.73936	        P1	
2186.66068	1517.29095	1766.36455	        P1	
1727.63848	2045.86736	1690.68528	        P1	
1145.03339	1609.02735	2203.45096	        P1	
2070.64408	2063.34096	 152.38822	        P1	
 481.72109	1757.55296	 980.22680	        P1	
 411.10230	 138.33268	 331.03245	        P1	
 218.16165	 996.72330	 576.60396	        P1	
  94.57875	1005.46010	 576.60396	        P1	
 279.95310	1872.58752	1702.52621	        P1	
 514.50839	1498.36123	1149.08937	        P1	
 604.04294	1467.05435	1309.19996	        P1	
1887.79183	 753.54902	 834.01648	        P1	
 263.55945	 325.44581	 413.91929	        P1	
1678.45753	 175.46409	 510.19154	        P1	
1103.41874	 861.30290	 947.27795	        P1	
 749.06369	1489.62443	1087.31037	        P1	
2137.47973	2157.26157	1531.60436	        P1	
1785.64678	 684.38270	2201.39162	        P1	
 556.12304	 625.40930	1287.06245	        P1	
 272.38680	 777.57522	2225.58842	        P1	
 228.25005	2206.77013	2029.95490	        P1	
2041.63993	1582.08892	 310.95427	        P1	
1827.26143	1485.98411	1084.73623	        P1	
 997.49054	2094.64785	 854.09465	        P1	
1987.41478	 294.13893	1272.13256	        P1	
1168.99334	1839.82452	 232.18605	        P1	
1813.38988	1507.09803	 186.88147	        P1	
1143.77234	  50.23660	 648.67948	        P1	
1687.28488	 610.11989	  77.73855	        P1	
 404.79705	1073.89834	  84.43132	        P1	
1629.27658	1798.32472	2232.28112	        P1	
 708.71009	1750.27232	2209.11400	        P1	
 711.23219	 796.50494	 221.88959	        P1	
 972.26954	1108.84554	 992.58259	        P1	
1436.33593	1784.49144	 452.53116	        P1	
1453.99063	1788.85984	1112.02197	        P1	
1909.22968	 212.59549	 911.75503	        P1	
1909.22968	 251.91109	1986.70960	        P1	
 944.52644	1405.89675	 561.67408	        P1	
1364.45608	 956.67962	1891.98183	        P1	
 984.88004	1714.59704	1081.13247	        P1	
 788.15624	1902.43824	1255.65814	        P1	
 451.45589	 371.31401	 315.07289	        P1	
1881.48658	1354.20403	2020.17325	        P1	
 998.75159	1530.39615	1797.25405	        P1	
 548.55674	 907.89914	1567.12728	        P1	
1268.61629	  72.80668	 887.04343	        P1	
 223.20585	1455.40531	1739.59361	        P1	
1788.16888	 848.92574	2049.00347	        P1	
 717.53744	1200.58195	1500.71486	        P1	
1573.79038	2176.91937	 333.09179	        P1	
1100.89664	1797.59664	2188.52102	        P1	
  25.22100	 230.06909	1509.46684	        P1	
1588.92298	1836.18416	1418.85768	        P1	
2163.96178	 696.03173	1202.63119	        P1	
  18.91575	1767.01784	1786.95753	        P1	
1802.04043	1732.07064	 691.92478	        P1	
 955.87589	 806.69790	2036.13280	        P1	
 736.45319	1207.13455	1191.81986	        P1	
1206.82484	 580.26913	2018.11397	        P1	
1465.34008	 107.75388	 775.84123	        P1	
 315.26250	1745.90392	 133.33965	        P1	
1002.53474	 722.97022	1303.53687	        P1	
 469.11059	 304.33189	  14.41508	        P1	
1257.26684	1509.28223	1371.49376	        P1	
2126.13028	1625.04484	1908.97105	        P1	
2225.75323	 462.32233	 245.05671	        P1	
1030.27784	1982.52556	 862.84670	        P1	
1180.34279	1272.66055	 813.42350	        P1	
2069.38303	 704.04050	 996.70115	        P1	
 453.97799	 604.29533	 957.05967	        P1	
1119.81239	 151.43788	 732.59593	        P1	
1490.56108	1871.13136	1048.18369	        P1	
  63.05250	1432.83523	1465.70674	        P1	
1958.41063	1518.01903	1569.18656	        P1	
 291.30255	 398.25249	1694.80383	        P1	
1968.49903	1944.66612	 831.44233	        P1	
 310.21830	1635.23776	 444.29398	        P1	
1554.87463	 712.77730	1097.09203	        P1	
 952.09274	1512.19451	1189.76052	        P1	
  39.09255	1758.28104	2013.99535	        P1	
 890.30129	1362.94083	1675.75533	        P1	
 640.61339	 917.36402	 691.92478	        P1	
 126.10500	1402.25643	1335.97084	        P1	
1880.22553	1031.67050	 514.82497	        P1	
2023.98523	1643.24652	1731.87123	        P1	
1015.14524	1665.08852	 164.22915	        P1	
 935.69909	1785.21952	 521.00287	        P1	
1137.46709	 907.17110	2170.50212	        P1	
1511.99893	1603.93092	1554.25661	        P1	
 818.42144	1293.77451	1492.47761	        P1	
1331.66879	 802.32950	  20.59298	        P1	
1812.12883	 904.98690	1009.05695	        P1	
1640.62603	 846.74154	1616.55048	        P1	
1860.04873	1216.59943	1620.15423	        P1	
1720.07218	 972.69710	1609.85771	        P1	
 252.21000	1700.76376	1431.21348	        P1	
2225.75323	1967.96424	1125.92225	        P1	
 698.62169	 729.52282	1093.48827	        P1	
1991.19793	 813.25050	 391.26697	        P1	
1890.31393	1402.98451	1733.41571	        P1	
2020.20208	1145.97694	1690.68528	        P1	
 548.55674	1127.77531	2139.61262	        P1	
 786.89519	1991.99044	1583.08683	        P1	
1907.96863	 443.39261	2139.09782	        P1	
1230.78479	1986.16593	1781.29443	        P1	
1293.83729	1012.01270	1616.03561	        P1	
1278.70469	1996.35884	1661.85506	        P1	
1799.51833	1143.79274	1080.61767	        P1	
 825.98774	 983.61810	 168.86258	        P1	
1239.61214	 577.35689	1016.77933	        P1	
1089.54719	  77.17508	 996.70115	        P1	
 141.23760	1138.69631	 131.79518	        P1	
1984.89268	   1.45612	 512.25088	        P1	
 290.04150	1539.13295	 862.84670	        P1	
 527.11889	 863.48710	1540.35634	        P1	
 279.95310	 659.62841	 247.11599	        P1	
 252.21000	 570.80429	1770.48311	        P1	
 819.68249	1957.04324	 463.34249	        P1	
2225.75323	 875.86422	 636.32368	        P1	
1210.60799	1722.60576	1103.78479	        P1	
 174.02490	 497.99761	1871.90365	        P1	
 852.46979	1923.55216	 567.85198	        P1	
1041.62729	 602.83921	   0.00000	        P1	
 296.34675	 702.58433	1808.06537	        P1	
1766.73103	1008.37234	1672.15158	        P1	
 649.44074	 781.21554	1159.38589	        P1	
1102.15769	 496.54149	1361.19724	        P1	
1414.89808	2089.55137	 456.64978	        P1	
 442.62855	 849.65382	1921.32685	        P1	
2143.78498	 254.82332	 899.91410	        P1	
 504.41999	  80.08732	1463.64746	        P1	
1266.09419	1568.25563	 761.42615	        P1	
2073.16618	 783.39974	2137.03854	        P1	
1314.01409	2089.55137	2143.21644	        P1	
 836.07614	 738.98770	1177.40472	        P1	
1398.50443	 344.37553	 932.34807	        P1	
1786.90783	1056.42474	 265.13489	        P1	
 259.77630	  29.12268	1653.10301	        P1	
1933.18963	 682.19850	2005.24330	        P1	
1665.84703	 249.72689	1521.82264	        P1	
 587.64929	 741.17190	1943.46430	        P1	
1495.60528	 716.41762	1156.81174	        P1	
 435.06225	 404.07701	2200.87682	        P1	
 720.05954	 460.86621	 298.08367	        P1	
1915.53493	1726.24612	2091.73390	        P1	
 546.03464	1027.30210	1671.63671	        P1	
 308.95725	 409.90153	 319.19151	        P1	
1358.15083	1448.12463	1719.00063	        P1	
1532.17573	1209.31875	1197.99776	        P1	
 398.49180	 439.75229	1256.17295	        P1	
 239.59950	 458.68201	 111.20220	        P1	
1446.42433	 768.11034	1789.53167	        P1	
 670.87859	 863.48710	  40.67115	        P1	
2237.10267	 760.10162	1527.48573	        P1	
2026.50733	1576.26435	1499.17038	        P1	
1324.10249	1504.18575	1340.08946	        P1	
 736.45319	 238.80589	1603.67981	        P1	
 279.95310	1291.59031	 670.81694	        P1	
2021.46313	 184.20089	1392.08674	        P1	
1592.70613	1860.21036	  55.08629	        P1	
1921.84018	 829.99602	2057.24065	        P1	
 764.19629	 730.97894	 726.93290	        P1	
1588.92298	1786.67564	 673.39108	        P1	
1557.39673	  64.79792	1307.65549	        P1	
2153.87338	1491.08055	2055.18137	        P1	
1760.42578	1646.88684	1958.39425	        P1	
 790.67834	  12.37712	1134.67429	        P1	
1872.65923	 468.14689	1121.80362	        P1	
1234.56794	2113.57757	1964.05734	        P1	
2206.83748	 314.52481	 142.09170	        P1	
1308.96989	 431.01549	1165.04892	        P1	
 456.50009	1702.21992	1875.50740	        P1	
1931.92858	1237.71335	1455.92508	        P1	
1295.09834	1158.35411	  90.09435	        P1	
 962.18114	1331.63395	1956.33497	        P1	
 764.19629	1076.08254	 739.28870	        P1	
 372.00975	 133.23620	1884.25945	        P1	
1061.80409	 425.19093	  61.26419	        P1	
1945.80013	1994.17464	1613.97633	        P1	
 452.71694	1586.45732	1898.67453	        P1	
2225.75323	 737.53153	1109.96269	        P1	
 203.02905	1941.75384	1175.34544	        P1	
2230.79743	1583.54504	 971.47475	        P1	
 179.06910	 653.80390	1268.52875	        P1	
1950.84433	 543.86581	1558.37523	        P1	
1802.04043	1702.94796	1852.85515	        P1	
 506.94209	1540.58912	1521.82264	        P1	
1422.46438	1936.65736	 901.45857	        P1	
2081.99353	1280.66931	  77.73855	        P1	
1436.33593	1341.82691	1653.10301	        P1	
1003.79579	1697.85152	 601.31556	        P1	
 340.48350	1469.23855	1778.72035	        P1	
1886.53078	1556.60655	 345.44759	        P1	
 950.83169	1703.67604	1793.13543	        P1	
 752.84684	 372.04209	 961.17823	        P1	
1751.59843	 326.90193	 313.01361	        P1	
 263.55945	 171.09569	 348.02167	        P1	
1081.98089	1376.04603	  80.31270	        P1	
1581.35668	1161.99443	 790.77118	        P1	
1108.46294	1940.29772	 528.72524	        P1	
 959.65904	1485.98411	1999.06540	        P1	
1799.51833	2138.33185	 154.44750	        P1	
 201.76800	2050.23576	 796.43427	        P1	
 245.90475	 235.16552	 635.80888	        P1	
 626.74184	 172.55180	 205.41517	        P1	
1813.38988	 610.11989	1503.28894	        P1	
2121.08608	  81.54348	  71.56065	        P1	
2107.21453	 685.11073	1865.21095	        P1	
1037.84414	1813.61412	1954.27563	        P1	
 399.75285	2184.92813	 263.07555	        P1	
1194.21434	2088.82333	2036.13280	        P1	
1578.83458	 793.59270	 292.42057	        P1	
 644.39654	 357.48073	  98.33159	        P1	
 945.78749	 623.22510	 602.86004	        P1	
 349.31085	 610.84793	 234.24539	        P1	
1354.36768	 506.73441	 520.48806	        P1	
1910.49073	1714.59704	 599.25628	        P1	
 538.46834	 248.27072	1593.38335	        P1	
 530.90204	1111.75782	 261.01627	        P1	
1678.45753	 283.21792	  42.73049	        P1	
 860.03609	  93.19252	  42.73049	        P1	
1143.77234	1098.65262	1698.92246	        P1	
1620.44923	 418.63833	 603.37491	        P1	
1419.94228	1811.42992	 182.76285	        P1	
1427.50858	1804.14924	 236.30467	        P1	
1306.44779	 375.68241	2069.59645	        P1	
 298.86885	1965.05196	 102.96502	        P1	
1447.68538	 369.85789	  57.66038	        P1	
2208.09853	 366.21753	 776.35610	        P1	
 562.42829	 318.89321	 792.31565	        P1	
 760.41314	2168.91065	 749.07036	        P1	
 708.71009	2230.79633	1832.26211	        P1	
  65.57460	 214.05160	 742.89246	        P1	
1417.42018	 629.04961	1935.22712	        P1	
2238.36372	1100.10874	1605.73915	        P1	
1781.86363	1121.95074	2030.46977	        P1	
1606.57768	1989.07816	1253.59886	        P1	
 258.51525	 805.96982	1298.90344	        P1	
 853.73084	 772.47874	 691.40998	        P1	
1489.30003	1583.54504	1556.83076	        P1	
 104.66715	1143.79274	 788.71190	        P1	
 865.08029	 387.33149	1151.14865	        P1	
1256.00579	2067.70936	 424.21581	        P1	
 162.67545	1178.73994	 901.45857	        P1	
1355.62873	 907.89914	1778.72035	        P1	
 791.93939	2236.62085	1274.19184	        P1	
1963.45483	1079.72291	 656.91666	        P1	
 860.03609	2120.13017	1309.19996	        P1	
1675.93543	  88.09608	1053.84673	        P1	
 813.37724	1465.59823	1712.82273	        P1	
1276.18259	1597.37832	 483.93547	        P1	
1180.34279	 726.61053	 436.57161	        P1	
1215.65219	 930.46922	2217.86604	        P1	
1800.77938	 474.69949	2139.61262	        P1	
 786.89519	2061.88485	 396.93006	        P1	
1393.46023	  72.07860	 779.95985	        P1	
1756.64263	 412.81381	1488.87386	        P1	
 189.15750	 559.15521	 464.88696	        P1	
2215.66483	1631.59744	1241.75787	        P1	
 276.16995	 476.88369	1039.94645	        P1	
 955.87589	 190.75349	 911.75503	        P1	
1286.27099	1049.87214	1432.75796	        P1	
 609.08714	 823.44342	1952.21635	        P1	
1794.47413	 596.28661	1002.36425	        P1	
 332.91720	1057.15282	 631.69026	        P1	
 976.05269	1611.93964	 205.41517	        P1	
1185.38699	1986.16593	 508.64707	        P1	
1640.62603	1277.75703	 977.65265	        P1	
 279.95310	1725.51804	2001.63955	        P1	
1668.36913	 785.58394	 907.63647	        P1	
 191.67960	 634.87413	1395.69056	        P1	
 224.46690	1234.80111	1146.51522	        P1	
1566.22408	1996.35884	 988.46397	        P1	
 887.77919	 927.55694	1462.10298	        P1	
 262.29840	 559.15521	  49.42320	        P1	
1107.20189	 965.41642	1416.28354	        P1	
 593.95454	1819.43864	2194.69892	        P1	
1524.60943	  15.28940	1651.04373	        P1	
 885.25709	 371.31401	1254.11367	        P1	
  29.00415	 673.46170	1035.31303	        P1	
 766.71839	 894.06590	1677.81461	        P1	
 799.50569	 563.52361	 741.34798	        P1	
1769.25313	1748.08812	 553.43684	        P1	
 964.70324	 849.65382	2163.80942	        P1	
 213.11745	1995.63076	1784.89825	        P1	
 402.27495	 171.09569	2201.39162	        P1	
1963.45483	2037.85865	1476.51806	        P1	
 947.04854	 421.55061	1002.36425	        P1	
 605.30399	1048.41602	 302.71709	        P1	
1167.73229	1914.81536	1587.20545	        P1	
 453.97799	 579.54109	 162.68468	        P1	
 731.40899	1288.67803	1811.66913	        P1	
 306.43515	1927.19252	 465.40177	        P1	
1847.43823	1114.67011	 318.67665	        P1	
1464.07903	1767.01784	1459.52884	        P1	
 598.99874	1676.73756	  84.43132	        P1	
 287.51940	 385.87533	 275.94621	        P1	
 259.77630	1687.65856	1480.63668	        P1	
2215.66483	 904.98690	1659.28091	        P1	
 403.53600	 238.80589	  40.67115	        P1	
 923.08859	1791.04404	 537.47729	        P1	
 548.55674	 259.91981	 407.74139	        P1	
1591.44508	2134.69153	1243.81715	        P1	
1911.75178	 908.62722	2137.55334	        P1	
1272.39944	1250.09051	 188.94075	        P1	
1942.01698	1386.23895	 444.29398	        P1	
1931.92858	1933.74512	 712.51776	        P1	
1629.27658	1367.30923	 142.09170	        P1	
1504.43263	 937.02182	1150.63384	        P1	
1466.60113	 945.75862	 438.63089	        P1	
 477.93794	1404.44063	1618.60976	        P1	
  34.04835	1544.22943	1793.13543	        P1	
 438.84540	1939.56964	1607.79843	        P1	
 505.68104	2059.70065	1575.36446	        P1	
2244.66897	1910.44696	 140.03242	        P1	
 925.61069	1298.87095	1692.22975	        P1	
2121.08608	1319.25683	1725.17853	        P1	
1851.22138	1578.44855	1264.41019	        P1	
 412.36335	2129.59505	 810.84935	        P1	
1834.82773	 784.12782	1595.44263	        P1	
 736.45319	1415.36163	2020.17325	        P1	
 634.30814	1704.40412	2077.83362	        P1	
 752.84684	1874.77172	 887.04343	        P1	
2008.85263	1366.58115	2197.27306	        P1	
  99.62295	1606.84315	1451.29166	        P1	
1610.36083	 565.70781	1354.50454	        P1	
 784.37309	2107.02497	1438.93586	        P1	
 263.55945	 463.77849	1058.48015	        P1	
 708.71009	1622.13255	2203.45096	        P1	
2230.79743	  34.21912	1770.99797	        P1	
1706.20063	1732.07064	1922.87132	        P1	
1201.78064	 654.53193	  59.71972	        P1	
1978.58743	 377.86661	 335.15107	        P1	
 680.96699	1713.86896	1585.66098	        P1	
 829.77089	1364.39695	 104.50949	        P1	
1356.88978	2031.30605	1377.67166	        P1	
 827.24879	 943.57442	 112.74667	        P1	
 983.61899	1603.20284	 508.13226	        P1	
1240.87319	 856.20642	1890.43735	        P1	
 795.72254	 363.30529	1744.22703	        P1	
1088.28614	 950.12702	 172.98120	        P1	
1382.11078	 979.97774	1852.85515	        P1	
1339.23509	1237.71335	 714.57710	        P1	
1805.82358	 857.66254	1025.01657	        P1	
 824.72669	 388.78761	 500.40989	        P1	
 725.10374	 157.99048	1467.76602	        P1	
 226.98900	1381.87055	1167.10826	        P1	
1802.04043	 891.88170	2165.86870	        P1	
 523.33574	1915.54344	1606.25396	        P1	
2025.24628	1170.73123	1056.42087	        P1	
1267.35524	 839.46090	2011.42120	        P1	
 441.36750	 985.80230	1657.73644	        P1	
1282.48784	1017.10914	2191.09516	        P1	
 480.46004	 823.44342	2020.17325	        P1	
 601.52084	 310.88449	 947.27795	        P1	
 991.18529	  13.10520	 304.26157	        P1	
 605.30399	1329.44975	2001.12474	        P1	
1615.40503	 562.79553	1480.63668	        P1	
 382.09815	1296.68675	1672.15158	        P1	
1377.06658	1770.65816	 245.05671	        P1	
1036.58309	 685.83882	 247.11599	        P1	
 727.62584	 489.98889	1243.81715	        P1	
 286.25835	 896.25010	1121.80362	        P1	
 308.95725	1513.65063	 965.29685	        P1	
1738.98793	1370.94955	1809.60985	        P1	
1805.82358	 400.43669	1140.33732	        P1	
1601.53348	 828.53990	 502.46917	        P1	
1326.62459	 212.59549	 368.09984	        P1	
1785.64678	  85.91188	1924.93060	        P1	
 529.64099	1483.79991	 558.07026	        P1	
 500.63684	 971.96902	1230.94654	        P1	
1624.23238	1844.92096	1591.83888	        P1	
1836.08878	 553.33069	 176.58495	        P1	
1227.00164	1681.10596	1303.02206	        P1	
 873.90764	1526.75583	 699.64716	        P1	
 735.19214	 216.23580	1105.84407	        P1	
 602.78189	 680.01430	 341.84377	        P1	
1378.32763	 109.93808	1109.44782	        P1	
1435.07488	2166.72645	1762.24593	        P1	
1099.63559	1062.97734	1803.43195	        P1	
1269.87734	2052.41996	  61.26419	        P1	
1069.37039	1415.36163	 316.61737	        P1	
1852.48243	 497.26953	 543.14038	        P1	
 611.60924	1825.26316	2174.10594	        P1	
 827.24879	 784.85590	 250.71975	        P1	
1988.67583	1165.63474	1321.55576	        P1	
 911.73914	1044.77570	 201.29655	        P1	
 244.64370	1492.53671	1016.77933	        P1	
1947.06118	1575.53632	 528.72524	        P1	
1940.75593	 647.25130	1937.28640	        P1	
1052.97674	1557.33463	1853.36995	        P1	
1131.16184	2042.22705	 222.40439	        P1	
1774.29733	 364.76141	 105.02430	        P1	
1984.89268	1028.03014	 603.37491	        P1	
1139.98919	2079.35845	 847.91675	        P1	
1513.25998	 505.27829	1504.83341	        P1	
1186.64804	 572.98849	1911.03033	        P1	
 329.13405	 447.76101	1632.51003	        P1	
1708.72273	1554.42235	 492.17271	        P1	
 633.04709	 739.71574	1976.41314	        P1	
2049.20623	1526.75583	1125.92225	        P1	
2162.70073	1689.84276	 604.91938	        P1	
 557.38409	1208.59071	1165.04892	        P1	
  29.00415	 316.70901	 710.45848	        P1	
1403.54863	1787.40372	1918.75270	        P1	
2189.18278	 853.29414	1896.10045	        P1	
 606.56504	2075.71813	1486.29972	        P1	
 317.78460	1661.44816	 430.39371	        P1	
1708.72273	 402.62089	1033.76855	        P1	
1795.73518	2232.25245	 860.27255	        P1	
1494.34423	 639.97061	1618.60976	        P1	
1954.62748	1316.34455	1740.10848	        P1	
 952.09274	1826.71932	2059.29993	        P1	
1037.84414	1449.58075	 827.32377	        P1	
1713.76693	 958.86382	 203.87069	        P1	
 503.15894	1314.16035	1202.63119	        P1	
 737.71424	 227.88489	 724.87356	        P1	
 591.43244	1315.61651	1443.05442	        P1	
 672.13964	 396.79633	 326.91389	        P1	
  99.62295	2122.31437	1902.27835	        P1	
 138.71550	1230.43271	 372.73327	        P1	
1071.89249	 187.84120	 464.88696	        P1	
  36.57045	1303.96743	 796.94908	        P1	
1266.09419	1202.76615	1760.18665	        P1	
1564.96303	 402.62089	   2.05928	        P1	
2075.68828	1102.29294	 325.36941	        P1	
1940.75593	2186.38425	1513.58546	        P1	
 809.59409	1737.16712	2005.24330	        P1	
1842.39403	2248.99797	 592.56358	        P1	
 496.85369	1464.87015	 901.45857	        P1	
1964.71588	 400.43669	 761.94096	        P1	
 220.68375	 306.51609	 751.12963	        P1	
 525.85784	 440.48033	1321.55576	        P1	
2216.92588	1179.46803	1546.01943	        P1	
 113.49450	1874.04364	 735.17008	        P1	
 499.37579	1651.25524	 939.04078	        P1	
 421.19070	1179.46803	 976.10817	        P1	
 413.62440	 717.87373	 380.97051	        P1	
1228.26269	 515.47121	1686.56666	        P1	
 432.54015	1832.54384	2044.88485	        P1	
1659.54178	 202.40252	 592.56358	        P1	
1766.73103	 278.84952	1364.80106	        P1	
 977.31374	 558.42713	 257.41251	        P1	
 783.11204	 197.30609	 310.95427	        P1	
  41.61465	 704.04050	2233.82560	        P1	
 887.77919	1381.87055	1276.76599	        P1	
1515.78208	 981.43390	 256.89765	        P1	
1153.86074	 629.77770	1523.36711	        P1	
1648.19233	 379.32273	 770.17820	        P1	
 981.09689	1175.09963	1780.77963	        P1	
1156.38284	 752.09290	2172.04660	        P1	
 358.13820	 682.92653	1852.85515	        P1	
  87.01245	1031.67050	1009.05695	        P1	
 740.23634	 243.90232	1476.00326	        P1	
  71.87985	1175.82771	1541.90081	        P1	
 934.43804	1759.73716	 263.59041	        P1	
1104.67979	1397.88803	2114.38622	        P1	
2109.73663	1949.03452	1812.18393	        P1	
 306.43515	 833.63634	 524.60668	        P1	
1725.11638	 524.20801	2015.53982	        P1	
1876.44238	1051.32830	 700.16196	        P1	
1730.16058	 348.01589	1540.35634	        P1	
 978.57479	1638.15004	1941.40502	        P1	
 283.73625	 910.81142	 137.45827	        P1	
1213.13009	 538.76933	1764.82007	        P1	
 441.36750	1150.34534	1834.32145	        P1	
 514.50839	1761.92136	1350.90079	        P1	
1925.62333	 925.37274	 660.52048	        P1	
   5.04420	 429.55933	2180.28384	        P1	
1393.46023	2198.03333	 626.02716	        P1	
2035.33468	 927.55694	 512.25088	        P1	
1052.97674	 262.83209	 887.04343	        P1	
2239.62477	1099.38071	 619.84926	        P1	
1505.69368	2238.07697	 374.79261	        P1	
 807.07199	1786.67564	1006.99767	        P1	
  44.13675	 839.46090	1268.52875	        P1	
 148.80390	1129.95951	  57.66038	        P1	
1243.39529	 751.36482	 234.76019	        P1	
1573.79038	2208.95433	2240.00350	        P1	
1994.98108	1767.74592	 578.14844	        P1	
 250.94895	1812.15796	1148.57457	        P1	
1470.38428	 608.66373	1931.62337	        P1	
2059.29463	1104.47714	 535.41801	        P1	
2218.18693	1423.37035	 246.60119	        P1	
1168.99334	 887.51330	1683.99251	        P1	
2228.27533	 233.70941	 384.57426	        P1	
2114.78083	1024.38982	 475.69829	        P1	
1249.70054	 589.00593	1445.11376	        P1	
1886.53078	2117.21793	 601.31556	        P1	
 731.40899	2082.27073	 873.14316	        P1	
 527.11889	1081.90711	 434.51227	        P1	
2198.01013	2212.59465	1230.94654	        P1	
 380.83710	1911.90312	1033.76855	        P1	
1461.55693	1953.40292	  22.13745	        P1	
 876.42974	1116.12622	1280.36974	        P1	
2088.29878	 365.48949	1585.14611	        P1	
1128.63974	 270.11272	 189.45562	        P1	
 354.35505	1273.38863	 994.64187	        P1	
 561.16724	1983.98173	2065.47783	        P1	
 165.19755	1232.61691	 479.30204	        P1	
2089.55983	1292.31835	 191.00009	        P1	
1744.03213	1129.23143	1891.98183	        P1	
2107.21453	1518.01903	1193.87914	        P1	
 490.54844	2238.80505	 234.76019	        P1	
 619.17554	1362.21275	1906.91177	        P1	
1890.31393	1705.86024	 415.46376	        P1	
1920.57913	1050.60022	1193.87914	        P1	
2064.33883	 331.27033	 251.23461	        P1	
 831.03194	  72.07860	1175.34544	        P1	
1925.62333	1285.03771	 275.43135	        P1	
1993.72003	 504.55021	1830.20283	        P1	
 118.53870	 784.85590	 868.50973	        P1	
1890.31393	 495.81341	1391.57194	        P1	
1151.33864	 195.84992	 665.15390	        P1	
2022.72418	2195.84913	 403.62277	        P1	
1370.76133	2093.19173	 541.08104	        P1	
2073.16618	1584.27312	1824.53973	        P1	
2190.44383	1851.47356	  67.44209	        P1	
1366.97818	 771.75070	1398.26464	        P1	
 375.79290	2048.77965	 372.21847	        P1	
 110.97240	 133.96428	 633.74954	        P1	
2021.46313	1245.72211	1362.74172	        P1	
1034.06099	 631.96190	1325.67432	        P1	
 622.95869	1552.23815	1568.67175	        P1	
2029.02943	1896.61372	 205.92997	        P1	
 809.59409	 583.90949	 632.20506	        P1	
1571.26828	1798.32472	2139.61262	        P1	
 664.57334	 731.70702	 872.62835	        P1	
1972.28218	1502.72963	1575.36446	        P1	
1858.78768	 779.03134	1469.82536	        P1	
1041.62729	1777.93884	2180.79864	        P1	
 117.27765	1669.45692	1041.49093	        P1	
1831.04458	 586.82173	 135.39899	        P1	
 436.32330	2222.05953	2128.80130	        P1	
 810.85514	1739.35132	 615.21584	        P1	
1712.50588	 601.38309	1826.08421	        P1	
1886.53078	 391.69989	1943.46430	        P1	
1692.32908	 792.13654	 419.58238	        P1	
 245.90475	1274.84475	1264.41019	        P1	
  39.09255	1522.38743	1025.53137	        P1	
 546.03464	1075.35451	 219.83025	        P1	
 170.24175	 626.86541	1791.59095	        P1	
 235.81635	1998.54304	1243.30234	        P1	
 822.20459	2091.00753	 497.83574	        P1	
1085.76404	2212.59465	1984.65032	        P1	
 871.38554	2104.84077	1400.32398	        P1	
2094.60403	 192.93769	 965.81165	        P1	
 535.94624	 765.19810	 689.35064	        P1	
1861.30978	1413.90551	2244.63692	        P1	
1654.49758	1744.44776	1350.90079	        P1	
 451.45589	 870.76774	 986.40470	        P1	
1131.16184	1989.80624	 588.44496	        P1	
 602.78189	1507.09803	1563.00866	        P1	
 878.95184	 555.51489	1614.49114	        P1	
 397.23075	 449.21713	1233.52069	        P1	
1863.83188	1530.39615	2221.98466	        P1	
1897.88023	1614.12384	1663.39953	        P1	
 958.39799	1860.93844	 779.95985	        P1	
1065.58724	1146.70503	2205.51024	        P1	
 986.14109	1397.88803	 415.46376	        P1	
 562.42829	 974.15322	1674.21086	        P1	
2124.86923	 117.21872	 201.81142	        P1	
1615.40503	1771.38624	   1.54447	        P1	
1513.25998	2048.77965	 205.41517	        P1	
 615.39239	1068.80191	 955.00033	        P1	
1491.82213	 542.40969	 761.94096	        P1	
 942.00434	1319.98491	  34.49325	        P1	
1295.09834	2230.06825	1525.94126	        P1	
  44.13675	1423.37035	1103.78479	        P1	
 139.97655	 337.09489	 108.62805	        P1	
1403.54863	 964.68834	1099.15137	        P1	
 335.43930	 617.40053	1055.90607	        P1	
1756.64263	1171.45931	1918.75270	        P1	
 611.60924	 503.09409	 607.49346	        P1	
1808.34568	 119.40292	 802.61217	        P1	
1817.17303	1002.54782	1774.60173	        P1	
1735.20478	1185.29255	  90.60922	        P1	
 877.69079	1975.97296	1661.34025	        P1	
1477.95058	1020.74950	1449.23232	        P1	
1820.95618	 400.43669	1058.48015	        P1	
1044.14939	2104.11273	 131.79518	        P1	
1378.32763	1413.17743	2207.05472	        P1	
2151.35128	 704.76853	1338.54499	        P1	
 464.06639	1868.21912	1818.36183	        P1	
  58.00830	 211.13932	 541.59591	        P1	
 459.02219	 885.32910	  22.13745	        P1	
   6.30525	2190.75265	 767.60405	        P1	
 244.64370	1246.45015	 172.46639	        P1	
1955.88853	 717.14570	1311.77404	        P1	
2074.42723	 345.83169	1727.23781	        P1	
1959.67168	2074.99005	1854.91443	        P1	
 413.62440	  59.70148	 527.18077	        P1	
 609.08714	1879.14012	1992.88750	        P1	
1907.96863	2195.12105	1198.51257	        P1	
 659.52914	 179.83249	  34.49325	        P1	
 783.11204	 867.12742	 458.70906	        P1	
1073.15354	1710.22864	 817.02725	        P1	
1296.35939	 241.71812	 722.29948	        P1	
 928.13279	1802.69312	 318.67665	        P1	
 962.18114	1037.49502	 328.97317	        P1	
2076.94933	1203.49423	1291.18107	        P1	
1711.24483	 797.23302	1754.52355	        P1	
1330.40774	1665.08852	 917.93293	        P1	
  56.74725	2192.20877	1838.95487	        P1	
 418.66860	1194.02935	 553.95171	        P1	
1994.98108	 541.68161	  74.13480	        P1	
1170.25439	2201.67365	 681.11346	        P1	
1330.40774	  48.78048	1589.77954	        P1	
1071.89249	1384.78283	1169.16754	        P1	
1832.30563	1392.79155	 492.17271	        P1	
 788.15624	1389.87931	 916.38846	        P1	
 148.80390	1792.50016	1828.14355	        P1	
1499.38843	 728.79473	 170.92192	        P1	
 696.09959	1996.35884	 125.10247	        P1	
1592.70613	2184.92813	1941.91983	        P1	
 809.59409	1908.99084	1002.36425	        P1	
 842.38139	 685.83882	 983.83055	        P1	
1989.93688	 704.76853	1241.24306	        P1	
 699.88274	 738.98770	 466.94624	        P1	
1844.91613	 944.30250	 473.12414	        P1	
2230.79743	1532.58035	 833.50167	        P1	
 587.64929	 551.87453	2124.68274	        P1	
 155.10915	1047.68794	 553.95171	        P1	
1147.55549	 473.24333	2005.75817	        P1	
1210.60799	1432.83523	1556.83076	        P1	
1640.62603	1906.80664	2139.09782	        P1	
1063.06514	1579.17664	 730.53666	        P1	
 725.10374	1602.47475	1011.11629	        P1	
1775.55838	2077.90233	1986.70960	        P1	
1590.18403	1617.03612	1090.91413	        P1	
 126.10500	1253.73083	1805.49123	        P1	
1761.68683	1037.49502	 846.37228	        P1	
1580.09563	 120.13100	1482.69596	        P1	
1181.60384	 519.11153	1128.49639	        P1	
 817.16039	1218.78363	 265.64969	        P1	
1554.87463	1002.54782	 580.72258	        P1	
 224.46690	1223.15203	1045.60955	        P1	
  66.83565	 395.34021	2151.45362	        P1	
 942.00434	1579.17664	2242.57764	        P1	
 435.06225	  77.90312	 170.92192	        P1	
1610.36083	1315.61651	1676.27014	        P1	
 712.49324	1503.45771	2127.25682	        P1	
 486.76529	2220.60337	 919.99227	        P1	
1254.74474	 746.26834	 263.59041	        P1	
 300.12990	 340.73521	   6.17790	        P1	
 226.98900	1473.60695	 399.50421	        P1	
1508.21578	 837.27670	1880.14083	        P1	
1967.23798	 115.03452	  85.97579	        P1	
 872.64659	1994.90273	 928.74426	        P1	
 388.40340	1161.99443	1396.20536	        P1	
1915.53493	 203.13060	1970.75005	        P1	
2240.88582	 693.84753	2137.03854	        P1	
1722.59428	 237.34972	1797.25405	        P1	
1165.21019	1971.60456	 751.64450	        P1	
1895.35813	1172.91543	1204.69047	        P1	
 693.57749	1443.02815	 949.33730	        P1	
1406.07073	1088.45971	 176.58495	        P1	
1103.41874	2103.38465	1898.15973	        P1	
 805.81094	1174.37154	 343.90311	        P1	
 344.26665	1087.00354	1814.24327	        P1	
 462.80534	1132.14371	1132.61495	        P1	
1452.72958	1393.51963	1488.87386	        P1	
 119.79975	 459.41009	2104.08970	        P1	
2218.18693	1056.42474	1667.51815	        P1	
1704.93958	 139.78880	 322.79527	        P1	
1141.25024	1619.94835	1289.12179	        P1	
1490.56108	 704.76853	1536.23778	        P1	
2035.33468	2176.91937	1136.21877	        P1	
 286.25835	1456.86143	 840.19438	        P1	
 528.37994	 626.86541	2089.67462	        P1	
2013.89683	 771.02262	1334.42636	        P1	
 484.24319	2073.53393	1331.85222	        P1	
 626.74184	2231.52437	1320.01129	        P1	
1453.99063	 784.12782	 804.67145	        P1	
1810.86778	 599.92693	1375.61238	        P1	
 713.75429	2236.62085	1342.14874	        P1	
 553.60094	1462.68595	  65.89762	        P1	
 592.69349	 183.47280	 526.66596	        P1	
 619.17554	1164.17863	 501.95436	        P1	
 815.89934	  38.58752	1519.24856	        P1	
 266.08155	  69.16632	1795.70957	        P1	
1712.50588	1807.06152	  28.31535	        P1	
 194.20170	2086.63913	2116.44550	        P1	
2021.46313	 915.17982	1700.46693	        P1	
1100.89664	 638.51450	1826.08421	        P1	
2240.88582	 546.77809	1546.53424	        P1	
1587.66193	1472.87891	1344.20802	        P1	
 901.65074	1287.94995	1752.46427	        P1	
2099.64823	1835.45612	  63.83828	        P1	
1372.02238	 352.38429	1694.80383	        P1	
1404.80968	1119.76654	1406.50188	        P1	
 707.44904	 613.76021	1198.51257	        P1	
 477.93794	 270.11272	 844.31300	        P1	
1216.91324	1659.26396	 147.75479	        P1	
1939.49488	1591.55375	1233.52069	        P1	
1682.24068	 773.20682	 106.56877	        P1	
 947.04854	 357.48073	1086.79557	        P1	
1237.09004	 983.61810	2034.58833	        P1	
1501.91053	 699.67210	2059.29993	        P1	
 498.11474	 341.46329	2040.76623	        P1	
 762.93524	1538.40492	 249.17527	        P1	
 665.83439	 982.89002	1305.08134	        P1	
 138.71550	 131.05200	1212.41284	        P1	
 471.63269	1342.55495	1086.79557	        P1	
 433.80120	1205.67843	2007.81745	        P1	
 867.60239	 477.61173	 943.15940	        P1	
  21.43785	1041.86342	 854.09465	        P1	
  11.34945	1309.79195	1196.45329	        P1	
 938.22119	2146.34057	 584.84121	        P1	
 577.56089	2086.63913	1336.48564	        P1	
1905.44653	2246.08573	 415.97857	        P1	
 232.03320	 393.15601	1700.46693	        P1	
 325.35090	1265.37991	1789.01681	        P1	
1616.66608	1697.85152	1645.38064	        P1	
 997.49054	1605.38704	2194.69892	        P1	
1694.85118	1042.59150	 743.40726	        P1	
1624.23238	1247.90631	1566.61241	        P1	
 279.95310	1304.69551	 151.87335	        P1	
 562.42829	 368.40173	 833.50167	        P1	
  58.00830	 652.34773	1134.67429	        P1	
1257.26684	1126.31914	 271.31279	        P1	
 794.46149	1086.27551	1405.98702	        P1	
1203.04169	2108.48113	1412.16492	        P1	
1969.76008	 257.73561	 809.30488	        P1	
 749.06369	1108.11751	 683.17274	        P1	
1020.18944	1981.06944	1570.73103	        P1	
1776.81943	1111.75782	1805.49123	        P1	
 221.94480	1220.23975	 350.08101	        P1	
1851.22138	 508.19053	 549.31828	        P1	
 500.63684	 750.63674	 641.98678	        P1	
 639.35234	 203.13060	1786.95753	        P1	
 114.75555	1108.84554	  73.61999	        P1	
  21.43785	 229.34101	1162.98964	        P1	
 464.06639	1392.06351	 664.63904	        P1	
1575.05143	1826.71932	1682.44804	        P1	
1303.92569	2128.86697	 679.05418	        P1	
1399.76548	 420.82253	 530.78458	        P1	
 818.42144	  61.88568	 386.63354	        P1	
 216.90060	1397.88803	1768.42383	        P1	
1843.65508	 323.26161	2145.27572	        P1	
 587.64929	2248.26993	1750.40493	        P1	
1201.78064	1394.24771	1237.63925	        P1	
2025.24628	2184.20005	1927.50475	        P1	
1209.34694	2113.57757	 586.38568	        P1	
2141.26288	 811.06630	 306.32085	        P1	
1736.46583	2058.24453	 547.25894	        P1	
2085.77668	  49.50852	1049.72817	        P1	
1109.72399	2195.84913	1256.17295	        P1	
1781.86363	1740.80744	 685.74688	        P1	
1453.99063	 219.14809	 930.28873	        P1	
1383.37183	 485.62049	 300.14295	        P1	
1295.09834	 693.84753	 770.17820	        P1	
 794.46149	1396.43191	1120.25915	        P1	
 288.78045	1692.75504	 864.90598	        P1	
1890.31393	1947.57836	1908.45625	        P1	
 786.89519	  71.35052	1889.92255	        P1	
1105.94084	 306.51609	2034.58833	        P1	
1940.75593	2176.19133	 769.66333	        P1	
 935.69909	 831.45214	 498.35061	        P1	
 692.31644	 830.72410	1881.68530	        P1	
 736.45319	 375.68241	  38.61187	        P1	
2013.89683	1190.38903	1118.19987	        P1	
2059.29463	 698.21593	1568.67175	        P1	
 524.59679	1001.81974	 251.23461	        P1	
  12.61050	2050.23576	 376.33709	        P1	
2127.39133	 903.53074	1733.93058	        P1	
 587.64929	  64.06988	 848.43156	        P1	
1147.55549	2096.83205	  38.61187	        P1	
 742.75844	 418.63833	  41.18602	        P1	
2054.25043	1458.31755	1679.87395	        P1	
2118.56398	1150.34534	1642.80655	        P1	
1385.89393	1362.21275	1686.05185	        P1	
1364.45608	   7.28068	 897.85476	        P1	
  17.65470	1610.48352	 164.22915	        P1	
1142.51129	 796.50494	 473.63901	        P1	
1182.86489	 320.34933	2098.42667	        P1	
 253.47105	 840.91702	1538.29706	        P1	
1022.71154	 899.16234	 275.94621	        P1	
1076.93669	 302.87573	1154.75247	        P1	
1522.08733	 686.56690	1368.91962	        P1	
  84.49035	  48.78048	1768.93863	        P1	
1771.77523	 938.47794	1784.89825	        P1	
1686.02383	 607.93569	 584.32634	        P1	
1761.68683	 361.84913	1962.51287	        P1	
2092.08193	 670.54941	1150.63384	        P1	
1426.24753	 974.88130	1060.02463	        P1	
1541.00308	1842.00872	 193.57417	        P1	
1199.25854	1700.03572	1307.14062	        P1	
  68.09670	1622.13255	 333.09179	        P1	
 629.26394	 133.23620	 662.57976	        P1	
 974.79164	 733.16313	 974.04890	        P1	
1784.38573	 259.91981	 273.37207	        P1	
1541.00308	2054.60416	 246.60119	        P1	
1244.65634	1097.19651	 558.07026	        P1	
 152.58705	2119.40213	1923.38613	        P1	
1315.27514	 896.25010	1405.98702	        P1	
1022.71154	1435.01943	2089.67462	        P1	
1133.68394	1400.07223	1811.66913	        P1	
1339.23509	 774.66294	 553.95171	        P1	
 406.05810	1879.86816	 696.04340	        P1	
2218.18693	 999.63554	 986.40470	        P1	
1660.80283	 398.25249	1313.31852	        P1	
1568.74618	 257.73561	 878.80625	        P1	
1851.22138	 385.87533	2160.20566	        P1	
 230.77215	 302.14769	 893.22133	        P1	
 949.57064	1734.98292	 212.10787	        P1	
2248.45212	1033.12662	1902.79315	        P1	
1409.85388	1786.67564	1434.81724	        P1	
1895.35813	 887.51330	1558.89004	        P1	
1383.37183	1446.66851	1429.15414	        P1	
1658.28073	1752.45652	 386.63354	        P1	
 868.86344	 418.63833	 524.60668	        P1	
1430.03068	  26.21040	 520.48806	        P1	
 104.66715	 546.77809	2190.58030	        P1	
1824.73933	 854.02222	1000.81977	        P1	
1668.36913	 996.72330	 145.69545	        P1	
2023.98523	 236.62169	 849.97603	        P1	
1960.93273	 634.14610	 619.84926	        P1	
 146.28180	 273.75309	 959.63375	        P1	
 762.93524	 446.30489	 632.20506	        P1	
1457.77378	1418.27391	 281.60925	        P1	
1878.96448	1154.71374	 788.71190	        P1	
1282.48784	1707.31636	2124.68274	        P1	
1489.30003	2195.12105	 784.59328	        P1	
1356.88978	2187.11233	1943.46430	        P1	
1442.64118	 404.80509	 732.59593	        P1	
1678.45753	1730.61452	1523.36711	        P1	
1268.61629	1473.60695	 833.50167	        P1	
2238.36372	1707.31636	1888.37807	        P1	
1799.51833	1094.28422	1841.01415	        P1	
 539.72939	 583.90949	 510.19154	        P1	
 488.02634	2214.05077	2137.03854	        P1	
  69.35775	 606.47953	 203.35589	        P1	
1846.17718	1582.81695	1326.18919	        P1	
 738.97529	1751.72844	1352.96006	        P1	
 984.88004	1848.56132	 466.94624	        P1	
1813.38988	1492.53671	2159.69080	        P1	
 549.81779	1853.65776	1648.98445	        P1	
 780.58994	1756.82492	1535.72291	        P1	
2032.81258	1300.32711	1317.95194	        P1	
 216.90060	1757.55296	 764.00030	        P1	
2157.65653	1566.07143	1712.82273	        P1	
 673.40069	1234.80111	 998.24563	        P1	
 469.11059	1962.86776	1733.93058	        P1	
2190.44383	1226.79235	2167.92804	        P1	
 317.78460	1935.20124	2193.15444	        P1	
   3.78315	1873.31556	 269.76831	        P1	
 368.22660	 921.73242	1420.91696	        P1	
 151.32600	1239.16951	1331.85222	        P1	
1488.03898	2224.97177	 696.04340	        P1	
 706.18799	 522.75189	 788.19703	        P1	
1126.11764	1475.79115	1492.99248	        P1	
1348.06243	1136.51211	 990.52325	        P1	
 311.47935	1031.67050	1739.59361	        P1	
 818.42144	 354.56849	  90.09435	        P1	
  52.96410	1907.53472	 547.25894	        P1	
 499.37579	 610.11989	 541.08104	        P1	
 394.70865	 466.69073	 413.40448	        P1	
1126.11764	2225.69985	  49.42320	        P1	
1166.47124	 427.37513	1043.55027	        P1	
2012.63578	 147.06948	2215.29190	        P1	
 551.07884	 709.86502	2089.67462	        P1	
 948.30959	1911.90312	 749.58516	        P1	
1509.47683	1700.03572	 860.78736	        P1	
2056.77253	1116.12622	1044.06507	        P1	
 626.74184	1360.75663	1260.29157	        P1	
1725.11638	1450.30883	1742.16775	        P1	
 438.84540	2109.93725	2027.89562	        P1	
 210.59535	2117.94597	 277.49069	        P1	
1117.29029	2010.92016	 363.98129	        P1	
1305.18674	2161.62997	1913.08967	        P1	
  74.40195	 188.56929	 984.34535	        P1	
1208.08589	 190.75349	1696.34831	        P1	
1605.31663	1951.94676	1414.22426	        P1	
 224.46690	 176.19212	 498.35061	        P1	
1375.80553	1718.96544	1292.72554	        P1	
 843.64244	 539.49741	 772.23748	        P1	
 794.46149	1386.23895	 745.46660	        P1	
1158.90494	2157.26157	1431.21348	        P1	
1482.99478	 595.55853	 350.08101	        P1	
 923.08859	1028.03014	1228.88726	        P1	
1110.98504	2241.71733	 609.03794	        P1	
1920.57913	  31.30688	 905.57713	        P1	
1576.31248	1472.15083	1342.14874	        P1	
1007.57894	1510.73835	 640.44230	        P1	
1559.91883	1879.14012	 565.79264	        P1	
1071.89249	 896.97814	 380.97051	        P1	
 897.86759	 806.69790	 799.00836	        P1	
 540.99044	1245.72211	1917.20823	        P1	
 754.10789	1035.31082	1717.45615	        P1	
1972.28218	2235.16473	1294.78482	        P1	
  63.05250	1335.27431	1935.74193	        P1	
 524.59679	1157.62603	1922.87132	        P1	
   2.52210	1239.16951	1738.04913	        P1	
 431.27910	1399.34415	1550.13805	        P1	
1564.96303	 347.28781	1797.76885	        P1	
1267.35524	 500.18181	 328.97317	        P1	
1803.30148	1990.53433	 905.57713	        P1	
1204.30274	 489.98889	 911.75503	        P1	
1343.01823	 479.79593	1604.19468	        P1	
 799.50569	1054.24054	1729.29715	        P1	
 258.51525	2128.13893	1904.85243	        P1	
 337.96140	1479.43151	1152.69312	        P1	
 906.69494	 322.53353	 127.67662	        P1	
 252.21000	 525.66413	1550.13805	        P1	
 134.93235	 201.67449	2104.08970	        P1	
 726.36479	 451.40133	 203.35589	        P1	
   3.78315	2004.36756	 992.58259	        P1	
 349.31085	1686.93052	 137.97308	        P1	
2203.05433	 516.19929	 663.09456	        P1	
1989.93688	 409.17349	1416.79834	        P1	
1080.71984	1011.28462	2102.03042	        P1	
1599.01138	2009.46404	 915.87365	        P1	
1089.54719	1000.36362	 846.37228	        P1	
1617.92713	1593.73795	 709.94368	        P1	
1008.83999	1265.37991	1041.49093	        P1	
 987.40214	 810.33822	1546.01943	        P1	
1274.92154	 444.84873	  61.26419	        P1	
2162.70073	1873.31556	 628.08650	        P1	
 514.50839	2238.07697	 634.26440	        P1	
1419.94228	1991.99044	 333.60659	        P1	
1145.03339	2147.79673	 873.14316	        P1	
2134.95763	1414.63355	1272.13256	        P1	
 755.36894	 843.82930	1589.77954	        P1	
1185.38699	2025.48153	2017.59910	        P1	
 914.26124	 511.83089	1200.57185	        P1	
1287.53204	1500.54543	1088.85485	        P1	
1826.00038	2037.13056	2160.20566	        P1	
 210.59535	1236.98531	 343.38825	        P1	
 873.90764	 826.35570	1299.41825	        P1	
1957.14958	1990.53433	1083.19175	        P1	
1448.94643	 976.33742	2057.24065	        P1	
1070.63144	1183.10834	2067.53717	        P1	
 674.66174	1551.51012	1850.79581	        P1	
2061.81673	  25.48232	 943.15940	        P1	
1423.72543	 704.04050	 683.17274	        P1	
  51.70305	 150.70980	1532.11916	        P1	
2192.96593	1621.40452	1362.74172	        P1	
1501.91053	1279.21315	  72.07552	        P1	
 757.89104	1822.35092	 707.88434	        P1	
 311.47935	1068.07382	1278.82527	        P1	
 931.91594	1302.51131	1923.38613	        P1	
1432.55278	 289.77053	2246.69626	        P1	
 693.57749	2080.81456	1604.19468	        P1	
1196.73644	 152.16592	1179.46406	        P1	
1518.30418	1204.22231	 712.51776	        P1	
1919.31808	1683.29016	 498.35061	        P1	
  55.48620	 943.57442	 716.63638	        P1	
 887.77919	 685.83882	1563.00866	        P1	
 174.02490	1892.97336	1449.74718	        P1	
 126.10500	 460.13813	1863.66647	        P1	
1691.06803	1273.38863	1359.13796	        P1	
2151.35128	2141.97217	1772.54245	        P1	
  97.10085	1017.10914	 819.60140	        P1	
1532.17573	1567.52755	1068.26187	        P1	
 303.91305	1539.86103	 142.09170	        P1	
 557.38409	2013.83244	1891.98183	        P1	
 479.19899	 908.62722	 926.68498	        P1	
 789.41729	1984.70976	 275.94621	        P1	
1503.17158	1092.10002	1933.68265	        P1	
1358.15083	1512.19451	 182.76285	        P1	
1297.62044	 223.51649	2029.95490	        P1	
 901.65074	 171.09569	1978.98723	        P1	
 979.83584	1871.85944	1298.90344	        P1	
1108.46294	 414.26993	1764.82007	        P1	
1132.42289	 301.41961	 501.95436	        P1	
1008.83999	 847.46962	 520.48806	        P1	
1933.18963	1943.20996	1074.43977	        P1	
1554.87463	1734.98292	1424.52072	        P1	
 540.99044	1681.10596	 102.96502	        P1	
 204.29010	 847.46962	1515.12994	        P1	
1185.38699	1834.72804	 532.84386	        P1	
1320.31934	1713.14092	   3.60375	        P1	
 306.43515	 865.67130	 224.46367	        P1	
 789.41729	1135.78403	1274.19184	        P1	
1316.53619	2056.06033	 460.76834	        P1	
2000.02528	1735.71096	 950.88177	        P1	
 532.16309	  43.68400	2236.39974	        P1	
2233.31953	1525.29972	 928.74426	        P1	
1846.17718	 611.57601	1217.04627	        P1	
1489.30003	1043.31954	2228.16256	        P1	
1365.71713	1082.63514	1877.56675	        P1	
 900.38969	1195.48551	 207.47445	        P1	
 210.59535	 854.02222	2021.71772	        P1	
 977.31374	1531.12423	 792.31565	        P1	
 485.50424	1186.02063	1311.25924	        P1	
1919.31808	 924.64470	1849.25133	        P1	
1076.93669	1134.32791	1021.41275	        P1	
1744.03213	 861.30290	1177.40472	        P1	
1505.69368	2118.67405	 100.39087	        P1	
  71.87985	 342.91941	 631.69026	        P1	
1849.96033	1892.24532	 880.86553	        P1	
 195.46275	 277.39341	1340.60426	        P1	
 639.35234	1276.30091	1467.76602	        P1	
 977.31374	2066.98133	1565.06794	        P1	
 447.67274	 174.00792	 147.75479	        P1	
1475.42848	1374.58991	 145.69545	        P1	
 488.02634	1935.92932	1523.36711	        P1	
1319.05829	 652.34773	 703.76578	        P1	
 522.07469	2242.44537	1431.21348	        P1	
 296.34675	 788.49622	 897.33995	        P1	
1054.23779	 295.59509	 769.66333	        P1	
 146.28180	 106.29772	1821.96565	        P1	
1479.21163	 160.90272	1981.04657	        P1	
1166.47124	 446.30489	 199.75207	        P1	
1064.32619	 668.36521	2230.22184	        P1	
 250.94895	  58.97340	 792.31565	        P1	
2221.97008	 557.69909	 843.79813	        P1	
 789.41729	 298.50733	1852.85515	        P1	
1838.61088	2096.83205	2224.04394	        P1	
1163.94914	1235.52915	1352.44526	        P1	
 191.67960	1571.16792	1422.97624	        P1	
2170.26703	1220.96783	1453.35094	        P1	
 146.28180	1201.31003	 866.45045	        P1	
2047.94518	1731.34256	1326.18919	        P1	
 124.84395	2186.38425	 335.15107	        P1	
1288.79309	2091.00753	2178.22450	        P1	
 411.10230	1025.11790	2011.42120	        P1	
 725.10374	  25.48232	1834.32145	        P1	
2206.83748	1195.48551	1435.33204	        P1	
 925.61069	1552.23815	1673.69605	        P1	
2113.51978	  17.47360	2199.33234	        P1	
 684.75014	2231.52437	 561.67408	        P1	
2179.09438	 276.66532	 207.98932	        P1	
 117.27765	1356.38823	 376.85189	        P1	
1955.88853	 112.85032	1723.11925	        P1	
 664.57334	1767.01784	2108.20832	        P1	
 146.28180	1913.35924	 162.16987	        P1	
 692.31644	1681.10596	2092.24877	        P1	
 817.16039	 958.13574	 726.93290	        P1	
 223.20585	 591.91821	 866.45045	        P1	
1983.63163	1552.96623	 871.08388	        P1	
1071.89249	1112.48591	 644.56086	        P1	
 268.60365	 200.21832	1276.76599	        P1	
1730.16058	 305.78801	1056.42087	        P1	
1448.94643	1734.98292	 312.49875	        P1	
1510.73788	1501.27351	1558.89004	        P1	
2195.48803	1734.98292	1523.36711	        P1	
  93.31770	2048.77965	2009.36192	        P1	
2018.94103	2138.33185	1712.82273	        P1	
1837.34983	1146.70503	1193.87914	        P1	
2046.68413	 868.58354	 938.52597	        P1	
1031.53889	 348.01589	1850.79581	        P1	
1648.19233	 207.49900	 693.46926	        P1	
 926.87174	 117.21872	 135.39899	        P1	
 566.21144	 738.98770	 374.27774	        P1	
 525.85784	1100.10874	 430.39371	        P1	
 298.86885	 144.88528	 324.85455	        P1	
 302.65200	 725.15442	1922.87132	        P1	
 824.72669	 117.94680	1601.62053	        P1	
 293.82465	1528.21195	1642.80655	        P1	
1890.31393	1561.70303	 117.38010	        P1	
1773.03628	 435.38389	1287.06245	        P1	
2237.10267	1140.15243	1978.47242	        P1	
1653.23653	1861.66652	 392.81144	        P1	
1411.11493	1896.61372	2219.92532	        P1	
1684.76278	 674.18973	 275.94621	        P1	
 832.29299	2115.76177	1011.11629	        P1	
 180.33015	  44.41208	 491.65784	        P1	
1740.24898	1977.42913	 860.78736	        P1	
 776.80679	 215.50772	 926.17017	        P1	
1073.15354	 967.60062	  49.42320	        P1	
1340.49614	 527.84833	1679.87395	        P1	
1288.79309	 636.33030	 757.30753	        P1	
1530.91468	1151.80151	 879.32106	        P1	
 268.60365	1333.09011	1101.72545	        P1	
 590.17139	 304.33189	1004.42353	        P1	
1128.63974	 162.35888	1405.98702	        P1	
1844.91613	 836.54862	 310.43947	        P1	
1527.13153	 516.19929	 695.52854	        P1	
1283.74889	1619.22032	 150.32888	        P1	
1736.46583	 900.61850	 491.65784	        P1	
1175.29859	1807.06152	 924.11083	        P1	
 655.74599	 947.94282	2015.53982	        P1	
 657.00704	 797.23302	 409.28586	        P1	
 957.13694	1965.05196	1320.01129	        P1	
1819.69513	1771.38624	2026.35115	        P1	
1658.28073	1015.65302	 623.96788	        P1	
1175.29859	 366.94561	  86.49060	        P1	
1329.14669	  27.66652	1148.57457	        P1	
2150.09023	1956.31516	1513.07066	        P1	
 253.47105	1435.01943	1502.77414	        P1	
1558.65778	1432.83523	2162.26494	        P1	
 493.07054	1057.88090	1002.87905	        P1	
1938.23383	 891.88170	 829.89786	        P1	
1597.75033	1682.56212	1202.11632	        P1	
2073.16618	 214.05160	 495.77646	        P1	
 677.18384	 738.98770	1021.41275	        P1	
 428.75700	1702.21992	 904.03266	        P1	
 534.68519	1543.50135	 722.29948	        P1	
1387.15498	1549.32592	1665.45881	        P1	
1967.23798	1601.74672	  14.41508	        P1	
1988.67583	   0.72808	 712.51776	        P1	
 716.27639	 321.80549	 368.09984	        P1	
2127.39133	 418.63833	  79.79789	        P1	
1707.46168	 231.52521	2046.42932	        P1	
1307.70884	 862.75902	 915.87365	        P1	
1499.38843	 361.84913	1951.70154	        P1	
2162.70073	2045.13933	 646.10534	        P1	
 264.82050	1789.58792	 862.33183	        P1	
2221.97008	1987.62204	 580.72258	        P1	
 949.57064	1860.21036	1605.73915	        P1	
1093.33034	 947.21474	1815.78775	        P1	
1842.39403	 803.05754	  73.61999	        P1	
 895.34549	1453.22111	  76.19408	        P1	
 477.93794	1864.57876	2141.67196	        P1	
1588.92298	1476.51923	  80.31270	        P1	
  18.91575	1608.29932	1776.66101	        P1	
 138.71550	1610.48352	2036.13280	        P1	
 540.99044	 370.58593	 858.21327	        P1	
1426.24753	1684.01824	 440.17536	        P1	
 311.47935	   0.72808	2147.33500	        P1	
 510.72524	1906.80664	 265.64969	        P1	
 942.00434	 163.81500	1081.13247	        P1	
 221.94480	 717.87373	 924.62570	        P1	
1901.66338	1061.52122	1947.58292	        P1	
 513.24734	 941.39022	1830.20283	        P1	
 849.94769	 331.99841	 383.02979	        P1	
1422.46438	1680.37792	1313.31852	        P1	
1369.50028	1833.27192	 706.33986	        P1	
2165.22283	 813.25050	 145.69545	        P1	
 717.53744	2174.73517	 957.05967	        P1	
 680.96699	 990.17070	1478.57734	        P1	
1076.93669	1460.50175	1425.03558	        P1	
 764.19629	  66.98212	  84.43132	        P1	
1317.79724	1346.19531	 113.26148	        P1	
 411.10230	1658.53592	 213.65235	        P1	
1446.42433	1183.10834	 110.68739	        P1	
 469.11059	 431.01549	1313.31852	        P1	
 213.11745	2193.66493	1832.26211	        P1	
2065.59988	2194.39297	 450.47188	        P1	
1524.60943	 146.34140	 605.43418	        P1	
1360.67293	 249.72689	 102.45015	        P1	
 450.19484	 139.06072	1247.42096	        P1	
2011.37473	1047.68794	1945.52364	        P1	
1160.16599	  97.56092	1049.72817	        P1	
 648.17969	 182.01669	 102.45015	        P1	
1581.35668	1667.27272	2133.43472	        P1	
 351.83295	1608.29932	 588.95976	        P1	
1462.81798	1365.85311	2040.76623	        P1	
1535.95888	1801.23696	 560.12961	        P1	
1730.16058	1327.99363	1694.28903	        P1	
 704.92694	1318.52875	1832.77697	        P1	
1979.84848	1686.20244	1558.37523	        P1	
1191.69224	1759.73716	 665.15390	        P1	
 861.29714	2096.10397	1900.73387	        P1	
 360.66030	1014.92494	 963.23757	        P1	
1704.93958	1413.90551	 539.53657	        P1	
 220.68375	 602.11113	 469.00558	        P1	
1406.07073	1097.19651	1107.90335	        P1	
 548.55674	 299.23541	 681.11346	        P1	
2060.55568	1738.62324	1317.43714	        P1	
 279.95310	1288.67803	1626.33213	        P1	
1870.13713	1381.14251	 318.67665	        P1	
 619.17554	 721.51410	2040.76623	        P1	
1745.29318	 129.59588	1163.50445	        P1	
2045.42308	1839.09644	 438.63089	        P1	
 694.83854	  70.62248	 576.60396	        P1	
 102.14505	2206.77013	2011.42120	        P1	
2066.86093	2097.56013	 300.14295	        P1	
 769.24049	2041.49896	1136.21877	        P1	
1131.16184	 479.79593	 302.20229	        P1	
 442.62855	1900.98212	1163.50445	        P1	
   2.52210	  59.70148	1904.85243	        P1	
1916.79598	1892.97336	1060.53949	        P1	
1728.89953	 238.07781	1754.52355	        P1	
 670.87859	1297.41483	 525.12149	        P1	
 350.57190	1565.34335	 691.40998	        P1	
 633.04709	 158.71852	 294.47991	        P1	
1826.00038	 819.80310	2232.28112	        P1	
1036.58309	1839.09644	1074.95457	        P1	
 520.81364	1941.75384	1939.86055	        P1	
 805.81094	 143.42912	 876.74697	        P1	
2237.10267	1702.21992	1745.77151	        P1	
  63.05250	2054.60416	 189.45562	        P1	
 914.26124	2225.69985	1019.35347	        P1	
1692.32908	 647.97933	1869.84437	        P1	
 973.53059	 508.19053	 574.02988	        P1	
2247.19107	1349.83563	1051.78745	        P1	
1134.94499	1428.46683	1057.96535	        P1	
1858.78768	1134.32791	 707.88434	        P1	
2107.21453	2136.87573	 380.45564	        P1	
1849.96033	  21.11392	2228.16256	        P1	
1849.96033	2048.05156	1085.25109	        P1	
1200.51959	1659.99204	 600.80076	        P1	
2110.99768	1514.37872	1733.41571	        P1	
1725.11638	 544.59389	 527.18077	        P1	
 723.84269	 323.26161	1785.41305	        P1	
1011.36209	 104.84160	1371.49376	        P1	
1503.17158	 451.40133	 178.64429	        P1	
1989.93688	 474.69949	 570.42606	        P1	
 779.32889	2051.69193	1226.82792	        P1	
1577.57353	 686.56690	1836.89553	        P1	
2194.22698	1987.62204	2194.69892	        P1	
