2007.00000	   0.00000	   0.00000	   0.00000	
1972.28218	2143.42833	 107.08358	        P1	
1372.02238	1858.02616	  10.29652	        P1	
 829.77089	 170.36760	 333.60659	        P1	
1693.59013	1633.05355	  10.29652	        P1	
 361.92135	 423.00673	1876.02227	        P1	
 204.29010	 779.03134	1933.16784	        P1	
1849.96033	 634.14610	1824.53973	        P1	
1349.32348	 270.84081	 298.08367	        P1	
1075.67564	 613.76021	1978.47242	        P1	
1404.80968	 514.01509	 768.11886	        P1	
1160.16599	 525.66413	 129.22109	        P1	
 103.40610	 947.94282	  26.25607	        P1	
2160.17863	1261.73955	 240.42329	        P1	
1471.64533	2004.36756	1531.60436	        P1	
 363.18240	1360.02855	1826.59907	        P1	
1728.89953	2193.66493	1262.35085	        P1	
1476.68953	 408.44541	1352.96006	        P1	
1156.38284	 377.86661	2236.39974	        P1	
1750.33738	1686.20244	1260.29157	        P1	
 625.48079	1716.78124	1230.94654	        P1	
 464.06639	1648.34296	 121.49872	        P1	
1218.17429	 342.19133	1055.90607	        P1	
2000.02528	2130.32313	 689.35064	        P1	
1799.51833	 200.21832	1245.87649	        P1	
1162.68809	1265.37991	 496.29127	        P1	
1969.76008	 818.34694	 696.04340	        P1	
1093.33034	 977.79354	1105.32927	        P1	
1407.33178	 251.91109	1115.62572	        P1	
1567.48513	 714.23342	1916.69342	        P1	
 505.68104	2157.26157	1815.78775	        P1	
1247.17844	 973.42514	 541.59591	        P1	
 189.15750	 792.13654	1536.23778	        P1	
 992.44634	2212.59465	 884.98415	        P1	
2131.17448	2152.16513	  22.13745	        P1	
2097.12613	 319.62129	 837.62023	        P1	
 499.37579	2093.91977	 147.75479	        P1	
1382.11078	1405.16871	1503.28894	        P1	
  18.91575	 302.14769	 415.97857	        P1	
 442.62855	1844.19292	2121.07892	        P1	
1219.43534	1129.23143	1027.07585	        P1	
1187.90909	1563.88723	 600.80076	        P1	
 967.22534	1073.89834	1659.79578	        P1	
1331.66879	 883.87294	1859.03305	        P1	
1005.05684	1678.19372	 125.61728	        P1	
 793.20044	1255.91503	 915.87365	        P1	
1155.12179	 385.87533	1381.79028	        P1	
1636.84288	 709.13693	1610.37258	        P1	
1045.41044	  89.55220	  20.07817	        P1	
 617.91449	1025.11790	 905.57713	        P1	
 735.19214	1635.96584	 586.90048	        P1	
 885.25709	1721.14964	 464.88696	        P1	
1070.63144	1030.21434	1974.86867	        P1	
1023.97259	2015.28856	 518.42878	        P1	
1853.74348	 170.36760	1278.82527	        P1	
 138.71550	1493.99283	1027.07585	        P1	
1432.55278	 985.80230	1262.35085	        P1	
1901.66338	1869.67524	1416.28354	        P1	
 235.81635	  21.11392	 641.98678	        P1	
1557.39673	1860.21036	2135.49406	        P1	
 740.23634	 896.25010	 250.71975	        P1	
1153.86074	 848.19770	2246.18140	        P1	
2198.01013	 402.62089	 318.67665	        P1	
1503.17158	1610.48352	1960.45353	        P1	
1442.64118	1000.36362	1904.33762	        P1	
1554.87463	2094.64785	 335.15107	        P1	
1351.84558	1687.65856	 456.64978	        P1	
2247.19107	1434.29135	 592.56358	        P1	
2025.24628	1611.93964	2145.27572	        P1	
1679.71858	 230.06909	 323.31007	        P1	
1419.94228	 397.52441	 253.29389	        P1	
1581.35668	  88.82412	1871.38885	        P1	
1841.13298	  37.85948	 411.34514	        P1	
 596.47664	1663.63236	1092.97347	        P1	
1398.50443	 986.53034	1797.25405	        P1	
1971.02113	1682.56212	1583.60164	        P1	
1239.61214	1555.87852	2053.12203	        P1	
 326.61195	 264.28821	2088.13015	        P1	
2090.82088	1823.07896	 135.39899	        P1	
  63.05250	1159.08214	1191.81986	        P1	
 756.62999	1226.06431	 374.27774	        P1	
 880.21289	 572.26041	2176.16522	        P1	
1042.88834	 223.51649	1961.99800	        P1	
 127.36605	  93.92060	1933.68265	        P1	
 997.49054	1941.75384	 514.31016	        P1	
1456.51273	 479.79593	2180.28384	        P1	
2234.58058	 891.15362	1657.22163	        P1	
1252.22264	1769.93012	 613.67136	        P1	
2200.53223	1900.98212	1064.65805	        P1	
 129.88815	 444.84873	 207.98932	        P1	
  81.96825	 970.51290	 324.85455	        P1	
1622.97133	2125.22665	 662.57976	        P1	
 633.04709	1510.01031	 564.24816	        P1	
1605.31663	 286.13021	1081.13247	        P1	
1523.34838	1424.09843	2231.76632	        P1	
1269.87734	1341.82691	1694.80383	        P1	
1807.08463	 782.67170	  59.20485	        P1	
 538.46834	 307.97221	1062.59877	        P1	
 426.23490	 630.50573	 115.32082	        P1	
 548.55674	 112.85032	1684.50738	        P1	
 460.28324	 929.74114	1350.90079	        P1	
1103.41874	2065.52516	1846.67725	        P1	
1308.96989	1683.29016	2019.65844	        P1	
  93.31770	 752.82094	1883.74465	        P1	
  65.57460	1670.18496	 214.16722	        P1	
1102.15769	 209.68320	1587.72026	        P1	
 240.86055	1592.28184	1694.28903	        P1	
 981.09689	 876.59230	1127.98152	        P1	
 952.09274	  80.81540	1179.97887	        P1	
1780.60258	1198.39775	1814.24327	        P1	
2022.72418	 808.15402	1132.10015	        P1	
2203.05433	1579.17664	1964.57215	        P1	
2032.81258	 741.17190	1554.25661	        P1	
1208.08589	1156.16991	2215.29190	        P1	
 460.28324	1110.30171	 440.69017	        P1	
 337.96140	 414.99801	2163.80942	        P1	
2147.56813	1726.24612	1399.80912	        P1	
 616.65344	1245.72211	2011.42120	        P1	
1592.70613	 618.12861	  88.03507	        P1	
1210.60799	 128.13972	 852.03537	        P1	
 971.00849	 895.52202	1377.67166	        P1	
2243.40792	1982.52556	1616.55048	        P1	
 450.19484	1053.51250	1931.10850	        P1	
1649.45338	1089.18774	 479.81691	        P1	
1684.76278	1824.53512	1317.95194	        P1	
 715.01534	1437.93171	1894.04110	        P1	
 442.62855	2224.24373	 553.43684	        P1	
 764.19629	1115.39814	  41.18602	        P1	
1955.88853	 635.60221	1359.13796	        P1	
1099.63559	1140.15243	2057.24065	        P1	
1721.33323	1346.19531	 959.63375	        P1	
 493.07054	1790.31596	1116.14059	        P1	
 407.31915	  28.39460	2069.59645	        P1	
 573.77774	1631.59744	 339.78449	        P1	
2208.09853	 626.86541	1595.44263	        P1	
 559.90619	1030.94242	 137.45827	        P1	
 422.45175	 207.49900	1842.55863	        P1	
 250.94895	 912.26754	 536.96248	        P1	
2152.61233	 950.12702	1175.34544	        P1	
 216.90060	1936.65736	1252.05439	        P1	
2078.21038	2045.86736	 733.11080	        P1	
1310.23094	   2.18420	2040.25142	        P1	
 861.29714	1368.03731	1521.82264	        P1	
1658.28073	 404.07701	1272.64737	        P1	
 320.30670	2121.58633	1887.86320	        P1	
 764.19629	1748.81616	 683.68760	        P1	
 698.62169	1498.36123	1322.07057	        P1	
1718.81113	1436.47555	1357.07869	        P1	
1288.79309	2219.14725	1453.35094	        P1	
 535.94624	1877.68396	1134.67429	        P1	
 564.95039	2098.28817	 963.23757	        P1	
1544.78623	2043.68316	2174.10594	        P1	
2227.01428	 394.61213	1729.29715	        P1	
1205.56379	1955.58712	1077.01385	        P1	
1527.13153	 267.20049	 207.47445	        P1	
 583.86614	 293.41089	1280.88455	        P1	
  56.74725	  85.18380	2217.86604	        P1	
 981.09689	 795.04882	1464.16226	        P1	
 418.66860	 564.97973	2221.98466	        P1	
1022.71154	1590.82572	1461.58812	        P1	
1141.25024	1574.80823	 489.59856	        P1	
 852.46979	 394.61213	1122.31849	        P1	
 988.66319	 672.73361	1198.51257	        P1	
2102.17033	1461.22983	 525.12149	        P1	
 223.20585	 787.04010	2233.82560	        P1	
1669.63018	1409.53711	  22.13745	        P1	
 232.03320	 417.91029	 627.57164	        P1	
1808.34568	1153.25763	 724.35876	        P1	
  35.30940	2021.11313	1492.47761	        P1	
1321.58039	 231.52521	1766.87935	        P1	
1103.41874	1826.71932	2139.61262	        P1	
 986.14109	 773.20682	 834.01648	        P1	
2110.99768	 336.36681	2088.13015	        P1	
 959.65904	1758.28104	1817.84703	        P1	
2055.51148	 346.55973	 221.88959	        P1	
 282.47520	 148.52560	1959.93872	        P1	
 984.88004	2107.75305	1298.90344	        P1	
  60.53040	 250.45492	1042.00579	        P1	
1453.99063	1557.33463	 858.72808	        P1	
1208.08589	2188.56845	 471.06486	        P1	
 728.88689	1617.76415	1846.67725	        P1	
1954.62748	1748.81616	 425.76028	        P1	
1259.78894	1598.10635	 232.70091	        P1	
 423.71280	1418.27391	 287.78715	        P1	
 839.85929	  82.99960	1039.43165	        P1	
 886.51814	1896.61372	 201.29655	        P1	
2162.70073	1459.77371	2009.87673	        P1	
 994.96844	 977.79354	1190.27539	        P1	
1779.34153	 897.70622	1105.84407	        P1	
1765.46998	2028.39376	1560.94938	        P1	
 119.79975	2225.69985	  86.49060	        P1	
 360.66030	 640.69870	1898.67453	        P1	
 959.65904	1536.94875	 850.49090	        P1	
1457.77378	2175.46325	 352.14029	        P1	
1654.49758	 398.98053	  48.90839	        P1	
 242.12160	 273.75309	 415.97857	        P1	
 931.91594	1411.72131	 670.81694	        P1	
1291.31519	1951.21872	1614.49114	        P1	
1505.69368	2232.25245	1922.87132	        P1	
 518.29154	1870.40332	 100.90568	        P1	
1563.70198	 116.49068	2097.91180	        P1	
 366.96555	  37.13140	2231.76632	        P1	
 939.48224	 782.67170	1307.14062	        P1	
 667.09544	1692.75504	1002.36425	        P1	
1858.78768	 524.20801	1082.67695	        P1	
1857.52663	1213.68715	1721.57478	        P1	
 881.47394	2131.05117	 388.69289	        P1	
 133.67130	 773.20682	1681.93323	        P1	
2172.78913	1956.31516	1994.94684	        P1	
 828.50984	  21.11392	1389.51266	        P1	
 204.29010	 589.73401	1130.55567	        P1	
 539.72939	 598.47081	1107.38855	        P1	
1484.25583	1962.13972	 273.88687	        P1	
1568.74618	1574.08015	 475.18348	        P1	
2186.66068	 591.19013	 220.34512	        P1	
 694.83854	 200.21832	 485.99481	        P1	
 378.31500	 173.27989	 967.35613	        P1	
1383.37183	 955.95154	2135.49406	        P1	
2131.17448	2048.77965	1754.52355	        P1	
1160.16599	 355.29653	1772.54245	        P1	
1424.98648	1651.25524	 593.07838	        P1	
2194.22698	1228.97655	1871.38885	        P1	
1572.52933	1887.87692	1330.30774	        P1	
 586.38824	1137.96823	 994.64187	        P1	
1322.84144	1285.03771	2190.58030	        P1	
1849.96033	2208.22625	 662.57976	        P1	
 704.92694	1127.77531	2005.24330	        P1	
1675.93543	2176.19133	1375.09752	        P1	
2189.18278	 176.19212	 203.35589	        P1	
 307.69620	1815.79832	 893.22133	        P1	
1692.32908	  82.99960	   7.72237	        P1	
 479.19899	1268.29215	1642.80655	        P1	
2204.31538	 894.06590	2147.33500	        P1	
2156.39548	 693.11950	2190.58030	        P1	
1195.47539	  42.22788	1892.49663	        P1	
1031.53889	2026.93764	1346.78216	        P1	
1923.10123	 293.41089	 744.95173	        P1	
 952.09274	1599.56252	 904.03266	        P1	
2198.01013	  40.04368	2003.69883	        P1	
1254.74474	1238.44143	 376.85189	        P1	
2006.33053	 427.37513	 382.51499	        P1	
 551.07884	 415.72609	1449.23232	        P1	
 977.31374	2246.08573	1140.33732	        P1	
1587.66193	1359.30051	1220.65002	        P1	
 419.92965	 737.53153	  72.07552	        P1	
 336.70035	1085.54742	1742.16775	        P1	
1523.34838	 649.43550	 706.33986	        P1	
 942.00434	1619.94835	1746.28638	        P1	
2017.67998	 422.27869	 971.98955	        P1	
  75.66300	1556.60655	1476.00326	        P1	
 276.16995	1916.99956	 456.64978	        P1	
1167.73229	 829.99602	1291.18107	        P1	
 373.27080	2155.07737	 708.39920	        P1	
1303.92569	1834.72804	1187.70124	        P1	
 733.93109	 872.22390	2097.91180	        P1	
 606.56504	 436.11193	 765.54478	        P1	
1989.93688	  14.56132	 827.32377	        P1	
1597.75033	 921.00434	 672.87628	        P1	
1650.71443	1882.05236	1721.57478	        P1	
1831.04458	 374.22629	1585.14611	        P1	
1379.58868	1081.90711	 971.98955	        P1	
1904.18548	1636.69392	 304.77637	        P1	
2059.29463	1142.33663	  61.77900	        P1	
1679.71858	  91.73640	  92.66850	        P1	
 283.73625	 267.20049	1832.26211	        P1	
2034.07363	2032.03413	1441.50994	        P1	
1080.71984	1382.59863	1323.61504	        P1	
1974.80428	1090.64391	1095.54755	        P1	
1957.14958	2019.65696	 263.59041	        P1	
1965.97693	1405.89675	1296.84416	        P1	
  42.87570	 155.80628	1497.11104	        P1	
2174.05018	1435.74751	1653.10301	        P1	
 226.98900	2222.05953	 720.24014	        P1	
 404.79705	1478.70343	1756.06803	        P1	
 259.77630	2072.07776	 289.84649	        P1	
 252.21000	 742.62802	1371.49376	        P1	
 949.57064	 152.16592	 487.53928	        P1	
  93.31770	 563.52361	 766.05958	        P1	
1232.04584	1408.80903	  55.60110	        P1	
  97.10085	2199.48945	 278.00549	        P1	
2191.70488	 729.52282	 685.74688	        P1	
 329.13405	1037.49502	2020.17325	        P1	
 554.86199	 716.41762	1649.49926	        P1	
1242.13424	1005.46010	1517.18921	        P1	
1938.23383	 987.98650	1405.98702	        P1	
1073.15354	 996.72330	 366.55537	        P1	
1921.84018	1384.78283	2119.01964	        P1	
 409.84125	 281.76181	1002.36425	        P1	
 177.80805	 436.11193	1981.04657	        P1	
1829.78353	1347.65143	 366.04057	        P1	
2238.36372	1933.01704	1649.49926	        P1	
 534.68519	1148.88923	1303.53687	        P1	
1423.72543	  79.35928	 219.83025	        P1	
 162.67545	 283.21792	1766.36455	        P1	
 672.13964	1242.80983	 772.23748	        P1	
 969.74744	1104.47714	 709.94368	        P1	
2117.30293	 206.04289	 292.42057	        P1	
 770.50154	1069.52994	 356.25891	        P1	
 740.23634	1841.28064	1964.57215	        P1	
 619.17554	1692.75504	  55.60110	        P1	
  73.14090	 240.26201	1803.94675	        P1	
1315.27514	  25.48232	1147.03009	        P1	
 215.63955	1105.93331	2232.28112	        P1	
1353.10663	1049.14410	1923.38613	        P1	
 833.55404	 996.72330	 749.58516	        P1	
 626.74184	1149.61731	1863.15161	        P1	
  22.69890	 461.59429	 663.09456	        P1	
1298.88149	 349.47201	 413.91929	        P1	
 117.27765	 859.84674	1375.61238	        P1	
 152.58705	1864.57876	 296.02439	        P1	
1709.98378	 652.34773	 133.85452	        P1	
 401.01390	 250.45492	1357.07869	        P1	
 339.22245	1861.66652	2096.36732	        P1	
1021.45049	1987.62204	1859.54785	        P1	
2103.43138	1170.73123	1298.90344	        P1	
1088.28614	2227.15597	 166.28849	        P1	
1426.24753	2021.84116	  42.73049	        P1	
1093.33034	 679.28622	 716.63638	        P1	
1823.47828	 693.11950	1645.38064	        P1	
 852.46979	 729.52282	 742.89246	        P1	
 808.33304	2215.50693	1356.56382	        P1	
1112.24609	2096.83205	1074.95457	        P1	
1117.29029	  43.68400	 934.40735	        P1	
1634.32078	  64.06988	 145.69545	        P1	
2209.35958	 754.27710	1886.31873	        P1	
1356.88978	1300.32711	1954.27563	        P1	
1110.98504	1429.19491	 244.54185	        P1	
1931.92858	1900.25404	 199.23727	        P1	
1587.66193	 880.23262	2046.42932	        P1	
2094.60403	1391.33543	1453.35094	        P1	
 412.36335	1651.98332	 242.99737	        P1	
1166.47124	1602.47475	1099.15137	        P1	
1453.99063	 996.72330	1974.35380	        P1	
1651.97548	 540.22549	 738.77383	        P1	
1199.25854	 401.16473	 258.95699	        P1	
 117.27765	1732.07064	1309.71477	        P1	
 955.87589	 765.92614	 331.54731	        P1	
 422.45175	1303.96743	 217.77097	        P1	
1002.53474	 977.79354	 875.20250	        P1	
 152.58705	1635.96584	1842.55863	        P1	
1083.24194	1989.80624	1902.79315	        P1	
1187.90909	 302.87573	1326.18919	        P1	
 665.83439	 398.98053	2192.63964	        P1	
 673.40069	 761.55774	1184.09749	        P1	
2126.13028	  23.29812	 455.10531	        P1	
2108.47558	 857.66254	1814.24327	        P1	
1162.68809	2015.28856	1729.29715	        P1	
 413.62440	1808.51764	 982.28607	        P1	
 515.76944	 297.77929	1931.10850	        P1	
 649.44074	1752.45652	2244.63692	        P1	
1432.55278	1051.32830	 244.54185	        P1	
1071.89249	2128.86697	 146.21032	        P1	
1489.30003	 791.40850	1010.60143	        P1	
1271.13839	1847.83324	   6.17790	        P1	
1244.65634	1318.52875	1123.86297	        P1	
1997.50318	1469.23855	 178.64429	        P1	
 276.16995	1734.98292	1807.55051	        P1	
2065.59988	1135.78403	1632.51003	        P1	
 583.86614	1356.38823	1600.07606	        P1	
 503.15894	  79.35928	 670.81694	        P1	
 784.37309	 809.61014	 936.98150	        P1	
2158.91758	1239.16951	1424.52072	        P1	
 230.77215	 740.44382	 759.88168	        P1	
 491.80949	 741.17190	 422.15647	        P1	
1297.62044	1749.54424	 556.01099	        P1	
1319.05829	   7.28068	2164.32422	        P1	
2034.07363	1608.29932	1548.07871	        P1	
 708.71009	2013.83244	1470.34016	        P1	
1046.67149	1542.04523	1124.37777	        P1	
1146.29444	2030.57796	 696.04340	        P1	
1168.99334	1531.12423	2075.77435	        P1	
1322.84144	2100.47237	 333.09179	        P1	
 968.48639	1112.48591	2071.65573	        P1	
1283.74889	 484.89241	1050.24297	        P1	
1416.15913	 178.37632	1894.55597	        P1	
1781.86363	1691.29892	 941.10005	        P1	
 533.42414	1764.10556	 535.41801	        P1	
1828.52248	 413.54189	1138.79285	        P1	
 464.06639	 701.85630	 800.55283	        P1	
1052.97674	 771.02262	1076.49905	        P1	
2089.55983	1199.12583	 895.79548	        P1	
1525.87048	 650.89161	 963.75237	        P1	
1070.63144	2072.80585	  94.21297	        P1	
1593.96718	 809.61014	 506.07298	        P1	
1349.32348	 870.76774	1103.78479	        P1	
1186.64804	1483.07183	 951.39657	        P1	
1915.53493	 894.79394	1976.41314	        P1	
 750.32474	 363.30529	1313.31852	        P1	
 843.64244	 527.84833	  92.15369	        P1	
 250.94895	 500.18181	 920.50708	        P1	
 779.32889	 879.50454	 967.87100	        P1	
 913.00019	 333.45453	1074.43977	        P1	
 322.82880	1834.72804	 347.50687	        P1	
1383.37183	 840.91702	1878.08155	        P1	
 610.34819	1728.43032	1313.31852	        P1	
 387.14235	1366.58115	 961.69310	        P1	
2167.74493	 536.58513	1896.10045	        P1	
 702.40484	 309.42833	1147.03009	        P1	
1523.34838	  10.19292	2240.51836	        P1	
 360.66030	1341.09883	1984.65032	        P1	
1986.15373	2128.13893	 911.75503	        P1	
2069.38303	 546.77809	 763.48543	        P1	
1515.78208	 128.13972	 734.65528	        P1	
 571.25564	1059.33702	1768.42383	        P1	
 887.77919	1783.76336	 839.67957	        P1	
 127.36605	 436.11193	 660.52048	        P1	
1290.05414	2091.73556	 584.84121	        P1	
1472.90638	  48.05240	 308.89499	        P1	
1510.73788	 155.80628	  88.54988	        P1	
1934.45068	2197.30525	2244.12212	        P1	
1064.32619	1084.81934	 504.52851	        P1	
 210.59535	2222.78757	1605.73915	        P1	
1493.08318	1342.55495	1506.89276	        P1	
 524.59679	1479.43151	1813.72841	        P1	
1470.38428	 514.01509	 712.51776	        P1	
2105.95348	 179.10440	1927.50475	        P1	
 805.81094	 130.32392	1809.60985	        P1	
 587.64929	1488.16831	 348.02167	        P1	
 595.21559	 116.49068	 405.16724	        P1	
 609.08714	 931.19730	 559.61474	        P1	
 134.93235	1790.31596	2161.75014	        P1	
1665.84703	2238.80505	 983.83055	        P1	
 532.16309	1735.71096	1184.09749	        P1	
1573.79038	1769.20204	 302.71709	        P1	
1955.88853	 771.02262	1335.97084	        P1	
 609.08714	  12.37712	1815.78775	        P1	
2087.03773	 331.27033	1920.81205	        P1	
 596.47664	 610.84793	2110.78247	        P1	
1432.55278	 997.45134	 277.49069	        P1	
1443.90223	1124.86302	2088.13015	        P1	
1747.81528	 228.61292	 963.23757	        P1	
1383.37183	 779.75942	1786.95753	        P1	
1592.70613	2149.98093	1961.99800	        P1	
 355.61610	 369.85789	 934.92215	        P1	
1445.16328	 362.57721	 216.22649	        P1	
 669.61754	1057.88090	1997.52093	        P1	
1832.30563	 128.86780	2231.76632	        P1	
 384.62025	1327.26555	 617.27518	        P1	
1131.16184	1060.79314	 356.25891	        P1	
1107.20189	2160.90193	1985.16513	        P1	
1575.05143	1609.75544	1593.89816	        P1	
1604.05558	 263.56012	 623.45308	        P1	
 880.21289	1397.88803	 679.56898	        P1	
 883.99604	1967.96424	1056.42087	        P1	
  74.40195	2211.13853	1022.95723	        P1	
 257.25420	1354.20403	1841.01415	        P1	
1498.12738	1671.64112	  76.19408	        P1	
1513.25998	1571.16792	 398.98934	        P1	
1532.17573	 328.35809	1368.91962	        P1	
2179.09438	 384.41921	1471.88464	        P1	
1394.72128	1285.76575	1066.71739	        P1	
 887.77919	1884.23656	2061.35927	        P1	
1896.61918	 637.78641	 611.61208	        P1	
1445.16328	 489.26081	1280.36974	        P1	
2087.03773	1717.50932	 588.95976	        P1	
1427.50858	 662.54070	  65.38275	        P1	
  83.22930	1460.50175	 343.90311	        P1	
 677.18384	1490.35251	 181.21837	        P1	
1453.99063	 337.09489	1867.78503	        P1	
1032.79994	2018.92893	 744.95173	        P1	
1006.31789	1852.20164	 489.59856	        P1	
1191.69224	2064.06905	2040.25142	        P1	
1305.18674	 230.79712	1931.62337	        P1	
1553.61358	 342.19133	2167.92804	        P1	
  95.83980	1968.69233	1325.67432	        P1	
 174.02490	 224.24452	1443.56928	        P1	
1312.75304	 270.11272	1803.43195	        P1	
  31.52625	 160.90272	1982.59104	        P1	
2070.64408	 398.98053	1004.93839	        P1	
1901.66338	 607.20761	1525.94126	        P1	
 683.48909	 358.20881	1995.46165	        P1	
 267.34260	1077.53871	 491.65784	        P1	
1704.93958	1078.99482	 279.54997	        P1	
1578.83458	 647.97933	1445.11376	        P1	
1017.66734	 572.98849	 576.60396	        P1	
 691.05539	  82.99960	1587.72026	        P1	
 346.78875	1531.12423	1824.02493	        P1	
2169.00598	1338.18655	2124.68274	        P1	
1286.27099	2016.74473	 181.21837	        P1	
2065.59988	1301.78323	 871.08388	        P1	
1886.53078	1274.11671	  39.12668	        P1	
1277.44364	 606.47953	 394.87079	        P1	
 283.73625	1729.15836	 121.49872	        P1	
1061.80409	1828.90352	1300.96272	        P1	
2105.95348	  56.78920	1593.89816	        P1	
 518.29154	2132.50733	1305.59615	        P1	
1617.92713	 200.21832	1869.84437	        P1	
 248.42685	1793.22824	 710.45848	        P1	
1490.56108	 838.73282	1847.19205	        P1	
1232.04584	 506.00633	 677.50970	        P1	
1862.57083	1480.15955	1000.30497	        P1	
 538.46834	 347.28781	 512.76569	        P1	
2079.47143	1319.98491	1595.95744	        P1	
 551.07884	  19.65780	1315.89267	        P1	
2206.83748	 551.87453	1332.36709	        P1	
 262.29840	 480.52401	 471.06486	        P1	
1098.37454	1381.14251	 411.34514	        P1	
1525.87048	 659.62841	  57.14557	        P1	
 199.24590	1387.69511	 570.42606	        P1	
 785.63414	 944.30250	1924.93060	        P1	
1211.86904	 312.34061	 117.38010	        P1	
 600.25979	1290.13415	 357.80339	        P1	
1423.72543	2208.22625	 261.01627	        P1	
2054.25043	2151.43705	 446.35326	        P1	
1839.87193	1944.66612	1682.44804	        P1	
1044.14939	 189.29732	1210.35356	        P1	
1848.69928	 506.73441	1346.78216	        P1	
1279.96574	1903.89436	 671.33180	        P1	
1477.95058	2114.30565	2145.27572	        P1	
1660.80283	1713.14092	1795.19471	        P1	
 653.22389	 133.96428	 934.92215	        P1	
1438.85803	1129.23143	 222.40439	        P1	
1185.38699	 514.01509	 959.63375	        P1	
1029.01679	 812.52242	 508.13226	        P1	
1167.73229	1783.76336	 442.74951	        P1	
1045.41044	1611.21155	 258.95699	        P1	
2238.36372	 402.62089	 249.17527	        P1	
 857.51399	 103.38548	 652.28324	        P1	
 539.72939	  33.49108	1781.29443	        P1	
 411.10230	 362.57721	1550.65286	        P1	
 317.78460	1093.55614	 442.74951	        P1	
1295.09834	1831.08772	 998.24563	        P1	
  11.34945	1279.21315	1511.52618	        P1	
 179.06910	1036.76694	1191.81986	        P1	
 321.56775	2082.99876	1766.36455	        P1	
 311.47935	 270.11272	1062.08397	        P1	
1100.89664	1654.89556	1882.20017	        P1	
 354.35505	 805.96982	1649.49926	        P1	
1161.42704	1908.26276	1554.77148	        P1	
 174.02490	 497.99761	 106.56877	        P1	
 799.50569	 652.34773	 275.94621	        P1	
 981.09689	1600.29055	1425.03558	        P1	
2068.12198	 350.92813	1420.40216	        P1	
1475.42848	 285.40213	1542.41568	        P1	
1928.14543	 661.81261	 520.48806	        P1	
 965.96429	 331.99841	1278.82527	        P1	
 358.13820	 815.43470	 491.65784	        P1	
1484.25583	2104.84077	1455.92508	        P1	
 455.23904	 144.88528	 113.26148	        P1	
 586.38824	 411.35769	 817.54206	        P1	
 793.20044	1354.93211	1999.06540	        P1	
2035.33468	1355.66015	   5.66310	        P1	
1150.07759	1808.51764	1762.24593	        P1	
 474.15479	1670.18496	1326.18919	        P1	
1306.44779	2010.92016	1327.73366	        P1	
 457.76114	 635.60221	 735.17008	        P1	
 657.00704	 702.58433	 578.66331	        P1	
1058.02094	1103.02102	 137.45827	        P1	
 374.53185	  45.86820	1563.00866	        P1	
1486.77793	2024.75344	 489.59856	        P1	
1916.79598	1712.41284	2064.96302	        P1	
 192.94065	  44.41208	 280.06477	        P1	
 496.85369	1553.69432	 372.73327	        P1	
1235.82899	1514.37872	 355.74404	        P1	
1889.05288	1394.97575	 140.03242	        P1	
 653.22389	2130.32313	2079.37810	        P1	
1401.02653	1148.16114	1795.70957	        P1	
 446.41170	 781.94362	2032.52905	        P1	
 133.67130	2002.18336	 177.09982	        P1	
 263.55945	 549.69033	1537.78226	        P1	
 301.39095	 708.40890	1603.67981	        P1	
1723.85533	2177.64745	1482.69596	        P1	
  17.65470	1357.11631	1670.09224	        P1	
 955.87589	1055.69670	1980.53170	        P1	
 587.64929	 260.64789	1317.95194	        P1	
 435.06225	 760.82970	1375.09752	        P1	
  41.61465	1858.75424	 821.66068	        P1	
  29.00415	1091.37194	 831.95720	        P1	
 940.74329	 436.84001	1805.49123	        P1	
1179.08174	  58.97340	1488.87386	        P1	
1884.00868	1205.67843	1427.09486	        P1	
 166.45860	1962.86776	1432.75796	        P1	
2097.12613	 277.39341	1286.54764	        P1	
 987.40214	 283.21792	1513.07066	        P1	
1593.96718	 442.66453	1803.43195	        P1	
1366.97818	1620.67644	1748.34565	        P1	
 489.28739	 901.34654	1542.41568	        P1	
 412.36335	1599.56252	1165.04892	        P1	
1187.90909	  11.64908	1813.72841	        P1	
1648.19233	 584.63753	1363.25659	        P1	
 770.50154	 123.04328	2073.20020	        P1	
 904.17284	 612.30409	2114.90102	        P1	
 825.98774	1203.49423	  67.95690	        P1	
1571.26828	1150.34534	1900.73387	        P1	
1994.98108	 553.33069	 578.14844	        P1	
1023.97259	 569.34813	2161.75014	        P1	
1496.86633	  79.35928	1504.83341	        P1	
1457.77378	 947.94282	1465.70674	        P1	
1256.00579	1262.46763	1749.89013	        P1	
  84.49035	1253.00275	1933.16784	        P1	
 764.19629	 735.34734	 757.82240	        P1	
 314.00145	 808.88210	 786.65256	        P1	
1582.61773	1829.63156	1462.10298	        P1	
1619.18818	1454.67723	1805.49123	        P1	
1234.56794	1011.28462	  57.14557	        P1	
2129.91343	1063.70542	1383.84956	        P1	
2006.33053	1338.91463	1558.37523	        P1	
1360.67293	1072.44222	 674.93556	        P1	
 651.96284	1180.19611	1299.41825	        P1	
1856.26558	2121.58633	 514.82497	        P1	
1456.51273	 485.62049	2219.92532	        P1	
 205.55115	 921.00434	 331.54731	        P1	
 848.68664	 712.77730	2128.80130	        P1	
 467.84954	1388.42315	 598.74148	        P1	
 648.17969	1785.21952	1052.30225	        P1	
1023.97259	1263.92375	2240.51836	        P1	
1860.04873	1605.38704	1649.49926	        P1	
  69.35775	1174.37154	  11.84100	        P1	
 721.32059	1196.94163	2230.22184	        P1	
1001.27369	 802.32950	2127.25682	        P1	
1413.63703	1455.40531	1856.97371	        P1	
 793.20044	 960.31994	1025.01657	        P1	
 569.99459	1368.76535	1943.97917	        P1	
 124.84395	1621.40452	 693.98406	        P1	
 262.29840	1472.15083	 518.94359	        P1	
 340.48350	1840.55256	 794.88980	        P1	
1509.47683	 993.81102	1051.78745	        P1	
 508.20314	1759.73716	1383.33476	        P1	
 146.28180	1964.32393	1999.06540	        P1	
 344.26665	 322.53353	1270.58809	        P1	
1679.71858	1683.29016	 146.21032	        P1	
 735.19214	1481.61571	1084.73623	        P1	
2029.02943	 864.21514	1815.78775	        P1	
 527.11889	1946.85032	2196.75820	        P1	
 186.63540	 589.73401	1966.11662	        P1	
2113.51978	 604.29533	 572.48541	        P1	
 314.00145	1056.42474	 975.59337	        P1	
1967.23798	1307.60775	1863.66647	        P1	
1155.12179	 355.29653	1457.46956	        P1	
1989.93688	 917.36402	 205.41517	        P1	
2016.41893	 287.58632	1723.11925	        P1	
 508.20314	1404.44063	 370.67399	        P1	
 779.32889	 629.04961	2194.69892	        P1	
2214.40378	  23.29812	  78.25342	        P1	
1003.79579	1399.34415	 913.81437	        P1	
 412.36335	1734.98292	1175.86025	        P1	
 947.04854	2120.85825	1286.54764	        P1	
 766.71839	1030.94242	1637.14346	        P1	
 957.13694	1851.47356	1692.22975	        P1	
 138.71550	 774.66294	 648.16468	        P1	
 271.12575	1036.03890	 250.71975	        P1	
1577.57353	1475.79115	1301.47759	        P1	
1646.93128	 672.73361	1774.60173	        P1	
2076.94933	1046.23182	2038.70695	        P1	
1295.09834	 258.46369	1249.99505	        P1	
 419.92965	 912.26754	 238.87881	        P1	
 773.02364	1619.94835	 189.45562	        P1	
1422.46438	1127.04723	1229.40207	        P1	
 696.09959	 509.64669	1911.03033	        P1	
 533.42414	 530.76061	  94.21297	        P1	
 998.75159	1565.34335	 862.84670	        P1	
2079.47143	 593.37433	2086.07087	        P1	
1498.12738	 729.52282	 333.60659	        P1	
1373.28343	1181.65223	1922.87132	        P1	
  52.96410	1201.31003	1218.59074	        P1	
1643.14813	1925.73636	 127.67662	        P1	
 122.32185	 460.86621	1013.17557	        P1	
1404.80968	1249.36243	 335.15107	        P1	
 813.37724	2005.82373	1985.16513	        P1	
1339.23509	1942.48192	2003.69883	        P1	
 573.77774	1199.12583	1408.56116	        P1	
 330.39510	 618.85670	2184.40240	        P1	
 302.65200	   2.91228	1849.25133	        P1	
 716.27639	2029.84993	 559.61474	        P1	
2031.55153	 554.05873	1857.48857	        P1	
2064.33883	 862.75902	 613.15656	        P1	
 653.22389	2152.16513	 683.17274	        P1	
1501.91053	1100.10874	 104.50949	        P1	
1276.18259	 155.80628	1801.37261	        P1	
 542.25149	1594.46604	2003.18402	        P1	
1472.90638	 912.99562	2168.44284	        P1	
1600.27243	1110.30171	 232.18605	        P1	
 319.04565	 766.65422	1186.15677	        P1	
1725.11638	 286.85829	1158.87102	        P1	
1847.43823	 184.20089	 565.79264	        P1	
 514.50839	 595.55853	 461.28321	        P1	
 163.93650	  24.75428	 738.77383	        P1	
2029.02943	1954.85904	 630.14578	        P1	
 954.61484	 731.70702	1519.76336	        P1	
 218.16165	 766.65422	1929.04922	        P1	
 783.11204	 727.33862	1081.13247	        P1	
1673.41333	2128.13893	 755.76306	        P1	
1045.41044	 782.67170	 985.88983	        P1	
2218.18693	1914.08732	 800.55283	        P1	
2158.91758	1534.76455	 351.62549	        P1	
1780.60258	1658.53592	 726.41804	        P1	
2177.83333	1580.63275	2019.65844	        P1	
 238.33845	1598.10635	1828.14355	        P1	
1221.95744	 894.79394	1092.97347	        P1	
 947.04854	1410.26515	 308.38019	        P1	
1968.49903	1245.72211	2134.97920	        P1	
1586.40088	1932.28896	1703.04108	        P1	
 721.32059	1354.20403	 520.48806	        P1	
 925.61069	  26.21040	1155.26727	        P1	
 514.50839	1558.06272	2128.80130	        P1	
 340.48350	1680.37792	 768.11886	        P1	
1233.30689	 106.29772	1235.06516	        P1	
 936.96014	 190.02540	 409.28586	        P1	
  21.43785	 211.86740	 971.47475	        P1	
1419.94228	 465.96269	1194.39395	        P1	
 694.83854	 916.63594	1665.97368	        P1	
 119.79975	 302.14769	 800.55283	        P1	
1334.19089	1170.73123	 835.56095	        P1	
1007.57894	  76.44700	1285.00317	        P1	
 871.38554	1580.63275	1006.48287	        P1	
 658.26809	1581.36084	 512.76569	        P1	
1741.51003	1215.14331	 718.69566	        P1	
1040.36624	2074.26196	 401.04869	        P1	
 397.23075	1191.84514	 615.73070	        P1	
 702.40484	1467.05435	 549.31828	        P1	
 643.13549	1706.58832	1572.79031	        P1	
1122.33449	1443.02815	 759.36688	        P1	
1191.69224	1087.00354	1468.28088	        P1	
1544.78623	1969.42036	  53.54182	        P1	
2214.40378	2074.99005	1995.46165	        P1	
1068.10934	 254.09529	 856.15393	        P1	
1129.90079	 662.54070	1670.09224	        P1	
2031.55153	1817.98252	1429.15414	        P1	
 223.20585	2131.05117	2248.24074	        P1	
1993.72003	 271.56889	 522.54734	        P1	
 348.04980	2187.11233	1009.05695	        P1	
1885.26973	1426.28263	1848.73653	        P1	
2100.90928	1393.51963	 216.22649	        P1	
 452.71694	2065.52516	2112.32694	        P1	
 358.13820	 457.22589	 897.85476	        P1	
 233.29425	 447.76101	 518.94359	        P1	
 301.39095	 271.56889	 856.15393	        P1	
1089.54719	 895.52202	1791.59095	        P1	
1963.45483	1905.35052	1572.79031	        P1	
1617.92713	 328.35809	1677.81461	        P1	
1827.26143	1612.66772	  53.02695	        P1	
 218.16165	 765.19810	1540.35634	        P1	
1510.73788	 582.45333	 845.85747	        P1	
1187.90909	1530.39615	1265.95466	        P1	
 355.61610	 398.98053	 543.14038	        P1	
 252.21000	 774.66294	2104.60457	        P1	
 485.50424	1884.96464	1484.24044	        P1	
  13.87155	 561.33941	 864.90598	        P1	
1799.51833	 819.07502	1737.53433	        P1	
 630.52499	1830.35964	1224.76864	        P1	
  99.62295	 969.05674	2240.51836	        P1	
1249.70054	1063.70542	1593.89816	        P1	
 493.07054	1879.14012	 706.33986	        P1	
1132.42289	1866.76296	 882.92487	        P1	
1793.21308	 988.71454	2143.21644	        P1	
1214.39114	 945.75862	1118.19987	        P1	
1543.52518	1842.00872	1696.34831	        P1	
 793.20044	2027.66573	1060.02463	        P1	
 957.13694	1622.86064	 543.65519	        P1	
 234.55530	1946.85032	2114.90102	        P1	
2155.13443	2021.84116	1499.17038	        P1	
  54.22515	1461.22983	1445.62856	        P1	
  90.79560	1824.53512	  53.02695	        P1	
 851.20874	 466.69073	1130.04087	        P1	
2223.23113	1171.45931	2133.43472	        P1	
 566.21144	2238.80505	2219.41052	        P1	
1257.26684	1796.14052	 442.23464	        P1	
 223.20585	 696.75982	1927.50475	        P1	
1238.35109	1989.07816	 578.66331	        P1	
1450.20748	 723.69830	 559.61474	        P1	
  50.44200	1429.92295	2166.38356	        P1	
 814.63829	2208.95433	1256.17295	        P1	
1402.28758	1492.53671	1671.63671	        P1	
1533.43678	2233.70857	 345.44759	        P1	
1097.11349	1377.50215	1604.19468	        P1	
1936.97278	1057.15282	1420.91696	        P1	
 163.93650	 746.99642	1200.05704	        P1	
2227.01428	1820.16672	1819.90631	        P1	
 815.89934	 813.25050	1997.52093	        P1	
1047.93254	1357.84435	 635.80888	        P1	
1692.32908	1125.59111	 527.18077	        P1	
2166.48388	1722.60576	1197.99776	        P1	
1808.34568	2233.70857	1375.61238	        P1	
 557.38409	 582.45333	1216.53146	        P1	
 689.79434	 430.28741	 495.77646	        P1	
1813.38988	 621.76893	 170.92192	        P1	
1047.93254	1809.24572	 405.16724	        P1	
1596.48928	 515.47121	  94.21297	        P1	
 779.32889	 291.22669	1597.50191	        P1	
1735.20478	 936.29374	1659.79578	        P1	
 607.82609	1636.69392	1603.67981	        P1	
 625.48079	1183.83643	 897.33995	        P1	
1466.60113	 297.77929	1880.14083	        P1	
2248.45212	1567.52755	1451.29166	        P1	
 498.11474	1180.19611	1183.58262	        P1	
1239.61214	 658.90033	1914.63415	        P1	
   7.56630	2242.44537	 814.96797	        P1	
1716.28903	 907.89914	1282.94389	        P1	
1646.93128	1981.79753	1961.99800	        P1	
 452.71694	1884.96464	1847.19205	        P1	
 939.48224	1258.82731	2048.48860	        P1	
 206.81220	2079.35845	1087.31037	        P1	
 498.11474	 465.23461	 749.07036	        P1	
1469.12323	 903.53074	2124.68274	        P1	
2232.05848	 595.55853	1939.34574	        P1	
2230.79743	1512.19451	 905.57713	        P1	
1786.90783	  93.92060	1661.85506	        P1	
1823.47828	1635.23776	1783.35377	        P1	
1208.08589	 164.54309	1670.09224	        P1	
1482.99478	1938.11352	1626.84694	        P1	
  23.95995	1059.33702	1379.21614	        P1	
2040.37888	 631.96190	1906.39690	        P1	
1210.60799	 317.43709	1826.08421	        P1	
 465.32744	 141.97300	 631.69026	        P1	
2090.82088	 493.62921	1470.34016	        P1	
 105.92820	1092.10002	1972.29452	        P1	
 591.43244	1241.35371	 792.83046	        P1	
1749.07633	 159.44660	 471.06486	        P1	
 619.17554	1494.72091	1521.82264	        P1	
1274.92154	1698.57956	1216.53146	        P1	
 384.62025	1279.21315	2228.16256	        P1	
 379.57605	 430.28741	1527.48573	        P1	
  94.57875	1815.07024	2207.05472	        P1	
 577.56089	1638.15004	 685.74688	        P1	
 610.34819	1376.04603	1027.07585	        P1	
 911.73914	1474.33503	2139.09782	        P1	
  97.10085	 121.58712	 919.99227	        P1	
1297.62044	1886.42076	2242.06284	        P1	
1168.99334	 354.56849	1280.88455	        P1	
2097.12613	1764.10556	 660.52048	        P1	
1011.36209	1023.66174	1900.73387	        P1	
1841.13298	1627.95712	2048.48860	        P1	
 131.14920	1000.36362	1410.10564	        P1	
 180.33015	1950.49064	1539.84153	        P1	
1257.26684	1734.98292	 205.92997	        P1	
 889.04024	 240.99009	2003.69883	        P1	
 852.46979	1403.71255	 166.28849	        P1	
 877.69079	 560.61133	1630.45075	        P1	
1213.13009	1309.06391	 650.73876	        P1	
 257.25420	 975.60934	2018.11397	        P1	
1979.84848	 362.57721	 922.05155	        P1	
2215.66483	1398.61611	 397.44487	        P1	
 102.14505	1471.42275	2191.09516	        P1	
 312.74040	1172.18734	1943.97917	        P1	
1880.22553	  96.83288	 590.50424	        P1	
 374.53185	2203.85785	1854.91443	        P1	
 496.85369	1355.66015	2234.34046	        P1	
 327.87300	 786.31202	1538.29706	        P1	
 617.91449	 768.83842	  98.84640	        P1	
 254.73210	1410.99323	 358.31819	        P1	
1779.34153	 738.98770	 162.68468	        P1	
 808.33304	1513.65063	 389.20769	        P1	
1892.83603	 581.72529	 992.06773	        P1	
2113.51978	 712.04922	 821.66068	        P1	
  42.87570	2136.14765	 242.48257	        P1	
 306.43515	 619.58473	 967.87100	        P1	
1071.89249	1697.85152	1645.38064	        P1	
1698.63433	 549.69033	 363.98129	        P1	
 731.40899	 920.27630	1923.38613	        P1	
 971.00849	 449.94521	 883.43968	        P1	
1770.51418	 524.20801	 537.47729	        P1	
2090.82088	1022.20562	 155.99197	        P1	
 350.57190	 841.64510	2029.95490	        P1	
1858.78768	1182.38031	1986.70960	        P1	
2003.80843	  40.04368	1608.31324	        P1	
 448.93379	1971.60456	 115.32082	        P1	
1000.01264	 629.77770	1683.99251	        P1	
1054.23779	 789.22430	 782.01913	        P1	
 808.33304	1421.91423	1459.52884	        P1	
 578.82194	2211.13853	1540.35634	        P1	
 865.08029	1169.27511	2029.95490	        P1	
  83.22930	 158.71852	 751.64450	        P1	
  12.61050	 681.47042	 699.64716	        P1	
1907.96863	 591.91821	  74.13480	        P1	
 964.70324	1152.52954	 135.39899	        P1	
1127.37869	1662.90432	 310.95427	        P1	
 973.53059	2003.63953	1653.10301	        P1	
 481.72109	  61.15760	1970.75005	        P1	
  85.75140	2172.55097	 258.95699	        P1	
 889.04024	1650.52716	1272.13256	        P1	
 833.55404	2072.80585	 285.72787	        P1	
 837.33719	 977.06550	1745.77151	        P1	
1204.30274	1458.31755	 455.10531	        P1	
1494.34423	 921.00434	 777.90058	        P1	
1851.22138	1311.97615	1723.11925	        P1	
1393.46023	 672.00553	  59.71972	        P1	
 972.26954	1009.82850	 639.92744	        P1	
2181.61648	 372.77013	 195.63352	        P1	
 974.79164	  51.69272	1128.49639	        P1	
 829.77089	1560.97495	2229.70704	        P1	
 327.87300	 838.73282	 432.45299	        P1	
1163.94914	1162.72251	1293.24035	        P1	
2242.14687	1406.62483	2046.42932	        P1	
1137.46709	 573.71653	1859.03305	        P1	
 687.27224	1366.58115	2112.32694	        P1	
 172.76385	 854.02222	1878.08155	        P1	
 846.16454	  93.92060	1138.27805	        P1	
  30.26520	 294.13893	 320.73599	        P1	
 462.80534	 277.39341	 815.48278	        P1	
1129.90079	 310.15641	 736.71456	        P1	
 331.65615	2133.96345	1675.75533	        P1	
1778.08048	 445.57681	 477.24276	        P1	
 672.13964	2099.01625	1570.73103	        P1	
 191.67960	 621.76893	1894.55597	        P1	
 717.53744	 909.35530	1319.49642	        P1	
 984.88004	 709.86502	 852.55018	        P1	
1730.16058	1128.50334	1401.86846	        P1	
1083.24194	1120.49462	 155.99197	        P1	
1050.45464	 402.62089	1449.23232	        P1	
1370.76133	1461.22983	 545.19966	        P1	
  97.10085	 685.11073	 399.50421	        P1	
 703.66589	1654.16752	 675.45036	        P1	
1239.61214	 854.02222	1142.91147	        P1	
1689.80698	 873.68002	2139.09782	        P1	
1237.09004	 842.37314	1933.16784	        P1	
 312.74040	1223.15203	1377.67166	        P1	
1295.09834	 929.74114	 350.08101	        P1	
 105.92820	1109.57362	 854.09465	        P1	
 563.68934	1507.82611	 205.92997	        P1	
1281.22679	2031.30605	1519.76336	        P1	
2076.94933	1844.19292	 471.57967	        P1	
1499.38843	1186.02063	 395.38559	        P1	
1504.43263	1467.05435	 776.35610	        P1	
1076.93669	 522.75189	1578.96821	        P1	
 182.85225	2231.52437	 882.92487	        P1	
1340.49614	1008.37234	2204.99544	        P1	
1372.02238	2198.76137	 665.15390	        P1	
 780.58994	1662.17624	 162.16987	        P1	
1018.92839	2070.62165	 631.69026	        P1	
1440.11908	 110.66612	1111.50717	        P1	
 191.67960	1044.04762	1976.92795	        P1	
1225.74059	 407.71733	1784.89825	        P1	
1060.54304	 473.97141	 142.09170	        P1	
 291.30255	 843.82930	1955.82010	        P1	
 742.75844	 323.98969	1620.66904	        P1	
 952.09274	 851.10994	 827.32377	        P1	
 769.24049	 544.59389	1830.71763	        P1	
1158.90494	1647.61492	1948.09773	        P1	
 499.37579	1454.67723	 823.20515	        P1	
 332.91720	2045.86736	1301.47759	        P1	
2080.73248	 902.80270	1583.60164	        P1	
1128.63974	1239.89755	1999.58027	        P1	
 514.50839	  99.01708	2233.82560	        P1	
 703.66589	2223.51565	2100.48594	        P1	
 703.66589	  10.19292	1370.97896	        P1	
1084.50299	 892.60974	1418.85768	        P1	
 591.43244	 771.02262	1797.76885	        P1	
 255.99315	1812.15796	2130.86064	        P1	
2199.27118	 546.05001	1600.07606	        P1	
1762.94788	1584.27312	1991.34303	        P1	
 727.62584	1248.63435	1760.18665	        P1	
1375.80553	 284.67409	1504.83341	        P1	
 441.36750	1036.76694	 214.16722	        P1	
1060.54304	1274.84475	 716.12158	        P1	
  64.31355	1999.99916	 240.42329	        P1	
 380.83710	1272.66055	 628.08650	        P1	
1567.48513	2096.10397	1746.28638	        P1	
1172.77649	1865.30684	 545.19966	        P1	
 650.70179	 511.10281	 613.15656	        P1	
 331.65615	1410.26515	1752.46427	        P1	
1938.23383	1488.89635	1315.37786	        P1	
 634.30814	 213.32352	 561.67408	        P1	
 662.05124	1816.52636	 388.69289	        P1	
 122.32185	1759.73716	1838.95487	        P1	
1570.00723	1701.49184	2095.85252	        P1	
 322.82880	1186.74871	1620.66904	        P1	
1030.27784	1842.73676	1004.93839	        P1	
 298.86885	1207.86263	 741.34798	        P1	
1298.88149	 809.61014	1933.16784	        P1	
1340.49614	 495.81341	 261.01627	        P1	
 960.92009	 158.71852	1530.05988	        P1	
 287.51940	1646.88684	 846.37228	        P1	
1832.30563	 787.04010	1585.14611	        P1	
2145.04603	1506.36995	1536.23778	        P1	
1290.05414	1979.61333	1534.17844	        P1	
1765.46998	 455.76973	 981.77127	        P1	
 871.38554	2069.89356	1585.66098	        P1	
1904.18548	2025.48153	1727.23781	        P1	
2034.07363	 331.27033	 796.43427	        P1	
2175.31123	 420.09449	1097.09203	        P1	
 553.60094	1497.63315	1296.84416	        P1	
 725.10374	 597.74273	 567.85198	        P1	
   0.00000	1046.95990	 924.11083	        P1	
 239.59950	 672.73361	 248.66047	        P1	
1368.23923	1689.84276	 580.20778	        P1	
 480.46004	1389.87931	1677.81461	        P1	
  84.49035	1523.84355	 411.86001	        P1	
1587.66193	1643.24652	 337.21035	        P1	
1494.34423	 928.28502	 679.56898	        P1	
1301.40359	2010.92016	1863.66647	        P1	
 267.34260	 898.43430	 936.46663	        P1	
 419.92965	1898.06984	 661.03528	        P1	
1254.74474	  45.86820	1490.41834	        P1	
1340.49614	  99.74512	1803.43195	        P1	
2138.74078	  27.66652	2129.31616	        P1	
 897.86759	1064.43351	1626.84694	        P1	
1094.59139	 377.13853	1035.82789	        P1	
1720.07218	 601.38309	2084.01152	        P1	
1659.54178	1584.27312	 633.74954	        P1	
  75.66300	1502.72963	 304.26157	        P1	
1457.77378	1881.32432	2060.84440	        P1	
1551.09148	 215.50772	1401.86846	        P1	
 691.05539	 350.92813	 308.38019	        P1	
1205.56379	  96.10480	1397.74984	        P1	
  81.96825	 852.56610	 806.73073	        P1	
1740.24898	2204.58593	 959.63375	        P1	
 852.46979	 945.03054	1142.39667	        P1	
1694.85118	1959.95552	  39.12668	        P1	
1022.71154	 293.41089	1486.29972	        P1	
 158.89230	1957.04324	1223.22417	        P1	
 229.51110	 503.82213	1877.56675	        P1	
1431.29173	1321.44103	1525.94126	        P1	
 148.80390	1485.25603	1013.17557	        P1	
1720.07218	 262.10401	 228.58229	        P1	
 402.27495	1880.59624	1064.14325	        P1	
1900.40233	1838.36836	 696.04340	        P1	
  15.13260	1579.90472	1233.00582	        P1	
1000.01264	1459.77371	1838.44001	        P1	
 436.32330	 799.41722	 118.92457	        P1	
 402.27495	 261.37592	2221.98466	        P1	
2001.28633	1635.96584	2231.76632	        P1	
 604.04294	1223.88011	1324.12984	        P1	
 581.34404	2224.24373	 897.85476	        P1	
1419.94228	 888.24134	 506.07298	        P1	
1794.47413	1299.59903	1847.19205	        P1	
1952.10538	1076.08254	1259.77676	        P1	
1770.51418	1029.48630	1917.20823	        P1	
 867.60239	1060.06510	 244.54185	        P1	
 846.16454	 823.44342	 606.97866	        P1	
 393.44760	 575.17269	 621.39374	        P1	
 779.32889	2024.02536	 382.51499	        P1	
1090.80824	1107.38942	1836.38073	        P1	
1495.60528	 139.78880	 908.15128	        P1	
1023.97259	1201.31003	1218.59074	        P1	
1949.58328	1919.18376	2062.90374	        P1	
   8.82735	 823.44342	2108.20832	        P1	
  81.96825	 896.25010	1787.47233	        P1	
1711.24483	1957.77132	 731.05146	        P1	
1084.50299	 149.98172	1857.48857	        P1	
  35.30940	1712.41284	 593.07838	        P1	
1442.64118	1457.58951	1274.70665	        P1	
2134.95763	 883.14490	1733.41571	        P1	
 827.24879	1036.76694	 141.57689	        P1	
2134.95763	2042.22705	2231.76632	        P1	
1762.94788	 716.41762	1204.69047	        P1	
 462.80534	 823.44342	2225.58842	        P1	
1379.58868	1565.34335	1185.64196	        P1	
 307.69620	1489.62443	 761.42615	        P1	
 417.40755	2221.33145	 940.58525	        P1	
 537.20729	1610.48352	 224.46367	        P1	
1123.59554	 456.49781	2224.04394	        P1	
2133.69658	1562.43112	2023.77700	        P1	
 639.35234	2206.77013	 731.05146	        P1	
1205.56379	1750.27232	1405.98702	        P1	
1847.43823	1094.28422	1285.00317	        P1	
 683.48909	2213.32273	 459.22387	        P1	
2012.63578	 133.96428	1460.04364	        P1	
1211.86904	 245.35849	1628.39141	        P1	
1826.00038	 837.27670	1900.21900	        P1	
 914.26124	1965.05196	1037.37237	        P1	
1266.09419	1684.74632	1609.85771	        P1	
1122.33449	 251.91109	1552.71214	        P1	
2150.09023	 457.95393	 598.74148	        P1	
 104.66715	 382.23501	1445.62856	        P1	
2129.91343	1330.17783	 823.20515	        P1	
 219.42270	 349.47201	 790.77118	        P1	
  18.91575	 760.82970	2190.58030	        P1	
 133.67130	 780.48750	1121.80362	        P1	
 828.50984	2026.20956	  47.36392	        P1	
2060.55568	 484.89241	2007.81745	        P1	
1296.35939	 112.12228	1708.70411	        P1	
1262.31104	 358.93689	  15.95955	        P1	
1015.14524	1421.91423	 884.98415	        P1	
2022.72418	 979.97774	1770.99797	        P1	
  59.26935	1053.51250	 422.15647	        P1	
 737.71424	 886.05714	2204.99544	        P1	
1634.32078	1052.78442	  92.66850	        P1	
 259.77630	1071.71414	2118.50484	        P1	
 382.09815	1461.22983	1661.85506	        P1	
1842.39403	 572.98849	1158.87102	        P1	
 616.65344	2209.68237	1457.46956	        P1	
1344.27928	 575.17269	 588.95976	        P1	
 648.17969	1604.65895	1136.21877	        P1	
1374.54448	1220.23975	1037.37237	        P1	
1225.74059	1638.15004	2176.16522	        P1	
 108.45030	1049.87214	2038.19214	        P1	
2204.31538	  62.61372	 226.52302	        P1	
  63.05250	1852.20164	1044.06507	        P1	
1055.49884	 278.84952	1414.22426	        P1	
2070.64408	2121.58633	 267.70897	        P1	
1833.56668	1933.74512	1918.75270	        P1	
 673.40069	 722.24213	 572.48541	        P1	
 366.96555	2042.22705	 135.91380	        P1	
  68.09670	2197.30525	 644.04606	        P1	
 563.68934	1200.58195	1648.98445	        P1	
1118.55134	1919.91184	 648.67948	        P1	
 334.17825	2189.29653	2114.90102	        P1	
1774.29733	1826.71932	1770.48311	        P1	
 825.98774	1691.29892	  34.49325	        P1	
1153.86074	1059.33702	 495.77646	        P1	
1630.53763	 765.19810	 990.52325	        P1	
1820.95618	 736.80350	2071.65573	        P1	
1872.65923	 743.35610	1165.04892	        P1	
1348.06243	 768.11034	1943.97917	        P1	
1215.65219	1725.51804	 166.80330	        P1	
 832.29299	1111.02974	 850.49090	        P1	
1316.53619	1330.90591	2176.68002	        P1	
1058.02094	1236.98531	 337.21035	        P1	
 100.88400	1434.29135	 574.02988	        P1	
2123.60818	 439.75229	 504.01364	        P1	
 680.96699	2171.09485	1162.98964	        P1	
2148.82918	1967.23616	 944.70387	        P1	
 639.35234	2160.17385	1379.21614	        P1	
1713.76693	1678.19372	 199.75207	        P1	
1725.11638	2208.95433	1368.91962	        P1	
 278.69205	 147.79752	  53.54182	        P1	
1503.17158	1933.74512	2036.13280	        P1	
 118.53870	 846.01350	1134.15942	        P1	
 624.21974	 305.05993	 387.14841	        P1	
 343.00560	1148.88923	1285.00317	        P1	
1495.60528	2091.00753	1918.75270	        P1	
2206.83748	1868.21912	 726.41804	        P1	
2228.27533	1583.54504	 185.33700	        P1	
 523.33574	2004.36756	1894.55597	        P1	
 348.04980	 829.99602	 642.50158	        P1	
 892.82339	 149.98172	1494.53696	        P1	
 484.24319	1607.57124	1546.01943	        P1	
1712.50588	 495.08533	1173.28616	        P1	
 982.35794	1089.91582	1624.78766	        P1	
 635.56919	 238.80589	  88.54988	        P1	
1380.84973	1911.17504	1081.13247	        P1	
1699.89538	1341.09883	 254.83837	        P1	
 133.67130	 594.10241	1878.08155	        P1	
2121.08608	1643.97456	 184.82219	        P1	
1737.72688	1990.53433	1033.76855	        P1	
1841.13298	1978.88524	1995.46165	        P1	
 759.15209	 604.29533	 975.59337	        P1	
 547.29569	 348.01589	1931.10850	        P1	
 194.20170	1201.31003	 914.32918	        P1	
 878.95184	1041.86342	1546.01943	        P1	
1633.05973	2186.38425	2174.62074	        P1	
1654.49758	1044.04762	  49.42320	        P1	
1395.98233	 533.67289	2139.61262	        P1	
1358.15083	 328.35809	1270.07322	        P1	
 267.34260	  64.06988	  96.27225	        P1	
2003.80843	  63.34180	1235.57997	        P1	
 500.63684	 794.32074	1727.75268	        P1	
1851.22138	  24.75428	2028.41043	        P1	
 668.35649	 486.34853	 424.21581	        P1	
1556.13568	 781.94362	1482.69596	        P1	
1325.36354	1857.29812	1103.26993	        P1	
 255.99315	 542.40969	1781.29443	        P1	
1050.45464	 396.79633	 635.80888	        P1	
1680.97963	 571.53233	1011.11629	        P1	
 878.95184	1190.38903	 185.33700	        P1	
1894.09708	 481.98013	 919.99227	        P1	
1291.31519	 407.71733	 147.75479	        P1	
1548.56938	1349.83563	 438.63089	        P1	
1675.93543	 412.81381	  26.25607	        P1	
1991.19793	2228.61213	1021.41275	        P1	
 464.06639	1882.78044	1118.19987	        P1	
2155.13443	 829.26794	 765.54478	        P1	
 876.42974	  16.74552	 436.57161	        P1	
1736.46583	  51.69272	 333.09179	        P1	
  60.53040	1252.27471	 440.69017	        P1	
1886.53078	  72.80668	2215.29190	        P1	
 112.23345	 136.14848	2244.63692	        P1	
1027.75574	1918.45572	1367.37514	        P1	
 213.11745	  25.48232	 814.96797	        P1	
 232.03320	1147.43311	 856.15393	        P1	
1058.02094	1391.33543	1434.81724	        P1	
 195.46275	1940.29772	2189.03582	        P1	
1308.96989	 643.61093	1982.59104	        P1	
1039.10519	1552.23815	1939.34574	        P1	
1481.73373	 412.81381	 897.33995	        P1	
1711.24483	 556.97101	 520.48806	        P1	
 427.49595	 165.27112	2075.25954	        P1	
1958.41063	1121.95074	2011.93607	        P1	
 628.00289	1892.97336	2178.73936	        P1	
 530.90204	1493.26475	1933.16784	        P1	
 640.61339	1855.11392	1702.52621	        P1	
2201.79328	 139.78880	2131.37544	        P1	
1844.91613	 862.75902	1373.03824	        P1	
1679.71858	1638.15004	1793.13543	        P1	
1360.67293	1799.05276	1537.78226	        P1	
2205.57643	1204.95035	2007.30264	        P1	
 374.53185	 926.82890	1270.07322	        P1	
 942.00434	 452.12941	1946.03845	        P1	
1997.50318	 493.62921	1550.65286	        P1	
1272.39944	1503.45771	2202.93610	        P1	
 679.70594	  53.14888	 582.78186	        P1	
 248.42685	1296.68675	1425.03558	        P1	
 913.00019	 537.31321	1397.74984	        P1	
 249.68790	 869.31162	  75.67927	        P1	
1641.88708	 145.61332	  47.36392	        P1	
1882.74763	1510.73835	2167.92804	        P1	
1644.40918	1145.97694	1826.59907	        P1	
 402.27495	  70.62248	 582.78186	        P1	
1803.30148	1437.20363	 100.39087	        P1	
  73.14090	1556.60655	 541.59591	        P1	
2245.93002	  31.30688	 775.84123	        P1	
 522.07469	2191.48073	1226.82792	        P1	
1964.71588	1493.99283	1144.45594	        P1	
1794.47413	1043.31954	 660.52048	        P1	
2184.13858	1499.81735	 646.62020	        P1	
  45.39780	  90.28028	 689.35064	        P1	
 713.75429	1339.64271	 380.45564	        P1	
1453.99063	 651.61970	 644.56086	        P1	
1634.32078	1574.08015	1974.86867	        P1	
1704.93958	 385.87533	1469.82536	        P1	
1673.41333	1314.16035	 325.36941	        P1	
 800.76674	 846.74154	2197.27306	        P1	
2016.41893	2237.34893	1280.88455	        P1	
2184.13858	  80.08732	 658.97600	        P1	
1402.28758	 860.57482	 815.48278	        P1	
 522.07469	 104.84160	 458.70906	        P1	
 976.05269	1798.32472	2029.95490	        P1	
2176.57228	 400.43669	2151.96842	        P1	
 158.89230	1649.79912	 423.70094	        P1	
 785.63414	1038.95114	1080.61767	        P1	
2097.12613	1737.89516	2246.69626	        P1	
1372.02238	1772.11432	1103.26993	        P1	
1181.60384	1360.75663	1655.67716	        P1	
1399.76548	1641.06232	  22.13745	        P1	
1012.62314	1247.17823	1057.96535	        P1	
2123.60818	 889.69750	 788.19703	        P1	
 413.62440	  68.43828	 849.97603	        P1	
2012.63578	 273.75309	1620.66904	        P1	
1535.95888	 107.75388	2233.82560	        P1	
 858.77504	 705.49662	1002.36425	        P1	
1571.26828	1595.92215	1197.99776	        P1	
 704.92694	1807.78956	1321.55576	        P1	
 836.07614	1318.52875	  55.08629	        P1	
1746.55423	 357.48073	 726.93290	        P1	
1102.15769	 496.54149	 848.43156	        P1	
1581.35668	1362.94083	1569.18656	        P1	
 812.11619	1271.20443	 267.19417	        P1	
 771.76259	 945.03054	 869.02460	        P1	
 179.06910	 164.54309	 242.99737	        P1	
  94.57875	 115.76260	2064.96302	        P1	
1944.53908	1386.23895	2042.82557	        P1	
 417.40755	 425.91901	2236.39974	        P1	
 514.50839	 486.34853	 802.61217	        P1	
1820.95618	2222.05953	 786.65256	        P1	
1923.10123	2024.75344	2032.52905	        P1	
 809.59409	 742.62802	 606.97866	        P1	
1558.65778	1508.55415	 296.02439	        P1	
 409.84125	2205.31397	1296.84416	        P1	
 334.17825	 216.23580	1958.39425	        P1	
 842.38139	1582.81695	 351.62549	        P1	
1942.01698	 388.78761	1717.45615	        P1	
 564.95039	1408.08095	 146.21032	        P1	
 609.08714	1772.84236	 183.27772	        P1	
2142.52393	 637.05833	1729.29715	        P1	
1670.89123	 947.21474	2161.75014	        P1	
 895.34549	  71.35052	1834.32145	        P1	
1564.96303	 765.19810	1033.76855	        P1	
1274.92154	 826.35570	1171.22682	        P1	
 368.22660	1081.90711	1813.72841	        P1	
2075.68828	1954.13096	 876.74697	        P1	
 781.85099	1127.04723	1817.84703	        P1	
 443.88960	 736.80350	 985.88983	        P1	
1340.49614	  38.58752	 535.41801	        P1	
2214.40378	1959.95552	 626.02716	        P1	
1003.79579	1402.25643	2100.48594	        P1	
1145.03339	 385.87533	1103.78479	        P1	
1938.23383	  18.20168	 596.68214	        P1	
1258.52789	1553.69432	 947.27795	        P1	
 592.69349	 243.17429	  59.20485	        P1	
1452.72958	2098.28817	2055.18137	        P1	
1544.78623	1135.05594	1290.66626	        P1	
 450.19484	1788.85984	 310.43947	        P1	
1791.95203	1164.17863	1989.28375	        P1	
 346.78875	1319.98491	2153.51290	        P1	
 126.10500	 859.11870	 361.92194	        P1	
   6.30525	  44.41208	 726.41804	        P1	
 938.22119	1798.32472	 119.43938	        P1	
 866.34134	 724.42633	 160.11059	        P1	
1393.46023	 139.06072	1943.97917	        P1	
1147.55549	 783.39974	1987.22447	        P1	
 950.83169	1320.71295	 838.13510	        P1	
1717.55008	 598.47081	 827.83858	        P1	
 725.10374	2084.45493	1795.19471	        P1	
1539.74203	 546.77809	 959.63375	        P1	
1982.37058	1371.67763	 796.94908	        P1	
1469.12323	  88.09608	1758.12731	        P1	
 206.81220	 665.45293	1389.51266	        P1	
1208.08589	 423.73481	1539.84153	        P1	
 326.61195	 961.77610	1665.45881	        P1	
 129.88815	1161.26634	1988.76894	        P1	
1578.83458	1729.88644	 631.69026	        P1	
  79.44615	2221.33145	1626.33213	        P1	
1390.93813	 412.81381	 834.01648	        P1	
 654.48494	1037.49502	2003.18402	        P1	
1720.07218	 582.45333	1389.51266	        P1	
1377.06658	2082.27073	 806.73073	        P1	
1716.28903	1375.31795	1239.69859	        P1	
1740.24898	1086.27551	 454.59044	        P1	
1664.58598	 659.62841	1902.79315	        P1	
 686.01119	 537.31321	1373.03824	        P1	
 631.78604	 977.79354	 401.04869	        P1	
2128.65238	2073.53393	2128.80130	        P1	
1298.88149	1673.09724	 611.61208	        P1	
1350.58453	1899.52596	  10.29652	        P1	
 767.97944	1452.49303	1871.90365	        P1	
1124.85659	  72.80668	1682.44804	        P1	
 544.77359	 219.87612	2024.29187	        P1	
 297.60780	 955.22350	 825.26443	        P1	
1549.83043	1140.88051	1146.51522	        P1	
 505.68104	 222.06032	1530.05988	        P1	
1071.89249	1456.13335	 722.29948	        P1	
1815.91198	1035.31082	 142.09170	        P1	
1315.27514	1740.80744	 623.96788	        P1	
1261.04999	1373.13375	1993.40237	        P1	
 455.23904	 884.60102	1204.69047	        P1	
2199.27118	2058.97256	1099.15137	        P1	
1349.32348	 733.89122	 149.81407	        P1	
1914.27388	1012.01270	 360.37747	        P1	
 293.82465	 471.05913	1350.90079	        P1	
1750.33738	 822.71534	 325.36941	        P1	
1977.32638	 853.29414	1228.88726	        P1	
2114.78083	 759.37354	1123.86297	        P1	
 886.51814	 728.79473	 140.03242	        P1	
1416.15913	1394.24771	 306.32085	        P1	
 298.86885	 414.26993	1505.34828	        P1	
 499.37579	1920.63992	  90.09435	        P1	
1433.81383	1541.31715	 462.82768	        P1	
2208.09853	1218.05555	 640.44230	        P1	
1123.59554	1436.47555	 524.60668	        P1	
2195.48803	1957.77132	1917.20823	        P1	
 239.59950	 859.11870	1237.63925	        P1	
1812.12883	1912.63116	2228.16256	        P1	
1969.76008	 915.90790	2226.10322	        P1	
1158.90494	1999.99916	1023.47209	        P1	
1687.28488	 650.89161	 685.74688	        P1	
1585.13983	 543.86581	 105.02430	        P1	
1256.00579	 837.27670	 632.20506	        P1	
 595.21559	 449.94521	1853.36995	        P1	
 518.29154	1494.72091	1443.05442	        P1	
 272.38680	1077.53871	 749.58516	        P1	
 382.09815	2082.99876	1913.08967	        P1	
1116.02924	 584.63753	 628.08650	        P1	
 354.35505	1644.70264	1966.11662	        P1	
1799.51833	 575.90073	1004.93839	        P1	
1254.74474	 146.34140	1816.30255	        P1	
1872.65923	 896.25010	 139.51755	        P1	
2058.03358	1897.34176	1826.59907	        P1	
2023.98523	1679.64984	 766.05958	        P1	
 978.57479	 575.17269	1912.57480	        P1	
1339.23509	2213.32273	 107.08358	        P1	
1740.24898	 853.29414	1598.01678	        P1	
1176.55964	1318.52875	1154.75247	        P1	
1562.44093	 693.84753	 740.83318	        P1	
1430.03068	1427.01071	 788.19703	        P1	
1959.67168	1357.11631	 633.74954	        P1	
 325.35090	1593.00992	1441.50994	        P1	
1325.36354	 629.77770	1472.39944	        P1	
 237.07740	 377.13853	1896.10045	        P1	
1262.31104	1394.24771	 973.53403	        P1	
1619.18818	 777.57522	 637.86816	        P1	
 662.05124	1858.75424	 506.58779	        P1	
 116.01660	1565.34335	 308.38019	        P1	
1354.36768	 796.50494	1994.94684	        P1	
1824.73933	 239.53392	 950.88177	        P1	
1708.72273	  29.85072	 975.59337	        P1	
2039.11783	1116.12622	1688.11113	        P1	
 657.00704	 358.93689	1597.50191	        P1	
 234.55530	  81.54348	 119.43938	        P1	
1775.55838	 266.47241	 668.75766	        P1	
1573.79038	 605.75149	1206.74975	        P1	
 804.54989	1919.18376	 380.97051	        P1	
1899.14128	2105.56885	1575.36446	        P1	
 248.42685	1919.91184	1200.05704	        P1	
1767.99208	 566.43589	 428.33437	        P1	
1281.22679	 375.68241	1223.22417	        P1	
1180.34279	 250.45492	1803.43195	        P1	
  41.61465	2112.12145	1286.54764	        P1	
 141.23760	  58.24532	 530.78458	        P1	
1213.13009	1250.81855	1556.31595	        P1	
 240.86055	2167.45453	1089.36965	        P1	
 834.81509	 746.99642	1488.87386	        P1	
1186.64804	1900.98212	2246.18140	        P1	
1820.95618	1527.48392	 454.59044	        P1	
1967.23798	 474.69949	1912.57480	        P1	
2216.92588	 746.99642	1921.32685	        P1	
  42.87570	1827.44736	1797.25405	        P1	
2138.74078	2208.95433	 712.51776	        P1	
 834.81509	1607.57124	 847.91675	        P1	
 435.06225	 188.56929	1894.04110	        P1	
1442.64118	 165.99920	 328.97317	        P1	
2036.59573	 185.65700	1958.39425	        P1	
 718.79849	1959.95552	1202.11632	        P1	
1063.06514	 206.04289	 571.97054	        P1	
1296.35939	 186.38509	 707.88434	        P1	
1904.18548	 879.50454	 368.61471	        P1	
1041.62729	 489.26081	 693.46926	        P1	
1967.23798	1693.48312	1060.02463	        P1	
1931.92858	2082.27073	1490.93314	        P1	
1466.60113	 174.00792	1000.30497	        P1	
2216.92588	1724.06192	1046.12435	        P1	
1844.91613	 804.51370	1781.29443	        P1	
1989.93688	1652.71136	1173.28616	        P1	
1993.72003	1015.65302	1274.19184	        P1	
1493.08318	  16.01748	2219.92532	        P1	
1515.78208	 353.84041	1192.33467	        P1	
1895.35813	1306.87971	1177.40472	        P1	
1974.80428	1812.88604	1124.37777	        P1	
1380.84973	 625.40930	 168.86258	        P1	
   0.00000	 336.36681	1675.75533	        P1	
 274.90890	1697.85152	1251.53952	        P1	
 616.65344	1370.94955	2056.72584	        P1	
2017.67998	  11.64908	1319.49642	        P1	
 611.60924	 931.19730	1832.26211	        P1	
1042.88834	 389.51569	 409.80067	        P1	
 812.11619	 192.20960	  38.61187	        P1	
2093.34298	1049.87214	1686.05185	        P1	
 537.20729	1342.55495	1284.48836	        P1	
 286.25835	1863.12264	1811.66913	        P1	
1238.35109	1776.48272	1844.61791	        P1	
 771.76259	1402.25643	1125.92225	        P1	
 466.58849	1645.43072	1511.01131	        P1	
1730.16058	2008.00793	2170.50212	        P1	
2092.08193	 137.60460	1681.93323	        P1	
 276.16995	 792.86462	2069.59645	        P1	
 997.49054	1426.28263	1095.03275	        P1	
1915.53493	  50.23660	 341.32897	        P1	
2216.92588	1549.32592	1282.42902	        P1	
1364.45608	 262.10401	 477.24276	        P1	
1938.23383	1723.33384	 878.80625	        P1	
1262.31104	1688.38664	1181.52334	        P1	
1687.28488	1285.76575	 510.70641	        P1	
 813.37724	 773.93490	  63.83828	        P1	
 230.77215	1806.33344	 463.34249	        P1	
 312.74040	1756.09684	1352.96006	        P1	
 407.31915	1184.56451	1233.00582	        P1	
1079.45879	1729.88644	 761.42615	        P1	
 688.53329	 991.62682	1686.56666	        P1	
 486.76529	1300.32711	 732.59593	        P1	
1459.03483	 883.14490	 825.26443	        P1	
 901.65074	1334.54623	 790.77118	        P1	
 752.84684	 146.34140	2174.62074	        P1	
1273.66049	2169.63873	 219.83025	        P1	
 274.90890	 433.92773	  98.33159	        P1	
1283.74889	 863.48710	 113.26148	        P1	
1114.76819	 449.94521	 728.99218	        P1	
 548.55674	1835.45612	1986.70960	        P1	
1683.50173	1072.44222	1688.11113	        P1	
 209.33430	1492.53671	1849.25133	        P1	
1752.85948	2117.21793	1541.90081	        P1	
 281.21415	 144.88528	1603.67981	        P1	
1733.94373	 589.00593	 648.16468	        P1	
 921.82754	   0.72808	1645.38064	        P1	
 983.61899	1638.15004	1482.69596	        P1	
1535.95888	 282.48989	1177.40472	        P1	
  87.01245	  70.62248	 693.98406	        P1	
1648.19233	1886.42076	 221.88959	        P1	
 349.31085	 172.55180	  74.13480	        P1	
 577.56089	2165.27033	 224.46367	        P1	
1109.72399	1390.60735	 831.95720	        P1	
1495.60528	1933.74512	 553.43684	        P1	
 630.52499	 846.01350	1375.09752	        P1	
1964.71588	1936.65736	1054.36159	        P1	
 933.17699	2089.55137	1982.59104	        P1	
  76.92405	1772.84236	 431.93818	        P1	
 680.96699	1683.29016	 313.01361	        P1	
 712.49324	1772.84236	 178.64429	        P1	
 686.01119	1569.71175	2036.64767	        P1	
1660.80283	1065.16154	 529.24011	        P1	
 363.18240	 646.52321	 464.88696	        P1	
 223.20585	 306.51609	2244.63692	        P1	
2230.79743	1552.96623	1156.81174	        P1	
1220.69639	 353.84041	2139.09782	        P1	
 645.65759	 765.92614	1476.00326	        P1	
1501.91053	 781.21554	1191.81986	        P1	
1418.68123	1552.96623	1235.57997	        P1	
 827.24879	1068.80191	1991.34303	        P1	
 204.29010	2160.90193	 391.26697	        P1	
2003.80843	2228.61213	1097.09203	        P1	
 687.27224	1497.63315	1196.45329	        P1	
2247.19107	1376.04603	2114.38622	        P1	
2237.10267	   0.00000	 691.92478	        P1	
1858.78768	1325.08135	2075.25954	        P1	
1587.66193	2115.03373	 904.03266	        P1	
2023.98523	  86.63992	 628.08650	        P1	
2119.82503	1385.51091	1572.79031	        P1	
1686.02383	1184.56451	2238.45902	        P1	
 132.41025	1944.66612	1682.44804	        P1	
 902.91179	 831.45214	 986.40470	        P1	
  35.30940	1575.53632	1060.02463	        P1	
1870.13713	1650.52716	1406.50188	        P1	
1085.76404	1232.61691	1591.32401	        P1	
2209.35958	1948.30644	 809.30488	        P1	
2158.91758	1620.67644	1513.58546	        P1	
 827.24879	2056.06033	1313.31852	        P1	
 158.89230	 601.38309	1683.99251	        P1	
1767.99208	 866.39934	 938.52597	        P1	
 214.37850	 629.04961	1737.53433	        P1	
1394.72128	2243.90153	1344.20802	        P1	
  13.87155	1721.87772	1188.21605	        P1	
1872.65923	1590.82572	1300.96272	        P1	
2034.07363	 187.11312	  72.07552	        P1	
1274.92154	2080.08653	 941.10005	        P1	
 355.61610	2044.41125	 691.92478	        P1	
 575.03879	  69.89440	  94.21297	        P1	
1742.77108	 719.32990	 675.45036	        P1	
 612.87029	 324.71773	 419.58238	        P1	
1189.17014	1400.07223	 829.38305	        P1	
1925.62333	2037.85865	 495.77646	        P1	
1610.36083	1665.08852	 732.59593	        P1	
1848.69928	2074.99005	1601.62053	        P1	
1475.42848	 863.48710	 837.62023	        P1	
 426.23490	1406.62483	 847.91675	        P1	
1460.29588	  30.57880	 545.19966	        P1	
 668.35649	1989.07816	1672.15158	        P1	
  47.91990	1224.60815	 498.35061	        P1	
1740.24898	1159.08214	1567.12728	        P1	
 569.99459	1773.57044	1440.99514	        P1	
 686.01119	 703.31242	1354.50454	        P1	
 510.72524	1902.43824	 901.97338	        P1	
1665.84703	1558.79075	1795.70957	        P1	
2150.09023	1253.00275	 152.38822	        P1	
 866.34134	  31.30688	  26.77088	        P1	
1102.15769	 732.43510	 626.02716	        P1	
1209.34694	1692.75504	 464.88696	        P1	
  60.53040	1731.34256	1894.55597	        P1	
2142.52393	1596.65024	1947.58292	        P1	
2131.17448	 390.24373	2011.93607	        P1	
1844.91613	2072.80585	 413.91929	        P1	
1585.13983	1839.82452	1282.42902	        P1	
1740.24898	2064.79713	1744.22703	        P1	
1337.97404	1892.24532	 224.46367	        P1	
 334.17825	2023.29733	1331.85222	        P1	
 978.57479	 334.91069	1484.75524	        P1	
1025.23364	1114.67011	2244.63692	        P1	
 549.81779	   0.00000	  18.53370	        P1	
 785.63414	1097.19651	1498.65551	        P1	
 556.12304	 538.04129	1249.99505	        P1	
1544.78623	1746.63196	1123.86297	        P1	
2150.09023	1245.72211	 837.62023	        P1	
1036.58309	1729.88644	1947.58292	        P1	
1506.95473	 641.42673	 473.63901	        P1	
 567.47249	1907.53472	1646.92511	        P1	
 237.07740	1957.04324	2038.70695	        P1	
1651.97548	1539.13295	 158.56612	        P1	
1881.48658	1852.20164	 267.19417	        P1	
 176.54700	2155.07737	 869.02460	        P1	
 232.03320	2089.55137	1845.13277	        P1	
 803.28884	1340.37075	2075.25954	        P1	
1814.65093	1969.42036	1896.10045	        P1	
1298.88149	 364.03333	 302.20229	        P1	
 744.01949	 410.62961	  69.50137	        P1	
1233.30689	1872.58752	2246.18140	        P1	
 158.89230	1579.90472	1152.69312	        P1	
 359.39925	 846.74154	 683.68760	        P1	
1755.38158	1528.94003	1457.98436	        P1	
1133.68394	2158.71773	 724.87356	        P1	
 870.12449	 133.96428	1548.07871	        P1	
 844.90349	1709.50056	 160.11059	        P1	
 496.85369	 560.61133	 485.99481	        P1	
 788.15624	 634.14610	2059.29993	        P1	
1277.44364	1550.05395	1235.06516	        P1	
 363.18240	 291.22669	 269.25345	        P1	
 950.83169	 707.68082	 378.39637	        P1	
 783.11204	 300.69153	2001.12474	        P1	
1321.58039	 101.92932	 153.93269	        P1	
2239.62477	 588.27789	 207.47445	        P1	
 853.73084	2141.24413	 473.12414	        P1	
1891.57498	2115.76177	 109.14292	        P1	
1095.85244	2177.64745	1873.44813	        P1	
1625.49343	 233.70941	1680.38876	        P1	
 580.08299	 187.84120	  24.71160	        P1	
 524.59679	1159.08214	1943.97917	        P1	
 509.46419	1421.18615	 283.66859	        P1	
1326.62459	 342.19133	1883.74465	        P1	
 604.04294	  88.09608	 941.10005	        P1	
 397.23075	1547.14172	 873.14316	        P1	
1693.59013	1303.96743	 920.50708	        P1	
1950.84433	 648.70741	1563.00866	        P1	
1377.06658	1769.20204	1878.08155	        P1	
 559.90619	1981.79753	 164.22915	        P1	
 563.68934	1315.61651	 286.24267	        P1	
1609.09978	 977.06550	1010.60143	        P1	
1319.05829	2195.84913	 947.27795	        P1	
1799.51833	1040.40730	 737.22936	        P1	
 856.25294	 369.12981	 322.79527	        P1	
  56.74725	 696.75982	 118.92457	        P1	
1667.10808	1380.41443	 296.53919	        P1	
 713.75429	1882.78044	1717.45615	        P1	
 949.57064	 580.26913	1210.35356	        P1	
  99.62295	 916.63594	 924.62570	        P1	
1858.78768	2182.74393	 959.63375	        P1	
1706.20063	1541.31715	2223.52914	        P1	
 366.96555	 360.39301	1266.46947	        P1	
 296.34675	1289.40611	 675.45036	        P1	
 829.77089	1850.74552	 755.76306	        P1	
1873.92028	 168.91149	1177.40472	        P1	
1923.10123	 203.13060	1447.17304	        P1	
 548.55674	 174.00792	 998.76049	        P1	
1626.75448	1997.81496	1134.67429	        P1	
 822.20459	 854.75030	1251.53952	        P1	
 211.85640	 447.03293	 401.04869	        P1	
 214.37850	 144.15720	1817.84703	        P1	
   1.26105	2157.26157	 852.03537	        P1	
2059.29463	2202.40173	1058.48015	        P1	
1914.27388	1843.46484	1947.58292	        P1	
  41.61465	 692.39142	1068.77667	        P1	
   1.26105	  80.81540	2242.57764	        P1	
1054.23779	 709.13693	1616.55048	        P1	
 923.08859	1448.85271	1700.98173	        P1	
1343.01823	1327.26555	 121.49872	        P1	
1020.18944	1644.70264	 903.51785	        P1	
 496.85369	1358.57243	 718.18086	        P1	
 186.63540	 241.71812	 506.07298	        P1	
 134.93235	1981.06944	 650.22396	        P1	
 592.69349	 749.90870	1257.71742	        P1	
 610.34819	 674.18973	2013.48054	        P1	
1658.28073	 621.04089	 236.81947	        P1	
 145.02075	 738.98770	 423.70094	        P1	
 189.15750	1686.20244	 741.34798	        P1	
2137.47973	 284.67409	2184.40240	        P1	
1915.53493	1338.91463	 166.80330	        P1	
1605.31663	1319.98491	  46.84905	        P1	
 964.70324	1049.14410	 119.43938	        P1	
 235.81635	1617.03612	 656.91666	        P1	
 543.51254	1586.45732	 874.68763	        P1	
1684.76278	 796.50494	1852.85515	        P1	
1457.77378	 163.08692	 709.94368	        P1	
1662.06388	1811.42992	 934.92215	        P1	
  64.31355	 756.46130	1325.67432	        P1	
 735.19214	 734.61930	2221.46980	        P1	
1356.88978	1194.02935	 214.16722	        P1	
1508.21578	 859.11870	2141.15710	        P1	
1459.03483	1819.43864	1274.19184	        P1	
1813.38988	1138.69631	 119.43938	        P1	
1375.80553	1896.61372	 446.86807	        P1	
1573.79038	 748.45254	  48.90839	        P1	
1470.38428	1228.97655	 319.19151	        P1	
1441.38013	  98.28900	1989.28375	        P1	
2119.82503	2128.13893	2147.33500	        P1	
2204.31538	1228.97655	1177.91959	        P1	
 609.08714	1790.31596	 164.74402	        P1	
 250.94895	 771.02262	 593.07838	        P1	
 305.17410	 669.82133	1123.86297	        P1	
1950.84433	 201.67449	1911.03033	        P1	
1952.10538	 524.20801	 990.00845	        P1	
1585.13983	2203.85785	1657.22163	        P1	
1092.06929	2146.34057	 709.94368	        P1	
1718.81113	1688.38664	 673.39108	        P1	
1262.31104	 961.77610	 738.77383	        P1	
1596.48928	  81.54348	 899.39923	        P1	
1326.62459	2121.58633	1503.28894	        P1	
1070.63144	 706.95273	 987.94917	        P1	
1670.89123	1682.56212	1602.13534	        P1	
 894.08444	1711.68476	2248.24074	        P1	
2081.99353	1911.17504	1390.02746	        P1	
2100.90928	1180.92414	  90.60922	        P1	
 604.04294	1238.44143	1978.47242	        P1	
1945.80013	1866.03492	 979.71193	        P1	
 319.04565	1028.75822	 508.13226	        P1	
2064.33883	 600.65501	1193.87914	        P1	
1058.02094	1943.20996	2186.46174	        P1	
1803.30148	  45.14012	 913.81437	        P1	
1195.47539	2083.72685	1322.07057	        P1	
1918.05703	1950.49064	1719.00063	        P1	
1548.56938	1657.07976	1573.30518	        P1	
 244.64370	1785.21952	 965.81165	        P1	
 441.36750	1403.71255	 133.85452	        P1	
 520.81364	1911.17504	 650.22396	        P1	
 938.22119	 132.50812	1747.83085	        P1	
1543.52518	 299.96349	1385.90884	        P1	
 556.12304	1022.93370	1904.85243	        P1	
1596.48928	 470.33109	1906.39690	        P1	
2153.87338	1732.79872	1182.03815	        P1	
1670.89123	 884.60102	1805.49123	        P1	
1948.32223	1325.80943	1348.32664	        P1	
1954.62748	 838.73282	1218.59074	        P1	
1551.09148	1536.22072	1548.07871	        P1	
1581.35668	1677.46564	1922.87132	        P1	
1224.47954	 181.28860	1848.73653	        P1	
 889.04024	   0.72808	1490.93314	        P1	
 184.11330	1185.29255	  65.89762	        P1	
 571.25564	 622.49701	1490.41834	        P1	
 614.13134	 293.41089	 360.37747	        P1	
1065.58724	2018.92893	1072.38043	        P1	
2186.66068	 614.48830	 990.52325	        P1	
2158.91758	 636.33030	1405.98702	        P1	
 435.06225	 987.98650	 825.26443	        P1	
   1.26105	1704.40412	2091.73390	        P1	
1161.42704	  95.37672	1147.03009	        P1	
2071.90513	1745.17584	 606.97866	        P1	
 122.32185	 258.46369	 522.54734	        P1	
 340.48350	1575.53632	1707.15963	        P1	
1331.66879	2139.05993	1571.24584	        P1	
2006.33053	1962.13972	2077.83362	        P1	
2161.43968	 704.76853	 121.49872	        P1	
1528.39258	1859.48232	1731.87123	        P1	
2136.21868	 505.27829	2164.32422	        P1	
 680.96699	2171.09485	1890.43735	        P1	
 363.18240	1510.01031	1955.82010	        P1	
2211.88168	1569.71175	 177.09982	        P1	
1992.45898	 639.24253	 467.46111	        P1	
1446.42433	2224.24373	1455.41022	        P1	
 683.48909	2144.88445	2100.48594	        P1	
 103.40610	1759.00912	1535.72291	        P1	
1142.51129	 631.96190	2221.46980	        P1	
 432.54015	1893.70144	1743.71223	        P1	
 266.08155	1014.19690	 446.86807	        P1	
 767.97944	1006.91622	1570.73103	        P1	
 537.20729	1549.32592	 249.17527	        P1	
 894.08444	 596.28661	1000.81977	        P1	
1808.34568	 613.03213	2155.57224	        P1	
  93.31770	1077.53871	1721.05991	        P1	
 646.91864	1155.44183	  94.21297	        P1	
1165.21019	1261.01151	1103.26993	        P1	
 948.30959	 455.76973	1468.28088	        P1	
1151.33864	1930.10476	1832.77697	        P1	
2126.13028	2085.18297	1184.09749	        P1	
 877.69079	 122.31520	 722.81428	        P1	
 925.61069	1619.22032	 199.75207	        P1	
 561.16724	 776.84714	1060.53949	        P1	
1291.31519	2088.09525	1941.40502	        P1	
1781.86363	1478.70343	1700.46693	        P1	
1147.55549	1054.24054	1167.10826	        P1	
2167.74493	 987.98650	 786.65256	        P1	
2083.25458	 388.78761	 897.33995	        P1	
 123.58290	1499.81735	2062.90374	        P1	
 963.44219	 566.43589	2244.63692	        P1	
 697.36064	1400.07223	  92.66850	        P1	
1759.16473	1550.05395	1865.21095	        P1	
 460.28324	2235.89277	1735.47505	        P1	
2192.96593	1775.75464	1569.18656	        P1	
 928.13279	1511.46643	1896.61525	        P1	
 422.45175	1637.42195	 714.57710	        P1	
 214.37850	1052.78442	 928.22945	        P1	
2152.61233	 401.16473	 160.11059	        P1	
 438.84540	1582.81695	1066.71739	        P1	
2012.63578	 113.57840	 531.29939	        P1	
 863.81924	1370.94955	  10.29652	        P1	
  85.75140	 779.03134	1068.26187	        P1	
 201.76800	1842.00872	 595.13766	        P1	
 614.13134	2193.66493	1294.78482	        P1	
1195.47539	1250.81855	2087.61534	        P1	
 694.83854	1283.58155	 461.28321	        P1	
1683.50173	1373.86183	 846.37228	        P1	
 179.06910	 228.61292	1451.29166	        P1	
 189.15750	1502.72963	1422.46144	        P1	
1823.47828	1866.76296	2055.18137	        P1	
2172.78913	2149.98093	 768.11886	        P1	
 727.62584	 805.96982	1935.22712	        P1	
 302.65200	1657.07976	1259.77676	        P1	
1918.05703	1634.50972	 504.01364	        P1	
 201.76800	 618.85670	 261.53107	        P1	
1924.36228	1279.94123	 644.04606	        P1	
1886.53078	  93.19252	 808.79007	        P1	
 378.31500	1680.37792	1812.18393	        P1	
2061.81673	1761.19332	1041.49093	        P1	
1648.19233	 856.93450	 397.44487	        P1	
 654.48494	1860.21036	1167.10826	        P1	
1905.44653	2048.05156	2123.13827	        P1	
1489.30003	1938.84156	2229.70704	        P1	
2247.19107	1910.44696	 858.21327	        P1	
 456.50009	 480.52401	 821.66068	        P1	
1141.25024	1229.70463	1785.41305	        P1	
 366.96555	 947.21474	  48.90839	        P1	
 471.63269	 167.45532	 994.12707	        P1	
 952.09274	 552.60261	 271.82759	        P1	
 805.81094	1646.15876	2172.56146	        P1	
 132.41025	 559.88329	1529.54501	        P1	
1880.22553	 434.65581	 203.87069	        P1	
2187.92173	 318.16513	 401.04869	        P1	
 878.95184	1662.17624	  55.60110	        P1	
1495.60528	 827.08374	1282.94389	        P1	
  36.57045	2036.40253	 744.95173	        P1	
2156.39548	2213.32273	1708.70411	        P1	
 737.71424	 543.86581	1539.84153	        P1	
1747.81528	 183.47280	 345.96239	        P1	
 129.88815	2232.98053	1330.30774	        P1	
1722.59428	 792.13654	 498.35061	        P1	
1475.42848	 345.10361	 223.94887	        P1	
1401.02653	 982.16194	 895.28067	        P1	
 390.92550	1006.18814	2149.39434	        P1	
1293.83729	 738.25962	1735.98985	        P1	
 520.81364	1136.51211	 409.80067	        P1	
 588.91034	1670.91304	 508.13226	        P1	
1704.93958	 442.66453	1919.26757	        P1	
1621.71028	  17.47360	 223.94887	        P1	
2022.72418	 990.17070	1719.51543	        P1	
2186.66068	1989.07816	1530.05988	        P1	
 688.53329	1859.48232	1455.41022	        P1	
 824.72669	2111.39337	 726.93290	        P1	
2005.06948	 505.27829	1529.54501	        P1	
 871.38554	 157.99048	 348.02167	        P1	
 346.78875	1209.31875	1136.21877	        P1	
2025.24628	1498.36123	 619.33446	        P1	
  97.10085	 734.61930	 465.40177	        P1	
1244.65634	1110.30171	 411.34514	        P1	
1842.39403	1202.03811	  46.84905	        P1	
 363.18240	 231.52521	   0.00000	        P1	
1022.71154	1981.06944	 401.56349	        P1	
1406.07073	 680.74233	1721.57478	        P1	
 955.87589	 962.50414	1486.81458	        P1	
 180.33015	 390.97181	1651.04373	        P1	
1308.96989	1754.64072	2108.72312	        P1	
1112.24609	2226.42793	 361.92194	        P1	
 954.61484	1943.20996	1130.04087	        P1	
1074.41459	 739.71574	 943.15940	        P1	
2015.15788	1427.01071	1344.20802	        P1	
1051.71569	 160.17469	1869.32950	        P1	
2058.03358	 872.22390	2029.95490	        P1	
 264.82050	 642.15481	1076.49905	        P1	
 583.86614	1253.00275	 424.21581	        P1	
2213.14273	1050.60022	 421.64166	        P1	
1076.93669	2153.62125	 661.03528	        P1	
 732.67004	 414.26993	 337.72521	        P1	
2201.79328	1480.88763	1983.10585	        P1	
 880.21289	2187.11233	 219.83025	        P1	
1453.99063	1299.59903	1637.14346	        P1	
1509.47683	1605.38704	2051.06275	        P1	
 731.40899	 681.47042	1471.88464	        P1	
 180.33015	1477.24731	1861.60713	        P1	
1021.45049	1475.06311	1231.46135	        P1	
 162.67545	 736.07542	1156.81174	        P1	
 858.77504	1723.33384	 982.28607	        P1	
1506.95473	1847.10516	 240.42329	        P1	
1427.50858	 630.50573	 535.41801	        P1	
1542.26413	1911.17504	  94.21297	        P1	
1182.86489	1834.72804	 415.46376	        P1	
 335.43930	1295.95871	2040.76623	        P1	
1156.38284	1004.00394	1902.27835	        P1	
2041.63993	 273.02501	1156.81174	        P1	
1620.44923	1271.93251	 829.89786	        P1	
 267.34260	 209.68320	 767.60405	        P1	
1370.76133	 918.09210	1449.23232	        P1	
1872.65923	1156.89794	1659.79578	        P1	
1885.26973	 536.58513	 660.52048	        P1	
1438.85803	 498.72569	 675.45036	        P1	
 485.50424	 191.48152	1468.28088	        P1	
 648.17969	 237.34972	1859.03305	        P1	
1628.01553	 114.30648	1935.74193	        P1	
  36.57045	  88.09608	 904.03266	        P1	
 210.59535	 551.14649	 236.81947	        P1	
 592.69349	1625.04484	1657.22163	        P1	
2200.53223	1056.42474	 831.95720	        P1	
1321.58039	 291.22669	1929.56403	        P1	
1836.08878	  59.70148	 916.38846	        P1	
1088.28614	1966.50812	1004.42353	        P1	
 537.20729	1076.08254	 425.76028	        P1	
1346.80138	 895.52202	 197.69279	        P1	
 841.12034	1213.68715	 708.39920	        P1	
2087.03773	 246.81461	 576.08916	        P1	
1343.01823	2179.10357	1185.64196	        P1	
2047.94518	1571.16792	1175.86025	        P1	
2160.17863	1411.72131	1900.21900	        P1	
 406.05810	1311.97615	 319.19151	        P1	
2030.29048	 917.36402	1064.14325	        P1	
1948.32223	1132.14371	1855.42923	        P1	
2185.39963	1337.45851	1782.83891	        P1	
 442.62855	 736.07542	 253.29389	        P1	
1667.10808	 275.20921	1217.04627	        P1	
 366.96555	 322.53353	 160.11059	        P1	
1297.62044	1574.80823	  50.96767	        P1	
1084.50299	 615.94441	1478.06254	        P1	
1754.12053	1069.52994	 387.14841	        P1	
 348.04980	1789.58792	1843.07343	        P1	
1081.98089	 934.83762	1352.96006	        P1	
1535.95888	1662.90432	 885.49896	        P1	
 290.04150	 125.22748	1443.05442	        P1	
 409.84125	1353.47595	1900.73387	        P1	
1240.87319	1150.34534	  90.60922	        P1	
  84.49035	  12.37712	  41.18602	        P1	
 639.35234	1552.96623	  86.49060	        P1	
 909.21704	1777.21076	1474.45878	        P1	
 915.52229	 256.27949	 683.17274	        P1	
1583.87878	2093.91977	1315.37786	        P1	
 462.80534	1251.54663	2013.99535	        P1	
 158.89230	1228.97655	 709.94368	        P1	
1938.23383	 746.26834	 899.91410	        P1	
 566.21144	 379.32273	 104.50949	        P1	
 409.84125	1301.05515	1933.16784	        P1	
2012.63578	  62.61372	1610.37258	        P1	
 152.58705	1235.52915	2055.18137	        P1	
  31.52625	 653.07581	1515.12994	        P1	
2126.13028	1424.09843	1039.43165	        P1	
 767.97944	1354.93211	1492.47761	        P1	
1105.94084	1170.00314	1826.59907	        P1	
 837.33719	 216.96389	 917.93293	        P1	
1762.94788	2117.21793	1591.32401	        P1	
 818.42144	 995.26714	 357.80339	        P1	
  74.40195	 718.60182	 450.98669	        P1	
1416.15913	1848.56132	 195.11865	        P1	
 798.24464	 706.95273	1560.94938	        P1	
 633.04709	1083.36322	 667.21318	        P1	
2196.74908	 588.27789	 139.51755	        P1	
1861.30978	 902.80270	2029.95490	        P1	
1901.66338	 254.82332	 986.40470	        P1	
1554.87463	1844.19292	1182.03815	        P1	
2166.48388	2002.18336	1982.59104	        P1	
1329.14669	 546.05001	2217.86604	        P1	
1856.26558	 803.78562	1025.53137	        P1	
1518.30418	1428.46683	1224.76864	        P1	
 308.95725	 376.41049	1534.17844	        P1	
1366.97818	2163.81417	 912.26990	        P1	
2133.69658	 350.92813	2086.07087	        P1	
 133.67130	 394.61213	1672.15158	        P1	
 573.77774	1363.66891	  96.27225	        P1	
2079.47143	1705.86024	 864.90598	        P1	
 266.08155	 491.44501	1824.02493	        P1	
1339.23509	1032.39854	2112.32694	        P1	
1480.47268	1885.69272	 701.70644	        P1	
 583.86614	2122.31437	1567.12728	        P1	
2088.29878	 733.89122	1898.15973	        P1	
2061.81673	 904.98690	1974.35380	        P1	
 143.75970	1129.95951	2046.94413	        P1	
2240.88582	1768.47396	1097.60689	        P1	
  36.57045	 248.27072	2204.99544	        P1	
 197.98485	1223.88011	1058.48015	        P1	
 684.75014	1651.98332	1282.42902	        P1	
 648.17969	1964.32393	 335.66587	        P1	
 413.62440	2219.14725	1230.94654	        P1	
1890.31393	 999.63554	1956.33497	        P1	
 288.78045	1775.75464	 358.31819	        P1	
  55.48620	2042.95513	1047.66883	        P1	
1214.39114	1874.77172	1986.70960	        P1	
 949.57064	  54.60500	 327.42869	        P1	
1117.29029	2125.95473	1435.33204	        P1	
1963.45483	2129.59505	 383.02979	        P1	
1080.71984	 824.89954	 845.85747	        P1	
1808.34568	1932.28896	2049.00347	        P1	
 443.88960	2061.88485	 840.19438	        P1	
 465.32744	 926.82890	1460.04364	        P1	
 578.82194	1654.89556	2061.35927	        P1	
 630.52499	 585.36561	 230.12677	        P1	
 780.58994	1186.02063	 172.98120	        P1	
 388.40340	 361.12109	1707.15963	        P1	
1822.21723	1793.22824	 427.81956	        P1	
 767.97944	 631.23381	  55.60110	        P1	
1906.70758	1233.34495	1543.96016	        P1	
2137.47973	 597.74273	1159.38589	        P1	
 124.84395	 363.30529	 992.06773	        P1	
 788.15624	 310.88449	1455.41022	        P1	
1878.96448	 677.10202	 710.45848	        P1	
 436.32330	2201.67365	1274.19184	        P1	
2103.43138	  16.01748	 162.68468	        P1	
1523.34838	1100.83682	1025.53137	        P1	
1687.28488	1598.83444	1317.43714	        P1	
 133.67130	1722.60576	  28.83022	        P1	
1612.88293	1851.47356	 560.12961	        P1	
1683.50173	1404.44063	 588.44496	        P1	
 757.89104	1832.54384	1056.42087	        P1	
2185.39963	2190.75265	2100.48594	        P1	
1001.27369	  46.59628	  77.73855	        P1	
 262.29840	 307.24413	1315.37786	        P1	
1341.75718	 366.94561	 259.47179	        P1	
1998.76423	 325.44581	2180.79864	        P1	
1485.51688	1825.99124	 971.47475	        P1	
1166.47124	1033.12662	1403.92774	        P1	
1735.20478	1866.76296	 654.34258	        P1	
1122.33449	2093.91977	1085.25109	        P1	
1417.42018	1496.90511	1850.79581	        P1	
1361.93398	 650.89161	2182.34312	        P1	
1682.24068	2195.84913	1169.68235	        P1	
 475.41584	1314.16035	1395.69056	        P1	
1882.74763	  77.90312	1018.83867	        P1	
 788.15624	1087.00354	 876.74697	        P1	
  34.04835	 756.46130	 817.54206	        P1	
 824.72669	  53.87692	2248.24074	        P1	
1213.13009	1036.76694	1648.98445	        P1	
1684.76278	 607.20761	 644.04606	        P1	
1152.59969	2187.11233	 917.93293	        P1	
1374.54448	 490.71693	1542.41568	        P1	
1168.99334	1340.37075	1591.83888	        P1	
1948.32223	2018.92893	 707.88434	        P1	
2165.22283	1349.10755	1154.75247	        P1	
 273.64785	1701.49184	1285.00317	        P1	
 640.61339	 141.24492	 555.49618	        P1	
 900.38969	1266.83603	2089.67462	        P1	
 612.87029	 311.61253	1476.00326	        P1	
1078.19774	1820.89476	1513.07066	        P1	
1192.95329	2233.70857	 146.21032	        P1	
1732.68268	1582.81695	 413.40448	        P1	
 633.04709	 362.57721	1348.32664	        P1	
 108.45030	1542.04523	 687.29136	        P1	
 812.11619	1463.41403	2032.52905	        P1	
1133.68394	1170.00314	1414.22426	        P1	
1553.61358	 372.77013	1789.53167	        P1	
 765.45734	2081.54265	 389.20769	        P1	
 923.08859	2082.27073	1869.32950	        P1	
2047.94518	2160.90193	 582.78186	        P1	
 509.46419	2156.53353	2158.14632	        P1	
1813.38988	 327.63001	 698.10268	        P1	
1351.84558	 110.66612	2005.75817	        P1	
2049.20623	 690.93530	 551.89236	        P1	
1717.55008	1282.85351	1725.69333	        P1	
 997.49054	 784.12782	1595.44263	        P1	
 465.32744	1370.94955	1029.64999	        P1	
 366.96555	  21.11392	1445.11376	        P1	
 943.26539	 429.55933	1981.04657	        P1	
 596.47664	 344.37553	1933.16784	        P1	
 223.20585	1180.19611	1918.75270	        P1	
1079.45879	 959.59190	1571.24584	        P1	
1622.97133	1767.01784	2119.01964	        P1	
 664.57334	1983.98173	2029.95490	        P1	
1382.11078	1269.74831	 693.98406	        P1	
 317.78460	2210.41045	 580.72258	        P1	
1997.50318	 432.47161	 613.15656	        P1	
1856.26558	2239.53313	  96.27225	        P1	
 723.84269	1764.83364	1414.73906	        P1	
1390.93813	  63.34180	1929.04922	        P1	
 123.58290	1920.63992	2127.25682	        P1	
 959.65904	 688.02302	1453.35094	        P1	
2017.67998	1696.39536	1704.58555	        P1	
 206.81220	1690.57084	 117.38010	        P1	
2224.49218	 136.87652	 926.17017	        P1	
1597.75033	 971.96902	 716.63638	        P1	
1901.66338	 225.70069	1035.31303	        P1	
1577.57353	 795.77690	 959.63375	        P1	
1374.54448	 340.73521	1057.96535	        P1	
