2007.00000	   0.00000	   0.00000	   0.00000	
 234.55530	 723.69830	2114.90102	        P1	
1010.10104	 466.69073	2124.68274	        P1	
1332.92984	1557.33463	 440.17536	        P1	
 846.16454	1568.98372	 440.69017	        P1	
 825.98774	2182.01585	 798.49355	        P1	
1730.16058	 899.89042	1546.01943	        P1	
1000.01264	2186.38425	1230.94654	        P1	
 925.61069	1437.20363	1698.92246	        P1	
 539.72939	1849.28936	1346.26736	        P1	
  51.70305	2032.03413	1861.60713	        P1	
1377.06658	1959.95552	1807.55051	        P1	
1219.43534	1739.35132	 318.67665	        P1	
 485.50424	2141.24413	1356.56382	        P1	
 595.21559	 629.04961	1272.64737	        P1	
 617.91449	 305.78801	 815.48278	        P1	
 351.83295	 910.81142	1797.76885	        P1	
 129.88815	1988.35013	 516.36944	        P1	
1055.49884	 849.65382	 420.09719	        P1	
 645.65759	1483.79991	 558.07026	        P1	
1836.08878	1697.85152	1029.13513	        P1	
 184.11330	1894.42952	 440.69017	        P1	
1885.26973	1270.47635	 319.19151	        P1	
1337.97404	1925.73636	1530.05988	        P1	
 103.40610	 755.73322	1908.97105	        P1	
1844.91613	 195.84992	2030.46977	        P1	
 412.36335	1477.24731	1373.55304	        P1	
1696.11223	 252.63912	1801.88747	        P1	
 380.83710	1820.16672	1886.31873	        P1	
  45.39780	1454.67723	1439.45066	        P1	
1134.94499	 701.85630	1077.01385	        P1	
1533.43678	1667.27272	 471.57967	        P1	
 488.02634	 182.74472	2024.29187	        P1	
1813.38988	1632.32552	1424.52072	        P1	
1245.91739	1636.69392	1195.93842	        P1	
 310.21830	1364.39695	 955.51520	        P1	
1773.03628	1482.34375	1474.45878	        P1	
1476.68953	 360.39301	1037.88717	        P1	
1779.34153	 674.91781	1865.72575	        P1	
2219.44798	1335.27431	1762.76073	        P1	
 112.23345	 406.98929	 545.71447	        P1	
1238.35109	1319.25683	1416.28354	        P1	
1199.25854	1691.29892	2036.13280	        P1	
 716.27639	1166.36283	1527.48573	        P1	
 587.64929	 866.39934	 992.58259	        P1	
1479.21163	1583.54504	1101.21065	        P1	
1417.42018	1309.06391	2172.04660	        P1	
 677.18384	  92.46448	1770.48311	        P1	
1766.73103	2148.52477	 870.56907	        P1	
1404.80968	2204.58593	1750.40493	        P1	
 544.77359	1839.09644	1941.40502	        P1	
1993.72003	 797.23302	 316.61737	        P1	
 733.93109	 136.87652	  73.61999	        P1	
1276.18259	1910.44696	1017.29419	        P1	
1242.13424	1707.31636	1492.99248	        P1	
1455.25168	 184.92892	1573.30518	        P1	
 899.12864	 315.25289	1603.67981	        P1	
1428.76963	  34.21912	1216.53146	        P1	
 737.71424	1927.19252	1572.79031	        P1	
 467.84954	2017.47276	1333.91156	        P1	
 472.89374	1898.06984	 433.99746	        P1	
1962.19378	 741.17190	1924.93060	        P1	
2099.64823	 835.09250	1688.62594	        P1	
 437.58435	 294.86701	1155.26727	        P1	
1461.55693	 107.02580	1958.39425	        P1	
1223.21849	 562.06749	1443.05442	        P1	
2020.20208	 666.90910	 541.08104	        P1	
1612.88293	 925.37274	2050.54794	        P1	
 406.05810	1237.71335	2174.10594	        P1	
 867.60239	1817.25444	  61.77900	        P1	
1517.04313	 479.79593	 740.83318	        P1	
2127.39133	1653.43944	1929.04922	        P1	
 479.19899	1341.09883	 488.05409	        P1	
2196.74908	1941.02576	1128.49639	        P1	
 403.53600	1332.36203	2244.12212	        P1	
2242.14687	1400.80031	1812.18393	        P1	
 883.99604	2225.69985	  86.49060	        P1	
1161.42704	1793.22824	1729.81195	        P1	
1349.32348	 323.26161	1550.65286	        P1	
1518.30418	 768.83842	 914.32918	        P1	
1474.16743	 513.28701	 594.62286	        P1	
1372.02238	1010.55654	 319.19151	        P1	
 515.76944	1769.93012	 992.06773	        P1	
 181.59120	1108.11751	 930.28873	        P1	
1909.22968	 733.89122	  30.88950	        P1	
 274.90890	 583.90949	2060.84440	        P1	
 138.71550	1097.92454	 319.19151	        P1	
1092.06929	 330.54229	1640.74721	        P1	
1319.05829	1499.81735	1270.58809	        P1	
1610.36083	 612.30409	1645.38064	        P1	
 913.00019	 317.43709	 786.65256	        P1	
2244.66897	 452.85749	1294.78482	        P1	
2233.31953	1222.42395	 747.01108	        P1	
  74.40195	 316.70901	1964.57215	        P1	
2182.87753	2224.24373	 273.88687	        P1	
1643.14813	 779.75942	1175.34544	        P1	
 726.36479	 326.17389	 676.99484	        P1	
1301.40359	1858.02616	1313.83339	        P1	
 268.60365	1133.59983	1613.97633	        P1	
2155.13443	 840.91702	 883.43968	        P1	
 220.68375	 242.44621	2242.57764	        P1	
 214.37850	1627.95712	 873.14316	        P1	
1277.44364	1777.21076	1265.95466	        P1	
 538.46834	 654.53193	 856.66880	        P1	
 750.32474	 963.23222	1995.46165	        P1	
 725.10374	1978.15716	 592.56358	        P1	
1575.05143	 337.09489	 621.39374	        P1	
1392.19918	 739.71574	 498.35061	        P1	
1620.44923	 548.23421	1285.00317	        P1	
 195.46275	1836.91224	2163.80942	        P1	
 384.62025	1424.82651	2003.69883	        P1	
1673.41333	1075.35451	1195.93842	        P1	
  25.22100	1144.52083	1644.86583	        P1	
2227.01428	 929.01310	1838.44001	        P1	
2247.19107	 441.20841	 407.74139	        P1	
1210.60799	1386.23895	1692.22975	        P1	
1544.78623	 696.75982	2186.97654	        P1	
 663.31229	1783.76336	1389.51266	        P1	
 897.86759	1153.25763	 508.13226	        P1	
2032.81258	1901.71016	1704.58555	        P1	
1411.11493	  24.02620	2009.36192	        P1	
 456.50009	1456.13335	2055.18137	        P1	
 973.53059	 439.75229	 862.33183	        P1	
2006.33053	1998.54304	2112.84174	        P1	
 587.64929	 706.22470	1770.48311	        P1	
 307.69620	 187.84120	 520.48806	        P1	
 716.27639	1575.53632	1033.76855	        P1	
 263.55945	1299.59903	2083.49672	        P1	
  76.92405	1772.84236	 672.87628	        P1	
1402.28758	 899.89042	 279.54997	        P1	
2175.31123	  56.06112	 251.23461	        P1	
1158.90494	 634.14610	1262.35085	        P1	
1533.43678	2155.07737	 716.12158	        P1	
 759.15209	 311.61253	1560.94938	        P1	
 843.64244	1898.06984	2034.07352	        P1	
1484.25583	 361.84913	1673.69605	        P1	
 735.19214	1250.09051	1676.27014	        P1	
 331.65615	1915.54344	 736.71456	        P1	
 496.85369	 592.64629	1052.30225	        P1	
1250.96159	1549.32592	 409.80067	        P1	
1297.62044	1478.70343	1162.98964	        P1	
 979.83584	1893.70144	1162.98964	        P1	
1366.97818	 543.13773	 782.53400	        P1	
 554.86199	1584.27312	 755.76306	        P1	
1421.20333	1255.91503	  88.03507	        P1	
2143.78498	 950.85510	 261.53107	        P1	
1319.05829	1999.27113	 755.76306	        P1	
1907.96863	  38.58752	 523.06221	        P1	
1673.41333	2104.84077	1369.43448	        P1	
 370.74870	1058.60894	1252.05439	        P1	
2152.61233	2058.24453	 465.40177	        P1	
  23.95995	1321.44103	 333.60659	        P1	
1029.01679	2223.51565	1834.83625	        P1	
 374.53185	1882.05236	1426.58006	        P1	
 296.34675	1082.63514	 438.11608	        P1	
1907.96863	 459.41009	1138.79285	        P1	
1320.31934	 500.18181	 834.01648	        P1	
2092.08193	 393.88409	 689.35064	        P1	
2128.65238	 863.48710	 131.79518	        P1	
2047.94518	 869.31162	  13.90027	        P1	
  29.00415	 354.56849	1151.14865	        P1	
 593.95454	1576.26435	1184.09749	        P1	
2002.54738	2176.91937	 269.76831	        P1	
1315.27514	2037.85865	 753.70378	        P1	
 252.21000	 773.20682	 500.40989	        P1	
 982.35794	  69.16632	 617.27518	        P1	
1702.41748	 591.19013	2123.13827	        P1	
 974.79164	1810.70184	2071.14092	        P1	
1002.53474	 979.24970	2104.08970	        P1	
  49.18095	1686.93052	1671.63671	        P1	
2148.82918	 522.75189	1762.76073	        P1	
 659.52914	 937.02182	1935.22712	        P1	
2026.50733	 835.09250	2189.03582	        P1	
1204.30274	1088.45971	 341.84377	        P1	
1010.10104	 845.28542	1249.48024	        P1	
1480.47268	 611.57601	 736.71456	        P1	
1216.91324	 243.90232	1358.62316	        P1	
1155.12179	1076.08254	1184.09749	        P1	
 274.90890	1080.45094	 969.41547	        P1	
2170.26703	1851.47356	 862.84670	        P1	
1630.53763	1136.51211	  77.73855	        P1	
1306.44779	 666.90910	1534.17844	        P1	
2076.94933	2021.84116	 938.52597	        P1	
 387.14235	2123.77053	2141.15710	        P1	
 731.40899	1705.13216	 722.29948	        P1	
1261.04999	2143.42833	 650.73876	        P1	
1585.13983	 574.44461	1507.40756	        P1	
2162.70073	 233.70941	 278.00549	        P1	
1660.80283	 593.37433	  30.37469	        P1	
1229.52374	  56.06112	 492.17271	        P1	
1098.37454	1538.40492	2110.26760	        P1	
  64.31355	 494.35729	1029.13513	        P1	
1944.53908	1745.90392	1651.55854	        P1	
  90.79560	1319.25683	1081.13247	        P1	
 964.70324	 762.28582	2071.14092	        P1	
2093.34298	1020.74950	1002.87905	        P1	
1629.27658	1255.18695	1914.63415	        P1	
1954.62748	 637.78641	 254.83837	        P1	
 660.79019	 998.90750	 514.82497	        P1	
2230.79743	1995.63076	 246.60119	        P1	
 554.86199	1754.64072	  28.31535	        P1	
 337.96140	1910.44696	 238.87881	        P1	
1755.38158	1348.37951	1523.36711	        P1	
2177.83333	1372.40571	1453.86574	        P1	
 706.18799	1038.22310	2246.18140	        P1	
1017.66734	 293.41089	  39.12668	        P1	
 457.76114	 669.09330	 744.95173	        P1	
1813.38988	2125.95473	1943.46430	        P1	
1667.10808	 720.78602	 549.83309	        P1	
1539.74203	1012.74074	1523.88198	        P1	
1187.90909	2214.77885	1657.22163	        P1	
1005.05684	 985.07422	 990.00845	        P1	
1993.72003	1659.26396	1568.67175	        P1	
1393.46023	 274.48112	 152.38822	        P1	
2018.94103	 481.25209	1429.15414	        P1	
 895.34549	1368.76535	1550.13805	        P1	
 273.64785	1155.44183	1193.87914	        P1	
1600.27243	2173.27905	 710.45848	        P1	
1805.82358	 292.68281	2015.53982	        P1	
1036.58309	1623.58872	2165.86870	        P1	
1678.45753	1264.65183	1107.38855	        P1	
1462.81798	1738.62324	1589.26473	        P1	
1491.82213	 721.51410	1047.66883	        P1	
1216.91324	2211.13853	1768.93863	        P1	
 510.72524	  72.07860	2199.33234	        P1	
1849.96033	1812.15796	 170.92192	        P1	
1000.01264	1228.24851	 768.11886	        P1	
 977.31374	2209.68237	2069.08164	        P1	
1074.41459	 267.92852	1062.08397	        P1	
2116.04188	 741.17190	1089.36965	        P1	
1519.56523	  42.95592	1062.08397	        P1	
1353.10663	1866.03492	1843.07343	        P1	
2068.12198	1959.95552	 127.16175	        P1	
1640.62603	 638.51450	 701.70644	        P1	
1887.79183	 741.89994	2116.96037	        P1	
1194.21434	 801.60142	 724.35876	        P1	
 871.38554	2133.96345	 908.15128	        P1	
1238.35109	 959.59190	1300.96272	        P1	
 788.15624	 923.91662	1433.27276	        P1	
 634.30814	2209.68237	 930.80360	        P1	
1336.71299	 493.62921	1754.52355	        P1	
 738.97529	 452.85749	1768.93863	        P1	
 385.88130	2066.25325	 728.99218	        P1	
 955.87589	1116.85431	1078.55833	        P1	
2131.17448	 841.64510	 483.93547	        P1	
1694.85118	1566.79952	1646.92511	        P1	
1387.15498	 974.15322	1966.11662	        P1	
1052.97674	 238.07781	1496.59624	        P1	
1103.41874	1905.35052	2011.42120	        P1	
 943.26539	1367.30923	 450.98669	        P1	
1194.21434	1986.89396	 444.29398	        P1	
 513.24734	 628.32153	1400.32398	        P1	
2210.62063	 529.30449	 304.77637	        P1	
1431.29173	1822.35092	1572.79031	        P1	
1815.91198	 308.70029	1498.65551	        P1	
 718.79849	 977.06550	 934.92215	        P1	
 524.59679	1932.28896	1797.25405	        P1	
1735.20478	 553.33069	1855.42923	        P1	
1160.16599	1536.22072	1565.06794	        P1	
  73.14090	1262.46763	1861.09233	        P1	
 567.47249	1903.16632	1058.48015	        P1	
 936.96014	1867.49104	 945.21868	        P1	
1771.77523	1285.03771	 794.37493	        P1	
1162.68809	1649.79912	1745.77151	        P1	
1380.84973	1366.58115	2221.98466	        P1	
1611.62188	  99.01708	 256.89765	        P1	
 906.69494	 105.56968	1177.40472	        P1	
2163.96178	1706.58832	1146.51522	        P1	
1143.77234	 969.05674	2018.11397	        P1	
1383.37183	1787.40372	 687.80616	        P1	
1417.42018	1860.93844	 792.31565	        P1	
1133.68394	1236.98531	2040.76623	        P1	
 598.99874	1992.71853	1325.67432	        P1	
 430.01805	1838.36836	 870.56907	        P1	
1530.91468	 167.45532	 617.27518	        P1	
1475.42848	 599.92693	 821.14587	        P1	
  66.83565	1366.58115	 257.41251	        P1	
 108.45030	 722.24213	 430.39371	        P1	
 759.15209	 908.62722	1093.48827	        P1	
 494.33159	 343.64749	2172.04660	        P1	
1680.97963	1060.79314	1900.73387	        P1	
 770.50154	 552.60261	 359.86267	        P1	
  66.83565	 555.51489	1447.68784	        P1	
 509.46419	 320.34933	 634.26440	        P1	
2085.77668	1811.42992	2016.05463	        P1	
 601.52084	1541.31715	 245.05671	        P1	
1076.93669	1626.50095	 288.30201	        P1	
1287.53204	1494.72091	1270.07322	        P1	
1860.04873	 153.62208	 664.63904	        P1	
 617.91449	1349.83563	2058.78512	        P1	
 814.63829	1440.11591	 193.57417	        P1	
 789.41729	1856.57004	 847.91675	        P1	
 673.40069	 195.12189	2097.91180	        P1	
 147.54285	1142.33663	1793.13543	        P1	
 287.51940	 263.56012	1814.24327	        P1	
1665.84703	1618.49224	1280.36974	        P1	
 237.07740	 154.35012	 592.56358	        P1	
2094.60403	1027.30210	1795.19471	        P1	
1725.11638	 433.92773	1420.40216	        P1	
1727.63848	1614.85192	1645.38064	        P1	
1916.79598	 123.77132	1778.72035	        P1	
 369.48765	1903.89436	 788.71190	        P1	
2247.19107	1961.41164	 265.64969	        P1	
1538.48098	 243.17429	1830.71763	        P1	
2234.58058	 276.66532	 887.55830	        P1	
 156.37020	 457.22589	1949.64220	        P1	
 214.37850	1367.30923	1513.58546	        P1	
1346.80138	 283.94601	1076.49905	        P1	
1041.62729	 809.61014	1216.53146	        P1	
2008.85263	1723.33384	2168.44284	        P1	
 569.99459	 173.27989	 979.71193	        P1	
 767.97944	1299.59903	 347.50687	        P1	
 791.93939	1272.66055	2018.11397	        P1	
 210.59535	 457.95393	1573.30518	        P1	
1044.14939	 451.40133	1604.19468	        P1	
1229.52374	 369.12981	 242.48257	        P1	
1616.66608	 241.71812	 875.20250	        P1	
 831.03194	 318.16513	2172.56146	        P1	
 702.40484	1531.12423	1908.97105	        P1	
 974.79164	 204.58672	2118.50484	        P1	
  70.61880	1499.81735	1723.11925	        P1	
 453.97799	 262.10401	 996.18635	        P1	
1194.21434	 974.88130	 998.24563	        P1	
1273.66049	1681.83404	  80.31270	        P1	
1205.56379	2195.84913	1058.48015	        P1	
 520.81364	 329.81421	 934.40735	        P1	
 372.00975	 354.56849	1670.09224	        P1	
2041.63993	 944.30250	 910.21056	        P1	
1253.48369	1927.92056	1031.19447	        P1	
 773.02364	1341.82691	2178.22450	        P1	
1080.71984	1040.40730	 374.27774	        P1	
1702.41748	1185.29255	  85.97579	        P1	
1773.03628	1962.86776	1735.47505	        P1	
1566.22408	1383.32671	 182.76285	        P1	
 360.66030	1884.23656	 271.31279	        P1	
1412.37598	 698.94402	 990.00845	        P1	
 100.88400	1342.55495	 116.86529	        P1	
 339.22245	 878.77650	 380.45564	        P1	
2219.44798	1558.06272	1776.66101	        P1	
 878.95184	1628.68515	 623.45308	        P1	
 308.95725	1969.42036	 226.52302	        P1	
 186.63540	1074.62642	 154.44750	        P1	
1834.82773	 795.77690	1949.64220	        P1	
 552.33989	2160.90193	1799.82813	        P1	
 715.01534	1269.02023	1587.72026	        P1	
1551.09148	2184.20005	 526.66596	        P1	
 741.49739	1892.97336	   5.66310	        P1	
1606.57768	1858.02616	1295.29969	        P1	
1393.46023	1512.19451	 578.14844	        P1	
2017.67998	1694.93924	1700.46693	        P1	
2143.78498	1360.02855	 493.71718	        P1	
 448.93379	 339.27909	 423.70094	        P1	
2069.38303	 580.26913	1228.88726	        P1	
1921.84018	1785.21952	 905.57713	        P1	
 650.70179	1346.92335	1735.47505	        P1	
1197.99749	1610.48352	  53.02695	        P1	
 408.58020	 449.94521	1297.35897	        P1	
1982.37058	 180.56052	1500.71486	        P1	
1694.85118	2093.91977	1221.16489	        P1	
 943.26539	 994.53910	1324.12984	        P1	
1020.18944	1815.07024	 310.43947	        P1	
1322.84144	 425.91901	1546.01943	        P1	
1920.57913	 819.07502	 895.79548	        P1	
 387.14235	 926.82890	1776.66101	        P1	
  68.09670	 493.62921	1606.25396	        P1	
 525.85784	 245.35849	 658.46114	        P1	
1687.28488	 100.47320	 339.78449	        P1	
 834.81509	 920.27630	1558.89004	        P1	
1901.66338	1907.53472	 102.45015	        P1	
1910.49073	 341.46329	1758.12731	        P1	
 955.87589	1502.72963	 168.34777	        P1	
2052.98938	1470.69471	1943.46430	        P1	
1457.77378	 902.80270	1923.38613	        P1	
 530.90204	2158.71773	1410.62044	        P1	
1687.28488	1164.90671	2017.59910	        P1	
 686.01119	 315.98093	 405.68211	        P1	
 329.13405	2090.27945	 983.83055	        P1	
1201.78064	1590.82572	  51.48248	        P1	
 881.47394	1429.19491	2158.14632	        P1	
2176.57228	2128.86697	 597.19701	        P1	
 417.40755	1956.31516	1295.29969	        P1	
 564.95039	1885.69272	 312.49875	        P1	
 366.96555	2112.12145	 946.76315	        P1	
1081.98089	 471.78721	 673.39108	        P1	
1534.69783	 635.60221	 951.39657	        P1	
1029.01679	1984.70976	2098.42667	        P1	
 650.70179	1102.29294	 160.11059	        P1	
 775.54574	1177.28383	1563.00866	        P1	
 443.88960	 665.45293	1210.35356	        P1	
 553.60094	2167.45453	 687.80616	        P1	
 364.44345	 737.53153	 578.66331	        P1	
1977.32638	  23.29812	 794.88980	        P1	
 436.32330	 493.62921	 846.37228	        P1	
1274.92154	 155.07820	1037.88717	        P1	
 945.78749	 853.29414	1043.55027	        P1	
 949.57064	1609.75544	1916.69342	        P1	
 553.60094	 634.14610	 755.76306	        P1	
1860.04873	1716.05316	2246.69626	        P1	
1224.47954	  99.74512	1177.91959	        P1	
 867.60239	1405.16871	1585.14611	        P1	
1588.92298	1812.88604	1051.78745	        P1	
1634.32078	1936.65736	1974.86867	        P1	
 871.38554	2099.01625	  20.07817	        P1	
1040.36624	1892.24532	2213.74742	        P1	
 160.15335	 465.23461	 914.32918	        P1	
1682.24068	1536.22072	 273.88687	        P1	
1675.93543	2119.40213	1775.11653	        P1	
  32.78730	 364.03333	1741.65295	        P1	
1726.37743	1228.24851	1523.36711	        P1	
2095.86508	2047.32353	1843.07343	        P1	
1479.21163	 191.48152	 776.35610	        P1	
1227.00164	 134.69232	 819.60140	        P1	
 349.31085	 332.72649	1239.18372	        P1	
2242.14687	 698.94402	 100.39087	        P1	
 430.01805	2115.03373	 849.97603	        P1	
2191.70488	1297.41483	 940.58525	        P1	
 517.03049	1231.88883	1939.86055	        P1	
 624.21974	1969.42036	1672.15158	        P1	
1224.47954	2018.92893	1657.73644	        P1	
 361.92135	1132.14371	 905.57713	        P1	
 513.24734	 267.20049	2164.32422	        P1	
 379.57605	  67.71020	 125.10247	        P1	
 363.18240	 528.57641	1748.34565	        P1	
 909.21704	1091.37194	 147.75479	        P1	
 161.41440	1019.29334	1239.69859	        P1	
1197.99749	 959.59190	1344.20802	        P1	
 157.63125	 357.48073	2141.67196	        P1	
1815.91198	1700.76376	 536.96248	        P1	
1098.37454	1022.93370	1832.26211	        P1	
 680.96699	 927.55694	1160.93037	        P1	
1153.86074	1442.30011	 226.00815	        P1	
1616.66608	1661.44816	1999.58027	        P1	
1872.65923	 229.34101	1379.21614	        P1	
 732.67004	 597.74273	1957.87944	        P1	
1331.66879	 956.67962	1272.64737	        P1	
2150.09023	1114.67011	1616.03561	        P1	
1016.40629	1406.62483	 588.44496	        P1	
1771.77523	1838.36836	 302.20229	        P1	
2007.59158	 321.80549	 683.17274	        P1	
1002.53474	1082.63514	 943.15940	        P1	
 243.38265	1694.21116	1017.29419	        P1	
1955.88853	1030.21434	1876.02227	        P1	
1319.05829	 838.73282	1167.62307	        P1	
1759.16473	2138.33185	1698.92246	        P1	
1910.49073	 701.12822	1552.19733	        P1	
1437.59698	1406.62483	 957.57447	        P1	
1911.75178	1614.85192	1515.64474	        P1	
 983.61899	  58.24532	 380.97051	        P1	
 128.62710	1109.57362	1680.38876	        P1	
1824.73933	1188.93291	 707.88434	        P1	
1817.17303	 523.47993	 331.54731	        P1	
2204.31538	 497.99761	1935.22712	        P1	
 798.24464	  76.44700	 267.19417	        P1	
1831.04458	1022.20562	1896.61525	        P1	
  41.61465	1183.10834	1604.19468	        P1	
1826.00038	 260.64789	 695.52854	        P1	
1963.45483	 153.62208	1826.08421	        P1	
 543.51254	 259.91981	1031.70927	        P1	
 556.12304	  91.00832	2112.32694	        P1	
 523.33574	1825.26316	 419.58238	        P1	
1118.55134	1050.60022	1513.58546	        P1	
1832.30563	 475.42753	1258.23229	        P1	
 754.10789	 949.39894	1926.98994	        P1	
 920.56649	1028.03014	1945.52364	        P1	
 424.97385	 918.09210	 275.43135	        P1	
1436.33593	 353.11233	 306.83571	        P1	
 989.92424	1427.73875	 251.23461	        P1	
1805.82358	1051.32830	 792.83046	        P1	
1300.14254	2007.27984	 549.83309	        P1	
 662.05124	 663.26873	1111.50717	        P1	
 380.83710	 275.20921	1632.51003	        P1	
1769.25313	 660.35650	2207.56952	        P1	
 126.10500	 947.94282	 199.23727	        P1	
 836.07614	 990.89874	 177.09982	        P1	
1301.40359	1783.76336	1902.27835	        P1	
 221.94480	 505.27829	1565.06794	        P1	
2119.82503	1006.91622	 234.76019	        P1	
1464.07903	 784.12782	 928.22945	        P1	
 383.35920	 779.03134	1480.63668	        P1	
2107.21453	 428.83129	1776.66101	        P1	
2133.69658	1900.25404	 185.33700	        P1	
1677.19648	1574.08015	 560.12961	        P1	
1650.71443	 107.02580	  80.31270	        P1	
1696.11223	1924.28024	 253.29389	        P1	
1071.89249	1156.16991	 378.91117	        P1	
1660.80283	 491.44501	1118.19987	        P1	
2220.70903	2184.92813	1331.85222	        P1	
 353.09400	2031.30605	 815.48278	        P1	
 842.38139	 931.92534	 665.15390	        P1	
 744.01949	2190.02457	1968.69077	        P1	
 408.58020	2175.46325	1532.11916	        P1	
1479.21163	1190.38903	 481.87619	        P1	
1644.40918	2016.74473	2141.15710	        P1	
 559.90619	1776.48272	 669.27246	        P1	
1235.82899	1064.43351	1863.15161	        P1	
1326.62459	 302.87573	1462.10298	        P1	
1145.03339	1945.39416	1395.69056	        P1	
 673.40069	1703.67604	 464.88696	        P1	
1751.59843	1647.61492	1262.35085	        P1	
1277.44364	1177.28383	1873.44813	        P1	
 780.58994	 546.77809	 341.84377	        P1	
1533.43678	 685.83882	1828.65835	        P1	
1113.50714	1775.75464	 691.92478	        P1	
 314.00145	1536.94875	 529.24011	        P1	
 693.57749	1387.69511	1991.34303	        P1	
1691.06803	 771.02262	2040.25142	        P1	
 638.09129	2111.39337	1937.80127	        P1	
2023.98523	 728.79473	1140.85219	        P1	
 949.57064	2123.77053	  63.83828	        P1	
1978.58743	1548.59783	1705.10036	        P1	
 412.36335	 102.65740	  24.71160	        P1	
 216.90060	1207.13455	2019.65844	        P1	
1519.56523	1815.07024	 154.44750	        P1	
2049.20623	1767.01784	1051.78745	        P1	
 683.48909	 883.87294	1581.02755	        P1	
2052.98938	2159.44577	  67.44209	        P1	
1959.67168	1403.71255	1241.24306	        P1	
 577.56089	1767.74592	1367.37514	        P1	
1984.89268	2099.74433	1387.45332	        P1	
1491.82213	1235.52915	2167.92804	        P1	
2083.25458	1014.92494	1968.69077	        P1	
2064.33883	  70.62248	 899.39923	        P1	
 664.57334	 120.13100	1922.87132	        P1	
1182.86489	 308.70029	1844.61791	        P1	
  22.69890	 677.10202	 778.41538	        P1	
1093.33034	1700.03572	1571.24584	        P1	
 764.19629	 490.71693	1919.26757	        P1	
1716.28903	 661.81261	1799.31333	        P1	
 529.64099	1597.37832	1552.71214	        P1	
 620.43659	 358.20881	 328.97317	        P1	
1016.40629	 318.89321	 494.23199	        P1	
 163.93650	1597.37832	 188.94075	        P1	
1745.29318	1230.43271	1856.97371	        P1	
1848.69928	1121.22271	1787.47233	        P1	
 897.86759	2169.63873	 984.34535	        P1	
  42.87570	1100.83682	 494.23199	        P1	
1232.04584	1050.60022	 767.60405	        P1	
1887.79183	1126.31914	 127.67662	        P1	
1730.16058	1298.87095	2215.80676	        P1	
 670.87859	2194.39297	1703.04108	        P1	
1798.25728	1812.88604	 605.43418	        P1	
1411.11493	1819.43864	1390.02746	        P1	
1554.87463	1841.28064	1260.29157	        P1	
 684.75014	 401.16473	 456.64978	        P1	
 930.65489	1747.36004	 236.30467	        P1	
1657.01968	  18.92972	 240.42329	        P1	
 832.29299	 502.36601	 909.69575	        P1	
 862.55819	1220.23975	1542.41568	        P1	
1031.53889	2076.44616	 160.11059	        P1	
1276.18259	 748.45254	 189.45562	        P1	
1826.00038	 550.41841	1570.73103	        P1	
 104.66715	1047.68794	  72.07552	        P1	
 122.32185	 948.67090	 775.84123	        P1	
1196.73644	 622.49701	 261.01627	        P1	
 708.71009	 442.66453	1906.91177	        P1	
  58.00830	 562.06749	 990.52325	        P1	
 602.78189	 825.62762	 582.26706	        P1	
2124.86923	1851.47356	2056.72584	        P1	
1827.26143	 364.76141	 772.23748	        P1	
  17.65470	1863.85072	 236.81947	        P1	
 174.02490	1664.36044	 180.70357	        P1	
 950.83169	2015.28856	1000.30497	        P1	
 165.19755	1385.51091	 162.68468	        P1	
1184.12594	1496.17703	2236.39974	        P1	
 588.91034	 511.83089	1620.66904	        P1	
 166.45860	 789.22430	1894.04110	        P1	
  76.92405	1631.59744	2169.98732	        P1	
1079.45879	 923.18854	1190.27539	        P1	
1008.83999	1333.81815	1142.39667	        P1	
2128.65238	 990.17070	1473.94392	        P1	
1755.38158	2096.83205	1841.01415	        P1	
 803.28884	 554.05873	 598.74148	        P1	
1924.36228	2226.42793	1961.99800	        P1	
1933.18963	1264.65183	 889.61758	        P1	
 325.35090	1946.85032	 689.35064	        P1	
 411.10230	 709.13693	 733.11080	        P1	
2005.06948	1479.43151	 232.18605	        P1	
1780.60258	 637.78641	1451.80646	        P1	
  84.49035	 693.84753	1525.42646	        P1	
 298.86885	1927.19252	  65.38275	        P1	
1312.75304	 118.67488	 164.22915	        P1	
1139.98919	1456.13335	1079.07319	        P1	
2134.95763	 398.25249	 638.38296	        P1	
1462.81798	 816.89082	 704.28058	        P1	
 833.55404	1589.36955	1462.10298	        P1	
2018.94103	1707.31636	 652.79810	        P1	
 465.32744	1516.56291	 811.36416	        P1	
1232.04584	1250.09051	1245.36162	        P1	
2126.13028	 135.42040	 878.80625	        P1	
 595.21559	  75.71892	2081.43744	        P1	
 485.50424	1820.89476	1190.27539	        P1	
2097.12613	2115.03373	 504.01364	        P1	
1435.07488	1763.37752	1608.31324	        P1	
2002.54738	 375.68241	2242.57764	        P1	
 337.96140	1438.65975	1321.55576	        P1	
1418.68123	1753.91264	1297.35897	        P1	
 717.53744	1352.01983	2052.60722	        P1	
1430.03068	 205.31480	  88.03507	        P1	
2221.97008	 952.31122	1725.17853	        P1	
 475.41584	 663.26873	 123.04319	        P1	
 628.00289	2204.58593	1552.71214	        P1	
1023.97259	1622.13255	1517.70408	        P1	
1220.69639	1636.69392	1305.59615	        P1	
1341.75718	 441.20841	 457.16459	        P1	
1800.77938	1445.94043	1805.49123	        P1	
 923.08859	1236.25723	 500.40989	        P1	
1890.31393	 109.93808	1671.63671	        P1	
 694.83854	 133.23620	 940.58525	        P1	
 423.71280	 813.97854	2050.54794	        P1	
 397.23075	 871.49582	1309.71477	        P1	
  18.91575	 689.47913	1476.00326	        P1	
1303.92569	2002.18336	 479.81691	        P1	
 615.39239	1629.41324	 322.79527	        P1	
 938.22119	1006.18814	1598.01678	        P1	
 702.40484	1531.12423	 753.70378	        P1	
 225.72795	 211.86740	1212.41284	        P1	
1871.39818	 908.62722	1328.24847	        P1	
1500.64948	 742.62802	 673.39108	        P1	
 394.70865	1289.40611	1721.05991	        P1	
1746.55423	 830.72410	 831.44233	        P1	
 102.14505	 395.34021	 693.46926	        P1	
1237.09004	 197.30609	 578.14844	        P1	
2220.70903	 948.67090	1719.51543	        P1	
1190.43119	 343.64749	 361.92194	        P1	
1817.17303	1678.19372	1671.63671	        P1	
1308.96989	 254.82332	  16.47442	        P1	
1315.27514	1726.24612	 596.68214	        P1	
1601.53348	1936.65736	2143.21644	        P1	
1592.70613	1062.24930	 398.98934	        P1	
1611.62188	1638.15004	1521.30783	        P1	
 601.52084	1044.77570	 521.00287	        P1	
  36.57045	 123.04328	1807.55051	        P1	
 905.43389	 465.96269	 998.24563	        P1	
 691.05539	1678.92176	 413.40448	        P1	
1644.40918	 458.68201	1093.48827	        P1	
 500.63684	2167.45453	2011.42120	        P1	
 677.18384	1585.00115	2062.90374	        P1	
1023.97259	1472.15083	1037.88717	        P1	
 239.59950	 195.12189	 218.28577	        P1	
1818.43408	 977.06550	 504.01364	        P1	
1712.50588	 643.61093	1500.71486	        P1	
2200.53223	 572.98849	 360.37747	        P1	
1615.40503	 635.60221	  50.96767	        P1	
1730.16058	 345.10361	2040.25142	        P1	
1201.78064	1114.67011	1336.48564	        P1	
 953.35379	 123.77132	1190.27539	        P1	
 645.65759	1198.39775	2067.53717	        P1	
1803.30148	  26.21040	 179.15910	        P1	
1281.22679	 598.47081	1223.22417	        P1	
  25.22100	1849.28936	1659.79578	        P1	
 238.33845	1394.24771	 436.05674	        P1	
 233.29425	 753.54902	 162.16987	        P1	
1006.31789	2243.90153	 114.80595	        P1	
 491.80949	 107.75388	1577.42374	        P1	
2209.35958	1572.62403	1632.51003	        P1	
 547.29569	 516.92733	1741.65295	        P1	
1441.38013	1491.80863	2186.97654	        P1	
1230.78479	1788.13176	1092.97347	        P1	
 277.43100	1901.71016	1326.18919	        P1	
1116.02924	 686.56690	2121.07892	        P1	
1914.27388	 939.20602	1780.77963	        P1	
 604.04294	 379.32273	1072.89529	        P1	
 910.47809	2169.63873	1066.20253	        P1	
 322.82880	1488.16831	2189.03582	        P1	
1664.58598	 959.59190	1924.93060	        P1	
 496.85369	2136.14765	1749.89013	        P1	
2109.73663	2125.22665	2040.25142	        P1	
1988.67583	 623.95313	 529.24011	        P1	
 306.43515	1273.38863	 883.43968	        P1	
 812.11619	 327.63001	 691.92478	        P1	
 981.09689	1394.97575	 351.62549	        P1	
1539.74203	1480.15955	 209.53379	        P1	
 938.22119	2079.35845	1346.78216	        P1	
 290.04150	 816.89082	1179.97887	        P1	
1302.66464	1764.10556	1735.47505	        P1	
  99.62295	 819.07502	 543.65519	        P1	
1527.13153	 447.76101	 160.62540	        P1	
1523.34838	1332.36203	 143.63617	        P1	
1731.42163	1804.87732	 175.04047	        P1	
1669.63018	 942.11830	   3.60375	        P1	
1568.74618	1971.60456	1488.35906	        P1	
 866.34134	 807.42594	1987.22447	        P1	
1123.59554	 206.04289	 127.16175	        P1	
1252.22264	2100.47237	1931.62337	        P1	
1114.76819	1578.44855	2098.42667	        P1	
1051.71569	 401.89281	 366.04057	        P1	
2221.97008	1651.25524	 687.29136	        P1	
1291.31519	 530.03253	1599.56125	        P1	
1833.56668	 975.60934	1635.08418	        P1	
 963.44219	1565.34335	1301.47759	        P1	
1936.97278	1362.94083	 681.11346	        P1	
 167.71965	 849.65382	 328.97317	        P1	
  27.74310	1161.99443	1329.79294	        P1	
 848.68664	 513.28701	1365.31586	        P1	
 199.24590	1263.92375	1585.66098	        P1	
 166.45860	2172.55097	1074.43977	        P1	
 795.72254	 389.51569	1974.35380	        P1	
 828.50984	2211.13853	 817.54206	        P1	
1179.08174	1225.33623	1150.63384	        P1	
1076.93669	1539.13295	1148.57457	        P1	
 493.07054	 766.65422	1212.41284	        P1	
 979.83584	 902.07462	1274.19184	        P1	
  37.83150	1419.73003	1200.05704	        P1	
1041.62729	1593.00992	1163.50445	        P1	
 341.74455	 354.56849	1422.97624	        P1	
 292.56360	1775.02656	1519.24856	        P1	
1923.10123	1060.79314	 808.79007	        P1	
 455.23904	1900.98212	1645.38064	        P1	
  76.92405	 382.23501	1725.17853	        P1	
 957.13694	1277.75703	1062.59877	        P1	
1050.45464	 532.21673	1667.51815	        P1	
1625.49343	2061.15676	 127.67662	        P1	
 455.23904	 891.88170	1344.20802	        P1	
1295.09834	 728.79473	  92.15369	        P1	
1635.58183	1558.79075	  55.08629	        P1	
 344.26665	 953.03930	1565.06794	        P1	
 486.76529	2235.16473	1880.14083	        P1	
 867.60239	1823.07896	 628.08650	        P1	
 530.90204	2024.75344	 489.59856	        P1	
1320.31934	 800.14530	 602.86004	        P1	
1218.17429	1856.57004	 242.48257	        P1	
2136.21868	1001.81974	2013.48054	        P1	
1307.70884	1807.78956	 455.10531	        P1	
1025.23364	1515.10675	1636.62865	        P1	
 867.60239	 342.19133	2137.03854	        P1	
 674.66174	 291.95473	1741.65295	        P1	
 397.23075	2225.69985	 710.45848	        P1	
 235.81635	1526.75583	1871.90365	        P1	
1020.18944	2195.12105	1261.83604	        P1	
1839.87193	1812.15796	 949.33730	        P1	
1929.40648	1742.99164	  50.96767	        P1	
1646.93128	 200.94640	 699.64716	        P1	
 575.03879	  59.70148	1560.43451	        P1	
  25.22100	1154.71374	1871.38885	        P1	
1008.83999	1946.85032	 280.06477	        P1	
1784.38573	1413.17743	   0.00000	        P1	
 766.71839	1004.73202	 273.37207	        P1	
1359.41188	 286.85829	  34.49325	        P1	
 548.55674	1743.71972	 127.16175	        P1	
1662.06388	1208.59071	1943.46430	        P1	
2103.43138	  64.06988	1484.75524	        P1	
1459.03483	1992.71853	 973.53403	        P1	
 723.84269	1763.37752	 905.57713	        P1	
1040.36624	1708.77252	2036.13280	        P1	
 842.38139	1167.81894	1116.14059	        P1	
2166.48388	1330.90591	 423.70094	        P1	
 490.54844	 156.53432	1513.07066	        P1	
1514.52103	1500.54543	  80.31270	        P1	
1103.41874	  24.02620	1939.86055	        P1	
 857.51399	 927.55694	 764.00030	        P1	
2070.64408	1699.30764	1774.60173	        P1	
   3.78315	1884.96464	 817.02725	        P1	
1731.42163	1969.42036	 628.08650	        P1	
 124.84395	1653.43944	1570.73103	        P1	
 180.33015	 776.84714	1729.29715	        P1	
 206.81220	1744.44776	1511.52618	        P1	
 244.64370	1259.55535	 456.64978	        P1	
2080.73248	 975.60934	1018.83867	        P1	
 687.27224	1503.45771	 558.07026	        P1	
 742.75844	1836.91224	 333.60659	        P1	
1696.11223	 542.40969	 490.11337	        P1	
2163.96178	1412.44935	1301.47759	        P1	
 237.07740	 184.92892	 974.04890	        P1	
1065.58724	 143.42912	 246.60119	        P1	
 921.82754	 715.68953	 924.62570	        P1	
1566.22408	 286.85829	1021.41275	        P1	
 890.30129	1156.16991	1307.14062	        P1	
 842.38139	1153.25763	2077.31882	        P1	
1866.35398	1920.63992	1609.85771	        P1	
 184.11330	 356.75269	1152.69312	        P1	
  93.31770	1643.97456	2124.68274	        P1	
2185.39963	1062.24930	 182.76285	        P1	
2010.11368	2093.91977	2049.00347	        P1	
1208.08589	1076.08254	1994.94684	        P1	
1261.04999	 800.87334	 135.39899	        P1	
 104.66715	1938.84156	1840.49935	        P1	
  18.91575	1979.61333	 893.22133	        P1	
1195.47539	2139.05993	1807.55051	        P1	
 578.82194	1702.94796	2184.91726	        P1	
 346.78875	1733.52676	 782.53400	        P1	
 228.25005	 706.95273	1869.84437	        P1	
 501.89789	 672.73361	1453.35094	        P1	
1660.80283	1931.56092	1633.02484	        P1	
1461.55693	 880.23262	1997.00612	        P1	
 851.20874	1491.80863	 755.24826	        P1	
1176.55964	1523.84355	 288.30201	        P1	
1247.17844	1175.82771	1509.46684	        P1	
1269.87734	1689.84276	 183.27772	        P1	
 350.57190	1243.53791	1299.41825	        P1	
1093.33034	 141.97300	1953.76082	        P1	
1435.07488	 984.34614	 147.75479	        P1	
1738.98793	2184.92813	1702.52621	        P1	
 733.93109	1060.06510	1010.60143	        P1	
1738.98793	 676.37393	 195.63352	        P1	
2010.11368	1239.16951	 780.47466	        P1	
1566.22408	2134.69153	 244.54185	        P1	
2013.89683	 162.35888	 280.06477	        P1	
 658.26809	 554.78681	1212.41284	        P1	
1465.34008	1093.55614	1369.43448	        P1	
 955.87589	1215.87135	1556.31595	        P1	
1277.44364	 415.72609	2158.14632	        P1	
1045.41044	 232.25329	1801.37261	        P1	
  21.43785	1957.77132	 187.39627	        P1	
2070.64408	 822.71534	2191.09516	        P1	
1870.13713	 508.91861	 413.91929	        P1	
 973.53059	  37.85948	2067.02230	        P1	
 576.29984	1218.05555	 895.28067	        P1	
 402.27495	1695.66732	 922.56636	        P1	
2032.81258	 132.50812	 658.97600	        P1	
1131.16184	2011.64824	1791.59095	        P1	
1137.46709	 672.73361	 298.08367	        P1	
 513.24734	1970.87652	1047.66883	        P1	
2094.60403	 937.02182	 766.05958	        P1	
2162.70073	 526.39221	1422.46144	        P1	
2177.83333	1758.28104	1816.30255	        P1	
 461.54429	1351.29175	 277.49069	        P1	
 601.52084	2186.38425	 969.93027	        P1	
1360.67293	2059.70065	1187.70124	        P1	
1393.46023	1006.91622	 488.05409	        P1	
 849.94769	 522.75189	 916.38846	        P1	
1097.11349	 141.24492	1383.33476	        P1	
1433.81383	2020.38504	1427.09486	        P1	
 684.75014	1202.03811	 281.60925	        P1	
 738.97529	 506.73441	1329.79294	        P1	
1790.69098	1667.27272	2232.28112	        P1	
1312.75304	1947.57836	1245.87649	        P1	
 566.21144	1870.40332	 131.79518	        P1	
1216.91324	 405.53313	 747.01108	        P1	
1228.26269	 506.73441	 489.59856	        P1	
 609.08714	 479.79593	 728.47738	        P1	
1105.94084	 207.49900	 117.38010	        P1	
 105.92820	  58.24532	1678.32948	        P1	
 633.04709	 361.12109	1480.12182	        P1	
1151.33864	1748.08812	1293.24035	        P1	
1709.98378	1910.44696	1037.37237	        P1	
 563.68934	  35.67528	 411.34514	        P1	
1596.48928	 141.24492	2135.49406	        P1	
 968.48639	   0.00000	1865.72575	        P1	
 813.37724	2209.68237	 475.18348	        P1	
 136.19340	2208.95433	1182.03815	        P1	
 128.62710	1607.57124	1507.40756	        P1	
 552.33989	 982.89002	2077.31882	        P1	
 699.88274	1777.21076	1111.50717	        P1	
 274.90890	1856.57004	 378.39637	        P1	
1791.95203	 827.81182	  18.53370	        P1	
 805.81094	1410.26515	1202.63119	        P1	
 981.09689	 894.06590	 829.89786	        P1	
 657.00704	 619.58473	 455.10531	        P1	
1556.13568	 215.50772	2056.72584	        P1	
1847.43823	 755.00514	 858.21327	        P1	
 503.15894	1321.44103	2112.84174	        P1	
 321.56775	 757.91742	1706.64483	        P1	
1007.57894	1043.31954	 387.14841	        P1	
 987.40214	1167.09091	 193.57417	        P1	
 814.63829	1169.27511	 355.74404	        P1	
1366.97818	1776.48272	1826.08421	        P1	
1238.35109	1285.76575	1167.10826	        P1	
1426.24753	 609.39181	1230.94654	        P1	
2104.69243	 495.81341	1644.86583	        P1	
1764.20893	 102.65740	1428.63934	        P1	
2137.47973	 778.30330	1776.66101	        P1	
 301.39095	1817.98252	   2.05928	        P1	
 733.93109	 671.27750	1422.97624	        P1	
1099.63559	 304.33189	 650.73876	        P1	
2143.78498	1603.20284	 193.05937	        P1	
2169.00598	1770.65816	1303.02206	        P1	
1303.92569	 786.31202	1266.46947	        P1	
1133.68394	 141.97300	1112.02197	        P1	
 105.92820	1911.90312	1282.42902	        P1	
 379.57605	1801.96504	 475.69829	        P1	
1648.19233	 618.12861	1583.08683	        P1	
2088.29878	 621.76893	1803.43195	        P1	
 528.37994	 903.53074	1951.70154	        P1	
1301.40359	 832.90830	 731.05146	        P1	
2136.21868	1540.58912	 273.88687	        P1	
 208.07325	 559.88329	1144.97075	        P1	
 566.21144	 583.18141	 421.64166	        P1	
  75.66300	1419.73003	 691.92478	        P1	
1137.46709	2185.65617	 172.46639	        P1	
 205.55115	 405.53313	1962.51287	        P1	
 733.93109	  99.01708	1929.56403	        P1	
1132.42289	1017.83722	1249.48024	        P1	
1388.41603	 958.86382	 959.11895	        P1	
 112.23345	 130.32392	 442.74951	        P1	
 520.81364	 251.18301	1976.92795	        P1	
2134.95763	1919.91184	1433.27276	        P1	
1596.48928	1282.85351	2153.51290	        P1	
2026.50733	1772.84236	 512.25088	        P1	
2158.91758	2188.56845	1056.42087	        P1	
1435.07488	2117.21793	1399.80912	        P1	
1723.85533	 667.63713	1511.52618	        P1	
1075.67564	 744.81222	2242.57764	        P1	
1377.06658	 231.52521	1595.44263	        P1	
 494.33159	 993.08294	1340.08946	        P1	
 836.07614	1564.61532	1276.25112	        P1	
 171.50280	 192.20960	 605.43418	        P1	
 708.71009	 393.15601	 376.85189	        P1	
1532.17573	 182.74472	2235.88494	        P1	
2233.31953	1302.51131	2022.23253	        P1	
 272.38680	 455.76973	1247.42096	        P1	
1097.11349	 511.10281	 549.83309	        P1	
1348.06243	1720.42156	 881.38040	        P1	
1645.67023	 252.63912	1672.15158	        P1	
1800.77938	1651.25524	 508.13226	        P1	
1909.22968	 439.75229	 595.13766	        P1	
1960.93273	2014.56053	 459.22387	        P1	
1826.00038	1502.72963	1983.10585	        P1	
 171.50280	1303.23935	1562.49385	        P1	
  83.22930	2190.02457	2155.57224	        P1	
 116.01660	 135.42040	 654.85738	        P1	
1462.81798	1118.31042	 698.10268	        P1	
 397.23075	 504.55021	2057.24065	        P1	
1847.43823	1512.19451	2159.69080	        P1	
1846.17718	2057.51645	1908.97105	        P1	
1781.86363	 666.18101	  44.78977	        P1	
1916.79598	2125.95473	1894.04110	        P1	
1982.37058	1118.31042	1346.78216	        P1	
1960.93273	1143.79274	 967.87100	        P1	
1865.09293	 878.77650	 238.36395	        P1	
 873.90764	2214.05077	 498.35061	        P1	
1395.98233	 903.53074	1964.05734	        P1	
 182.85225	 718.60182	2200.87682	        P1	
 109.71135	1622.86064	 716.63638	        P1	
1083.24194	 738.98770	 527.18077	        P1	
1388.41603	1555.87852	 782.01913	        P1	
 350.57190	1419.73003	1169.16754	        P1	
 369.48765	 172.55180	1600.07606	        P1	
 785.63414	1140.88051	1486.29972	        P1	
1261.04999	  58.24532	1241.24306	        P1	
1733.94373	1239.89755	1462.10298	        P1	
2084.51563	1697.12344	 315.07289	        P1	
 242.12160	1386.23895	 561.67408	        P1	
 252.21000	1505.64191	1875.50740	        P1	
2210.62063	 147.79752	1820.42117	        P1	
2026.50733	1654.89556	 524.60668	        P1	
2134.95763	 701.12822	 290.36129	        P1	
 553.60094	 366.21753	1432.75796	        P1	
1197.99749	 722.24213	 498.35061	        P1	
1428.76963	 283.21792	 127.67662	        P1	
1953.36643	1164.17863	 267.19417	        P1	
 754.10789	2224.97177	1933.16784	        P1	
 119.79975	 824.89954	1049.72817	        P1	
 841.12034	2174.73517	1635.08418	        P1	
 558.64514	1025.84594	1801.88747	        P1	
 389.66445	1583.54504	 234.76019	        P1	
1819.69513	2136.87573	2009.87673	        P1	
1459.03483	1819.43864	 372.21847	        P1	
1177.82069	1172.18734	   5.66310	        P1	
1230.78479	1163.45054	  24.19679	        P1	
 867.60239	1400.80031	1424.52072	        P1	
  74.40195	2014.56053	 261.53107	        P1	
 475.41584	1857.29812	1268.52875	        P1	
1281.22679	 541.68161	2205.51024	        P1	
1259.78894	 535.12901	   1.54447	        P1	
1921.84018	 326.17389	 551.89236	        P1	
 423.71280	1961.41164	 168.34777	        P1	
  11.34945	2125.22665	1841.01415	        P1	
 755.36894	2192.20877	1147.03009	        P1	
  83.22930	1748.81616	 648.16468	        P1	
1435.07488	 460.13813	2167.92804	        P1	
 943.26539	 579.54109	1659.28091	        P1	
 668.35649	1713.86896	  96.78712	        P1	
2189.18278	 675.64590	 459.22387	        P1	
1022.71154	1293.77451	1869.32950	        P1	
1097.11349	1454.67723	1193.87914	        P1	
1634.32078	 978.52162	2114.38622	        P1	
2001.28633	  56.06112	2204.99544	        P1	
 498.11474	 309.42833	1647.43998	        P1	
2109.73663	2176.19133	1812.18393	        P1	
 865.08029	 995.99522	1674.21086	        P1	
 688.53329	 314.52481	1125.92225	        P1	
2243.40792	 121.58712	 652.79810	        P1	
1644.40918	  94.64868	 916.38846	        P1	
1847.43823	1672.36916	1826.59907	        P1	
1593.96718	 468.87493	 265.13489	        P1	
1762.94788	 151.43788	 564.24816	        P1	
2010.11368	1157.62603	1323.61504	        P1	
 467.84954	 194.39380	 681.11346	        P1	
 191.67960	1911.90312	 238.36395	        P1	
1160.16599	 723.69830	 361.92194	        P1	
 349.31085	 157.99048	1622.21351	        P1	
 639.35234	1959.22744	 539.02176	        P1	
1032.79994	 676.37393	1920.81205	        P1	
1518.30418	1584.27312	 681.62826	        P1	
 527.11889	2016.74473	2139.61262	        P1	
 229.51110	1421.18615	2228.16256	        P1	
 472.89374	 150.70980	 230.12677	        P1	
1339.23509	1664.36044	1359.13796	        P1	
1337.97404	2084.45493	1226.82792	        P1	
  89.53455	 613.76021	1402.38326	        P1	
 527.11889	1705.13216	1290.66626	        P1	
1679.71858	2204.58593	 409.80067	        P1	
 397.23075	2221.33145	1050.24297	        P1	
  55.48620	 276.66532	 160.11059	        P1	
2138.74078	1215.87135	 221.88959	        P1	
 576.29984	  35.67528	  26.77088	        P1	
 751.58579	 479.06789	   8.23718	        P1	
1971.02113	 706.95273	 172.46639	        P1	
1031.53889	2141.97217	1889.92255	        P1	
 457.76114	1522.38743	  75.67927	        P1	
1796.99623	 398.25249	1517.18921	        P1	
1419.94228	 398.98053	 376.33709	        P1	
 337.96140	2243.90153	 551.89236	        P1	
1380.84973	2183.47197	1704.58555	        P1	
 640.61339	1927.92056	1624.27285	        P1	
 515.76944	 712.77730	 403.62277	        P1	
 698.62169	1620.67644	 475.69829	        P1	
 392.18655	1950.49064	1039.43165	        P1	
1596.48928	 946.48670	1498.65551	        P1	
1867.61503	   5.09648	1676.27014	        P1	
2242.14687	  85.91188	 442.23464	        P1	
1704.93958	1365.85311	1404.44254	        P1	
1567.48513	1654.89556	 615.73070	        P1	
1557.39673	 752.09290	1789.01681	        P1	
 532.16309	 314.52481	 656.40186	        P1	
2074.42723	 727.33862	1107.38855	        P1	
 484.24319	1971.60456	 424.21581	        P1	
 476.67689	2188.56845	2027.89562	        P1	
1054.23779	1533.30843	 712.00296	        P1	
 249.68790	2034.21833	2176.68002	        P1	
 505.68104	1369.49343	1637.14346	        P1	
2122.34713	  77.90312	1931.62337	        P1	
 496.85369	 238.80589	  88.54988	        P1	
 496.85369	 921.73242	1984.65032	        P1	
1319.05829	 974.15322	2034.07352	        P1	
1595.22823	1340.37075	 611.09728	        P1	
1032.79994	  85.18380	 489.59856	        P1	
2184.13858	 378.59469	 318.67665	        P1	
 201.76800	1888.60496	1988.76894	        P1	
1411.11493	 814.70662	1434.81724	        P1	
1310.23094	 623.95313	 220.34512	        P1	
1752.85948	  84.45572	2240.51836	        P1	
1007.57894	2010.19213	2053.12203	        P1	
 976.05269	1377.50215	 739.28870	        P1	
 491.80949	1815.79832	2028.41043	        P1	
 374.53185	1577.72052	 514.82497	        P1	
 529.64099	1975.97296	 566.30751	        P1	
1167.73229	 442.66453	 561.67408	        P1	
1764.20893	1925.73636	1142.39667	        P1	
 921.82754	 554.05873	 658.97600	        P1	
2146.30708	1453.22111	 497.83574	        P1	
1124.85659	1913.35924	 971.47475	        P1	
1612.88293	1346.19531	1503.28894	        P1	
 226.98900	 947.94282	 242.48257	        P1	
2002.54738	1339.64271	1721.05991	        P1	
2141.26288	 219.87612	 895.28067	        P1	
1723.85533	2152.89317	1506.89276	        P1	
1163.94914	 373.49821	1476.51806	        P1	
1337.97404	 874.40810	 158.05125	        P1	
1348.06243	 778.30330	1398.26464	        P1	
1437.59698	 160.17469	 213.65235	        P1	
1702.41748	1316.34455	 543.14038	        P1	
1727.63848	 862.03094	1808.06537	        P1	
 467.84954	 995.26714	1764.82007	        P1	
1123.59554	 867.12742	 996.18635	        P1	
1809.60673	 556.97101	  88.03507	        P1	
2199.27118	 598.47081	1976.92795	        P1	
2026.50733	1558.79075	1926.98994	        P1	
1192.95329	 103.38548	1898.67453	        P1	
1921.84018	1151.80151	2246.18140	        P1	
 971.00849	1100.83682	 259.47179	        P1	
1223.21849	1540.58912	 442.23464	        P1	
1810.86778	 484.89241	 817.02725	        P1	
 914.26124	 457.95393	1605.73915	        P1	
 360.66030	 406.26121	 792.31565	        P1	
1288.79309	 144.15720	1125.92225	        P1	
  51.70305	 838.00474	 728.47738	        P1	
1616.66608	1095.01231	1140.33732	        P1	
 306.43515	1255.91503	  61.77900	        P1	
1238.35109	1715.32512	1628.39141	        P1	
1699.89538	 250.45492	 722.29948	        P1	
1138.72814	1487.44023	2244.12212	        P1	
 301.39095	 602.11113	1647.43998	        P1	
 349.31085	1480.15955	1116.14059	        P1	
 132.41025	1681.10596	1672.15158	        P1	
 109.71135	 605.02341	 699.64716	        P1	
  93.31770	 189.29732	2011.93607	        P1	
1731.42163	 117.21872	 975.59337	        P1	
1136.20604	 845.28542	 803.12698	        P1	
1206.82484	1187.47674	1777.17587	        P1	
 421.19070	2042.95513	 961.17823	        P1	
1147.55549	 749.90870	 125.61728	        P1	
1665.84703	1283.58155	2242.06284	        P1	
 575.03879	1288.67803	 137.45827	        P1	
1674.67438	2121.58633	 219.83025	        P1	
1567.48513	 150.70980	 240.93809	        P1	
 136.19340	 445.57681	1643.32136	        P1	
1505.69368	1952.67484	1544.47496	        P1	
1605.31663	 695.30370	1311.77404	        P1	
 886.51814	1516.56291	2036.13280	        P1	
 533.42414	1229.70463	1688.11113	        P1	
 288.78045	 848.19770	1021.41275	        P1	
 942.00434	 364.76141	1045.60955	        P1	
2195.48803	1799.05276	2123.13827	        P1	
 195.46275	 658.90033	1370.97896	        P1	
1750.33738	 570.80429	2017.59910	        P1	
1780.60258	1137.24014	 339.26969	        P1	
1025.23364	 673.46170	 718.69566	        P1	
1297.62044	1346.19531	2159.69080	        P1	
 257.25420	 741.17190	 213.65235	        P1	
1493.08318	1916.27152	1566.61241	        P1	
 291.30255	 179.83249	2029.95490	        P1	
1863.83188	2229.34017	1037.37237	        P1	
2152.61233	1417.54583	1045.60955	        P1	
2131.17448	 939.20602	 403.10796	        P1	
2006.33053	2094.64785	 606.97866	        P1	
 967.22534	1852.92972	1460.04364	        P1	
1628.01553	1547.14172	  22.13745	        P1	
1807.08463	 208.95512	1018.83867	        P1	
 566.21144	 715.68953	1517.70408	        P1	
 955.87589	1135.78403	2237.94422	        P1	
2085.77668	2239.53313	 205.92997	        P1	
1601.53348	1352.74791	1311.77404	        P1	
 854.99189	 107.75388	 663.09456	        P1	
 242.12160	 221.33229	 391.26697	        P1	
 819.68249	1406.62483	 915.87365	        P1	
1742.77108	 899.89042	2089.67462	        P1	
1947.06118	 248.99881	1884.25945	        P1	
 484.24319	2012.37633	 780.47466	        P1	
1395.98233	 906.44302	 142.09170	        P1	
2076.94933	1296.68675	 387.14841	        P1	
1708.72273	1031.67050	  88.54988	        P1	
2136.21868	2074.99005	 840.19438	        P1	
  32.78730	 412.08573	1011.11629	        P1	
1793.21308	  42.22788	 768.11886	        P1	
 878.95184	 105.56968	2158.14632	        P1	
  22.69890	  84.45572	 821.14587	        P1	
1239.61214	 906.44302	1039.43165	        P1	
2177.83333	1886.42076	1066.71739	        P1	
1219.43534	 514.74313	1425.03558	        P1	
 179.06910	1048.41602	 501.95436	        P1	
 694.83854	 137.60460	 112.74667	        P1	
 383.35920	   0.00000	1873.44813	        P1	
 699.88274	1346.19531	1764.30521	        P1	
1884.00868	 736.80350	 199.75207	        P1	
 348.04980	 930.46922	1989.28375	        P1	
 736.45319	1543.50135	1710.76345	        P1	
1372.02238	 789.22430	1373.55304	        P1	
  75.66300	  88.82412	1443.56928	        P1	
1311.49199	1523.11552	1121.80362	        P1	
 131.14920	2010.92016	 726.93290	        P1	
 341.74455	1081.17902	1830.20283	        P1	
1046.67149	1999.27113	 590.50424	        P1	
1472.90638	1425.55455	1735.47505	        P1	
 297.60780	 276.66532	1301.47759	        P1	
1127.37869	 723.69830	 646.10534	        P1	
1145.03339	 662.54070	1923.38613	        P1	
 712.49324	1253.00275	  67.44209	        P1	
1256.00579	1890.06112	 181.21837	        P1	
1113.50714	1691.29892	 658.46114	        P1	
 809.59409	1387.69511	  82.37198	        P1	
1002.53474	1909.71892	2134.97920	        P1	
1558.65778	1786.67564	1359.13796	        P1	
1672.15228	1617.76415	 238.87881	        P1	
 325.35090	1862.39456	 308.38019	        P1	
1920.57913	  70.62248	 465.40177	        P1	
1836.08878	 262.10401	1118.19987	        P1	
   5.04420	 110.66612	1284.48836	        P1	
2171.52808	 658.17230	 953.45585	        P1	
 769.24049	 163.08692	 430.39371	        P1	
 527.11889	 116.49068	1249.99505	        P1	
 298.86885	 506.00633	1092.97347	        P1	
 108.45030	 324.71773	 697.58788	        P1	
1331.66879	  56.78920	 216.22649	        P1	
1913.01283	 660.35650	 681.62826	        P1	
 194.20170	 761.55774	1616.55048	        P1	
1513.25998	1078.99482	1762.24593	        P1	
 814.63829	 179.10440	1099.66617	        P1	
 564.95039	2108.48113	 553.43684	        P1	
1139.98919	1809.97376	 245.05671	        P1	
1325.36354	1873.31556	 714.57710	        P1	
2118.56398	 859.11870	  65.38275	        P1	
 137.45445	1257.37115	1289.12179	        P1	
 136.19340	 514.01509	2054.66650	        P1	
1385.89393	  66.25408	2221.46980	        P1	
2045.42308	 802.32950	2190.58030	        P1	
 209.33430	 514.01509	 392.81144	        P1	
 707.44904	1944.66612	1107.90335	        P1	
1112.24609	1045.50374	2011.93607	        P1	
1831.04458	  30.57880	 285.72787	        P1	
1372.02238	1014.92494	1394.14608	        P1	
1346.80138	 795.04882	 328.97317	        P1	
2016.41893	1452.49303	1797.76885	        P1	
2027.76838	1735.71096	1153.20799	        P1	
1622.97133	1172.91543	1544.47496	        P1	
 737.71424	2037.85865	1383.84956	        P1	
1465.34008	1392.06351	 337.21035	        P1	
1537.21993	 974.88130	1719.51543	        P1	
2034.07363	1697.12344	 118.92457	        P1	
 799.50569	 691.66333	2098.42667	        P1	
 707.44904	1050.60022	1359.13796	        P1	
1003.79579	 294.13893	 549.31828	        P1	
1358.15083	 236.62169	 521.00287	        P1	
 646.91864	 337.09489	  34.49325	        P1	
 934.43804	1254.45891	1325.67432	        P1	
  97.10085	 937.02182	1618.60976	        P1	
1952.10538	2149.25285	1725.17853	        P1	
1167.73229	1154.71374	1363.25659	        P1	
 332.91720	1754.64072	1430.69862	        P1	
  51.70305	1780.12304	2052.60722	        P1	
1288.79309	 516.92733	2075.25954	        P1	
1211.86904	2176.19133	1381.27542	        P1	
2021.46313	1544.22943	 185.33700	        P1	
1564.96303	1919.91184	1799.31333	        P1	
 781.85099	1064.43351	 312.49875	        P1	
1722.59428	1955.58712	1764.30521	        P1	
1153.86074	 243.90232	1987.22447	        P1	
2110.99768	 432.47161	1229.40207	        P1	
1462.81798	1946.85032	  26.77088	        P1	
1852.48243	1234.07303	1546.01943	        P1	
1509.47683	1385.51091	1188.21605	        P1	
2176.57228	 567.89201	2021.71772	        P1	
1013.88419	 372.77013	1202.63119	        P1	
1232.04584	1590.82572	1422.97624	        P1	
 197.98485	1903.89436	1492.99248	        P1	
1837.34983	1456.86143	 730.53666	        P1	
1268.61629	1633.78164	 897.33995	        P1	
 651.96284	 217.69192	1153.20799	        P1	
1051.71569	 270.84081	 131.28037	        P1	
 187.89645	 188.56929	 849.97603	        P1	
2026.50733	 484.16433	2129.31616	        P1	
1412.37598	1597.37832	 230.64157	        P1	
2094.60403	1965.05196	 356.25891	        P1	
 337.96140	2140.51605	 185.33700	        P1	
1165.21019	1946.85032	 232.18605	        P1	
1861.30978	1568.25563	1303.53687	        P1	
1612.88293	2112.12145	1606.25396	        P1	
1109.72399	 163.08692	1153.20799	        P1	
1020.18944	1350.56371	 485.47994	        P1	
1752.85948	 694.57562	1428.63934	        P1	
 672.13964	1159.81023	1668.03296	        P1	
1843.65508	 495.08533	 777.90058	        P1	
1426.24753	1453.94915	1346.26736	        P1	
1931.92858	1348.37951	 700.16196	        P1	
 332.91720	1678.92176	  92.15369	        P1	
  39.09255	 918.09210	1639.20274	        P1	
 334.17825	1557.33463	1056.42087	        P1	
1702.41748	 199.49029	 757.30753	        P1	
 635.56919	 783.39974	1556.31595	        P1	
2185.39963	1360.75663	 483.42066	        P1	
1456.51273	 872.95194	 603.37491	        P1	
1095.85244	 526.39221	 149.81407	        P1	
1974.80428	1804.14924	2106.66384	        P1	
1938.23383	 896.25010	1745.77151	        P1	
1064.32619	 969.78482	 433.99746	        P1	
1447.68538	1044.04762	1891.98183	        P1	
2034.07363	 564.25169	1300.96272	        P1	
1211.86904	1078.26674	  30.37469	        P1	
 974.79164	 992.35490	1424.52072	        P1	
1641.88708	1212.95911	 181.21837	        P1	
1600.27243	2241.71733	1541.90081	        P1	
1629.27658	 524.20801	1946.03845	        P1	
1315.27514	 527.84833	 646.62020	        P1	
 436.32330	  13.10520	 834.01648	        P1	
1262.31104	1343.28303	1589.26473	        P1	
1081.98089	2024.02536	1296.84416	        P1	
 839.85929	2024.02536	1598.01678	        P1	
 862.55819	 882.41682	1445.62856	        P1	
1117.29029	 327.63001	1138.27805	        P1	
1809.60673	 593.37433	 314.55809	        P1	
 704.92694	 851.10994	2154.02776	        P1	
 796.98359	1894.42952	1194.39395	        P1	
2089.55983	2112.12145	 631.69026	        P1	
 820.94354	 699.67210	 805.18626	        P1	
 314.00145	1647.61492	 318.67665	        P1	
1952.10538	 374.22629	1535.72291	        P1	
1311.49199	1212.95911	 687.80616	        P1	
 263.55945	2018.92893	 899.39923	        P1	
2109.73663	 589.00593	1845.13277	        P1	
 490.54844	1381.14251	 805.18626	        P1	
 759.15209	1761.92136	 536.96248	        P1	
1697.37328	  32.03492	1987.22447	        P1	
1514.52103	 481.25209	 175.04047	        P1	
1435.07488	 101.92932	 370.15919	        P1	
1079.45879	1884.23656	 844.31300	        P1	
 209.33430	 257.73561	1786.95753	        P1	
1891.57498	 851.83802	 389.20769	        P1	
 197.98485	1424.82651	 837.62023	        P1	
1605.31663	 376.41049	2151.96842	        P1	
1759.16473	1777.21076	 493.71718	        P1	
2200.53223	 457.95393	  28.83022	        P1	
  98.36190	2009.46404	1272.64737	        P1	
 494.33159	 815.43470	1103.26993	        P1	
1017.66734	1054.96862	1050.24297	        P1	
1359.41188	 800.87334	2172.56146	        P1	
1124.85659	1635.23776	 726.93290	        P1	
 842.38139	 183.47280	1848.73653	        P1	
 580.08299	 582.45333	 306.83571	        P1	
 312.74040	 703.31242	  88.03507	        P1	
 804.54989	 304.33189	1356.56382	        P1	
1939.49488	1783.76336	 918.44780	        P1	
1177.82069	1014.92494	1290.66626	        P1	
1815.91198	 618.85670	 380.45564	        P1	
 722.58164	 240.99009	 372.73327	        P1	
1943.27803	2200.94557	1173.28616	        P1	
1692.32908	1868.21912	 249.17527	        P1	
 849.94769	1039.67922	2244.12212	        P1	
 546.03464	 114.30648	 873.14316	        P1	
1568.74618	 629.04961	 545.19966	        P1	
  10.08840	 803.78562	 339.78449	        P1	
 785.63414	 297.77929	 417.52304	        P1	
 679.70594	1555.87852	 700.16196	        P1	
1056.75989	1295.95871	1158.87102	        P1	
 783.11204	1002.54782	 407.74139	        P1	
2016.41893	1698.57956	2036.64767	        P1	
2201.79328	2022.56924	 840.19438	        P1	
1882.74763	  35.67528	1107.90335	        P1	
2234.58058	1163.45054	 492.17271	        P1	
 401.01390	 892.60974	 827.32377	        P1	
 606.56504	2131.05117	 679.05418	        P1	
 279.95310	 158.71852	2011.93607	        P1	
 971.00849	1898.79792	1461.58812	        P1	
 113.49450	2056.06033	1980.53170	        P1	
1949.58328	 627.59350	1929.56403	        P1	
1189.17014	 948.67090	 269.25345	        P1	
 286.25835	1567.52755	1604.19468	        P1	
 868.86344	  83.72768	 483.93547	        P1	
1519.56523	2154.34933	1826.08421	        P1	
1384.63288	1460.50175	1673.69605	        P1	
1718.81113	 581.72529	1653.10301	        P1	
 325.35090	1103.74911	1270.07322	        P1	
1741.51003	1203.49423	 891.16205	        P1	
 891.56234	 468.14689	 749.58516	        P1	
  69.35775	 143.42912	1982.59104	        P1	
 220.68375	1011.28462	1107.38855	        P1	
2000.02528	1435.74751	 304.77637	        P1	
 477.93794	 641.42673	1667.51815	        P1	
1930.66753	1491.80863	 796.94908	        P1	
 240.86055	1322.89715	1208.80909	        P1	
 664.57334	 813.25050	2054.66650	        P1	
1814.65093	 862.75902	1105.84407	        P1	
1788.16888	1378.95831	1171.22682	        P1	
1974.80428	2152.16513	  46.84905	        P1	
2020.20208	1528.94003	1014.72005	        P1	
1509.47683	1305.42355	1449.74718	        P1	
 722.58164	 587.54981	 475.69829	        P1	
1909.22968	 329.08613	1097.60689	        P1	
 185.37435	 817.61890	 145.69545	        P1	
  97.10085	1730.61452	1935.74193	        P1	
1037.84414	1937.38544	1348.32664	        P1	
1744.03213	2148.52477	 444.29398	        P1	
 395.96970	 929.01310	1966.63143	        P1	
 303.91305	1931.56092	2114.90102	        P1	
 839.85929	1041.13534	  53.54182	        P1	
1573.79038	 847.46962	2149.90914	        P1	
1678.45753	 408.44541	 298.08367	        P1	
 571.25564	 655.98810	 571.97054	        P1	
 300.12990	1265.37991	1182.03815	        P1	
1673.41333	 682.19850	2196.75820	        P1	
  44.13675	 508.91861	1360.68244	        P1	
1452.72958	1585.72924	 248.66047	        P1	
 167.71965	 856.93450	 139.51755	        P1	
 238.33845	1478.70343	 722.81428	        P1	
2051.72833	1219.51171	 471.57967	        P1	
1187.90909	1109.57362	1668.03296	        P1	
1737.72688	1528.94003	 409.28586	        P1	
1638.10393	 960.31994	2242.06284	        P1	
1411.11493	1248.63435	 658.97600	        P1	
2088.29878	 732.43510	1855.42923	        P1	
1592.70613	1892.24532	1554.25661	        P1	
 350.57190	1999.27113	1274.70665	        P1	
  36.57045	1723.33384	1853.36995	        P1	
2232.05848	1060.06510	1540.35634	        P1	
1976.06533	2163.08613	  39.12668	        P1	
 316.52355	1627.22904	1478.06254	        P1	
1998.76423	1882.05236	 924.62570	        P1	
 923.08859	2121.58633	1342.66354	        P1	
2165.22283	  73.53472	2248.24074	        P1	
1365.71713	 494.35729	 331.03245	        P1	
 508.20314	  80.81540	 302.71709	        P1	
   0.00000	1834.72804	1946.03845	        P1	
 382.09815	 520.56769	1200.57185	        P1	
 346.78875	2131.05117	2056.72584	        P1	
1942.01698	1129.95951	 947.27795	        P1	
1374.54448	2203.12977	1494.53696	        P1	
1030.27784	 108.48192	 226.52302	        P1	
1696.11223	1253.00275	  48.90839	        P1	
2060.55568	1820.16672	 718.69566	        P1	
1633.05973	1496.17703	1039.43165	        P1	
 201.76800	1900.25404	 656.40186	        P1	
 938.22119	1700.76376	1235.06516	        P1	
 629.26394	1812.15796	2110.78247	        P1	
1027.75574	1596.65024	 415.46376	        P1	
 866.34134	 677.83010	 497.83574	        P1	
 894.08444	 457.95393	 331.54731	        P1	
 192.94065	1820.89476	1723.11925	        P1	
1553.61358	 958.13574	1055.90607	        P1	
1263.57209	1622.13255	 584.84121	        P1	
1948.32223	2094.64785	1081.13247	        P1	
2234.58058	 458.68201	1200.05704	        P1	
1355.62873	1264.65183	1305.08134	        P1	
2219.44798	1677.46564	1020.89795	        P1	
 981.09689	  74.26280	1544.47496	        P1	
 524.59679	 263.56012	 147.75479	        P1	
 332.91720	1681.83404	 804.67145	        P1	
1837.34983	2049.50773	 187.39627	        P1	
 344.26665	1427.73875	1610.37258	        P1	
1709.98378	1710.95672	 226.00815	        P1	
1979.84848	 145.61332	 714.57710	        P1	
2153.87338	 755.73322	2015.53982	        P1	
1506.95473	1775.75464	2163.80942	        P1	
 462.80534	1714.59704	 254.83837	        P1	
1462.81798	1045.50374	1245.87649	        P1	
 288.78045	 545.32193	 146.21032	        P1	
1363.19503	1950.49064	 545.19966	        P1	
1209.34694	  56.06112	 967.87100	        P1	
 622.95869	1726.97416	1690.68528	        P1	
2025.24628	1559.51883	1268.01394	        P1	
1055.49884	 128.86780	 829.38305	        P1	
1170.25439	1447.39655	2056.72584	        P1	
1827.26143	1372.40571	 602.86004	        P1	
 592.69349	2121.58633	 724.87356	        P1	
 161.41440	1074.62642	1206.23494	        P1	
1050.45464	1178.73994	1931.62337	        P1	
1878.96448	1491.08055	1957.87944	        P1	
 350.57190	2176.91937	  24.19679	        P1	
1373.28343	1547.14172	1620.66904	        P1	
1592.70613	1095.74034	1068.26187	        P1	
1694.85118	 862.03094	2143.21644	        P1	
 166.45860	 527.12029	1535.72291	        P1	
1615.40503	2020.38504	 193.05937	        P1	
1451.46853	 246.81461	 100.39087	        P1	
 446.41170	 458.68201	 846.37228	        P1	
2059.29463	  24.02620	 341.32897	        P1	
1441.38013	2014.56053	1144.97075	        P1	
 586.38824	2190.75265	 545.19966	        P1	
 291.30255	1030.21434	  22.65232	        P1	
1689.80698	1048.41602	 952.94105	        P1	
1481.73373	  35.67528	 650.73876	        P1	
1433.81383	1851.47356	 430.39371	        P1	
 316.52355	1215.14331	 120.98385	        P1	
1083.24194	1860.21036	1703.04108	        P1	
 675.92279	 525.66413	1821.96565	        P1	
1450.20748	  62.61372	  48.90839	        P1	
1765.46998	 567.89201	1440.99514	        P1	
1570.00723	1053.51250	1768.93863	        P1	
 397.23075	 299.23541	 265.64969	        P1	
 191.67960	 447.03293	  10.29652	        P1	
 973.53059	1338.18655	 648.16468	        P1	
  74.40195	 899.16234	 887.55830	        P1	
  56.74725	  57.51728	1053.84673	        P1	
 717.53744	1458.31755	 994.12707	        P1	
1152.59969	 728.06670	1682.44804	        P1	
 945.78749	 690.20722	 271.82759	        P1	
 416.14650	 840.18894	 967.87100	        P1	
 339.22245	1682.56212	1663.91434	        P1	
1886.53078	1380.41443	  80.31270	        P1	
 416.14650	 608.66373	 621.90860	        P1	
1052.97674	 605.02341	 452.53116	        P1	
 430.01805	1414.63355	1443.56928	        P1	
 583.86614	1686.93052	 249.17527	        P1	
 942.00434	 827.81182	1149.08937	        P1	
 335.43930	2063.34096	1871.38885	        P1	
1302.66464	1962.13972	1614.49114	        P1	
2156.39548	1445.94043	 501.95436	        P1	
1204.30274	1662.17624	 316.61737	        P1	
1709.98378	  37.85948	 317.13217	        P1	
 733.93109	 398.98053	  28.83022	        P1	
1865.09293	  41.49980	2186.97654	        P1	
 646.91864	 242.44621	1328.24847	        P1	
  10.08840	  23.29812	 788.71190	        P1	
1657.01968	 598.47081	1748.34565	        P1	
  73.14090	 451.40133	2042.82557	        P1	
1601.53348	1828.90352	  77.73855	        P1	
 356.87715	1796.14052	1738.04913	        P1	
1322.84144	1526.75583	1587.72026	        P1	
 727.62584	 792.86462	 458.70906	        P1	
1472.90638	1057.15282	  32.43397	        P1	
1638.10393	 424.46289	 788.19703	        P1	
1807.08463	1370.94955	1500.71486	        P1	
 240.86055	2085.91105	1181.52334	        P1	
2079.47143	1162.72251	 193.57417	        P1	
  74.40195	1410.26515	2123.13827	        P1	
 640.61339	1173.64351	 971.98955	        P1	
 662.05124	 513.28701	 384.57426	        P1	
1643.14813	1665.08852	  28.31535	        P1	
1437.59698	2060.42873	 670.81694	        P1	
 784.37309	1233.34495	1197.99776	        P1	
2240.88582	 441.93649	1665.45881	        P1	
2201.79328	1543.50135	  79.79789	        P1	
1827.26143	 398.25249	1892.49663	        P1	
2128.65238	1320.71295	1789.53167	        P1	
1960.93273	 590.46209	2153.51290	        P1	
1588.92298	 878.04842	1161.44517	        P1	
1156.38284	 489.98889	1700.98173	        P1	
 696.09959	 442.66453	1598.01678	        P1	
 878.95184	1746.63196	1581.02755	        P1	
   1.26105	 376.41049	  53.02695	        P1	
   6.30525	 635.60221	1953.76082	        P1	
 534.68519	1879.86816	1747.83085	        P1	
1783.12468	 672.73361	 889.61758	        P1	
 511.98629	  65.52600	1879.62603	        P1	
1959.67168	 471.78721	1266.46947	        P1	
 383.35920	  88.82412	 646.62020	        P1	
1011.36209	1160.53831	1194.39395	        P1	
1619.18818	1811.42992	1268.52875	        P1	
1813.38988	2139.05993	2102.54522	        P1	
 973.53059	 694.57562	  13.90027	        P1	
 934.43804	 859.84674	1210.35356	        P1	
2065.59988	1360.02855	1950.15707	        P1	
 971.00849	  75.71892	1579.48308	        P1	
1982.37058	1422.64231	 755.76306	        P1	
1401.02653	1947.57836	  84.43132	        P1	
 732.67004	  18.20168	1441.50994	        P1	
2030.29048	1438.65975	1791.07615	        P1	
1061.80409	1326.53751	 848.43156	        P1	
 272.38680	1879.86816	 560.12961	        P1	
 802.02779	1492.53671	  94.72778	        P1	
 196.72380	1402.25643	1649.49926	        P1	
1778.08048	 104.84160	 531.29939	        P1	
 123.58290	 949.39894	 757.82240	        P1	
 929.39384	 257.00752	 858.21327	        P1	
1180.34279	1842.00872	1770.48311	        P1	
 200.50695	 845.28542	2009.36192	        P1	
 915.52229	 831.45214	  24.19679	        P1	
   5.04420	 403.34893	2036.64767	        P1	
2206.83748	 930.46922	2180.79864	        P1	
 836.07614	 955.95154	 974.04890	        P1	
1071.89249	 748.45254	  61.26419	        P1	
 635.56919	1266.83603	  43.24530	        P1	
2094.60403	 206.04289	1097.09203	        P1	
2036.59573	2082.99876	2204.99544	        P1	
1639.36498	1160.53831	2178.22450	        P1	
2073.16618	 476.15561	 302.71709	        P1	
 529.64099	 170.36760	2231.76632	        P1	
1788.16888	1358.57243	 759.88168	        P1	
2027.76838	 793.59270	1700.98173	        P1	
1844.91613	1068.07382	2182.34312	        P1	
1070.63144	1898.06984	 705.82506	        P1	
2061.81673	1721.87772	1245.36162	        P1	
1285.00994	2040.77093	 948.82243	        P1	
1172.77649	1584.27312	1571.24584	        P1	
 229.51110	 678.55813	1721.57478	        P1	
 693.57749	 730.97894	1049.72817	        P1	
1240.87319	2220.60337	2143.21644	        P1	
 905.43389	1530.39615	 561.67408	        P1	
 791.93939	 100.47320	 129.73590	        P1	
 519.55259	1945.39416	 424.21581	        P1	
2156.39548	1745.90392	1844.61791	        P1	
 336.70035	1765.56172	  28.31535	        P1	
2133.69658	1080.45094	 394.87079	        P1	
 168.98070	 302.87573	1784.89825	        P1	
1083.24194	2064.06905	1414.73906	        P1	
1001.27369	 270.84081	2169.98732	        P1	
1314.01409	1639.60616	 245.05671	        P1	
 417.40755	 899.16234	1832.77697	        P1	
1393.46023	 912.26754	1667.51815	        P1	
1249.70054	1528.21195	  59.71972	        P1	
 499.37579	1788.13176	 160.11059	        P1	
1994.98108	1226.06431	1461.58812	        P1	
1123.59554	 789.95234	1259.77676	        P1	
1030.27784	 593.37433	 967.87100	        P1	
 548.55674	1963.59584	 203.87069	        P1	
1279.96574	 466.69073	1173.28616	        P1	
2063.07778	 665.45293	 123.04319	        P1	
2046.68413	 376.41049	1288.60692	        P1	
 578.82194	2010.19213	1212.92765	        P1	
1292.57624	 814.70662	1774.60173	        P1	
1143.77234	2004.36756	1900.73387	        P1	
 814.63829	1876.95592	2145.79052	        P1	
2011.37473	1133.59983	2089.67462	        P1	
1527.13153	  31.30688	 607.49346	        P1	
 459.02219	1505.64191	 700.16196	        P1	
1258.52789	 315.98093	2215.80676	        P1	
 626.74184	1079.72291	1151.14865	        P1	
1756.64263	1440.84395	 140.03242	        P1	
1501.91053	 443.39261	1766.87935	        P1	
1774.29733	 589.00593	1962.51287	        P1	
 221.94480	1814.34216	 882.92487	        P1	
 820.94354	2190.75265	 932.86288	        P1	
 126.10500	1253.73083	1507.40756	        P1	
1861.30978	 991.62682	 180.70357	        P1	
1078.19774	1146.70503	2027.89562	        P1	
  20.17680	 674.18973	1117.68507	        P1	
2248.45212	1082.63514	 177.09982	        P1	
2190.44383	1343.28303	1459.52884	        P1	
 452.71694	1704.40412	1393.63122	        P1	
1208.08589	2216.23497	1574.84965	        P1	
 578.82194	 900.61850	1731.87123	        P1	
1419.94228	 304.33189	1336.48564	        P1	
 543.51254	1372.40571	1039.94645	        P1	
  69.35775	 689.47913	 584.84121	        P1	
 686.01119	 382.96309	1274.70665	        P1	
1887.79183	1036.03890	1529.54501	        P1	
 896.60654	1566.07143	1105.84407	        P1	
1829.78353	 565.70781	 903.51785	        P1	
 413.62440	1453.22111	  70.01618	        P1	
1644.40918	 631.96190	2085.55600	        P1	
 757.89104	1239.89755	 808.79007	        P1	
 796.98359	2063.34096	1035.82789	        P1	
1561.17988	1670.18496	2024.29187	        P1	
1103.41874	1413.17743	 681.11346	        P1	
2218.18693	1957.77132	1541.90081	        P1	
2219.44798	 543.13773	1214.98699	        P1	
 147.54285	2093.19173	 693.98406	        P1	
2230.79743	 511.83089	2182.85792	        P1	
 243.38265	1608.29932	 873.14316	        P1	
  99.62295	 255.55141	1124.37777	        P1	
1725.11638	 423.73481	 118.92457	        P1	
1179.08174	 501.63793	2215.80676	        P1	
 377.05395	1928.64864	1581.54236	        P1	
1921.84018	 219.87612	 549.31828	        P1	
2084.51563	1884.96464	 160.62540	        P1	
 717.53744	1247.17823	2112.84174	        P1	
1911.75178	 438.29613	 265.13489	        P1	
 988.66319	1954.13096	 337.72521	        P1	
1377.06658	 481.98013	 814.96797	        P1	
 688.53329	 642.15481	1793.13543	        P1	
 139.97655	1794.68436	2167.92804	        P1	
 228.25005	  76.44700	 698.10268	        P1	
1943.27803	 484.16433	 887.55830	        P1	
2192.96593	 561.33941	 205.41517	        P1	
1252.22264	 808.88210	 491.65784	        P1	
1974.80428	1112.48591	1387.45332	        P1	
  18.91575	 488.53273	 777.90058	        P1	
1310.23094	1458.31755	 566.30751	        P1	
1866.35398	1556.60655	2223.52914	        P1	
 833.55404	1113.21394	1239.69859	        P1	
 707.44904	1828.17544	1125.92225	        P1	
1697.37328	  91.73640	1737.53433	        P1	
 672.13964	1223.88011	2085.55600	        P1	
2049.20623	1571.89595	1908.45625	        P1	
1856.26558	1862.39456	1801.88747	        P1	
2190.44383	2125.22665	1000.81977	        P1	
2016.41893	1373.86183	2075.77435	        P1	
 419.92965	 262.83209	 508.64707	        P1	
1953.36643	 797.23302	 384.57426	        P1	
 443.88960	2143.42833	2182.85792	        P1	
 683.48909	 961.04802	  50.96767	        P1	
 944.52644	 185.65700	 897.33995	        P1	
 552.33989	1975.97296	  10.29652	        P1	
1368.23923	  32.76300	1587.72026	        P1	
 991.18529	  42.22788	 571.97054	        P1	
 214.37850	1268.29215	2024.29187	        P1	
1442.64118	1689.11472	1293.24035	        P1	
1460.29588	 240.26201	 477.24276	        P1	
2160.17863	1437.93171	2244.63692	        P1	
1208.08589	1855.11392	2165.86870	        P1	
1580.09563	2243.17345	 588.44496	        P1	
1619.18818	 157.26240	 518.94359	        P1	
1987.41478	 991.62682	1539.84153	        P1	
 580.08299	 232.98132	1142.39667	        P1	
 781.85099	1311.97615	1486.81458	        P1	
 263.55945	 743.35610	 602.86004	        P1	
1230.78479	 796.50494	 469.00558	        P1	
 459.02219	 514.01509	 275.43135	        P1	
1225.74059	 522.75189	 162.68468	        P1	
1505.69368	1493.99283	1255.65814	        P1	
 857.51399	 789.22430	1966.63143	        P1	
1070.63144	1269.02023	 698.10268	        P1	
1296.35939	 190.75349	 922.56636	        P1	
2177.83333	2094.64785	 396.93006	        P1	
 684.75014	 522.02381	1859.54785	        P1	
1295.09834	1909.71892	1614.49114	        P1	
 488.02634	 344.37553	 300.65781	        P1	
 986.14109	 859.11870	 768.11886	        P1	
 974.79164	1075.35451	 391.26697	        P1	
 250.94895	1469.96663	 562.18889	        P1	
2147.56813	 466.69073	 572.48541	        P1	
1465.34008	1777.93884	 557.55546	        P1	
 408.58020	1741.53552	1651.55854	        P1	
 448.93379	1721.14964	1817.84703	        P1	
 160.15335	2147.06865	1643.32136	        P1	
1034.06099	1432.83523	2217.86604	        P1	
2034.07363	1073.89834	 683.68760	        P1	
1838.61088	1974.51684	1297.35897	        P1	
 582.60509	 170.36760	 650.22396	        P1	
 326.61195	 750.63674	 950.88177	        P1	
1964.71588	1993.44656	1729.29715	        P1	
1341.75718	1461.95791	1144.97075	        P1	
1128.63974	  22.57008	 553.43684	        P1	
1355.62873	 497.26953	1733.93058	        P1	
 602.78189	1954.13096	1123.86297	        P1	
  99.62295	 149.25368	 700.16196	        P1	
1640.62603	1670.91304	  13.90027	        P1	
 568.73354	1105.93331	  63.83828	        P1	
 128.62710	 784.85590	  82.37198	        P1	
1248.43949	 880.96070	 337.21035	        P1	
1476.68953	1586.45732	1961.99800	        P1	
2192.96593	1446.66851	1646.92511	        P1	
1693.59013	1807.78956	1488.35906	        P1	
   6.30525	1528.21195	 615.73070	        P1	
 928.13279	1330.90591	 386.63354	        P1	
 731.40899	1044.04762	 963.75237	        P1	
 322.82880	 231.52521	2088.13015	        P1	
1360.67293	 583.18141	 699.64716	        P1	
1518.30418	2217.69113	 508.64707	        P1	
1749.07633	1574.80823	2156.08704	        P1	
 684.75014	 695.30370	1467.76602	        P1	
 592.69349	1643.97456	 640.44230	        P1	
 658.26809	1587.18535	1982.59104	        P1	
 124.84395	1880.59624	 341.32897	        P1	
 790.67834	 877.32034	 374.79261	        P1	
 793.20044	 674.91781	 747.52588	        P1	
 646.91864	 921.00434	1258.23229	        P1	
1221.95744	 265.74432	 720.75500	        P1	
1469.12323	  54.60500	1737.53433	        P1	
 752.84684	1678.19372	1047.66883	        P1	
1852.48243	1407.35291	 874.68763	        P1	
1039.10519	 793.59270	  15.95955	        P1	
1998.76423	 814.70662	2143.73124	        P1	
1527.13153	1273.38863	1587.72026	        P1	
1453.99063	2136.87573	1529.54501	        P1	
 604.04294	 265.74432	2030.46977	        P1	
 273.64785	2154.34933	 368.09984	        P1	
2177.83333	1255.91503	1119.74435	        P1	
 822.20459	1622.13255	 407.22658	        P1	
 718.79849	 599.92693	1834.32145	        P1	
 442.62855	2058.24453	 749.58516	        P1	
 119.79975	1986.89396	1988.76894	        P1	
2023.98523	2247.54185	 586.90048	        P1	
 588.91034	1579.17664	1630.96556	        P1	
 548.55674	 612.30409	1307.14062	        P1	
 766.71839	 805.24174	2223.52914	        P1	
1296.35939	1413.90551	1819.90631	        P1	
 699.88274	2190.75265	 149.81407	        P1	
 293.82465	1663.63236	 370.15919	        P1	
 588.91034	 929.74114	1406.50188	        P1	
 182.85225	1279.21315	1883.74465	        P1	
1262.31104	1783.03532	 224.46367	        P1	
 365.70450	 234.43749	1826.08421	        P1	
 799.50569	 463.05041	 884.98415	        P1	
1662.06388	 859.11870	1881.68530	        P1	
 356.87715	1751.00036	 331.54731	        P1	
 852.46979	1016.38110	 782.01913	        P1	
 282.47520	1734.25484	1132.10015	        P1	
 862.55819	 349.47201	1027.07585	        P1	
 698.62169	2115.76177	 950.88177	        P1	
2007.59158	2107.02497	 782.53400	        P1	
 804.54989	  18.92972	1913.08967	        P1	
 161.41440	1658.53592	 355.74404	        P1	
 292.56360	 786.31202	 940.58525	        P1	
1641.88708	1731.34256	1043.55027	        P1	
1983.63163	 593.37433	 660.52048	        P1	
1712.50588	1587.18535	 578.66331	        P1	
 273.64785	2167.45453	 541.08104	        P1	
 538.46834	2029.12185	1632.51003	        P1	
 679.70594	1499.08931	2202.93610	        P1	
1485.51688	1140.15243	1674.21086	        P1	
 267.34260	1968.69233	1818.36183	        P1	
 952.09274	1673.82532	 905.57713	        P1	
  20.17680	2211.86657	2242.06284	        P1	
 264.82050	 764.47002	1175.34544	        P1	
  78.18510	1878.41204	  94.21297	        P1	
 973.53059	 678.55813	 258.95699	        P1	
1762.94788	1103.74911	 510.19154	        P1	
1968.49903	 321.07741	1272.64737	        P1	
 648.17969	2233.70857	1085.25109	        P1	
 611.60924	1618.49224	1346.78216	        P1	
1256.00579	 455.76973	1543.96016	        P1	
1573.79038	2133.23537	1665.97368	        P1	
 369.48765	 382.23501	1354.50454	        P1	
 532.16309	2210.41045	2217.86604	        P1	
 804.54989	 728.06670	  65.38275	        P1	
1379.58868	2105.56885	2032.52905	        P1	
 673.40069	 248.99881	1824.02493	        P1	
1002.53474	1614.12384	 959.11895	        P1	
 667.09544	1239.89755	 102.96502	        P1	
1747.81528	2056.06033	  90.09435	        P1	
 358.13820	2143.42833	 545.71447	        P1	
1103.41874	2161.62997	1091.42899	        P1	
 121.06080	1092.10002	 866.45045	        P1	
 272.38680	1199.85391	1690.17041	        P1	
 934.43804	 935.56570	1089.36965	        P1	
2181.61648	1491.08055	2062.90374	        P1	
 122.32185	1455.40531	2182.85792	        P1	
 703.66589	1467.78243	1958.39425	        P1	
1074.41459	 155.80628	1954.27563	        P1	
   6.30525	 789.95234	 906.09200	        P1	
 491.80949	1076.08254	1573.30518	        P1	
 857.51399	 634.87413	1531.60436	        P1	
 441.36750	1994.90273	1867.78503	        P1	
1742.77108	 304.33189	 224.46367	        P1	
1031.53889	1836.18416	1943.97917	        P1	
1191.69224	1803.42116	 314.55809	        P1	
 795.72254	1168.54703	1019.35347	        P1	
 151.32600	1408.08095	  90.60922	        P1	
 790.67834	 484.16433	2018.11397	        P1	
 477.93794	2069.89356	1018.83867	        P1	
1368.23923	 484.16433	 961.69310	        P1	
 823.46564	 115.76260	1521.30783	        P1	
2100.90928	1866.76296	 461.28321	        P1	
 360.66030	 509.64669	2232.28112	        P1	
 523.33574	 144.88528	1453.86574	        P1	
2206.83748	2157.98965	  74.13480	        P1	
1290.05414	 232.25329	2189.03582	        P1	
 885.25709	 978.52162	 197.69279	        P1	
 287.51940	 642.15481	1785.41305	        P1	
 665.83439	1808.51764	1249.48024	        P1	
1524.60943	 409.90153	1523.88198	        P1	
 474.15479	2206.04205	 106.56877	        P1	
1375.80553	1504.91383	 335.15107	        P1	
 904.17284	 995.26714	  79.79789	        P1	
1929.40648	1416.81775	 110.68739	        P1	
 411.10230	1888.60496	1474.45878	        P1	
 160.15335	  57.51728	 768.11886	        P1	
1715.02798	2204.58593	 774.29676	        P1	
1630.53763	2212.59465	 803.12698	        P1	
2189.18278	 115.03452	1906.91177	        P1	
 330.39510	 816.89082	 778.41538	        P1	
1928.14543	1930.10476	1389.51266	        P1	
1817.17303	1887.87692	 613.67136	        P1	
 539.72939	1967.23616	 499.89508	        P1	
 853.73084	2214.05077	1857.48857	        P1	
 535.94624	1343.28303	1824.02493	        P1	
1196.73644	1382.59863	1705.10036	        P1	
1832.30563	1472.87891	1041.49093	        P1	
 266.08155	  80.81540	1576.90893	        P1	
1276.18259	1313.43231	1856.97371	        P1	
 989.92424	1059.33702	1941.40502	        P1	
 329.13405	1839.82452	1263.89532	        P1	
2186.66068	1060.06510	1511.01131	        P1	
 646.91864	 549.69033	  28.83022	        P1	
 465.32744	2103.38465	 742.89246	        P1	
1102.15769	1776.48272	 238.36395	        P1	
2229.53638	 484.89241	 481.87619	        P1	
2027.76838	 943.57442	1328.24847	        P1	
1566.22408	1342.55495	 226.52302	        P1	
 891.56234	1469.96663	 125.10247	        P1	
 925.61069	1619.22032	2114.90102	        P1	
  87.01245	 904.98690	1700.98173	        P1	
1377.06658	1384.78283	1508.95204	        P1	
 547.29569	1476.51923	2163.80942	        P1	
2001.28633	 543.86581	 545.19966	        P1	
 368.22660	 232.98132	1235.06516	        P1	
1628.01553	1020.02142	1255.65814	        P1	
1069.37039	2207.49817	 462.82768	        P1	
 749.06369	1108.11751	1646.92511	        P1	
 765.45734	1685.47436	1401.86846	        P1	
 796.98359	1179.46803	 172.98120	        P1	
1087.02509	1673.09724	1768.42383	        P1	
 530.90204	1673.82532	 590.50424	        P1	
2015.15788	1071.71414	 949.33730	        P1	
1863.83188	2022.56924	1496.59624	        P1	
 979.83584	 354.56849	1795.19471	        P1	
1498.12738	 215.50772	1863.66647	        P1	
1234.56794	1151.07343	1303.53687	        P1	
 986.14109	2041.49896	2135.49406	        P1	
1599.01138	 294.13893	1235.06516	        P1	
2228.27533	1372.40571	1324.12984	        P1	
1139.98919	 483.43629	 113.26148	        P1	
 602.78189	 848.92574	 512.25088	        P1	
2058.03358	1355.66015	 950.88177	        P1	
 344.26665	1263.19571	1806.00603	        P1	
1354.36768	2187.11233	1200.57185	        P1	
1534.69783	 497.26953	1715.39688	        P1	
 688.53329	 342.19133	 251.23461	        P1	
 593.95454	 300.69153	 765.54478	        P1	
1856.26558	1753.18456	1876.02227	        P1	
 124.84395	 773.93490	1911.03033	        P1	
1918.05703	1261.73955	1117.68507	        P1	
 720.05954	1669.45692	1690.17041	        P1	
 291.30255	1298.14291	  70.01618	        P1	
1190.43119	1392.06351	1325.67432	        P1	
 406.05810	1371.67763	 952.94105	        P1	
2116.04188	1524.57163	 154.44750	        P1	
 226.98900	 318.89321	 883.43968	        P1	
 786.89519	  13.10520	1396.20536	        P1	
 825.98774	1839.82452	 267.70897	        P1	
2051.72833	 157.99048	1665.45881	        P1	
  66.83565	 162.35888	 318.67665	        P1	
1242.13424	  54.60500	 199.23727	        P1	
  85.75140	1399.34415	 615.73070	        P1	
 588.91034	1170.00314	1616.55048	        P1	
1984.89268	2124.49857	 153.93269	        P1	
1786.90783	1927.19252	1367.37514	        P1	
1914.27388	 917.36402	1885.80393	        P1	
2085.77668	1572.62403	1113.56645	        P1	
1314.01409	1949.76256	2137.03854	        P1	
1059.28199	1392.06351	2246.18140	        P1	
 182.85225	 503.09409	1793.65023	        P1	
1936.97278	1111.02974	 177.09982	        P1	
 215.63955	2032.03413	1497.11104	        P1	
2187.92173	 393.88409	 669.27246	        P1	
1514.52103	 650.16353	 549.31828	        P1	
1606.57768	1211.50295	 665.15390	        P1	
  94.57875	 229.34101	 450.98669	        P1	
 348.04980	2091.00753	1819.90631	        P1	
 803.28884	 954.49542	1854.91443	        P1	
1929.40648	 735.34734	1202.63119	        P1	
 636.83024	2152.89317	1136.21877	        P1	
1752.85948	1846.37712	2195.21372	        P1	
1848.69928	 518.38349	 899.39923	        P1	
1368.23923	1756.82492	1558.89004	        P1	
 131.14920	1892.97336	 969.41547	        P1	
1628.01553	 682.19850	 819.08653	        P1	
1547.30833	 980.70582	 716.63638	        P1	
1727.63848	1239.16951	1801.37261	        P1	
1380.84973	1213.68715	1869.84437	        P1	
 783.11204	 299.23541	 131.28037	        P1	
 160.15335	1701.49184	 576.08916	        P1	
1697.37328	 301.41961	 730.53666	        P1	
 209.33430	2206.04205	 599.25628	        P1	
1036.58309	 825.62762	 290.36129	        P1	
2163.96178	  32.03492	 578.66331	        P1	
 993.70739	2184.20005	2063.41855	        P1	
 692.31644	 854.02222	1575.36446	        P1	
2190.44383	1319.98491	 792.83046	        P1	
 189.15750	 846.01350	1677.81461	        P1	
1112.24609	1227.52043	  55.60110	        P1	
 672.13964	1679.64984	1057.96535	        P1	
1914.27388	1071.71414	1272.13256	        P1	
2140.00183	2058.24453	 743.40726	        P1	
 163.93650	1249.36243	 722.81428	        P1	
   0.00000	 921.73242	 396.93006	        P1	
 625.48079	2021.11313	 652.28324	        P1	
1780.60258	1692.02696	1068.26187	        P1	
 775.54574	2109.20917	1690.68528	        P1	
1581.35668	 765.92614	 876.74697	        P1	
1902.92443	 621.04089	1813.72841	        P1	
1631.79868	1448.85271	1146.51522	        P1	
1933.18963	1531.12423	1200.05704	        P1	
1012.62314	 385.14729	1597.50191	        P1	
1041.62729	2204.58593	1694.80383	        P1	
 153.84810	 656.71613	1591.83888	        P1	
 736.45319	1009.10042	 965.29685	        P1	
1599.01138	2012.37633	 780.47466	        P1	
1935.71173	 864.21514	 275.94621	        P1	
1070.63144	 727.33862	 934.40735	        P1	
2248.45212	 139.06072	1925.44547	        P1	
 460.28324	1251.54663	  98.84640	        P1	
 872.64659	1933.74512	1824.53973	        P1	
 611.60924	 861.30290	1733.41571	        P1	
1669.63018	  52.42080	 137.45827	        P1	
1150.07759	1712.41284	2231.76632	        P1	
 747.80264	1558.79075	 263.59041	        P1	
1234.56794	1159.81023	1082.67695	        P1	
1751.59843	 904.98690	1126.43705	        P1	
  70.61880	  78.63120	 131.28037	        P1	
 365.70450	 131.05200	  24.71160	        P1	
1196.73644	2045.13933	 219.83025	        P1	
 981.09689	1309.06391	 971.98955	        P1	
 530.90204	 153.62208	 137.97308	        P1	
 296.34675	 223.51649	1212.92765	        P1	
1054.23779	2240.98925	1408.56116	        P1	
1873.92028	 486.34853	 591.01911	        P1	
1137.46709	1160.53831	 910.21056	        P1	
1030.27784	 533.67289	1966.63143	        P1	
 397.23075	1650.52716	 350.08101	        P1	
2131.17448	1089.18774	 288.30201	        P1	
1123.59554	 910.81142	1686.56666	        P1	
1213.13009	 773.20682	 185.33700	        P1	
1759.16473	1668.00076	1605.73915	        P1	
 672.13964	 229.34101	 327.42869	        P1	
1707.46168	1683.29016	 561.67408	        P1	
1906.70758	1796.86856	 127.67662	        P1	
1823.47828	1074.62642	 415.46376	        P1	
1737.72688	2064.79713	 236.81947	        P1	
 770.50154	1906.80664	1396.20536	        P1	
1390.93813	1282.12543	 172.98120	        P1	
 402.27495	1350.56371	1300.96272	        P1	
1950.84433	 738.98770	 695.52854	        P1	
1374.54448	1071.71414	 160.11059	        P1	
1326.62459	2008.00793	  77.73855	        P1	
 339.22245	 305.05993	  22.65232	        P1	
 795.72254	2246.08573	1249.99505	        P1	
2194.22698	 173.27989	  39.12668	        P1	
 143.75970	1413.90551	1690.17041	        P1	
1050.45464	  15.28940	 271.82759	        P1	
 500.63684	 877.32034	2248.24074	        P1	
1918.05703	 708.40890	1231.46135	        P1	
 334.17825	 466.69073	 825.77930	        P1	
 663.31229	1036.76694	 819.60140	        P1	
1925.62333	1547.14172	2215.29190	        P1	
 417.40755	 948.67090	1528.00054	        P1	
 540.99044	1440.84395	2049.00347	        P1	
2127.39133	2133.96345	1878.08155	        P1	
 686.01119	1258.09923	1377.67166	        P1	
 732.67004	2176.19133	 615.21584	        P1	
2165.22283	1768.47396	1511.52618	        P1	
 629.26394	  67.71020	 574.54468	        P1	
 343.00560	2201.67365	1995.46165	        P1	
 631.78604	1966.50812	2221.46980	        P1	
1068.10934	 216.23580	1099.66617	        P1	
 243.38265	 319.62129	1410.62044	        P1	
  15.13260	1537.67683	1006.99767	        P1	
1889.05288	 135.42040	 988.46397	        P1	
2187.92173	 347.28781	1865.72575	        P1	
 441.36750	1942.48192	1064.65805	        P1	
2137.47973	1490.35251	2114.90102	        P1	
 871.38554	1471.42275	2067.53717	        P1	
1981.10953	1373.86183	1884.25945	        P1	
 657.00704	1008.37234	 258.95699	        P1	
2163.96178	1575.53632	  34.49325	        P1	
 933.17699	 483.43629	1109.44782	        P1	
  58.00830	 228.61292	1412.67978	        P1	
1817.17303	1219.51171	 292.42057	        P1	
 617.91449	1894.42952	1795.19471	        P1	
 566.21144	1960.68356	 419.58238	        P1	
1905.44653	 821.98730	 442.23464	        P1	
 195.46275	  89.55220	 483.42066	        P1	
1418.68123	1892.24532	 139.51755	        P1	
1017.66734	1989.80624	1964.57215	        P1	
1341.75718	1496.90511	 998.24563	        P1	
1992.45898	1141.60854	 189.45562	        P1	
1113.50714	1388.42315	1426.58006	        P1	
1269.87734	1570.43983	2193.15444	        P1	
1324.10249	1925.00832	 150.32888	        P1	
 450.19484	 455.04169	 269.25345	        P1	
 446.41170	 888.24134	1865.21095	        P1	
1876.44238	1799.78084	1057.96535	        P1	
 484.24319	1180.92414	1604.19468	        P1	
2184.13858	 144.15720	1995.46165	        P1	
1301.40359	 458.68201	1420.91696	        P1	
1964.71588	 693.11950	1060.02463	        P1	
1421.20333	 616.67249	 836.07576	        P1	
 711.23219	 497.99761	2194.69892	        P1	
