2007.00000	   0.00000	   0.00000	   0.00000	
1320.31934	1395.70383	 753.70378	        P1	
1393.46023	2219.87533	 873.14316	        P1	
1583.87878	1576.99243	 464.88696	        P1	
1523.34838	1327.99363	1729.81195	        P1	
2104.69243	1487.44023	 736.71456	        P1	
 992.44634	2043.68316	1672.15158	        P1	
1250.96159	1882.78044	1342.14874	        P1	
1916.79598	1422.64231	 596.68214	        P1	
1978.58743	 545.32193	1863.66647	        P1	
1435.07488	1265.37991	1461.58812	        P1	
2122.34713	 572.98849	1385.90884	        P1	
 790.67834	 565.70781	   7.72237	        P1	
 491.80949	 234.43749	 724.87356	        P1	
 824.72669	 776.11910	 911.75503	        P1	
1012.62314	1946.12224	 600.80076	        P1	
 749.06369	 997.45134	1315.37786	        P1	
1119.81239	 615.94441	1132.10015	        P1	
1274.92154	 281.76181	 957.57447	        P1	
1430.03068	1354.20403	1365.31586	        P1	
 264.82050	 633.41801	 248.66047	        P1	
1895.35813	 377.86661	 834.01648	        P1	
 213.11745	1609.75544	1416.28354	        P1	
 242.12160	 655.26001	  26.25607	        P1	
 611.60924	 302.14769	2121.07892	        P1	
1940.75593	1938.84156	 913.81437	        P1	
 862.55819	2146.34057	1902.27835	        P1	
1684.76278	1357.11631	1819.90631	        P1	
1040.36624	2010.19213	 158.05125	        P1	
 641.87444	1478.70343	 594.62286	        P1	
1412.37598	1823.07896	 887.55830	        P1	
2118.56398	 786.31202	1916.69342	        P1	
 722.58164	 989.44262	2112.84174	        P1	
 563.68934	1743.71972	1392.08674	        P1	
 767.97944	 820.53114	 672.87628	        P1	
 542.25149	2198.76137	 302.20229	        P1	
 708.71009	2098.28817	1604.19468	        P1	
 601.52084	1191.84514	1852.85515	        P1	
1488.03898	1135.78403	 784.59328	        P1	
1459.03483	 289.04249	1097.09203	        P1	
2080.73248	 779.03134	 345.44759	        P1	
 625.48079	2125.95473	 811.36416	        P1	
 789.41729	  39.31560	1249.48024	        P1	
1896.61918	1927.92056	 133.85452	        P1	
 528.37994	1381.14251	1280.88455	        P1	
 107.18925	1656.35172	1072.38043	        P1	
 210.59535	1354.93211	 286.24267	        P1	
 401.01390	1584.27312	1912.57480	        P1	
 780.58994	2234.43665	1068.77667	        P1	
2180.35543	 932.65342	1280.36974	        P1	
2080.73248	2211.86657	 628.08650	        P1	
 580.08299	1657.07976	1037.37237	        P1	
 750.32474	1534.03652	2127.25682	        P1	
1329.14669	1922.09604	2125.19754	        P1	
2206.83748	1295.95871	1744.22703	        P1	
1351.84558	1150.34534	2135.49406	        P1	
 640.61339	2079.35845	1397.74984	        P1	
1843.65508	 320.34933	1994.94684	        P1	
2205.57643	1405.89675	 813.42350	        P1	
2141.26288	1622.13255	1624.27285	        P1	
  41.61465	 628.32153	2167.92804	        P1	
1437.59698	 515.47121	1675.75533	        P1	
 955.87589	 538.76933	 572.48541	        P1	
1378.32763	1334.54623	1601.62053	        P1	
1992.45898	 940.66214	1179.46406	        P1	
 465.32744	 677.83010	1311.77404	        P1	
 176.54700	2015.28856	1852.85515	        P1	
1286.27099	 390.24373	1579.48308	        P1	
 210.59535	 318.16513	1340.08946	        P1	
1641.88708	1480.88763	1093.48827	        P1	
1771.77523	 615.21633	1684.50738	        P1	
2118.56398	 275.20921	1811.66913	        P1	
1585.13983	 246.81461	 155.99197	        P1	
 233.29425	1309.79195	 967.87100	        P1	
 720.05954	1253.00275	1184.09749	        P1	
2206.83748	 429.55933	 351.62549	        P1	
1523.34838	1025.11790	1707.15963	        P1	
1423.72543	  95.37672	1642.80655	        P1	
 649.44074	1006.91622	2145.27572	        P1	
1721.33323	1804.87732	 866.96526	        P1	
   5.04420	1261.01151	1288.60692	        P1	
 274.90890	1846.37712	1208.29422	        P1	
1307.70884	 705.49662	1663.39953	        P1	
1964.71588	2149.25285	 631.69026	        P1	
1622.97133	2200.94557	 963.23757	        P1	
1575.05143	1296.68675	1593.38335	        P1	
1861.30978	 163.08692	  59.71972	        P1	
 343.00560	 647.97933	1902.27835	        P1	
2158.91758	1134.32791	 162.68468	        P1	
1620.44923	1133.59983	1223.22417	        P1	
 499.37579	1649.79912	 306.32085	        P1	
1128.63974	 899.16234	 263.59041	        P1	
 477.93794	1992.71853	 792.83046	        P1	
1620.44923	 274.48112	1463.64746	        P1	
 641.87444	 653.07581	1735.98985	        P1	
2146.30708	1282.85351	1381.27542	        P1	
1885.26973	1541.31715	1196.45329	        P1	
1353.10663	1851.47356	 240.42329	        P1	
1092.06929	 230.06909	1850.79581	        P1	
1542.26413	 469.60301	1175.34544	        P1	
2112.25873	1609.75544	1853.36995	        P1	
 122.32185	 157.99048	 998.24563	        P1	
1254.74474	2064.06905	 637.86816	        P1	
1709.98378	1568.25563	 661.03528	        P1	
 577.56089	1432.83523	 216.22649	        P1	
 837.33719	 200.94640	 500.40989	        P1	
 933.17699	 848.92574	  24.19679	        P1	
1576.31248	 438.29613	 337.72521	        P1	
1036.58309	 267.92852	1735.47505	        P1	
 645.65759	 953.76734	 283.66859	        P1	
 621.69764	 810.33822	 687.29136	        P1	
1500.64948	1825.99124	 945.21868	        P1	
1243.39529	 678.55813	 158.56612	        P1	
 779.32889	 359.66493	2248.24074	        P1	
1541.00308	 267.92852	1747.83085	        P1	
1783.12468	1016.38110	1095.54755	        P1	
1599.01138	1250.81855	1154.75247	        P1	
1808.34568	1316.34455	1754.00875	        P1	
1934.45068	1344.01111	1892.49663	        P1	
 919.30544	1835.45612	1931.10850	        P1	
1567.48513	 947.21474	 541.59591	        P1	
 399.75285	 918.09210	 646.10534	        P1	
1237.09004	1820.89476	 510.70641	        P1	
 670.87859	 915.90790	1744.22703	        P1	
2145.04603	1414.63355	1025.01657	        P1	
1909.22968	1132.87174	1838.95487	        P1	
  89.53455	 524.93609	 613.67136	        P1	
 900.38969	1373.13375	1185.64196	        P1	
 722.58164	 197.30609	2084.01152	        P1	
 172.76385	1261.73955	1906.91177	        P1	
1959.67168	1380.41443	1538.29706	        P1	
 621.69764	 765.19810	1060.02463	        P1	
2070.64408	1396.43191	1707.15963	        P1	
 394.70865	1289.40611	1818.36183	        P1	
 834.81509	 796.50494	1315.37786	        P1	
 171.50280	1009.10042	1655.67716	        P1	
 862.55819	 681.47042	1742.16775	        P1	
 456.50009	2208.95433	 887.04343	        P1	
1123.59554	1711.68476	1624.27285	        P1	
 245.90475	1153.98571	 521.00287	        P1	
 532.16309	1124.13494	2123.13827	        P1	
1119.81239	1827.44736	 757.82240	        P1	
1235.82899	 629.04961	1686.56666	        P1	
 379.57605	1956.31516	 672.87628	        P1	
1524.60943	  64.79792	1344.72289	        P1	
2177.83333	 571.53233	1795.70957	        P1	
 438.84540	1725.51804	1933.68265	        P1	
1929.40648	1527.48392	1015.23485	        P1	
 890.30129	1907.53472	1640.74721	        P1	
 438.84540	  24.75428	1033.76855	        P1	
 881.47394	1022.93370	 286.24267	        P1	
   8.82735	1544.22943	1595.44263	        P1	
2064.33883	1078.26674	1593.38335	        P1	
 529.64099	 911.53950	1114.08125	        P1	
1315.27514	 128.86780	 860.27255	        P1	
2058.03358	1508.55415	1326.18919	        P1	
1902.92443	 570.07621	1237.12444	        P1	
1599.01138	 414.99801	 687.29136	        P1	
1300.14254	 622.49701	 433.99746	        P1	
 712.49324	1433.56331	1033.76855	        P1	
 731.40899	 369.85789	1200.57185	        P1	
 631.78604	 982.16194	1474.45878	        P1	
 870.12449	 183.47280	1891.98183	        P1	
1500.64948	 915.90790	1256.17295	        P1	
 113.49450	1654.16752	 811.36416	        P1	
1152.59969	 784.85590	1608.31324	        P1	
 770.50154	2113.57757	2075.25954	        P1	
 314.00145	 983.61810	 386.63354	        P1	
1040.36624	 354.56849	  82.37198	        P1	
2230.79743	  77.90312	 691.40998	        P1	
 317.78460	1014.92494	1914.63415	        P1	
2235.84163	1985.43784	 625.51236	        P1	
1058.02094	 862.75902	 203.87069	        P1	
1953.36643	 699.67210	1307.14062	        P1	
 216.90060	 540.22549	1529.54501	        P1	
 933.17699	 107.75388	 836.07576	        P1	
 345.52770	1946.85032	1535.72291	        P1	
1448.94643	 441.93649	 967.35613	        P1	
2165.22283	 766.65422	 982.28607	        P1	
 245.90475	 899.16234	 714.57710	        P1	
 635.56919	1108.11751	 584.32634	        P1	
1529.65363	1670.91304	2063.41855	        P1	
 583.86614	 610.84793	  92.15369	        P1	
2215.66483	1372.40571	 242.99737	        P1	
1955.88853	 481.25209	 639.92744	        P1	
 397.23075	1976.70104	1453.35094	        P1	
2044.16203	2215.50693	 924.11083	        P1	
1938.23383	1659.26396	2061.35927	        P1	
 611.60924	1357.84435	1820.42117	        P1	
 254.73210	1524.57163	 722.81428	        P1	
 327.87300	1866.76296	 747.01108	        P1	
1152.59969	 311.61253	 388.69289	        P1	
1283.74889	1821.62284	 631.69026	        P1	
  39.09255	1478.70343	2193.15444	        P1	
1590.18403	1261.73955	 374.79261	        P1	
1958.41063	 934.10954	1772.54245	        P1	
1058.02094	 179.83249	1696.34831	        P1	
1311.49199	1920.63992	 181.21837	        P1	
1465.34008	1989.07816	1037.37237	        P1	
 548.55674	 749.18062	 642.50158	        P1	
 390.92550	1872.58752	 806.73073	        P1	
 426.23490	 371.31401	 341.32897	        P1	
1817.17303	1858.75424	 693.46926	        P1	
1882.74763	 918.09210	 244.54185	        P1	
 366.96555	 638.51450	2053.12203	        P1	
 556.12304	 149.25368	1714.88201	        P1	
1394.72128	1198.39775	 123.04319	        P1	
 370.74870	 512.55893	 918.44780	        P1	
2208.09853	1982.52556	1894.55597	        P1	
 788.15624	 574.44461	1966.11662	        P1	
   1.26105	 284.67409	 607.49346	        P1	
1934.45068	1432.83523	2180.79864	        P1	
2023.98523	 634.14610	 391.26697	        P1	
1462.81798	 198.03412	1982.59104	        P1	
2157.65653	1180.19611	 565.79264	        P1	
 451.45589	1412.44935	1945.52364	        P1	
 684.75014	 618.12861	 186.88147	        P1	
 128.62710	 623.22510	1486.29972	        P1	
2132.43553	1967.96424	 111.20220	        P1	
1987.41478	1418.27391	1484.75524	        P1	
1848.69928	2015.28856	  48.90839	        P1	
2199.27118	 208.22709	 137.97308	        P1	
 414.88545	1130.68754	 109.14292	        P1	
 837.33719	 505.27829	1461.58812	        P1	
1166.47124	2045.13933	1165.04892	        P1	
1804.56253	 120.13100	 273.37207	        P1	
2237.10267	1424.09843	 532.84386	        P1	
1476.68953	1062.24930	1103.26993	        P1	
1807.08463	1439.38783	 481.87619	        P1	
1702.41748	 171.82372	 895.28067	        P1	
 414.88545	1879.14012	1039.94645	        P1	
1176.55964	1506.36995	 333.09179	        P1	
1018.92839	1464.87015	1908.45625	        P1	
2052.98938	 896.97814	 825.77930	        P1	
2025.24628	1246.45015	2246.69626	        P1	
1836.08878	 281.03373	1604.19468	        P1	
 131.14920	 578.08493	 220.34512	        P1	
1709.98378	 560.61133	1554.77148	        P1	
1440.11908	 569.34813	 326.91389	        P1	
1929.40648	 978.52162	1390.02746	        P1	
 960.92009	 885.32910	 391.26697	        P1	
 201.76800	1981.79753	1084.73623	        P1	
1356.88978	 551.87453	2099.97114	        P1	
1249.70054	 280.30569	1744.22703	        P1	
 203.02905	1420.45811	1171.22682	        P1	
1791.95203	  69.16632	1721.57478	        P1	
 482.98214	1526.75583	1896.61525	        P1	
  34.04835	 967.60062	 203.87069	        P1	
1282.48784	1880.59624	 117.38010	        P1	
 179.06910	 128.13972	 177.09982	        P1	
1324.10249	1252.27471	 440.69017	        P1	
2230.79743	1468.51051	1725.69333	        P1	
 337.96140	 256.27949	 409.80067	        P1	
1717.55008	 586.82173	 263.59041	        P1	
1679.71858	1083.36322	1575.36446	        P1	
 295.08570	1290.13415	1568.67175	        P1	
  31.52625	1561.70303	1496.59624	        P1	
  88.27350	1397.88803	1286.54764	        P1	
1977.32638	1523.11552	2085.55600	        P1	
 727.62584	 514.74313	1468.28088	        P1	
1722.59428	1228.97655	1970.23524	        P1	
 591.43244	 405.53313	 475.18348	        P1	
 535.94624	1563.15915	 759.36688	        P1	
1843.65508	1948.30644	 180.70357	        P1	
2157.65653	1863.12264	 693.46926	        P1	
 834.81509	  62.61372	1950.15707	        P1	
 746.54159	 131.05200	1668.03296	        P1	
 880.21289	2160.90193	 751.12963	        P1	
 508.20314	 289.04249	1696.34831	        P1	
 351.83295	 921.00434	1746.28638	        P1	
 132.41025	 315.25289	1552.71214	        P1	
 684.75014	1375.31795	2013.48054	        P1	
 920.56649	 516.92733	 584.84121	        P1	
2094.60403	1676.73756	1630.45075	        P1	
 643.13549	 636.33030	 823.71996	        P1	
1958.41063	1153.98571	 108.62805	        P1	
 123.58290	1885.69272	 644.56086	        P1	
1026.49469	1884.23656	 442.74951	        P1	
 649.44074	1649.07104	 557.55546	        P1	
1882.74763	 593.37433	2137.03854	        P1	
 997.49054	2144.15637	  67.44209	        P1	
 474.15479	1083.36322	1056.42087	        P1	
 238.33845	1753.91264	 915.87365	        P1	
1258.52789	1731.34256	1735.47505	        P1	
 368.22660	1179.46803	  69.50137	        P1	
 585.12719	1454.67723	2114.38622	        P1	
2060.55568	2029.84993	1490.93314	        P1	
  45.39780	1630.86935	 691.40998	        P1	
 616.65344	 223.51649	 120.98385	        P1	
2001.28633	 200.21832	1004.93839	        P1	
1832.30563	  26.93848	 368.09984	        P1	
1221.95744	1756.82492	 831.44233	        P1	
1981.10953	1582.08892	 819.08653	        P1	
1066.84829	 540.22549	1361.19724	        P1	
 263.55945	1005.46010	  40.67115	        P1	
1250.96159	2048.77965	 934.40735	        P1	
1417.42018	 374.22629	1626.84694	        P1	
1501.91053	1159.81023	1748.34565	        P1	
1684.76278	1049.87214	1375.61238	        P1	
 788.15624	2119.40213	1887.86320	        P1	
1820.95618	1377.50215	 240.42329	        P1	
 892.82339	 442.66453	1173.28616	        P1	
 194.20170	1323.62523	1464.16226	        P1	
2156.39548	 646.52321	1811.66913	        P1	
  99.62295	 954.49542	2168.44284	        P1	
2170.26703	2211.13853	1169.68235	        P1	
 401.01390	 811.06630	1844.61791	        P1	
 464.06639	 394.61213	1165.56379	        P1	
 232.03320	 269.38469	 738.77383	        P1	
2093.34298	1255.18695	2228.16256	        P1	
 310.21830	1613.39575	 634.26440	        P1	
  42.87570	1266.83603	 784.59328	        P1	
1663.32493	1979.61333	1830.71763	        P1	
1925.62333	 214.77969	2189.03582	        P1	
 390.92550	1408.08095	1548.59358	        P1	
1402.28758	1210.04683	 179.15910	        P1	
 773.02364	2077.17425	 908.15128	        P1	
  39.09255	 219.14809	1263.89532	        P1	
1469.12323	1765.56172	1571.24584	        P1	
1602.79453	1079.72291	1344.20802	        P1	
 510.72524	1678.19372	 922.56636	        P1	
 505.68104	2149.98093	1121.80362	        P1	
1817.17303	1871.85944	 500.40989	        P1	
1495.60528	 429.55933	 807.24560	        P1	
 226.98900	1424.09843	 932.86288	        P1	
1345.54033	 899.16234	1160.93037	        P1	
2175.31123	1997.08693	 879.32106	        P1	
2046.68413	 252.63912	1420.40216	        P1	
 185.37435	2091.73556	1004.93839	        P1	
1406.07073	2064.06905	2001.63955	        P1	
 383.35920	 579.54109	 905.57713	        P1	
 390.92550	2060.42873	1330.30774	        P1	
 379.57605	 701.12822	 427.81956	        P1	
 947.04854	1212.23103	2231.76632	        P1	
 340.48350	 505.27829	 553.43684	        P1	
 147.54285	1635.96584	1638.68793	        P1	
  34.04835	1767.01784	2083.49672	        P1	
 457.76114	 147.79752	1857.48857	        P1	
2034.07363	1713.14092	1263.89532	        P1	
1353.10663	1117.58234	1727.75268	        P1	
1716.28903	1274.84475	 870.56907	        P1	
1744.03213	1317.07263	 939.04078	        P1	
2141.26288	1108.11751	 910.21056	        P1	
2158.91758	 943.57442	1946.03845	        P1	
1651.97548	2166.72645	 934.40735	        P1	
1414.89808	1244.99403	1976.92795	        P1	
1286.27099	 499.45373	1826.59907	        P1	
1097.11349	 330.54229	 849.97603	        P1	
1730.16058	 221.33229	 219.83025	        P1	
 868.86344	 571.53233	1951.70154	        P1	
1498.12738	   0.00000	2217.86604	        P1	
 122.32185	 310.88449	1620.66904	        P1	
 812.11619	1044.04762	 335.15107	        P1	
1146.29444	  22.57008	 609.03794	        P1	
1771.77523	 332.72649	1138.79285	        P1	
1147.55549	1642.51844	 736.71456	        P1	
 825.98774	1729.15836	2075.25954	        P1	
 704.92694	1816.52636	  48.90839	        P1	
 804.54989	 516.92733	1974.86867	        P1	
2150.09023	1187.47674	1554.77148	        P1	
 341.74455	 409.90153	 658.97600	        P1	
1501.91053	 778.30330	1665.45881	        P1	
  78.18510	 926.10082	1587.72026	        P1	
2118.56398	 343.64749	1751.94941	        P1	
1633.05973	 420.09449	 263.07555	        P1	
1673.41333	1014.19690	 164.22915	        P1	
 268.60365	2037.85865	2217.86604	        P1	
1918.05703	2234.43665	 279.54997	        P1	
1509.47683	1909.71892	 811.36416	        P1	
1097.11349	1441.57203	 600.80076	        P1	
1784.38573	1142.33663	 463.34249	        P1	
 349.31085	1681.10596	1062.08397	        P1	
1017.66734	1261.73955	 913.81437	        P1	
 141.23760	1437.20363	1915.14895	        P1	
1793.21308	2143.42833	1157.32655	        P1	
 790.67834	1411.72131	2184.40240	        P1	
  18.91575	 353.11233	1296.84416	        P1	
  60.53040	1681.83404	1315.89267	        P1	
1654.49758	 917.36402	2015.53982	        P1	
 796.98359	 439.75229	 521.00287	        P1	
 168.98070	1360.02855	 553.95171	        P1	
1994.98108	1984.70976	 129.22109	        P1	
1599.01138	 176.19212	  90.60922	        P1	
2074.42723	1573.35212	1917.20823	        P1	
1744.03213	1627.22904	1853.36995	        P1	
1604.05558	1313.43231	 490.11337	        P1	
1006.31789	2185.65617	 184.82219	        P1	
 152.58705	1864.57876	1686.05185	        P1	
1902.92443	 711.32113	  72.07552	        P1	
1123.59554	 658.90033	 899.91410	        P1	
1523.34838	 751.36482	1760.70145	        P1	
1065.58724	 749.18062	1966.11662	        P1	
1562.44093	 342.91941	1187.70124	        P1	
2059.29463	 360.39301	 247.11599	        P1	
 894.08444	1464.14211	 627.57164	        P1	
1100.89664	1532.58035	1610.37258	        P1	
 981.09689	 497.99761	 168.34777	        P1	
 722.58164	 772.47874	 801.06770	        P1	
1663.32493	2094.64785	 278.00549	        P1	
1281.22679	 511.10281	 940.58525	        P1	
1708.72273	1234.07303	 759.88168	        P1	
 171.50280	 697.48790	1793.65023	        P1	
1522.08733	1267.56411	 961.17823	        P1	
1245.91739	1805.60536	 578.66331	        P1	
1915.53493	1924.28024	1544.47496	        P1	
  79.44615	1953.40292	1348.84144	        P1	
1360.67293	1898.06984	 835.56095	        P1	
 833.55404	2002.91144	 315.07289	        P1	
1535.95888	1507.09803	 650.22396	        P1	
1930.66753	1302.51131	1263.89532	        P1	
 873.90764	1084.09131	1288.60692	        P1	
1413.63703	1545.68555	1624.27285	        P1	
1285.00994	1002.54782	 333.60659	        P1	
 986.14109	1849.28936	 265.13489	        P1	
1518.30418	 904.25882	 148.26960	        P1	
 876.42974	 118.67488	1046.12435	        P1	
1662.06388	 674.18973	1031.19447	        P1	
 926.87174	 663.26873	 170.92192	        P1	
2095.86508	 599.92693	 320.73599	        P1	
1968.49903	 906.44302	 539.02176	        P1	
1189.17014	2023.29733	 114.80595	        P1	
 717.53744	 916.63594	 271.31279	        P1	
 886.51814	1855.84196	 207.98932	        P1	
1749.07633	1806.33344	1379.21614	        P1	
 878.95184	1592.28184	1655.67716	        P1	
1976.06533	1100.10874	 448.92741	        P1	
1081.98089	1528.94003	1410.10564	        P1	
 962.18114	2212.59465	 742.89246	        P1	
1190.43119	 771.75070	 454.59044	        P1	
 395.96970	 824.17150	  22.13745	        P1	
 662.05124	2113.57757	 160.11059	        P1	
1761.68683	1889.33304	1570.73103	        P1	
 123.58290	 642.15481	2163.80942	        P1	
 843.64244	 401.16473	1641.26208	        P1	
1663.32493	2023.29733	 866.96526	        P1	
   5.04420	2104.11273	1856.97371	        P1	
 488.02634	 156.53432	1270.58809	        P1	
 756.62999	1884.23656	2229.70704	        P1	
 344.26665	1970.87652	 188.94075	        P1	
  20.17680	 278.12149	1583.60164	        P1	
2031.55153	 755.00514	1678.32948	        P1	
2021.46313	 420.09449	 218.28577	        P1	
   8.82735	1740.80744	1074.95457	        P1	
2035.33468	1574.08015	1678.32948	        P1	
1535.95888	 977.06550	1183.58262	        P1	
 301.39095	  13.83328	1188.21605	        P1	
1633.05973	1283.58155	1344.72289	        P1	
2008.85263	1435.01943	1669.57743	        P1	
1513.25998	1287.22191	1565.06794	        P1	
 535.94624	2005.82373	 324.85455	        P1	
1388.41603	1229.70463	1939.86055	        P1	
1511.99893	2238.80505	 959.11895	        P1	
1646.93128	1804.14924	1593.89816	        P1	
 919.30544	1573.35212	1047.66883	        P1	
1419.94228	1994.90273	1144.97075	        P1	
1822.21723	1181.65223	2145.27572	        P1	
1635.58183	2187.84037	1826.59907	        P1	
1247.17844	 273.02501	1457.98436	        P1	
1079.45879	 862.03094	1486.81458	        P1	
2087.03773	 328.35809	1435.33204	        P1	
1829.78353	 616.67249	 794.37493	        P1	
1174.03754	 813.25050	2189.03582	        P1	
 689.79434	1344.73915	  65.89762	        P1	
1814.65093	1301.05515	1043.55027	        P1	
1610.36083	1168.54703	1217.04627	        P1	
2113.51978	1258.09923	1742.16775	        P1	
 292.56360	 688.75110	 558.07026	        P1	
1411.11493	 979.24970	  34.49325	        P1	
1843.65508	1853.65776	1970.23524	        P1	
 506.94209	 668.36521	2112.84174	        P1	
1969.76008	 862.03094	 838.13510	        P1	
1268.61629	1997.81496	1190.27539	        P1	
1958.41063	 479.79593	1383.33476	        P1	
2129.91343	2040.77093	2011.42120	        P1	
2126.13028	2227.88405	  37.06740	        P1	
 518.29154	 893.33782	 790.77118	        P1	
 566.21144	2078.63036	1227.34279	        P1	
 257.25420	 291.22669	 712.51776	        P1	
2026.50733	1004.00394	 302.20229	        P1	
   5.04420	1584.27312	1109.44782	        P1	
  99.62295	 721.51410	 207.47445	        P1	
 128.62710	1096.46842	 854.09465	        P1	
1412.37598	 907.17110	2009.87673	        P1	
 861.29714	1915.54344	1335.97084	        P1	
1071.89249	1754.64072	 411.34514	        P1	
1292.57624	 123.04328	 256.89765	        P1	
 749.06369	1256.64311	 188.94075	        P1	
 717.53744	2184.92813	 885.49896	        P1	
1314.01409	 662.54070	1165.04892	        P1	
1416.15913	1720.42156	  61.26419	        P1	
1916.79598	1678.92176	1859.03305	        P1	
1059.28199	1645.43072	2226.10322	        P1	
1640.62603	1290.86223	 556.01099	        P1	
 293.82465	 776.84714	1499.17038	        P1	
1197.99749	1097.92454	 796.43427	        P1	
 711.23219	 770.29454	1982.59104	        P1	
 606.56504	1653.43944	2057.24065	        P1	
1174.03754	1236.98531	 213.65235	        P1	
1513.25998	1882.78044	  18.53370	        P1	
1855.00453	1877.68396	1661.34025	        P1	
1809.60673	 664.72490	1836.89553	        P1	
1568.74618	 362.57721	1243.30234	        P1	
1635.58183	1510.73835	1628.90628	        P1	
1960.93273	 283.21792	 889.10277	        P1	
 182.85225	2164.54225	2001.63955	        P1	
 800.76674	 421.55061	 390.75216	        P1	
1839.87193	 931.19730	1781.29443	        P1	
  26.48205	 961.77610	1276.25112	        P1	
2085.77668	1801.23696	 555.49618	        P1	
 761.67419	 211.13932	2081.43744	        P1	
 856.25294	 195.84992	 337.72521	        P1	
1204.30274	 603.56729	 150.32888	        P1	
 448.93379	 560.61133	 547.77381	        P1	
 365.70450	1738.62324	1377.67166	        P1	
1707.46168	2016.74473	 755.76306	        P1	
2105.95348	 961.04802	1929.04922	        P1	
 789.41729	 119.40292	1871.38885	        P1	
2116.04188	  64.06988	2190.58030	        P1	
1996.24213	2186.38425	  43.24530	        P1	
 282.47520	 607.20761	1002.36425	        P1	
1948.32223	1234.07303	1050.24297	        P1	
 843.64244	 883.14490	 453.04597	        P1	
 329.13405	 243.90232	1560.94938	        P1	
1407.33178	2239.53313	1696.34831	        P1	
 563.68934	1963.59584	 174.52567	        P1	
1586.40088	1470.69471	2091.73390	        P1	
 775.54574	1178.73994	1301.47759	        P1	
 683.48909	 579.54109	 323.31007	        P1	
1582.61773	1718.96544	1268.01394	        P1	
 832.29299	 299.96349	  22.13745	        P1	
2195.48803	 511.83089	 621.39374	        P1	
1914.27388	 786.31202	1002.36425	        P1	
1195.47539	 658.17230	 930.28873	        P1	
1197.99749	1189.66095	1703.04108	        P1	
1720.07218	1460.50175	1754.00875	        P1	
1209.34694	 530.76061	 557.55546	        P1	
 882.73499	1623.58872	1443.05442	        P1	
1123.59554	1742.26356	 419.58238	        P1	
 196.72380	2181.28777	 788.71190	        P1	
 139.97655	1408.80903	1465.70674	        P1	
1443.90223	1139.42434	 479.81691	        P1	
   1.26105	1611.21155	1542.41568	        P1	
1027.75574	 838.00474	1505.34828	        P1	
1599.01138	 352.38429	2060.84440	        P1	
1868.87608	2153.62125	1093.48827	        P1	
 544.77359	 758.64550	 866.96526	        P1	
 465.32744	1494.72091	1010.60143	        P1	
 418.66860	1081.90711	1041.49093	        P1	
1325.36354	 305.05993	2167.92804	        P1	
  66.83565	1408.80903	1600.07606	        P1	
 562.42829	 189.29732	1173.28616	        P1	
2140.00183	1542.77332	 491.65784	        P1	
2199.27118	1511.46643	1983.10585	        P1	
1160.16599	2211.86657	1105.32927	        P1	
 259.77630	1159.08214	1741.65295	        P1	
 272.38680	1664.36044	1200.05704	        P1	
 761.67419	1692.02696	 189.45562	        P1	
1191.69224	 626.86541	1834.83625	        P1	
2013.89683	1564.61532	 837.62023	        P1	
 733.93109	 808.15402	  81.85717	        P1	
2094.60403	1851.47356	1931.62337	        P1	
 485.50424	1107.38942	1037.88717	        P1	
1894.09708	1380.41443	 803.12698	        P1	
1791.95203	1244.26595	 893.73620	        P1	
1423.72543	  45.86820	1434.81724	        P1	
2023.98523	1172.91543	1268.01394	        P1	
 181.59120	1450.30883	 284.18339	        P1	
2156.39548	 432.47161	1743.71223	        P1	
1731.42163	2064.06905	1989.28375	        P1	
 882.73499	 211.13932	 141.57689	        P1	
 544.77359	1191.11711	1843.07343	        P1	
 870.12449	 122.31520	1020.89795	        P1	
 736.45319	2128.86697	1801.88747	        P1	
1167.73229	1348.37951	1795.19471	        P1	
 166.45860	1530.39615	 455.10531	        P1	
 520.81364	1863.12264	  12.35580	        P1	
 205.55115	1037.49502	2242.57764	        P1	
 839.85929	2104.11273	 230.64157	        P1	
1496.86633	2011.64824	1268.01394	        P1	
 279.95310	 467.41881	 366.04057	        P1	
2158.91758	 182.01669	 199.75207	        P1	
1417.42018	1246.45015	1130.04087	        P1	
1799.51833	1461.22983	1451.80646	        P1	
2088.29878	 460.13813	2203.45096	        P1	
1604.05558	1199.85391	 683.17274	        P1	
 379.57605	 765.19810	 496.29127	        P1	
2166.48388	1990.53433	 757.30753	        P1	
1924.36228	1515.83483	 452.53116	        P1	
1890.31393	1426.28263	 199.23727	        P1	
 542.25149	 700.40013	 747.01108	        P1	
 269.86470	1812.88604	 957.57447	        P1	
1321.58039	 975.60934	 858.21327	        P1	
1208.08589	1386.23895	 560.12961	        P1	
1316.53619	2157.98965	1521.30783	        P1	
 225.72795	 526.39221	 106.56877	        P1	
 523.33574	  31.30688	1035.31303	        P1	
 504.41999	  82.99960	1694.28903	        P1	
1678.45753	 740.44382	 211.59307	        P1	
1721.33323	 803.05754	2038.19214	        P1	
2229.53638	  29.12268	 156.50678	        P1	
1324.10249	1760.46524	 444.80879	        P1	
1088.28614	 385.14729	1356.56382	        P1	
2192.96593	 506.00633	1072.89529	        P1	
  36.57045	 817.61890	1873.96293	        P1	
1490.56108	1981.79753	2079.37810	        P1	
  94.57875	 310.88449	2213.74742	        P1	
1470.38428	1109.57362	1773.05725	        P1	
 245.90475	  79.35928	1585.14611	        P1	
2169.00598	1941.02576	1659.79578	        P1	
 839.85929	 652.34773	1746.28638	        P1	
1515.78208	2013.83244	1249.48024	        P1	
1102.15769	1367.30923	 753.70378	        P1	
1767.99208	 546.05001	1360.68244	        P1	
 615.39239	 202.40252	1523.88198	        P1	
2180.35543	1490.35251	1793.65023	        P1	
1790.69098	2098.28817	 529.24011	        P1	
 964.70324	1235.52915	1981.04657	        P1	
 706.18799	 180.56052	 919.99227	        P1	
1612.88293	 921.00434	1579.48308	        P1	
  34.04835	 431.74353	1519.24856	        P1	
 430.01805	  96.83288	  40.67115	        P1	
 426.23490	1116.85431	 984.34535	        P1	
 564.95039	1183.83643	 520.48806	        P1	
  84.49035	1832.54384	1638.68793	        P1	
1372.02238	 458.68201	1786.95753	        P1	
 582.60509	 318.89321	2199.33234	        P1	
1484.25583	 366.21753	2141.67196	        P1	
 974.79164	 910.81142	 446.35326	        P1	
 312.74040	 803.78562	 605.43418	        P1	
1858.78768	 364.03333	 467.46111	        P1	
1815.91198	2191.48073	 887.04343	        P1	
 515.76944	  86.63992	1062.08397	        P1	
1049.19359	2233.70857	  90.60922	        P1	
2198.01013	 190.02540	 623.96788	        P1	
1127.37869	 658.17230	  65.38275	        P1	
 226.98900	2229.34017	 288.30201	        P1	
1740.24898	1135.78403	1719.00063	        P1	
1807.08463	 417.18221	1408.56116	        P1	
1905.44653	 840.91702	1303.53687	        P1	
 281.21415	 606.47953	  10.29652	        P1	
 453.97799	1083.36322	  69.50137	        P1	
2170.26703	 749.18062	1995.46165	        P1	
2213.14273	 605.02341	1329.79294	        P1	
 906.69494	1044.77570	1090.91413	        P1	
 807.07199	1288.67803	1935.22712	        P1	
1785.64678	1604.65895	 475.18348	        P1	
 622.95869	1287.22191	 139.51755	        P1	
  73.14090	 393.15601	  49.42320	        P1	
 277.43100	1097.92454	 436.57161	        P1	
 472.89374	 143.42912	2069.08164	        P1	
 399.75285	 456.49781	  63.32347	        P1	
 887.77919	1916.27152	 261.53107	        P1	
1322.84144	2171.82293	1904.85243	        P1	
1731.42163	 992.35490	1127.98152	        P1	
2118.56398	1316.34455	2007.30264	        P1	
1069.37039	 196.57800	1983.10585	        P1	
1913.01283	 447.76101	  63.32347	        P1	
1233.30689	2243.90153	 256.89765	        P1	
 615.39239	 918.82014	1357.07869	        P1	
 121.06080	1274.11671	2022.23253	        P1	
2068.12198	 880.96070	1628.39141	        P1	
 170.24175	1274.84475	2042.82557	        P1	
 638.09129	1351.29175	2154.02776	        P1	
1157.64389	 824.17150	 905.57713	        P1	
 976.05269	2216.23497	1729.29715	        P1	
 846.16454	 235.16552	 516.88431	        P1	
1277.44364	2026.20956	1622.72838	        P1	
1462.81798	2229.34017	1418.85768	        P1	
 687.27224	 992.35490	 539.53657	        P1	
  87.01245	 137.60460	1997.00612	        P1	
1455.25168	 860.57482	 389.20769	        P1	
 514.50839	 138.33268	1960.45353	        P1	
1896.61918	 809.61014	1387.96818	        P1	
1853.74348	1568.25563	 897.33995	        P1	
 615.39239	1137.24014	2086.07087	        P1	
  84.49035	1576.26435	1859.03305	        P1	
1080.71984	 891.88170	1041.49093	        P1	
 146.28180	1295.95871	1529.54501	        P1	
 699.88274	 906.44302	2020.17325	        P1	
1670.89123	 449.21713	 277.49069	        P1	
1767.99208	2085.18297	 184.82219	        P1	
 834.81509	1817.25444	 501.95436	        P1	
 271.12575	 688.02302	 605.43418	        P1	
  64.31355	 555.51489	1497.11104	        P1	
1276.18259	1351.29175	  11.84100	        P1	
 762.93524	 399.70861	 518.94359	        P1	
1588.92298	1470.69471	1591.32401	        P1	
1167.73229	1555.15043	 796.94908	        P1	
1650.71443	1191.84514	1018.83867	        P1	
1601.53348	 608.66373	 813.42350	        P1	
2190.44383	  80.81540	1830.20283	        P1	
 505.68104	 139.06072	1122.31849	        P1	
 480.46004	1627.22904	1335.97084	        P1	
2032.81258	2222.05953	2023.77700	        P1	
1699.89538	 238.80589	1097.09203	        P1	
 868.86344	 718.60182	1006.99767	        P1	
 139.97655	1057.88090	1189.76052	        P1	
1759.16473	1615.57995	1987.22447	        P1	
 798.24464	 821.98730	  53.02695	        P1	
1662.06388	  64.06988	1954.27563	        P1	
2059.29463	 366.21753	2123.13827	        P1	
1798.25728	  18.92972	 109.14292	        P1	
1851.22138	1670.18496	 586.38568	        P1	
  49.18095	 543.86581	1743.71223	        P1	
1644.40918	1974.51684	 755.24826	        P1	
1924.36228	1086.27551	1663.91434	        P1	
 484.24319	1307.60775	 294.47991	        P1	
 815.89934	 690.93530	  82.37198	        P1	
 824.72669	 846.01350	1826.08421	        P1	
1960.93273	 913.72370	 164.22915	        P1	
 409.84125	  53.14888	  90.09435	        P1	
1799.51833	 609.39181	1834.83625	        P1	
1815.91198	1967.23616	 714.57710	        P1	
1802.04043	1421.91423	1546.01943	        P1	
2146.30708	 400.43669	 936.46663	        P1	
1628.01553	1437.93171	 193.57417	        P1	
2201.79328	 473.24333	 604.91938	        P1	
  60.53040	 888.24134	1692.22975	        P1	
1625.49343	1844.19292	1904.85243	        P1	
2093.34298	1783.76336	 228.06749	        P1	
 820.94354	1612.66772	2172.04660	        P1	
1654.49758	 598.47081	1224.76864	        P1	
2100.90928	1622.13255	1012.66077	        P1	
 988.66319	1904.62244	2180.79864	        P1	
 715.01534	1605.38704	1902.79315	        P1	
1706.20063	1828.17544	1624.78766	        P1	
  47.91990	 879.50454	 110.68739	        P1	
 141.23760	1383.32671	 275.43135	        P1	
  27.74310	 755.73322	  75.67927	        P1	
1810.86778	 203.85869	1361.19724	        P1	
 104.66715	1238.44143	1457.98436	        P1	
 281.21415	1801.96504	1515.12994	        P1	
 755.36894	1285.03771	1700.98173	        P1	
1755.38158	1562.43112	1751.94941	        P1	
2219.44798	1237.71335	2217.35124	        P1	
1097.11349	 388.78761	1254.11367	        P1	
1967.23798	1850.74552	 553.43684	        P1	
2059.29463	1119.03851	 423.70094	        P1	
1735.20478	1804.14924	2046.42932	        P1	
2107.21453	1919.91184	1136.73357	        P1	
 669.61754	  79.35928	 453.04597	        P1	
2244.66897	 732.43510	1727.23781	        P1	
 663.31229	1620.67644	1552.19733	        P1	
 389.66445	1095.74034	 720.75500	        P1	
  79.44615	 953.03930	 415.97857	        P1	
1861.30978	2077.90233	1733.41571	        P1	
1669.63018	 777.57522	1044.06507	        P1	
 235.81635	 485.62049	1399.80912	        P1	
2211.88168	 243.17429	1424.52072	        P1	
2244.66897	1789.58792	2202.93610	        P1	
1533.43678	2038.58673	   9.78165	        P1	
 803.28884	1793.22824	 957.57447	        P1	
 885.25709	1625.04484	 440.17536	        P1	
 365.70450	   5.82452	1789.53167	        P1	
  71.87985	1998.54304	2237.94422	        P1	
 562.42829	1501.27351	1892.49663	        P1	
 619.17554	 302.14769	 782.01913	        P1	
1324.10249	  40.77172	1962.51287	        P1	
 832.29299	1850.74552	 584.32634	        P1	
2204.31538	 441.20841	1581.54236	        P1	
1300.14254	 172.55180	1570.73103	        P1	
1532.17573	 711.32113	1876.02227	        P1	
1815.91198	   4.36840	 376.85189	        P1	
 268.60365	 431.74353	1704.58555	        P1	
 441.36750	1156.16991	 934.92215	        P1	
1263.57209	1424.09843	 903.51785	        P1	
 896.60654	1867.49104	1791.59095	        P1	
1601.53348	 484.89241	1706.64483	        P1	
 983.61899	 915.90790	1188.21605	        P1	
  58.00830	  14.56132	1525.42646	        P1	
 489.28739	1619.22032	  65.38275	        P1	
1383.37183	1135.05594	1857.48857	        P1	
 245.90475	  83.72768	1974.35380	        P1	
 141.23760	 352.38429	  39.12668	        P1	
 795.72254	 772.47874	1358.62316	        P1	
1722.59428	 696.03173	 121.49872	        P1	
2035.33468	 961.04802	 810.84935	        P1	
1424.98648	 275.20921	 569.91126	        P1	
1592.70613	 187.11312	1752.46427	        P1	
2006.33053	1793.22824	1439.45066	        P1	
2211.88168	1881.32432	 335.66587	        P1	
1364.45608	1760.46524	 580.72258	        P1	
1740.24898	1457.58951	 848.43156	        P1	
 498.11474	 123.04328	 380.45564	        P1	
1862.57083	  70.62248	1140.33732	        P1	
1235.82899	1202.76615	1406.50188	        P1	
 683.48909	 129.59588	2121.07892	        P1	
1244.65634	1740.80744	1878.08155	        P1	
  10.08840	1597.37832	1072.38043	        P1	
1301.40359	 135.42040	2057.24065	        P1	
 796.98359	1595.92215	1062.08397	        P1	
1832.30563	2138.33185	1637.14346	        P1	
2189.18278	1396.43191	1089.36965	        P1	
  83.22930	1504.18575	1191.81986	        P1	
 882.73499	 958.13574	1882.20017	        P1	
1168.99334	 877.32034	1079.07319	        P1	
1054.23779	 342.19133	  41.18602	        P1	
 636.83024	 436.11193	 652.79810	        P1	
2137.47973	1260.28343	 518.94359	        P1	
 996.22949	1278.48511	2141.15710	        P1	
2248.45212	2235.89277	 258.95699	        P1	
 670.87859	1185.29255	2081.43744	        P1	
 851.20874	 294.86701	  26.25607	        P1	
 871.38554	 475.42753	 561.67408	        P1	
1010.10104	1710.22864	 532.84386	        P1	
 720.05954	1426.28263	1595.44263	        P1	
1587.66193	  83.72768	 916.38846	        P1	
1324.10249	1215.87135	1154.75247	        P1	
1204.30274	 546.77809	1997.52093	        P1	
1093.33034	 354.56849	2097.91180	        P1	
 529.64099	1759.00912	1863.15161	        P1	
 628.00289	1355.66015	2044.37004	        P1	
 402.27495	1036.03890	  90.09435	        P1	
2218.18693	 826.35570	 516.36944	        P1	
 411.10230	1991.99044	1039.43165	        P1	
 668.35649	 343.64749	1435.33204	        P1	
1615.40503	1285.03771	1875.50740	        P1	
1427.50858	1916.27152	1511.01131	        P1	
1134.94499	1855.11392	 181.21837	        P1	
 698.62169	1673.09724	 135.91380	        P1	
1930.66753	 428.83129	1941.91983	        P1	
 728.88689	2133.23537	 209.53379	        P1	
1767.99208	 292.68281	1008.54215	        P1	
   5.04420	 104.84160	1729.81195	        P1	
 205.55115	2173.27905	 939.04078	        P1	
 242.12160	1540.58912	2201.39162	        P1	
 687.27224	1542.77332	 391.26697	        P1	
2063.07778	 323.26161	1309.71477	        P1	
2051.72833	 602.11113	1463.64746	        P1	
1773.03628	1164.90671	2077.83362	        P1	
1663.32493	1277.75703	1045.60955	        P1	
 620.43659	1445.94043	1879.62603	        P1	
2151.35128	 962.50414	 895.28067	        P1	
1979.84848	1435.74751	1651.55854	        P1	
1341.75718	1716.78124	1298.90344	        P1	
 177.80805	2061.15676	 764.00030	        P1	
 819.68249	1665.81656	1672.15158	        P1	
  56.74725	 211.86740	1243.30234	        P1	
 983.61899	1942.48192	2079.37810	        P1	
2065.59988	1888.60496	1616.55048	        P1	
2123.60818	1528.94003	  13.90027	        P1	
 147.54285	1854.38584	 432.45299	        P1	
2143.78498	1582.81695	 226.52302	        P1	
1286.27099	1699.30764	1020.89795	        P1	
2180.35543	1898.06984	 551.37756	        P1	
 973.53059	 947.94282	 617.78998	        P1	
1817.17303	 546.77809	2040.76623	        P1	
1798.25728	1026.57402	 779.95985	        P1	
 794.46149	  65.52600	1125.92225	        P1	
 736.45319	1475.06311	 541.08104	        P1	
 370.74870	2066.25325	 396.93006	        P1	
1796.99623	1009.82850	1171.22682	        P1	
 320.30670	1884.23656	 814.96797	        P1	
1950.84433	 932.65342	 742.89246	        P1	
1475.42848	 449.94521	 562.18889	        P1	
1936.97278	 870.76774	1109.96269	        P1	
2021.46313	 476.88369	 829.89786	        P1	
1644.40918	1496.90511	 639.92744	        P1	
 784.37309	1007.64430	 360.37747	        P1	
 640.61339	1164.90671	2176.68002	        P1	
 610.34819	1726.97416	1196.45329	        P1	
1923.10123	1148.16114	2099.97114	        P1	
1174.03754	1213.68715	1400.32398	        P1	
1657.01968	1815.79832	 695.52854	        P1	
 508.20314	 507.46249	2133.43472	        P1	
2109.73663	 264.28821	 588.44496	        P1	
 177.80805	1402.98451	1813.72841	        P1	
 733.93109	1249.36243	 279.54997	        P1	
 235.81635	 711.32113	 740.83318	        P1	
1374.54448	1355.66015	 263.59041	        P1	
1240.87319	2207.49817	1906.91177	        P1	
 963.44219	1422.64231	1608.31324	        P1	
 404.79705	2061.15676	 393.32631	        P1	
1150.07759	 301.41961	1268.01394	        P1	
 607.82609	1817.25444	 661.03528	        P1	
 586.38824	 590.46209	1578.96821	        P1	
 600.25979	1543.50135	 685.23208	        P1	
1725.11638	1137.24014	 351.62549	        P1	
2145.04603	1855.84196	 882.92487	        P1	
1730.16058	1413.90551	1033.76855	        P1	
2055.51148	2005.09564	 926.68498	        P1	
1302.66464	 552.60261	 662.57976	        P1	
 771.76259	1384.78283	 327.42869	        P1	
 355.61610	2141.97217	 407.22658	        P1	
 558.64514	1308.33583	 285.72787	        P1	
2155.13443	1580.63275	 191.00009	        P1	
  61.79145	 695.30370	 120.98385	        P1	
 624.21974	1334.54623	2169.98732	        P1	
 143.75970	1073.17031	1004.42353	        P1	
1078.19774	 101.20128	  70.01618	        P1	
1417.42018	 969.78482	1686.56666	        P1	
 730.14794	  41.49980	2040.25142	        P1	
1703.67853	1539.86103	1037.88717	        P1	
1634.32078	 744.08414	 296.02439	        P1	
2035.33468	 936.29374	  47.36392	        P1	
  36.57045	2036.40253	 837.62023	        P1	
1081.98089	1083.36322	 372.21847	        P1	
1828.52248	1068.80191	 411.34514	        P1	
1866.35398	1354.20403	 112.74667	        P1	
  84.49035	 254.09529	1256.17295	        P1	
 267.34260	 167.45532	 387.14841	        P1	
1259.78894	1373.86183	1390.02746	        P1	
  69.35775	1979.61333	 102.45015	        P1	
 675.92279	  65.52600	 747.52588	        P1	
 721.32059	1339.64271	1466.22154	        P1	
2099.64823	 753.54902	 969.93027	        P1	
  22.69890	1237.71335	1165.56379	        P1	
1909.22968	  30.57880	1841.01415	        P1	
1925.62333	 868.58354	1567.12728	        P1	
 203.02905	1848.56132	 354.19957	        P1	
2104.69243	1273.38863	 322.79527	        P1	
1889.05288	2236.62085	1433.27276	        P1	
1479.21163	1485.98411	 588.95976	        P1	
 957.13694	1587.91344	1002.36425	        P1	
1457.77378	1202.76615	 572.48541	        P1	
1100.89664	 328.35809	 397.44487	        P1	
1459.03483	 854.02222	  98.84640	        P1	
 781.85099	2074.99005	 945.21868	        P1	
1093.33034	 489.98889	1461.58812	        P1	
1245.91739	 802.32950	 541.08104	        P1	
1712.50588	 241.71812	1752.46427	        P1	
 494.33159	 707.68082	  20.07817	        P1	
 451.45589	1453.22111	1095.54755	        P1	
1889.05288	2035.67445	 779.95985	        P1	
1751.59843	  45.86820	 248.66047	        P1	
 619.17554	2198.03333	 650.73876	        P1	
1393.46023	2078.63036	1363.25659	        P1	
 882.73499	1450.30883	2013.99535	        P1	
1227.00164	1630.14132	 948.82243	        P1	
2147.56813	2120.85825	2069.59645	        P1	
2046.68413	1352.01983	 804.67145	        P1	
 153.84810	1454.67723	1125.92225	        P1	
2196.74908	1547.86975	 560.12961	        P1	
 535.94624	1745.17584	1519.76336	        P1	
 585.12719	 924.64470	 442.23464	        P1	
 181.59120	 116.49068	2184.40240	        P1	
1472.90638	 744.08414	1185.64196	        P1	
 311.47935	 561.33941	 730.53666	        P1	
1684.76278	 652.34773	  53.54182	        P1	
2016.41893	1455.40531	1144.97075	        P1	
1808.34568	 961.04802	1556.83076	        P1	
1617.92713	 162.35888	 596.68214	        P1	
1535.95888	1019.29334	 913.81437	        P1	
 337.96140	  30.57880	1719.00063	        P1	
 350.57190	 883.87294	 802.61217	        P1	
 105.92820	 645.06710	 323.31007	        P1	
 962.18114	1487.44023	 228.58229	        P1	
 261.03735	1605.38704	1502.77414	        P1	
1157.64389	2095.37593	 256.89765	        P1	
 192.94065	 176.92020	1947.58292	        P1	
1285.00994	1975.24493	1727.23781	        P1	
1143.77234	1308.33583	 952.94105	        P1	
 923.08859	1991.99044	 321.25079	        P1	
 559.90619	 177.64829	1653.10301	        P1	
 904.17284	 752.09290	 825.26443	        P1	
 440.10645	1223.88011	1404.44254	        P1	
1085.76404	  54.60500	1181.52334	        P1	
 469.11059	 304.33189	 658.46114	        P1	
 523.33574	 854.02222	 370.67399	        P1	
 665.83439	1287.22191	 905.57713	        P1	
 224.46690	1272.66055	1659.79578	        P1	
 305.17410	2195.84913	1021.41275	        P1	
2059.29463	2017.47276	1999.58027	        P1	
2166.48388	1230.43271	 811.36416	        P1	
 592.69349	 690.20722	1002.36425	        P1	
1066.84829	 343.64749	1781.29443	        P1	
1380.84973	 136.14848	1609.85771	        P1	
 353.09400	1678.92176	 838.13510	        P1	
 963.44219	 458.68201	1340.60426	        P1	
1139.98919	1575.53632	1324.12984	        P1	
1337.97404	1785.94756	1221.16489	        P1	
2131.17448	1364.39695	 393.32631	        P1	
1857.52663	1886.42076	1876.02227	        P1	
 843.64244	1315.61651	 434.51227	        P1	
1708.72273	1826.71932	 465.40177	        P1	
 959.65904	  63.34180	1088.85485	        P1	
1630.53763	 392.42793	1165.56379	        P1	
1557.39673	1701.49184	1482.69596	        P1	
1092.06929	1625.04484	1193.87914	        P1	
 887.77919	 837.27670	1350.38592	        P1	
 302.65200	1951.21872	1540.35634	        P1	
 401.01390	1228.97655	1882.20017	        P1	
 190.41855	 814.70662	   6.17790	        P1	
 360.66030	2230.79633	1492.47761	        P1	
 703.66589	1933.74512	1992.88750	        P1	
1073.15354	1535.49263	1742.16775	        P1	
1276.18259	1954.13096	 745.46660	        P1	
 964.70324	1925.73636	1536.23778	        P1	
1635.58183	 721.51410	 335.66587	        P1	
 552.33989	  77.17508	1183.58262	        P1	
 723.84269	 527.12029	1188.21605	        P1	
 490.54844	1209.31875	 765.54478	        P1	
1963.45483	2182.01585	1167.62307	        P1	
 437.58435	1986.89396	2075.25954	        P1	
2066.86093	 712.77730	 595.13766	        P1	
1936.97278	 856.20642	 384.57426	        P1	
 532.16309	1796.86856	1659.79578	        P1	
1295.09834	 731.70702	1508.95204	        P1	
2127.39133	1566.07143	 383.02979	        P1	
 330.39510	  20.38588	  51.48248	        P1	
 142.49865	 211.86740	2244.12212	        P1	
1628.01553	1940.29772	 195.11865	        P1	
1803.30148	2175.46325	2139.09782	        P1	
  20.17680	1694.93924	 271.82759	        P1	
 832.29299	 237.34972	 166.28849	        P1	
 931.91594	 207.49900	1249.48024	        P1	
 440.10645	1499.08931	1504.83341	        P1	
 481.72109	 827.08374	2234.34046	        P1	
1488.03898	 850.38190	 885.49896	        P1	
 542.25149	 257.73561	1984.65032	        P1	
 761.67419	  65.52600	  81.85717	        P1	
1964.71588	 257.73561	2156.08704	        P1	
 527.11889	1560.97495	2228.16256	        P1	
2172.78913	1168.54703	 143.63617	        P1	
1620.44923	1947.57836	 424.21581	        P1	
1424.98648	1485.25603	1922.87132	        P1	
1549.83043	 326.90193	 448.92741	        P1	
1788.16888	 739.71574	 110.68739	        P1	
 689.79434	  57.51728	1070.83595	        P1	
1290.05414	1183.10834	1747.83085	        P1	
 587.64929	 230.06909	2108.72312	        P1	
 819.68249	 511.10281	1519.76336	        P1	
1398.50443	  35.67528	 207.47445	        P1	
1852.48243	2177.64745	 160.62540	        P1	
1017.66734	 420.09449	1052.30225	        P1	
 989.92424	2087.36716	2223.52914	        P1	
 576.29984	1701.49184	1680.38876	        P1	
1920.57913	1608.29932	2017.59910	        P1	
2201.79328	1533.30843	1774.60173	        P1	
1588.92298	 512.55893	2011.93607	        P1	
1902.92443	 460.86621	  30.88950	        P1	
  74.40195	1062.24930	 175.04047	        P1	
 947.04854	 423.00673	 918.44780	        P1	
1628.01553	1006.91622	1169.16754	        P1	
  22.69890	1265.37991	2034.58833	        P1	
2031.55153	1550.05395	1573.30518	        P1	
 224.46690	 295.59509	 701.70644	        P1	
2063.07778	2160.90193	1880.14083	        P1	
1398.50443	1665.08852	1744.22703	        P1	
 474.15479	 463.05041	 928.22945	        P1	
1633.05973	 804.51370	2042.31070	        P1	
1650.71443	 144.88528	1144.97075	        P1	
1054.23779	 334.91069	1016.77933	        P1	
1389.67708	1434.29135	1542.41568	        P1	
1466.60113	 101.20128	 806.73073	        P1	
 814.63829	 835.82054	1425.03558	        P1	
1128.63974	 725.88250	1002.87905	        P1	
1586.40088	 518.38349	1523.36711	        P1	
1541.00308	 595.55853	 584.84121	        P1	
1448.94643	 351.65621	 835.56095	        P1	
 378.31500	 546.05001	1348.32664	        P1	
 273.64785	1053.51250	 879.32106	        P1	
1124.85659	1642.51844	1791.59095	        P1	
 392.18655	2208.22625	 920.50708	        P1	
2156.39548	2182.74393	 236.81947	        P1	
1176.55964	1748.08812	 732.59593	        P1	
 503.15894	 571.53233	2154.02776	        P1	
 393.44760	1194.02935	1686.05185	        P1	
1655.75863	 787.04010	1509.46684	        P1	
 668.35649	  85.91188	 386.63354	        P1	
2083.25458	1028.03014	1455.92508	        P1	
2186.66068	2054.60416	1525.42646	        P1	
1180.34279	 142.70108	 670.81694	        P1	
2200.53223	1847.10516	1177.91959	        P1	
 388.40340	1397.88803	 810.84935	        P1	
1384.63288	1214.41523	1044.06507	        P1	
 393.44760	1268.29215	1025.01657	        P1	
1368.23923	1608.29932	 514.82497	        P1	
 562.42829	 761.55774	1667.51815	        P1	
  71.87985	 721.51410	1560.43451	        P1	
 552.33989	 100.47320	2108.20832	        P1	
1401.02653	1014.19690	1886.31873	        P1	
 335.43930	 189.29732	2013.48054	        P1	
   0.00000	1917.72764	1198.51257	        P1	
 145.02075	1771.38624	1434.81724	        P1	
2155.13443	 436.11193	 543.14038	        P1	
 142.49865	1263.19571	1762.76073	        P1	
 233.29425	 552.60261	2009.36192	        P1	
 593.95454	2151.43705	1305.08134	        P1	
1928.14543	1095.74034	1048.18369	        P1	
 571.25564	1829.63156	1877.56675	        P1	
 346.78875	1430.65103	1050.24297	        P1	
1722.59428	  27.66652	 541.59591	        P1	
 592.69349	2072.07776	 228.06749	        P1	
1406.07073	1014.19690	 998.24563	        P1	
1930.66753	1640.33424	  26.25607	        P1	
 284.99730	1087.73162	1095.03275	        P1	
2059.29463	1602.47475	 591.01911	        P1	
1612.88293	 278.84952	1604.19468	        P1	
2099.64823	2007.27984	 834.01648	        P1	
 634.30814	 720.05793	1513.07066	        P1	
 470.37164	2145.61253	1109.44782	        P1	
  79.44615	2061.15676	 821.14587	        P1	
 785.63414	2004.36756	 838.13510	        P1	
1929.40648	 292.68281	1490.41834	        P1	
 849.94769	1172.18734	1221.16489	        P1	
1981.10953	1171.45931	1591.32401	        P1	
 496.85369	1221.69591	 300.14295	        P1	
 230.77215	1717.50932	1095.54755	        P1	
1465.34008	 361.12109	 127.16175	        P1	
1401.02653	  12.37712	 566.30751	        P1	
1103.41874	1912.63116	1523.88198	        P1	
1761.68683	1382.59863	1037.88717	        P1	
1100.89664	 868.58354	 549.31828	        P1	
 933.17699	1023.66174	1253.59886	        P1	
2103.43138	 132.50812	 516.88431	        P1	
 597.73769	 400.43669	1027.59065	        P1	
 590.17139	1916.27152	1484.75524	        P1	
 139.97655	1692.75504	1841.01415	        P1	
1285.00994	 322.53353	 313.01361	        P1	
 909.21704	1344.73915	 813.42350	        P1	
2156.39548	1392.06351	2097.91180	        P1	
1375.80553	 488.53273	 296.02439	        P1	
2110.99768	1180.92414	1505.34828	        P1	
 383.35920	1676.00952	1974.35380	        P1	
1843.65508	1652.71136	 635.80888	        P1	
2169.00598	1894.42952	1645.38064	        P1	
 631.78604	1443.75623	1464.16226	        P1	
 284.99730	1517.29095	1438.93586	        P1	
 598.99874	1494.72091	  53.02695	        P1	
1824.73933	2232.98053	 119.43938	        P1	
1610.36083	  50.23660	 909.69575	        P1	
1993.72003	  66.25408	1677.81461	        P1	
1220.69639	2197.30525	 625.51236	        P1	
1832.30563	1962.13972	 646.10534	        P1	
 741.49739	2178.37553	1585.14611	        P1	
1494.34423	 689.47913	1579.48308	        P1	
 519.55259	1086.27551	1103.26993	        P1	
 372.00975	1062.24930	1721.05991	        P1	
 986.14109	1572.62403	1243.30234	        P1	
1414.89808	1948.30644	2219.41052	        P1	
 191.67960	 291.22669	1249.99505	        P1	
 124.84395	1838.36836	1543.96016	        P1	
2092.08193	  51.69272	1950.15707	        P1	
1071.89249	1559.51883	1786.95753	        P1	
 554.86199	 851.83802	1915.14895	        P1	
1962.19378	2082.27073	 491.65784	        P1	
 776.80679	 371.31401	2162.26494	        P1	
  35.30940	1865.30684	1478.06254	        P1	
 271.12575	2154.34933	2227.64770	        P1	
1562.44093	 669.09330	1923.38613	        P1	
1916.79598	1884.23656	  30.37469	        P1	
1227.00164	1491.80863	 327.42869	        P1	
 377.05395	2174.73517	2235.88494	        P1	
1312.75304	1469.96663	 230.12677	        P1	
 715.01534	 639.97061	 884.98415	        P1	
1786.90783	 450.67329	 114.80595	        P1	
 991.18529	2136.14765	1558.37523	        P1	
 398.49180	 618.85670	 207.47445	        P1	
2069.38303	1108.84554	1377.15686	        P1	
1571.26828	 751.36482	1853.36995	        P1	
1495.60528	1521.65935	1049.72817	        P1	
1228.26269	1705.13216	 326.91389	        P1	
1954.62748	1178.01191	 168.86258	        P1	
2243.40792	 150.70980	 642.50158	        P1	
1570.00723	 629.77770	1134.15942	        P1	
 464.06639	1434.29135	1784.89825	        P1	
1320.31934	1419.00195	   4.11862	        P1	
1728.89953	1841.28064	   0.00000	        P1	
2008.85263	 399.70861	 983.83055	        P1	
1667.10808	 809.61014	 110.68739	        P1	
1539.74203	1462.68595	 714.57710	        P1	
1442.64118	 215.50772	1128.49639	        P1	
1620.44923	2061.15676	 479.81691	        P1	
 166.45860	 125.22748	 732.59593	        P1	
1522.08733	1679.64984	1371.49376	        P1	
 128.62710	1572.62403	 191.51489	        P1	
2208.09853	2208.22625	1595.44263	        P1	
1539.74203	 800.14530	 786.65256	        P1	
 258.51525	1608.29932	 527.18077	        P1	
2075.68828	1786.67564	1125.92225	        P1	
 455.23904	 779.75942	 321.25079	        P1	
1384.63288	2242.44537	 975.59337	        P1	
 693.57749	 388.78761	 520.48806	        P1	
1624.23238	 524.20801	1298.90344	        P1	
1725.11638	  75.71892	 158.56612	        P1	
 878.95184	1829.63156	1068.26187	        P1	
 124.84395	 618.12861	1927.50475	        P1	
  88.27350	 349.47201	 741.34798	        P1	
 998.75159	1435.74751	2023.77700	        P1	
 737.71424	 954.49542	1575.36446	        P1	
 557.38409	1699.30764	 835.56095	        P1	
1061.80409	1495.44895	1055.90607	        P1	
 390.92550	1191.11711	 856.15393	        P1	
 336.70035	1576.26435	1988.76894	        P1	
1846.17718	2076.44616	2069.08164	        P1	
2218.18693	1295.23063	1031.70927	        P1	
1363.19503	1360.75663	1107.38855	        P1	
 506.94209	1154.71374	1889.92255	        P1	
1861.30978	1750.27232	 522.54734	        P1	
1925.62333	2103.38465	1112.02197	        P1	
  52.96410	1135.78403	1136.73357	        P1	
1510.73788	  20.38588	 483.93547	        P1	
 907.95599	1477.97535	2069.08164	        P1	
2145.04603	 805.96982	1200.05704	        P1	
1881.48658	1734.25484	2217.86604	        P1	
 799.50569	2176.91937	 530.78458	        P1	
1514.52103	 944.30250	 897.85476	        P1	
 540.99044	1630.14132	1263.89532	        P1	
 365.70450	 238.80589	 619.84926	        P1	
 360.66030	1424.09843	 963.75237	        P1	
1416.15913	 695.30370	 941.10005	        P1	
1683.50173	 846.74154	1358.62316	        P1	
1282.48784	1474.33503	1453.35094	        P1	
 863.81924	1950.49064	 302.71709	        P1	
 843.64244	1292.31835	 350.08101	        P1	
 588.91034	1755.36876	1647.43998	        P1	
 189.15750	1160.53831	1836.89553	        P1	
 348.04980	1903.16632	 256.89765	        P1	
1567.48513	1170.00314	1492.99248	        P1	
1566.22408	2137.60377	1278.31046	        P1	
  76.92405	 405.53313	 604.91938	        P1	
1670.89123	 297.77929	1861.60713	        P1	
1697.37328	 413.54189	 479.30204	        P1	
1708.72273	 377.86661	1068.77667	        P1	
 518.29154	 449.21713	 238.87881	        P1	
 648.17969	 668.36521	 248.66047	        P1	
1023.97259	 774.66294	1492.99248	        P1	
1124.85659	1566.79952	 397.44487	        P1	
 771.76259	1936.65736	1221.16489	        P1	
 330.39510	1010.55654	 845.85747	        P1	
1360.67293	1161.26634	 450.47188	        P1	
1068.10934	  41.49980	1144.45594	        P1	
 860.03609	1579.90472	1948.09773	        P1	
1271.13839	1582.81695	2242.06284	        P1	
 440.10645	 718.60182	 625.51236	        P1	
 242.12160	2203.12977	2149.39434	        P1	
1730.16058	1932.28896	1204.17566	        P1	
 738.97529	2227.88405	 279.54997	        P1	
1725.11638	 901.34654	1665.97368	        P1	
1194.21434	 436.11193	 658.97600	        P1	
 110.97240	 685.83882	1298.90344	        P1	
1546.04728	 548.96229	 275.43135	        P1	
1614.14398	 527.12029	2116.44550	        P1	
 452.71694	 597.74273	2075.25954	        P1	
 390.92550	1734.25484	1008.54215	        P1	
1247.17844	 954.49542	2145.27572	        P1	
 597.73769	1154.71374	1690.68528	        P1	
 438.84540	 607.20761	2020.17325	        P1	
1863.83188	1344.01111	 236.81947	        P1	
1366.97818	1517.29095	1134.67429	        P1	
 600.25979	 435.38389	 168.86258	        P1	
1547.30833	1619.94835	 944.70387	        P1	
1003.79579	2109.93725	 370.67399	        P1	
2240.88582	1592.28184	2089.67462	        P1	
1744.03213	1065.16154	 170.92192	        P1	
1764.20893	 108.48192	1327.73366	        P1	
1477.95058	 193.66572	1920.81205	        P1	
 944.52644	1625.77292	1738.04913	        P1	
 630.52499	1352.74791	1782.83891	        P1	
 751.58579	1974.51684	 698.10268	        P1	
 107.18925	1656.35172	1861.60713	        P1	
 126.10500	2099.74433	 341.84377	        P1	
1453.99063	   9.46488	1974.35380	        P1	
1143.77234	1004.00394	1648.98445	        P1	
 716.27639	 760.10162	1241.75787	        P1	
 117.27765	 273.02501	1167.62307	        P1	
 781.85099	2013.83244	1638.68793	        P1	
1711.24483	 342.91941	1612.43186	        P1	
2003.80843	2163.08613	 806.73073	        P1	
1051.71569	1479.43151	1497.11104	        P1	
1230.78479	1297.41483	  98.84640	        P1	
 366.96555	1771.38624	 617.78998	        P1	
2030.29048	 486.34853	  35.00812	        P1	
 520.81364	1692.75504	1101.21065	        P1	
 994.96844	2126.68277	2184.91726	        P1	
1774.29733	1309.79195	1931.62337	        P1	
 778.06784	 599.19889	 188.94075	        P1	
 432.54015	1036.03890	 337.21035	        P1	
2109.73663	2208.22625	1278.82527	        P1	
 542.25149	 956.67962	  86.49060	        P1	
1943.27803	 481.25209	 775.84123	        P1	
 412.36335	 549.69033	1375.61238	        P1	
1597.75033	1545.68555	1103.78479	        P1	
1366.97818	 353.84041	1952.21635	        P1	
1752.85948	1546.41363	1037.88717	        P1	
1885.26973	 907.89914	1432.75796	        P1	
 266.08155	1756.82492	 558.07026	        P1	
1604.05558	 444.12069	1381.27542	        P1	
 186.63540	1006.18814	 493.71718	        P1	
1829.78353	1153.98571	 113.26148	        P1	
1221.95744	1362.21275	 696.04340	        P1	
 286.25835	1634.50972	2196.75820	        P1	
1495.60528	  42.22788	 182.76285	        P1	
1308.96989	 314.52481	1186.15677	        P1	
 735.19214	1988.35013	 144.15098	        P1	
1416.15913	 165.27112	1727.75268	        P1	
1026.49469	 985.80230	1595.95744	        P1	
1351.84558	1279.94123	 668.75766	        P1	
1084.50299	 875.13614	 882.92487	        P1	
1804.56253	1181.65223	 100.39087	        P1	
 561.16724	2093.19173	1305.59615	        P1	
 499.37579	1941.02576	1554.77148	        P1	
1165.21019	 846.01350	1461.58812	        P1	
1310.23094	1804.87732	1330.30774	        P1	
 261.03735	1130.68754	1605.73915	        P1	
1190.43119	1051.32830	1511.01131	        P1	
2052.98938	 404.80509	1688.62594	        P1	
 933.17699	1505.64191	1225.28345	        P1	
1353.10663	  40.04368	2028.41043	        P1	
1351.84558	 678.55813	1449.74718	        P1	
 727.62584	1793.22824	1125.92225	        P1	
 428.75700	 917.36402	  88.03507	        P1	
 730.14794	1149.61731	 990.52325	        P1	
  42.87570	2053.14805	 199.23727	        P1	
 952.09274	2187.84037	  96.78712	        P1	
1360.67293	1764.10556	2186.46174	        P1	
2058.03358	 950.85510	 842.25366	        P1	
 398.49180	1764.83364	 625.51236	        P1	
 387.14235	2228.61213	 749.58516	        P1	
 616.65344	1589.36955	1537.78226	        P1	
 583.86614	 887.51330	1770.48311	        P1	
1326.62459	1933.74512	1535.72291	        P1	
1718.81113	1535.49263	1873.44813	        P1	
1412.37598	 812.52242	1366.86034	        P1	
1737.72688	1991.99044	 415.46376	        P1	
 653.22389	 391.69989	 261.53107	        P1	
1021.45049	1354.20403	1371.49376	        P1	
1176.55964	1270.47635	1309.19996	        P1	
2182.87753	 434.65581	1502.77414	        P1	
 398.49180	 974.15322	 285.72787	        P1	
 315.26250	 912.99562	1538.29706	        P1	
1254.74474	 463.77849	1653.10301	        P1	
2006.33053	1653.43944	2114.38622	        P1	
 291.30255	2161.62997	 906.09200	        P1	
1907.96863	 529.30449	1626.84694	        P1	
1145.03339	1916.27152	1836.89553	        P1	
1079.45879	1294.50255	2030.46977	        P1	
1639.36498	1821.62284	 877.26178	        P1	
 326.61195	  85.18380	 123.55800	        P1	
 776.80679	 876.59230	2151.96842	        P1	
1293.83729	2219.14725	 228.58229	        P1	
 156.37020	1185.29255	 350.08101	        P1	
1702.41748	2092.46365	 438.63089	        P1	
 744.01949	 423.73481	1335.97084	        P1	
 738.97529	2137.60377	1821.96565	        P1	
1203.04169	 809.61014	 944.70387	        P1	
2136.21868	 694.57562	2217.86604	        P1	
1583.87878	1214.41523	 939.04078	        P1	
1027.75574	 229.34101	1725.17853	        P1	
2157.65653	1590.82572	1999.06540	        P1	
1433.81383	1079.72291	1727.23781	        P1	
 433.80120	1726.97416	 380.97051	        P1	
1899.14128	 971.24094	1012.66077	        P1	
 856.25294	 813.25050	1589.77954	        P1	
 583.86614	1863.12264	1735.98985	        P1	
 620.43659	 744.08414	1797.25405	        P1	
2215.66483	1484.52795	 320.73599	        P1	
   2.52210	1741.53552	2046.94413	        P1	
1662.06388	 206.77092	  24.19679	        P1	
2068.12198	1903.16632	2182.85792	        P1	
1346.80138	1309.06391	2128.80130	        P1	
 562.42829	1240.62563	  63.32347	        P1	
 687.27224	 653.07581	1132.10015	        P1	
1308.96989	 528.57641	1482.69596	        P1	
1615.40503	 794.32074	1227.34279	        P1	
 600.25979	  82.99960	1087.31037	        P1	
 223.20585	1203.49423	 854.09465	        P1	
2051.72833	 740.44382	 203.87069	        P1	
1998.76423	 328.35809	 687.80616	        P1	
1538.48098	1488.16831	 490.11337	        P1	
2235.84163	1462.68595	1610.37258	        P1	
1292.57624	2126.68277	 807.24560	        P1	
1064.32619	1812.88604	 996.18635	        P1	
1138.72814	 380.77889	1775.11653	        P1	
1336.71299	 177.64829	1775.11653	        P1	
1093.33034	1892.24532	1251.53952	        P1	
1773.03628	1504.18575	1791.07615	        P1	
 496.85369	1542.04523	1125.92225	        P1	
 576.29984	 383.69113	 603.37491	        P1	
 701.14379	1055.69670	2048.48860	        P1	
1709.98378	1812.88604	2176.16522	        P1	
 573.77774	1986.89396	 864.39117	        P1	
 650.70179	  56.78920	1340.60426	        P1	
 141.23760	 841.64510	1961.99800	        P1	
  66.83565	1440.84395	 702.22130	        P1	
1476.68953	 832.18022	 722.81428	        P1	
1110.98504	1050.60022	 463.34249	        P1	
1634.32078	 409.17349	1764.30521	        P1	
 744.01949	  45.14012	1550.13805	        P1	
 479.19899	 678.55813	1468.28088	        P1	
1991.19793	1753.91264	1867.27023	        P1	
1596.48928	   1.45612	1445.11376	        P1	
1718.81113	 222.06032	 456.64978	        P1	
1360.67293	2241.71733	 792.83046	        P1	
2201.79328	 969.78482	 722.81428	        P1	
1856.26558	1638.15004	1929.04922	        P1	
 971.00849	 398.98053	1414.22426	        P1	
2151.35128	1255.18695	 530.78458	        P1	
 237.07740	1635.23776	1611.91705	        P1	
 591.43244	1742.26356	1760.18665	        P1	
 192.94065	  18.20168	1912.57480	        P1	
 880.21289	1357.11631	1719.51543	        P1	
2151.35128	1099.38071	 720.24014	        P1	
1766.73103	  76.44700	1342.14874	        P1	
2162.70073	 578.81301	 679.56898	        P1	
2049.20623	1302.51131	1974.35380	        P1	
 205.55115	2228.61213	2121.07892	        P1	
 572.51669	1630.86935	1272.13256	        P1	
2083.25458	1215.87135	 672.87628	        P1	
  31.52625	 753.54902	 834.01648	        P1	
  73.14090	 202.40252	2087.61534	        P1	
 239.59950	1684.74632	  57.66038	        P1	
1209.34694	 938.47794	1530.05988	        P1	
1658.28073	 165.27112	1482.18116	        P1	
1427.50858	 952.31122	2224.04394	        P1	
1103.41874	 792.86462	 741.34798	        P1	
2151.35128	 147.06948	1676.27014	        P1	
1581.35668	2064.79713	1348.84144	        P1	
1044.14939	  56.78920	1113.56645	        P1	
 630.52499	1726.97416	1381.79028	        P1	
 150.06495	1717.50932	 811.36416	        P1	
 573.77774	1368.03731	1047.66883	        P1	
1534.69783	1777.21076	1190.27539	        P1	
1403.54863	1271.93251	 391.26697	        P1	
1291.31519	 726.61053	1962.51287	        P1	
1122.33449	1598.83444	1397.74984	        P1	
2079.47143	1775.75464	 698.10268	        P1	
 678.44489	1678.92176	1463.64746	        P1	
1546.04728	2136.14765	1885.80393	        P1	
2083.25458	1549.32592	1035.31303	        P1	
 780.58994	1769.93012	1103.26993	        P1	
 397.23075	 259.91981	1039.43165	        P1	
 529.64099	1010.55654	  67.44209	        P1	
 271.12575	 217.69192	1375.61238	        P1	
 538.46834	 880.23262	 798.49355	        P1	
 605.30399	1392.06351	 774.29676	        P1	
2162.70073	1145.24891	  70.01618	        P1	
 754.10789	 353.84041	1149.08937	        P1	
1148.81654	  63.34180	1861.09233	        P1	
1535.95888	 908.62722	 532.84386	        P1	
 918.04439	1600.29055	2209.62886	        P1	
  58.00830	 703.31242	1742.16775	        P1	
1095.85244	 452.12941	1601.62053	        P1	
 615.39239	1718.23736	 277.49069	        P1	
 755.36894	1503.45771	  22.13745	        P1	
1969.76008	1170.73123	 376.85189	        P1	
1860.04873	1465.59823	 705.82506	        P1	
2206.83748	 911.53950	1492.47761	        P1	
1916.79598	 901.34654	 121.49872	        P1	
 500.63684	2154.34933	 368.09984	        P1	
 373.27080	  16.01748	 485.47994	        P1	
  29.00415	 615.21633	 895.28067	        P1	
 952.09274	1771.38624	1873.44813	        P1	
  80.70720	1253.73083	2163.80942	        P1	
 488.02634	1258.82731	1472.39944	        P1	
1634.32078	 442.66453	1976.41314	        P1	
 597.73769	1265.37991	1121.80362	        P1	
1340.49614	1685.47436	2240.51836	        P1	
1720.07218	 480.52401	  37.06740	        P1	
1147.55549	1983.25364	1626.33213	        P1	
 636.83024	 934.10954	1321.55576	        P1	
 412.36335	 937.02182	2126.74202	        P1	
 904.17284	1742.26356	1000.30497	        P1	
1674.67438	1775.02656	1543.96016	        P1	
 131.14920	 283.94601	1735.98985	        P1	
1441.38013	 245.35849	1319.49642	        P1	
  80.70720	 978.52162	 712.00296	        P1	
2087.03773	1560.24692	 528.72524	        P1	
 348.04980	 339.27909	 880.86553	        P1	
2200.53223	1088.45971	1948.09773	        P1	
1928.14543	2050.96385	1471.88464	        P1	
1296.35939	  58.24532	 831.95720	        P1	
1832.30563	1509.28223	2052.60722	        P1	
1090.80824	1087.00354	 702.22130	        P1	
1123.59554	1665.08852	1441.50994	        P1	
1678.45753	1465.59823	 240.93809	        P1	
  37.83150	1159.08214	1604.19468	        P1	
1080.71984	 654.53193	1486.81458	        P1	
 756.62999	2124.49857	  35.00812	        P1	
1343.01823	2179.10357	 740.83318	        P1	
 163.93650	1970.14844	1027.07585	        P1	
2097.12613	 377.86661	 674.93556	        P1	
2181.61648	 182.01669	 547.25894	        P1	
 624.21974	1171.45931	2196.75820	        P1	
1790.69098	1697.85152	  39.12668	        P1	
 530.90204	 807.42594	1177.91959	        P1	
 219.42270	2096.83205	1533.66363	        P1	
 648.17969	1320.71295	1425.03558	        P1	
 398.49180	1757.55296	1265.95466	        P1	
 931.91594	2203.85785	 852.55018	        P1	
1525.87048	  39.31560	1552.19733	        P1	
 110.97240	 528.57641	 426.27509	        P1	
1384.63288	1965.78004	1525.94126	        P1	
 344.26665	 447.76101	2151.45362	        P1	
 863.81924	1704.40412	  28.31535	        P1	
1834.82773	2062.61293	 744.95173	        P1	
2118.56398	1221.69591	 490.11337	        P1	
1218.17429	1214.41523	 990.00845	        P1	
1998.76423	1647.61492	2003.69883	        P1	
 191.67960	 279.57761	 539.02176	        P1	
1002.53474	 564.25169	1603.67981	        P1	
1650.71443	2030.57796	1253.59886	        P1	
2228.27533	 523.47993	 654.34258	        P1	
  90.79560	1773.57044	1756.06803	        P1	
1201.78064	1108.84554	1321.55576	        P1	
 827.24879	 144.15720	 977.65265	        P1	
 883.99604	2212.59465	1062.59877	        P1	
 636.83024	 243.90232	2118.50484	        P1	
 401.01390	1096.46842	2174.62074	        P1	
1230.78479	 534.40093	2116.96037	        P1	
1191.69224	1807.78956	1303.02206	        P1	
 234.55530	1891.51724	2137.55334	        P1	
2177.83333	 259.91981	1230.94654	        P1	
1409.85388	 850.38190	 156.50678	        P1	
 504.41999	1709.50056	1703.04108	        P1	
2117.30293	 695.30370	2116.44550	        P1	
 423.71280	  48.05240	1070.32115	        P1	
1022.71154	1285.03771	 392.81144	        P1	
 538.46834	 903.53074	1519.24856	        P1	
  49.18095	 136.14848	1653.10301	        P1	
 982.35794	 357.48073	2073.71507	        P1	
1732.68268	1775.02656	 467.46111	        P1	
1755.38158	2150.70897	1758.64217	        P1	
2087.03773	1402.98451	1157.32655	        P1	
2175.31123	1571.89595	 685.23208	        P1	
1757.90368	2187.11233	 744.95173	        P1	
1523.34838	1539.13295	1358.62316	        P1	
1511.99893	 354.56849	1768.93863	        P1	
2037.85678	 693.11950	  76.19408	        P1	
2070.64408	1900.25404	 952.94105	        P1	
 127.36605	 711.32113	1876.02227	        P1	
 892.82339	1852.20164	1513.58546	        P1	
 255.99315	2048.05156	 473.63901	        P1	
2063.07778	2121.58633	1276.25112	        P1	
1566.22408	2245.35765	 353.68477	        P1	
1802.04043	2215.50693	 633.74954	        P1	
 161.41440	 414.99801	1797.76885	        P1	
1513.25998	1384.78283	1688.11113	        P1	
1626.75448	1910.44696	 955.51520	        P1	
2172.78913	1850.01744	1797.76885	        P1	
1509.47683	2101.92853	 582.78186	        P1	
1445.16328	2022.56924	  98.84640	        P1	
 971.00849	2044.41125	 378.39637	        P1	
 143.75970	2216.23497	 753.18898	        P1	
 267.34260	  27.66652	1871.38885	        P1	
1340.49614	1140.88051	1577.42374	        P1	
 510.72524	1561.70303	 877.26178	        P1	
 322.82880	1515.83483	1309.71477	        P1	
 237.07740	 784.85590	 718.69566	        P1	
1760.42578	 856.20642	 977.65265	        P1	
2216.92588	 457.22589	1776.66101	        P1	
1337.97404	 102.65740	1045.60955	        P1	
 765.45734	1788.85984	1990.82822	        P1	
 698.62169	1946.85032	  39.12668	        P1	
 625.48079	 142.70108	 230.64157	        P1	
2156.39548	1655.62364	1397.74984	        P1	
1587.66193	 303.60381	 685.74688	        P1	
 843.64244	 207.49900	 549.83309	        P1	
2227.01428	 163.08692	 652.79810	        P1	
 184.11330	 224.24452	 133.85452	        P1	
1380.84973	1311.24811	 534.90314	        P1	
1708.72273	1044.77570	 718.69566	        P1	
 152.58705	1870.40332	1276.25112	        P1	
2102.17033	 976.33742	1286.54764	        P1	
1692.32908	2211.86657	2228.16256	        P1	
1451.46853	 316.70901	 315.07289	        P1	
1693.59013	 925.37274	1377.15686	        P1	
2185.39963	 897.70622	1495.05176	        P1	
 813.37724	 169.63952	1055.90607	        P1	
1669.63018	1528.94003	 335.15107	        P1	
1648.19233	 938.47794	1394.14608	        P1	
1456.51273	1854.38584	1712.82273	        P1	
1931.92858	 502.36601	 475.69829	        P1	
1243.39529	 254.82332	 387.14841	        P1	
1539.74203	 597.74273	1560.94938	        P1	
 330.39510	1132.87174	 796.43427	        P1	
 688.53329	2082.27073	 609.03794	        P1	
1873.92028	1619.22032	 490.11337	        P1	
1297.62044	1660.72012	 880.86553	        P1	
 394.70865	1666.54464	 704.28058	        P1	
2196.74908	2089.55137	1828.14355	        P1	
 890.30129	1409.53711	 955.00033	        P1	
1143.77234	 127.41168	 361.92194	        P1	
 465.32744	1389.87931	 843.79813	        P1	
 802.02779	1493.99283	1125.92225	        P1	
 733.93109	 281.03373	1735.47505	        P1	
 993.70739	1185.29255	 722.29948	        P1	
1128.63974	 686.56690	1138.79285	        P1	
1911.75178	1987.62204	 464.88696	        P1	
1693.59013	1054.96862	1396.20536	        P1	
 226.98900	1687.65856	 641.98678	        P1	
 619.17554	1164.17863	 852.55018	        P1	
 630.52499	1770.65816	1147.03009	        P1	
1570.00723	 219.14809	 792.83046	        P1	
1604.05558	1122.67882	 827.83858	        P1	
2022.72418	  80.08732	 961.69310	        P1	
1780.60258	 464.50653	1105.32927	        P1	
1931.92858	1731.34256	 512.25088	        P1	
 537.20729	 196.57800	 253.29389	        P1	
1334.19089	1323.62523	1212.41284	        P1	
1849.96033	 281.76181	1533.66363	        P1	
 138.71550	1553.69432	2059.29993	        P1	
1554.87463	1167.09091	1918.75270	        P1	
1885.26973	1641.79035	 796.43427	        P1	
2117.30293	 275.93729	1861.60713	        P1	
2018.94103	 826.35570	1379.73094	        P1	
1225.74059	1272.66055	1801.88747	        P1	
1327.88564	1037.49502	 704.28058	        P1	
 191.67960	 337.82293	1665.97368	        P1	
 698.62169	1891.51724	 489.59856	        P1	
 838.59824	1311.24811	1083.19175	        P1	
2081.99353	 207.49900	1447.17304	        P1	
2023.98523	 252.63912	 728.47738	        P1	
1192.95329	 808.15402	 959.11895	        P1	
1568.74618	2015.28856	 561.67408	        P1	
2157.65653	1043.31954	1920.81205	        P1	
   8.82735	1319.98491	1249.99505	        P1	
1308.96989	 380.05081	1624.78766	        P1	
 813.37724	2068.43745	2081.95225	        P1	
1527.13153	1707.31636	1258.23229	        P1	
1615.40503	2225.69985	1002.36425	        P1	
1886.53078	1348.37951	 205.92997	        P1	
  52.96410	 183.47280	 211.59307	        P1	
2002.54738	1942.48192	 992.06773	        P1	
 841.12034	 444.84873	1889.92255	        P1	
1791.95203	1248.63435	 926.17017	        P1	
1949.58328	1068.80191	  22.13745	        P1	
 634.30814	1114.67011	 465.40177	        P1	
2153.87338	1680.37792	2040.76623	        P1	
1896.61918	1939.56964	1142.91147	        P1	
 197.98485	 191.48152	 164.74402	        P1	
 997.49054	 763.74194	 845.85747	        P1	
 175.28595	 321.07741	1459.52884	        P1	
 322.82880	1690.57084	1322.07057	        P1	
  45.39780	1278.48511	1338.03012	        P1	
2133.69658	 183.47280	 716.63638	        P1	
 161.41440	 546.05001	1811.66913	        P1	
1720.07218	2077.90233	 460.76834	        P1	
1132.42289	1317.80071	2034.58833	        P1	
1675.93543	 635.60221	1403.92774	        P1	
  40.35360	1796.86856	 339.26969	        P1	
 612.87029	 495.08533	1628.90628	        P1	
 752.84684	1676.73756	 382.51499	        P1	
 229.51110	1968.69233	 473.12414	        P1	
1514.52103	1085.54742	1465.70674	        P1	
1836.08878	 781.94362	 494.23199	        P1	
2002.54738	 729.52282	 532.84386	        P1	
 790.67834	1257.37115	1097.60689	        P1	
1393.46023	 874.40810	1690.17041	        P1	
 203.02905	 763.74194	1344.72289	        P1	
1572.52933	 814.70662	 705.82506	        P1	
 880.21289	2018.20084	1768.42383	        P1	
1500.64948	 432.47161	 543.65519	        P1	
1651.97548	1166.36283	2244.12212	        P1	
 698.62169	1349.83563	 858.72808	        P1	
2005.06948	  56.78920	1760.70145	        P1	
1604.05558	 152.89400	 384.57426	        P1	
 945.78749	1993.44656	 992.58259	        P1	
1054.23779	 669.82133	1060.53949	        P1	
1808.34568	1397.88803	1743.71223	        P1	
 575.03879	 387.33149	1826.08421	        P1	
1254.74474	 589.00593	 116.86529	        P1	
 311.47935	 594.83049	  88.54988	        P1	
1822.21723	 868.58354	 648.16468	        P1	
2045.42308	 260.64789	 831.44233	        P1	
1595.22823	 763.74194	2234.34046	        P1	
 189.15750	 809.61014	2086.07087	        P1	
 846.16454	1593.73795	1350.90079	        P1	
 552.33989	1767.74592	  76.19408	        P1	
 916.78334	2036.40253	   3.60375	        P1	
 824.72669	  49.50852	 485.99481	        P1	
 817.16039	 694.57562	 957.57447	        P1	
  49.18095	 963.23222	 193.05937	        P1	
1955.88853	1302.51131	 293.96505	        P1	
 484.24319	1984.70976	1931.62337	        P1	
1336.71299	1594.46604	 230.12677	        P1	
1525.87048	 461.59429	 683.17274	        P1	
 699.88274	 318.16513	1838.95487	        P1	
1996.24213	1678.19372	1595.95744	        P1	
2237.10267	1587.18535	1926.98994	        P1	
1786.90783	1175.82771	1257.71742	        P1	
1196.73644	1922.82412	2164.32422	        P1	
1084.50299	1546.41363	1661.85506	        P1	
 228.25005	 264.28821	  20.07817	        P1	
1343.01823	 661.81261	 155.99197	        P1	
  17.65470	1266.83603	1478.06254	        P1	
1457.77378	2019.65696	1789.53167	        P1	
1385.89393	1187.47674	2141.67196	        P1	
 233.29425	2240.26117	 553.95171	        P1	
 503.15894	 658.90033	1840.49935	        P1	
1385.89393	 316.70901	 495.77646	        P1	
1500.64948	1485.25603	1445.62856	        P1	
1672.15228	1879.86816	 635.80888	        P1	
1283.74889	1890.06112	1109.44782	        P1	
1015.14524	 356.02461	1093.48827	        P1	
 924.34964	 880.23262	 364.49609	        P1	
1965.97693	1576.26435	 980.22680	        P1	
 360.66030	1419.73003	 488.05409	        P1	
 201.76800	1649.79912	1480.12182	        P1	
 508.20314	1151.07343	1655.67716	        P1	
1414.89808	 337.82293	2011.93607	        P1	
1020.18944	1542.77332	1151.14865	        P1	
 145.02075	1678.19372	1961.99800	        P1	
2143.78498	2207.49817	1531.60436	        P1	
1375.80553	1402.98451	1997.52093	        P1	
 770.50154	1595.19412	1554.25661	        P1	
2242.14687	1301.78323	2075.77435	        P1	
2113.51978	2201.67365	 778.41538	        P1	
2103.43138	 883.87294	1264.41019	        P1	
1407.33178	1400.80031	1887.86320	        P1	
1022.71154	1851.47356	1808.06537	        P1	
2039.11783	1895.15756	1962.51287	        P1	
1074.41459	 541.68161	  75.67927	        P1	
2068.12198	 572.26041	1223.22417	        P1	
 817.16039	  61.15760	 440.17536	        P1	
2219.44798	 180.56052	 339.26969	        P1	
2175.31123	1614.12384	 630.14578	        P1	
 733.93109	1655.62364	   6.17790	        P1	
1577.57353	 610.84793	 572.48541	        P1	
1524.60943	1305.42355	1517.70408	        P1	
1112.24609	 588.27789	1361.19724	        P1	
 262.29840	 522.75189	2221.46980	        P1	
 571.25564	1286.49383	2149.90914	        P1	
 276.16995	1052.05634	1789.53167	        P1	
1370.76133	 487.07661	1175.34544	        P1	
 706.18799	1614.85192	2028.41043	        P1	
  34.04835	2100.47237	1696.86318	        P1	
 991.18529	1344.01111	 744.95173	        P1	
1599.01138	  94.64868	2034.58833	        P1	
  39.09255	 839.46090	1039.94645	        P1	
1232.04584	 305.05993	2240.51836	        P1	
 122.32185	2198.03333	1307.14062	        P1	
2046.68413	1870.40332	1578.96821	        P1	
 617.91449	1450.30883	1119.74435	        P1	
1218.17429	1044.04762	 637.86816	        P1	
1005.05684	 845.28542	1521.30783	        P1	
1610.36083	 982.16194	1703.04108	        P1	
 793.20044	 973.42514	1445.11376	        P1	
2152.61233	 131.78008	 213.65235	        P1	
1965.97693	2099.01625	 339.78449	        P1	
1197.99749	1025.11790	 829.89786	        P1	
1880.22553	1700.03572	1103.26993	        P1	
2187.92173	1290.86223	1031.70927	        P1	
1780.60258	 198.03412	1210.35356	        P1	
1897.88023	 386.60341	1972.29452	        P1	
1649.45338	 311.61253	1919.26757	        P1	
  95.83980	 138.33268	1146.51522	        P1	
 263.55945	1254.45891	2108.72312	        P1	
1849.96033	 466.69073	 121.49872	        P1	
 471.63269	1319.25683	2242.57764	        P1	
1711.24483	1347.65143	 501.95436	        P1	
1509.47683	 249.72689	 695.52854	        P1	
 221.94480	 460.13813	1604.19468	        P1	
 123.58290	1453.22111	1954.27563	        P1	
2199.27118	  75.71892	 475.18348	        P1	
 479.19899	1910.44696	 621.90860	        P1	
1807.08463	 127.41168	1801.37261	        P1	
2235.84163	 479.79593	 257.41251	        P1	
 290.04150	1884.23656	1233.52069	        P1	
 854.99189	 697.48790	1336.48564	        P1	
 378.31500	1033.85470	 693.98406	        P1	
1827.26143	1622.86064	1570.73103	        P1	
 958.39799	1127.04723	 273.37207	        P1	
 836.07614	1156.89794	1648.98445	        P1	
1834.82773	 428.83129	 127.16175	        P1	
 219.42270	1946.85032	1083.19175	        P1	
   2.52210	1719.69352	2139.61262	        P1	
1967.23798	 468.87493	1432.75796	        P1	
 709.97114	 455.04169	 199.75207	        P1	
2220.70903	1981.06944	 315.07289	        P1	
  13.87155	 755.00514	 685.23208	        P1	
1424.98648	1327.99363	1890.43735	        P1	
 401.01390	1009.10042	 123.55800	        P1	
 190.41855	 829.26794	 938.52597	        P1	
 597.73769	2040.04285	 804.67145	        P1	
1689.80698	 346.55973	1655.16235	        P1	
1580.09563	 418.63833	1624.27285	        P1	
1374.54448	 907.17110	 973.53403	        P1	
 683.48909	1192.57323	1427.09486	        P1	
2116.04188	 470.33109	2005.24330	        P1	
1802.04043	1469.96663	1445.62856	        P1	
 461.54429	 663.99681	1871.90365	        P1	
 167.71965	2122.31437	1025.01657	        P1	
  69.35775	 473.97141	 574.54468	        P1	
 717.53744	 629.77770	1237.63925	        P1	
 759.15209	  18.92972	 658.97600	        P1	
 683.48909	1380.41443	 821.66068	        P1	
 607.82609	 416.45413	1970.23524	        P1	
1547.30833	1951.94676	1122.31849	        P1	
1674.67438	1429.92295	2161.75014	        P1	
 868.86344	 612.30409	 669.27246	        P1	
1253.48369	1210.04683	 389.20769	        P1	
 534.68519	 141.24492	 195.63352	        P1	
1308.96989	 920.27630	 663.09456	        P1	
1256.00579	1376.04603	 240.93809	        P1	
1485.51688	1447.39655	1530.05988	        P1	
1517.04313	1991.26236	 345.44759	        P1	
2047.94518	2169.63873	1589.77954	        P1	
1018.92839	1779.39496	 553.95171	        P1	
 273.64785	 125.95552	1574.84965	        P1	
1809.60673	 466.69073	 529.24011	        P1	
 798.24464	 319.62129	 398.98934	        P1	
1791.95203	1558.79075	1173.28616	        P1	
2248.45212	1269.02023	1471.88464	        P1	
1298.88149	 570.80429	 391.26697	        P1	
 413.62440	1017.83722	 895.79548	        P1	
2204.31538	 286.85829	1583.60164	        P1	
1625.49343	2002.91144	 308.89499	        P1	
2157.65653	1149.61731	1416.79834	        P1	
1446.42433	1132.14371	 565.79264	        P1	
2172.78913	 222.06032	1993.40237	        P1	
 727.62584	 938.47794	1789.53167	        P1	
 286.25835	1769.93012	1974.35380	        P1	
1873.92028	2248.26993	1646.92511	        P1	
  32.78730	1593.00992	2116.44550	        P1	
 583.86614	1985.43784	1247.93577	        P1	
1142.51129	1143.06471	1486.29972	        P1	
1054.23779	1147.43311	 448.41254	        P1	
1527.13153	1197.66971	 880.86553	        P1	
 595.21559	 557.69909	 300.14295	        P1	
  63.05250	 167.45532	1017.29419	        P1	
1525.87048	1919.18376	 197.17799	        P1	
2110.99768	1467.78243	2188.52102	        P1	
 593.95454	2016.01664	 766.05958	        P1	
 576.29984	  69.16632	 992.58259	        P1	
 938.22119	1150.34534	 504.52851	        P1	
 741.49739	 414.99801	2236.39974	        P1	
1395.98233	2165.99837	1301.47759	        P1	
1831.04458	1911.90312	1422.97624	        P1	
  34.04835	 680.74233	1877.56675	        P1	
2245.93002	1046.23182	1155.26727	        P1	
 374.53185	1673.82532	 422.15647	        P1	
 726.36479	1221.69591	2246.18140	        P1	
1925.62333	 682.19850	 904.03266	        P1	
 645.65759	1486.71215	1970.23524	        P1	
1968.49903	1368.03731	 242.99737	        P1	
  45.39780	1128.50334	1370.97896	        P1	
1669.63018	 186.38509	2054.66650	        P1	
1366.97818	1938.11352	1578.96821	        P1	
1040.36624	 259.91981	 883.43968	        P1	
2181.61648	1275.57283	1488.87386	        P1	
1248.43949	 873.68002	2242.57764	        P1	
 369.48765	 887.51330	1663.91434	        P1	
 998.75159	1135.78403	1484.24044	        P1	
 402.27495	2115.03373	   3.60375	        P1	
2161.43968	1033.85470	1906.39690	        P1	
 300.12990	 943.57442	1842.55863	        P1	
1546.04728	1609.02735	1457.46956	        P1	
 520.81364	1796.14052	1892.49663	        P1	
 923.08859	 407.71733	 646.62020	        P1	
1640.62603	2094.64785	   7.72237	        P1	
 833.55404	 421.55061	 716.63638	        P1	
1904.18548	1316.34455	  85.97579	        P1	
 151.32600	 841.64510	 378.91117	        P1	
   3.78315	  99.74512	1066.71739	        P1	
 537.20729	 668.36521	 166.80330	        P1	
1509.47683	 111.39420	 370.67399	        P1	
1998.76423	  76.44700	 333.60659	        P1	
1407.33178	 703.31242	 242.48257	        P1	
 326.61195	1772.84236	2186.46174	        P1	
1953.36643	1078.26674	1525.42646	        P1	
 151.32600	 113.57840	 952.94105	        P1	
2176.57228	 148.52560	1842.55863	        P1	
 796.98359	1719.69352	 848.43156	        P1	
 491.80949	1677.46564	1101.21065	        P1	
1485.51688	  34.94720	 458.70906	        P1	
1023.97259	 538.76933	1389.51266	        P1	
1327.88564	 141.97300	 501.95436	        P1	
1513.25998	 243.17429	2176.68002	        P1	
1360.67293	 843.82930	1887.86320	        P1	
2088.29878	 381.50693	 541.59591	        P1	
1205.56379	1258.09923	1173.80097	        P1	
2025.24628	 359.66493	 974.04890	        P1	
 634.30814	1322.89715	 603.37491	        P1	
 731.40899	 401.89281	1515.12994	        P1	
1791.95203	 118.67488	1041.49093	        P1	
2092.08193	1733.52676	 949.33730	        P1	
  70.61880	 100.47320	 969.93027	        P1	
 770.50154	1372.40571	 139.51755	        P1	
 503.15894	 239.53392	 852.03537	        P1	
 564.95039	1413.90551	 521.00287	        P1	
1052.97674	2154.34933	2202.93610	        P1	
1044.14939	  87.36800	 582.26706	        P1	
1704.93958	1552.23815	  36.55259	        P1	
 165.19755	 182.74472	1091.42899	        P1	
1650.71443	1762.64944	1278.82527	        P1	
1008.83999	1576.99243	 450.98669	        P1	
 651.96284	1710.22864	1039.43165	        P1	
 819.68249	2162.35805	1076.49905	        P1	
1016.40629	 946.48670	2042.31070	        P1	
1896.61918	1868.21912	1873.96293	        P1	
 595.21559	1377.50215	 870.56907	        P1	
1863.83188	1045.50374	2229.70704	        P1	
1480.47268	1659.99204	1952.21635	        P1	
 691.05539	1550.78203	1427.09486	        P1	
1253.48369	1847.83324	1910.51552	        P1	
1495.60528	1067.34574	1147.03009	        P1	
 596.47664	 714.23342	 798.49355	        P1	
1440.11908	1159.08214	1451.29166	        P1	
 933.17699	1278.48511	1583.60164	        P1	
 406.05810	1978.88524	1037.88717	        P1	
  20.17680	2165.27033	 491.65784	        P1	
 503.15894	 172.55180	 551.37756	        P1	
1698.63433	1931.56092	2040.76623	        P1	
 796.98359	1463.41403	 279.54997	        P1	
1442.64118	1623.58872	1256.17295	        P1	
 369.48765	 814.70662	1198.51257	        P1	
 192.94065	 191.48152	 455.10531	        P1	
2205.57643	2116.48985	1068.77667	        P1	
1494.34423	1331.63395	 288.30201	        P1	
1303.92569	2089.55137	 560.12961	        P1	
1639.36498	 950.85510	1325.67432	        P1	
 833.55404	1943.20996	1468.28088	        P1	
2006.33053	1207.86263	2027.89562	        P1	
1955.88853	 605.02341	 766.05958	        P1	
1586.40088	1981.79753	1350.38592	        P1	
 877.69079	 901.34654	  48.90839	        P1	
1234.56794	1758.28104	 395.38559	        P1	
1131.16184	2186.38425	1241.75787	        P1	
1339.23509	  20.38588	1251.53952	        P1	
1949.58328	1196.94163	1515.12994	        P1	
 911.73914	1519.47515	1562.49385	        P1	
 118.53870	1821.62284	 197.69279	        P1	
1006.31789	1325.08135	 561.67408	        P1	
 657.00704	1149.61731	1455.41022	        P1	
1216.91324	 240.99009	1677.81461	        P1	
1472.90638	2152.16513	1832.26211	        P1	
 277.43100	2242.44537	1957.87944	        P1	
1273.66049	  77.17508	 337.21035	        P1	
1287.53204	2160.17385	1039.43165	        P1	
1597.75033	1532.58035	2228.16256	        P1	
1517.04313	 238.07781	1871.90365	        P1	
 913.00019	1307.60775	1463.64746	        P1	
1334.19089	2190.02457	 214.16722	        P1	
  34.04835	1455.40531	1015.23485	        P1	
1322.84144	 817.61890	  40.67115	        P1	
1317.79724	 736.07542	 118.92457	        P1	
1979.84848	1026.57402	1260.29157	        P1	
 712.49324	1053.51250	  46.84905	        P1	
 984.88004	2240.26117	 339.26969	        P1	
 472.89374	 983.61810	 170.40705	        P1	
2151.35128	2217.69113	2104.08970	        P1	
1292.57624	1366.58115	 382.51499	        P1	
1002.53474	1012.74074	1913.08967	        P1	
2194.22698	 723.69830	 880.86553	        P1	
1348.06243	1643.24652	 436.05674	        P1	
1715.02798	  10.19292	1716.94135	        P1	
1137.46709	1469.23855	1568.67175	        P1	
 611.60924	 162.35888	1980.53170	        P1	
2143.78498	2222.05953	1645.38064	        P1	
 644.39654	 526.39221	 901.97338	        P1	
 680.96699	2185.65617	 313.01361	        P1	
 978.57479	 650.89161	 909.69575	        P1	
1992.45898	 875.13614	1160.93037	        P1	
  52.96410	1469.23855	1622.72838	        P1	
1926.88438	 572.26041	 847.91675	        P1	
1867.61503	1136.51211	1311.77404	        P1	
 327.87300	 398.98053	 801.06770	        P1	
1573.79038	1792.50016	1235.06516	        P1	
1732.68268	2074.99005	2094.30804	        P1	
1680.97963	 344.37553	 628.08650	        P1	
1952.10538	1601.74672	1974.35380	        P1	
1950.84433	2123.77053	 868.50973	        P1	
1511.99893	 826.35570	  28.31535	        P1	
 670.87859	 795.04882	 154.44750	        P1	
 715.01534	 354.56849	1634.56931	        P1	
 124.84395	 427.37513	 691.40998	        P1	
1968.49903	1388.42315	 246.60119	        P1	
 870.12449	1964.32393	2165.86870	        P1	
 523.33574	2017.47276	 969.41547	        P1	
 161.41440	 340.73521	  94.21297	        P1	
1965.97693	1449.58075	2228.16256	        P1	
 245.90475	1063.70542	  69.50137	        P1	
 114.75555	 810.33822	1879.62603	        P1	
1078.19774	 456.49781	1842.55863	        P1	
1803.30148	1560.97495	1259.77676	        P1	
 223.20585	 709.86502	 860.27255	        P1	
  98.36190	1076.08254	 275.94621	        P1	
 329.13405	1973.78876	1438.93586	        P1	
1907.96863	 871.49582	1842.55863	        P1	
1059.28199	 221.33229	 953.45585	        P1	
1635.58183	 331.27033	 238.87881	        P1	
 361.92135	 436.11193	 821.14587	        P1	
1880.22553	 112.85032	 635.80888	        P1	
 527.11889	1799.78084	 852.55018	        P1	
2084.51563	 287.58632	 129.22109	        P1	
 511.98629	 272.29692	 380.97051	        P1	
1720.07218	1951.21872	1714.88201	        P1	
1324.10249	1160.53831	1214.47212	        P1	
 546.03464	2066.98133	 238.36395	        P1	
1504.43263	1963.59584	1620.15423	        P1	
1684.76278	2108.48113	1319.49642	        P1	
1142.51129	1846.37712	1577.42374	        P1	
 520.81364	 160.90272	 720.75500	        P1	
 819.68249	1611.93964	1291.18107	        P1	
 399.75285	2230.06825	 172.98120	        P1	
 505.68104	 804.51370	1325.67432	        P1	
1757.90368	 339.27909	 558.07026	        P1	
2006.33053	  80.81540	1589.26473	        P1	
 361.92135	1151.07343	1632.51003	        P1	
1407.33178	 505.27829	 856.15393	        P1	
1958.41063	 610.84793	 913.81437	        P1	
1078.19774	 722.97022	 247.11599	        P1	
 321.56775	 166.72728	 755.76306	        P1	
 121.06080	1550.78203	 489.59856	        P1	
1522.08733	2241.71733	1311.77404	        P1	
 842.38139	1941.02576	1859.03305	        P1	
1351.84558	 251.91109	1399.80912	        P1	
2206.83748	1613.39575	1604.19468	        P1	
 622.95869	2246.81377	1340.08946	        P1	
1184.12594	1218.05555	1593.38335	        P1	
 184.11330	 348.01589	 219.83025	        P1	
1586.40088	1696.39536	 419.58238	        P1	
2156.39548	1732.79872	 601.31556	        P1	
2008.85263	 782.67170	 726.41804	        P1	
 532.16309	1202.76615	1795.70957	        P1	
