2007.00000	   0.00000	   0.00000	   0.00000	
1191.69224	1976.70104	 895.79548	        P1	
 831.03194	 955.95154	 228.06749	        P1	
1776.81943	1376.77411	1887.86320	        P1	
1199.25854	 150.70980	1643.32136	        P1	
1771.77523	 168.18340	1379.21614	        P1	
 440.10645	 495.81341	1742.16775	        P1	
1773.03628	1396.43191	 504.01364	        P1	
1036.58309	1045.50374	1333.91156	        P1	
1930.66753	1953.40292	 205.92997	        P1	
2020.20208	1397.88803	1532.11916	        P1	
 263.55945	1471.42275	1871.38885	        P1	
1355.62873	1606.84315	 455.10531	        P1	
 770.50154	 252.63912	 325.36941	        P1	
1455.25168	1943.93804	 810.84935	        P1	
1641.88708	1212.95911	  20.59298	        P1	
 766.71839	2213.32273	1918.75270	        P1	
1989.93688	1932.28896	2192.63964	        P1	
 639.35234	 424.46289	1980.53170	        P1	
1395.98233	 855.47834	 271.31279	        P1	
 515.76944	1120.49462	1910.51552	        P1	
 480.46004	 628.32153	 160.11059	        P1	
2128.65238	2190.02457	1610.37258	        P1	
2224.49218	2121.58633	  53.02695	        P1	
  66.83565	2180.55973	1756.58283	        P1	
2248.45212	 504.55021	1033.25375	        P1	
  81.96825	 690.93530	1850.79581	        P1	
1672.15228	 594.10241	 155.99197	        P1	
 181.59120	1416.81775	 382.51499	        P1	
1210.60799	 776.11910	1385.90884	        P1	
 143.75970	1550.78203	2119.01964	        P1	
 426.23490	 704.76853	 172.46639	        P1	
 969.74744	 235.16552	2093.79324	        P1	
1498.12738	   4.36840	1297.35897	        P1	
 867.60239	 602.83921	 804.67145	        P1	
1126.11764	 313.79673	1857.48857	        P1	
1288.79309	1505.64191	1781.29443	        P1	
1675.93543	 159.44660	 186.88147	        P1	
1973.54323	 658.90033	 461.28321	        P1	
1224.47954	2120.85825	 483.42066	        P1	
2156.39548	 230.06909	   9.78165	        P1	
 887.77919	1575.53632	 676.99484	        P1	
2198.01013	1372.40571	 329.48797	        P1	
1283.74889	1202.76615	1171.74169	        P1	
1567.48513	1468.51051	 706.33986	        P1	
 466.58849	 164.54309	1651.55854	        P1	
 561.16724	2171.82293	1084.73623	        P1	
 583.86614	1030.21434	 665.15390	        P1	
  21.43785	1784.49144	 217.77097	        P1	
 369.48765	 440.48033	1167.10826	        P1	
 108.45030	 171.82372	1530.05988	        P1	
1862.57083	1455.40531	 700.16196	        P1	
1610.36083	 523.47993	 771.72268	        P1	
1488.03898	 433.92773	1834.32145	        P1	
 254.73210	 152.89400	1050.24297	        P1	
1634.32078	1301.78323	 242.48257	        P1	
 558.64514	1456.86143	1606.25396	        P1	
1185.38699	1686.20244	1088.85485	        P1	
1702.41748	1115.39814	 140.03242	        P1	
 107.18925	 661.81261	 914.32918	        P1	
 991.18529	1807.06152	1047.66883	        P1	
 147.54285	 682.19850	 582.78186	        P1	
1957.14958	 559.15521	 994.64187	        P1	
1476.68953	1318.52875	1245.87649	        P1	
1315.27514	1040.40730	1602.13534	        P1	
  37.83150	 339.27909	2029.95490	        P1	
1953.36643	1485.98411	 806.73073	        P1	
1971.02113	 597.74273	 140.03242	        P1	
1986.15373	2049.50773	 942.64453	        P1	
1619.18818	2070.62165	 383.02979	        P1	
1877.70343	1430.65103	1735.98985	        P1	
  58.00830	 634.87413	1289.12179	        P1	
2172.78913	1376.77411	2028.41043	        P1	
1471.64533	 517.65541	 568.36679	        P1	
1570.00723	 629.77770	 928.74426	        P1	
 203.02905	 805.96982	 234.76019	        P1	
2143.78498	2178.37553	1033.76855	        P1	
1311.49199	  32.03492	1920.81205	        P1	
1510.73788	 736.80350	 763.48543	        P1	
1827.26143	1174.37154	 771.72268	        P1	
1147.55549	1303.23935	 882.92487	        P1	
1984.89268	 205.31480	1192.33467	        P1	
1528.39258	  91.73640	 722.81428	        P1	
1989.93688	2210.41045	1229.40207	        P1	
 116.01660	2191.48073	 368.09984	        P1	
  54.22515	1995.63076	1375.61238	        P1	
2180.35543	1981.06944	1780.77963	        P1	
 455.23904	1078.26674	1321.55576	        P1	
2081.99353	1455.40531	2221.46980	        P1	
1940.75593	1333.09011	 256.89765	        P1	
1238.35109	1601.74672	1937.28640	        P1	
 699.88274	1927.19252	  70.01618	        P1	
 814.63829	1368.76535	  73.61999	        P1	
 186.63540	 486.34853	1307.65549	        P1	
 674.66174	 938.47794	 924.62570	        P1	
2185.39963	 331.27033	 141.57689	        P1	
2017.67998	1536.22072	1960.45353	        P1	
 819.68249	 372.77013	1191.81986	        P1	
2025.24628	1242.08175	1480.63668	        P1	
1216.91324	2055.33225	2094.30804	        P1	
  99.62295	1362.21275	2092.24877	        P1	
1214.39114	1451.03691	 219.83025	        P1	
1960.93273	1063.70542	1680.38876	        P1	
2214.40378	 393.15601	 951.39657	        P1	
1871.39818	 952.31122	2193.15444	        P1	
 504.41999	1119.76654	 813.42350	        P1	
1378.32763	 779.75942	 735.17008	        P1	
1467.86218	2220.60337	 677.50970	        P1	
 876.42974	1689.84276	1624.27285	        P1	
1518.30418	 330.54229	 465.40177	        P1	
1083.24194	2075.71813	2110.26760	        P1	
 180.33015	1156.89794	1469.82536	        P1	
 185.37435	 421.55061	2200.87682	        P1	
1924.36228	2121.58633	1758.12731	        P1	
  11.34945	1643.24652	 541.08104	        P1	
1306.44779	1103.74911	1713.33753	        P1	
 938.22119	1705.13216	 282.12411	        P1	
  78.18510	2226.42793	 930.28873	        P1	
 417.40755	 190.02540	1502.77414	        P1	
1025.23364	1331.63395	 734.65528	        P1	
1852.48243	1612.66772	2170.50212	        P1	
1820.95618	 898.43430	  71.56065	        P1	
 659.52914	 612.30409	 508.64707	        P1	
1232.04584	1605.38704	 631.69026	        P1	
2157.65653	1682.56212	1163.50445	        P1	
1779.34153	 310.88449	 108.62805	        P1	
2157.65653	  89.55220	1952.21635	        P1	
1211.86904	 820.53114	2186.46174	        P1	
1794.47413	 637.05833	2118.50484	        P1	
 689.79434	1248.63435	1964.05734	        P1	
1981.10953	2227.15597	 512.25088	        P1	
 422.45175	 514.74313	 289.84649	        P1	
 331.65615	1076.81062	1175.34544	        P1	
1377.06658	2048.77965	 786.13775	        P1	
1138.72814	2125.22665	1427.09486	        P1	
2094.60403	 755.00514	1826.59907	        P1	
1925.62333	2177.64745	1674.21086	        P1	
  34.04835	  98.28900	 520.48806	        P1	
 997.49054	2222.78757	  30.37469	        P1	
1554.87463	1727.70224	 860.27255	        P1	
 783.11204	 133.23620	1416.28354	        P1	
1215.65219	1547.86975	 234.24539	        P1	
1717.55008	2185.65617	1834.32145	        P1	
  68.09670	1641.06232	1651.55854	        P1	
1789.42993	1146.70503	1495.05176	        P1	
1348.06243	 307.97221	2088.13015	        P1	
2233.31953	 887.51330	1602.13534	        P1	
  13.87155	 977.79354	2235.88494	        P1	
1435.07488	1164.90671	1324.12984	        P1	
1194.21434	 388.05953	 380.97051	        P1	
 920.56649	1632.32552	2077.83362	        P1	
 965.96429	1652.71136	1655.16235	        P1	
1288.79309	2025.48153	2164.32422	        P1	
 635.56919	1613.39575	1859.03305	        P1	
1582.61773	 411.35769	 195.11865	        P1	
  50.44200	1689.11472	 545.71447	        P1	
 197.98485	 986.53034	1443.56928	        P1	
1785.64678	 412.08573	 479.81691	        P1	
  56.74725	 232.25329	1727.23781	        P1	
1112.24609	2098.28817	2209.62886	        P1	
 987.40214	 606.47953	 858.21327	        P1	
1992.45898	2074.99005	1830.20283	        P1	
 715.01534	 986.53034	 456.64978	        P1	
 182.85225	2230.06825	 341.32897	        P1	
1481.73373	1695.66732	 144.15098	        P1	
1997.50318	1042.59150	1307.14062	        P1	
1353.10663	 376.41049	1109.44782	        P1	
1515.78208	1218.78363	 971.47475	        P1	
2134.95763	2125.22665	 599.25628	        P1	
1167.73229	1556.60655	1369.43448	        P1	
 543.51254	 872.95194	 102.96502	        P1	
1716.28903	 803.05754	 771.72268	        P1	
 553.60094	1649.07104	 409.28586	        P1	
1450.20748	1208.59071	 904.03266	        P1	
1377.06658	 238.80589	2213.74742	        P1	
1968.49903	 497.26953	1147.03009	        P1	
 234.55530	1496.90511	1733.41571	        P1	
1069.37039	1856.57004	1198.51257	        P1	
1892.83603	 886.05714	 697.58788	        P1	
 896.60654	 580.26913	1468.28088	        P1	
2081.99353	1928.64864	 291.90577	        P1	
 414.88545	1944.66612	 107.08358	        P1	
 851.20874	1435.01943	 205.41517	        P1	
  31.52625	 214.77969	 768.11886	        P1	
1982.37058	1183.83643	1482.69596	        P1	
1709.98378	 200.94640	 525.12149	        P1	
 894.08444	 736.07542	 160.62540	        P1	
1058.02094	 666.18101	 427.81956	        P1	
 582.60509	 514.01509	 471.57967	        P1	
1766.73103	1398.61611	1350.38592	        P1	
1786.90783	1167.09091	 275.43135	        P1	
1989.93688	  24.75428	 446.86807	        P1	
 614.13134	1327.26555	 555.49618	        P1	
 305.17410	1913.35924	2083.49672	        P1	
 505.68104	  45.86820	2046.42932	        P1	
1005.05684	   5.09648	2028.41043	        P1	
 365.70450	2224.97177	1715.39688	        P1	
 121.06080	 388.78761	 668.75766	        P1	
1576.31248	 524.20801	2213.23262	        P1	
 397.23075	 992.35490	 100.90568	        P1	
1197.99749	 985.80230	1787.47233	        P1	
2194.22698	1600.29055	 821.14587	        P1	
1665.84703	1860.21036	 399.50421	        P1	
  83.22930	1240.62563	 588.44496	        P1	
2010.11368	1182.38031	1307.14062	        P1	
1737.72688	 963.96030	 720.24014	        P1	
 601.52084	1359.30051	1651.55854	        P1	
 698.62169	 786.31202	1533.66363	        P1	
 849.94769	1415.36163	 971.47475	        P1	
1983.63163	1213.68715	1506.89276	        P1	
 440.10645	 108.48192	1431.21348	        P1	
1408.59283	 622.49701	 359.86267	        P1	
1210.60799	1661.44816	1443.56928	        P1	
1354.36768	1887.14884	2174.62074	        P1	
1171.51544	 673.46170	1880.14083	        P1	
 808.33304	 344.37553	 252.77909	        P1	
1848.69928	1878.41204	 341.32897	        P1	
2063.07778	1095.01231	 590.50424	        P1	
 325.35090	1964.32393	 687.80616	        P1	
1746.55423	   0.72808	 823.71996	        P1	
2185.39963	1194.75743	 322.79527	        P1	
1503.17158	1610.48352	2048.48860	        P1	
 928.13279	 317.43709	1163.50445	        P1	
1673.41333	1916.99956	 876.74697	        P1	
 542.25149	1802.69312	 545.71447	        P1	
1355.62873	 372.04209	 693.98406	        P1	
2080.73248	 856.20642	1711.27825	        P1	
 116.01660	1630.86935	  98.33159	        P1	
 771.76259	 407.71733	 246.60119	        P1	
1134.94499	 499.45373	 893.73620	        P1	
2143.78498	 123.77132	 943.15940	        P1	
2176.57228	2191.48073	  53.02695	        P1	
 977.31374	 366.21753	1537.78226	        P1	
2180.35543	 414.26993	1204.17566	        P1	
 286.25835	 846.74154	1869.84437	        P1	
 931.91594	2027.66573	 534.90314	        P1	
1607.83873	   8.00872	1117.68507	        P1	
1730.16058	 161.63080	1391.57194	        P1	
 799.50569	1635.23776	1900.73387	        P1	
 641.87444	 616.67249	 922.56636	        P1	
 284.99730	 148.52560	2081.95225	        P1	
2018.94103	 772.47874	 141.57689	        P1	
 720.05954	1769.93012	1385.90884	        P1	
  90.79560	 732.43510	  70.01618	        P1	
1203.04169	  50.96468	 521.00287	        P1	
 118.53870	  46.59628	 737.22936	        P1	
 356.87715	1624.31675	 269.76831	        P1	
1339.23509	 436.84001	1101.21065	        P1	
1240.87319	 497.99761	1484.24044	        P1	
1785.64678	 809.61014	 634.26440	        P1	
 982.35794	1615.57995	1449.74718	        P1	
 151.32600	  81.54348	1189.76052	        P1	
1796.99623	 788.49622	1570.73103	        P1	
1343.01823	 383.69113	1772.54245	        P1	
1273.66049	1692.02696	 201.81142	        P1	
1727.63848	1220.23975	 759.36688	        P1	
1398.50443	1512.19451	2215.29190	        P1	
 437.58435	2107.75305	 617.78998	        P1	
2196.74908	 688.75110	2213.74742	        P1	
1285.00994	1462.68595	1270.58809	        P1	
 945.78749	1563.88723	 988.46397	        P1	
 604.04294	1417.54583	 433.99746	        P1	
 557.38409	1483.79991	1645.38064	        P1	
1253.48369	1508.55415	 109.14292	        P1	
2151.35128	2000.72724	 278.00549	        P1	
 383.35920	1128.50334	 757.82240	        P1	
 596.47664	 661.81261	1379.21614	        P1	
 533.42414	1070.98610	1906.39690	        P1	
1092.06929	1911.90312	 466.94624	        P1	
  61.79145	1528.21195	1896.10045	        P1	
2240.88582	1944.66612	1770.48311	        P1	
1185.38699	1459.04563	1717.45615	        P1	
 735.19214	1806.33344	1984.65032	        P1	
1372.02238	 279.57761	 475.69829	        P1	
1967.23798	1708.04444	1447.17304	        P1	
2018.94103	  74.99088	 417.52304	        P1	
  90.79560	1412.44935	 932.34807	        P1	
1003.79579	1745.90392	 114.80595	        P1	
 353.09400	 610.11989	 392.81144	        P1	
 976.05269	1448.85271	1418.34282	        P1	
 447.67274	1439.38783	 568.36679	        P1	
 282.47520	1974.51684	 407.74139	        P1	
1636.84288	1521.65935	  28.83022	        P1	
 602.78189	1585.72924	2157.63152	        P1	
  31.52625	 162.35888	1379.73094	        P1	
2031.55153	 108.48192	 306.83571	        P1	
1662.06388	 152.89400	 259.47179	        P1	
 520.81364	1413.17743	 864.90598	        P1	
 382.09815	 741.89994	 580.20778	        P1	
 764.19629	 145.61332	1043.55027	        P1	
1524.60943	  60.42952	 950.88177	        P1	
 836.07614	 813.25050	1140.33732	        P1	
1054.23779	1789.58792	  46.84905	        P1	
 767.97944	1558.79075	1443.56928	        P1	
 703.66589	1116.85431	 551.89236	        P1	
 397.23075	1219.51171	1101.72545	        P1	
 432.54015	 685.11073	 918.44780	        P1	
 870.12449	1604.65895	1350.90079	        P1	
 170.24175	2077.17425	   7.72237	        P1	
 388.40340	1632.32552	2165.86870	        P1	
 447.67274	1123.40691	 737.22936	        P1	
1064.32619	 455.76973	  84.43132	        P1	
2199.27118	 946.48670	 656.91666	        P1	
 569.99459	 282.48989	 502.46917	        P1	
1741.51003	  21.11392	 845.85747	        P1	
1746.55423	 163.81500	 129.73590	        P1	
1423.72543	1018.56530	1270.07322	        P1	
1817.17303	 114.30648	  70.01618	        P1	
1709.98378	 310.15641	1519.76336	        P1	
 793.20044	1455.40531	1325.67432	        P1	
 132.41025	  54.60500	 458.70906	        P1	
2227.01428	1662.90432	1046.12435	        P1	
1163.94914	 372.04209	 718.69566	        P1	
1165.21019	 736.80350	1368.91962	        P1	
 441.36750	1012.01270	2009.87673	        P1	
 610.34819	2124.49857	 827.32377	        P1	
 419.92965	2084.45493	 145.69545	        P1	
1529.65363	 223.51649	1183.58262	        P1	
2211.88168	1974.51684	 650.22396	        P1	
1654.49758	 388.78761	1698.92246	        P1	
 418.66860	  85.91188	 306.32085	        P1	
 461.54429	1955.58712	1263.89532	        P1	
 896.60654	 396.79633	1432.75796	        P1	
1881.48658	1879.86816	  78.25342	        P1	
1337.97404	1089.91582	 230.12677	        P1	
 460.28324	 519.11153	1103.78479	        P1	
 585.12719	 566.43589	 700.16196	        P1	
1253.48369	 601.38309	 102.45015	        P1	
 469.11059	 238.80589	1548.07871	        P1	
 689.79434	 188.56929	1052.30225	        P1	
1541.00308	 524.20801	 792.31565	        P1	
1712.50588	2003.63953	2141.15710	        P1	
1918.05703	1274.84475	1511.52618	        P1	
1237.09004	1727.70224	1854.91443	        P1	
2201.79328	 362.57721	1805.49123	        P1	
 939.48224	1778.66692	 978.16745	        P1	
1137.46709	1776.48272	 941.10005	        P1	
 314.00145	1263.19571	1941.91983	        P1	
1416.15913	 390.97181	 248.66047	        P1	
 278.69205	 653.07581	1218.59074	        P1	
1089.54719	 163.08692	1092.97347	        P1	
 590.17139	2204.58593	 158.05125	        P1	
1674.67438	 208.22709	 582.78186	        P1	
1638.10393	 259.91981	2064.96302	        P1	
1157.64389	 508.19053	 918.44780	        P1	
 833.55404	   3.64032	1418.85768	        P1	
 480.46004	 181.28860	2231.76632	        P1	
1404.80968	1521.65935	2044.37004	        P1	
1186.64804	1755.36876	1630.45075	        P1	
2137.47973	1541.31715	 697.58788	        P1	
1176.55964	 833.63634	1821.96565	        P1	
1596.48928	1542.04523	1414.73906	        P1	
1213.13009	1097.92454	1587.20545	        P1	
 588.91034	1398.61611	2141.15710	        P1	
 377.05395	2020.38504	1445.62856	        P1	
 447.67274	1050.60022	 605.43418	        P1	
 738.97529	1217.32751	 491.65784	        P1	
 754.10789	1191.11711	1968.17590	        P1	
1936.97278	1424.09843	1317.43714	        P1	
2097.12613	  38.58752	 658.97600	        P1	
1300.14254	1239.89755	2143.21644	        P1	
1263.57209	1282.85351	 261.53107	        P1	
 662.05124	1921.36796	 104.50949	        P1	
  70.61880	 320.34933	 796.43427	        P1	
 636.83024	 862.75902	 216.22649	        P1	
 988.66319	 176.19212	1074.43977	        P1	
2211.88168	2109.93725	1861.09233	        P1	
 846.16454	2125.22665	1927.50475	        P1	
 650.70179	 840.18894	 269.76831	        P1	
 882.73499	 738.25962	1082.67695	        P1	
  97.10085	1606.84315	 302.20229	        P1	
 248.42685	1349.10755	1103.78479	        P1	
 592.69349	 700.40013	1622.72838	        P1	
1201.78064	 996.72330	1381.27542	        P1	
1123.59554	1408.80903	 557.55546	        P1	
1469.12323	1807.78956	1245.87649	        P1	
1906.70758	1895.88564	2100.48594	        P1	
1411.11493	1759.73716	 635.80888	        P1	
1722.59428	1761.92136	 683.68760	        P1	
 563.68934	  35.67528	1429.15414	        P1	
 944.52644	 893.33782	2137.55334	        P1	
2216.92588	 924.64470	1700.98173	        P1	
1191.69224	1025.84594	2180.28384	        P1	
 542.25149	1655.62364	 396.93006	        P1	
 532.16309	 419.36641	1737.53433	        P1	
1634.32078	  23.29812	  72.07552	        P1	
1450.20748	 949.39894	 628.08650	        P1	
 287.51940	2214.77885	1830.20283	        P1	
1697.37328	 752.82094	2005.75817	        P1	
1205.56379	1544.95752	1177.40472	        P1	
1170.25439	 423.73481	2145.27572	        P1	
 873.90764	1394.24771	 681.62826	        P1	
2225.75323	 632.68993	 672.87628	        P1	
1114.76819	1272.66055	1865.21095	        P1	
 677.18384	 115.76260	2194.69892	        P1	
 395.96970	1010.55654	2061.35927	        P1	
1761.68683	 942.84634	1834.32145	        P1	
2079.47143	1833.99996	1610.37258	        P1	
 412.36335	1826.71932	2091.73390	        P1	
 340.48350	1728.43032	 385.08907	        P1	
2007.59158	 397.52441	2182.34312	        P1	
1166.47124	1512.19451	1422.97624	        P1	
1636.84288	1689.11472	1504.83341	        P1	
1108.46294	 871.49582	 495.77646	        P1	
1853.74348	1240.62563	 131.28037	        P1	
 566.21144	1704.40412	 695.52854	        P1	
1832.30563	 112.85032	  24.19679	        P1	
 759.15209	 717.87373	 924.62570	        P1	
 615.39239	2042.95513	 646.10534	        P1	
2172.78913	1443.75623	 810.84935	        P1	
1940.75593	2206.77013	1405.98702	        P1	
1378.32763	1494.72091	 744.95173	        P1	
1737.72688	1683.29016	1196.45329	        P1	
1796.99623	1213.68715	1957.87944	        P1	
 284.99730	1563.88723	 648.67948	        P1	
1669.63018	1159.08214	1111.50717	        P1	
 752.84684	 597.74273	 269.76831	        P1	
1800.77938	2003.63953	1867.78503	        P1	
 641.87444	 207.49900	1445.62856	        P1	
1596.48928	 454.31361	1947.58292	        P1	
2137.47973	1143.79274	1165.56379	        P1	
1218.17429	1199.85391	1257.71742	        P1	
1605.31663	1922.82412	 862.33183	        P1	
1282.48784	 839.46090	 175.04047	        P1	
 804.54989	 433.92773	1692.22975	        P1	
2214.40378	2239.53313	1894.04110	        P1	
1655.75863	1794.68436	1834.32145	        P1	
 960.92009	1983.25364	 766.05958	        P1	
 692.31644	1743.71972	2091.73390	        P1	
 234.55530	1780.85112	 595.13766	        P1	
1667.10808	1696.39536	1414.22426	        P1	
2190.44383	1820.89476	1667.51815	        P1	
1873.92028	 961.04802	1285.00317	        P1	
1282.48784	2010.19213	 193.57417	        P1	
1621.71028	 770.29454	2018.11397	        P1	
2124.86923	 945.75862	 741.34798	        P1	
 466.58849	2188.56845	1334.42636	        P1	
 377.05395	1778.66692	 633.74954	        P1	
 667.09544	 207.49900	1861.09233	        P1	
 557.38409	2108.48113	1379.73094	        P1	
 959.65904	1864.57876	 882.92487	        P1	
1180.34279	1772.11432	 341.84377	        P1	
 711.23219	1039.67922	1970.75005	        P1	
1590.18403	 894.79394	1766.36455	        P1	
1176.55964	 406.98929	  26.77088	        P1	
1346.80138	1512.92255	 652.79810	        P1	
 851.20874	1321.44103	1797.76885	        P1	
 408.58020	 633.41801	2020.17325	        P1	
1559.91883	2182.01585	 773.78195	        P1	
 163.93650	 331.99841	 637.86816	        P1	
1382.11078	1341.09883	 644.04606	        P1	
1635.58183	 163.81500	 630.14578	        P1	
 849.94769	1365.85311	  51.48248	        P1	
1457.77378	2063.34096	1468.28088	        P1	
1921.84018	 511.10281	 691.92478	        P1	
  46.65885	1500.54543	1756.06803	        P1	
2034.07363	 166.72728	1288.60692	        P1	
1253.48369	 991.62682	 766.05958	        P1	
1071.89249	1310.52003	 279.54997	        P1	
2054.25043	1753.91264	 149.81407	        P1	
1087.02509	1520.20323	1997.00612	        P1	
 428.75700	 451.40133	 203.35589	        P1	
 998.75159	2206.04205	 722.81428	        P1	
 669.61754	 409.90153	1950.15707	        P1	
 641.87444	 289.04249	1948.09773	        P1	
1070.63144	 385.14729	1974.35380	        P1	
 902.91179	1003.27590	1750.40493	        P1	
1996.24213	 964.68834	1735.47505	        P1	
1988.67583	 989.44262	 656.40186	        P1	
2066.86093	1229.70463	 322.79527	        P1	
 887.77919	 857.66254	1981.04657	        P1	
 643.13549	2152.16513	  53.02695	        P1	
1643.14813	 329.81421	1107.38855	        P1	
 765.45734	1922.82412	2189.03582	        P1	
 823.46564	1852.92972	 267.70897	        P1	
1833.56668	1643.97456	1006.48287	        P1	
1713.76693	 872.95194	 228.06749	        P1	
 363.18240	2131.77925	 957.57447	        P1	
 736.45319	1782.30724	2225.58842	        P1	
2027.76838	1087.73162	 223.94887	        P1	
 620.43659	1483.79991	 428.33437	        P1	
 571.25564	 894.79394	1147.03009	        P1	
1640.62603	1290.86223	 376.85189	        P1	
 490.54844	 348.74393	 864.39117	        P1	
1638.10393	1804.87732	1114.08125	        P1	
1387.15498	1055.69670	 213.65235	        P1	
1181.60384	  32.76300	 574.54468	        P1	
 994.96844	  98.28900	1162.98964	        P1	
2105.95348	1246.45015	1900.73387	        P1	
1240.87319	  50.96468	1966.63143	        P1	
 675.92279	 131.05200	 804.67145	        P1	
1754.12053	  15.28940	 230.12677	        P1	
1702.41748	  50.96468	 675.45036	        P1	
 959.65904	1608.29932	 354.19957	        P1	
 988.66319	1143.06471	  96.27225	        P1	
 119.79975	 967.60062	  44.78977	        P1	
 620.43659	 995.99522	 384.57426	        P1	
1625.49343	 449.21713	 753.18898	        P1	
 263.55945	 987.98650	1571.24584	        P1	
 585.12719	1977.42913	 236.81947	        P1	
1346.80138	 684.38270	2060.84440	        P1	
 383.35920	1610.48352	1146.51522	        P1	
 628.00289	 404.80509	1157.32655	        P1	
  45.39780	1571.16792	 459.22387	        P1	
 646.91864	1895.15756	 845.85747	        P1	
1007.57894	 642.88290	1999.06540	        P1	
1856.26558	 135.42040	1297.35897	        P1	
 522.07469	 669.82133	1154.75247	        P1	
1505.69368	1380.41443	 871.08388	        P1	
  70.61880	 267.92852	2011.93607	        P1	
2017.67998	 911.53950	1991.34303	        P1	
1254.74474	1935.92932	2195.21372	        P1	
 672.13964	1325.80943	 273.37207	        P1	
1839.87193	 655.98810	 942.64453	        P1	
 722.58164	 584.63753	1272.13256	        P1	
 343.00560	1742.99164	1774.60173	        P1	
  16.39365	1175.82771	 689.35064	        P1	
 780.58994	2163.08613	 650.73876	        P1	
1477.95058	1566.79952	1875.50740	        P1	
2150.09023	 530.76061	1268.01394	        P1	
1150.07759	1485.25603	1192.33467	        P1	
 171.50280	 713.50533	 852.03537	        P1	
2050.46728	 755.73322	 563.73336	        P1	
1906.70758	 963.96030	 899.39923	        P1	
 738.97529	1460.50175	1377.15686	        P1	
1959.67168	 234.43749	 527.18077	        P1	
1559.91883	1037.49502	1865.72575	        P1	
1361.93398	1502.72963	1457.98436	        P1	
2147.56813	1299.59903	1513.58546	        P1	
1611.62188	1702.21992	 392.81144	        P1	
2109.73663	  61.88568	 323.31007	        P1	
 831.03194	1651.98332	2077.83362	        P1	
1375.80553	2039.31476	1568.67175	        P1	
2112.25873	1582.08892	 695.52854	        P1	
 194.20170	1627.95712	1707.15963	        P1	
1955.88853	1247.17823	1817.84703	        P1	
 535.94624	 922.46050	  34.49325	        P1	
1868.87608	1897.34176	 578.66331	        P1	
2191.70488	1157.62603	1941.40502	        P1	
 865.08029	 802.32950	1251.53952	        P1	
1278.70469	1028.03014	 757.82240	        P1	
2131.17448	 749.90870	1355.01934	        P1	
1894.09708	1565.34335	 801.06770	        P1	
1622.97133	1385.51091	1819.90631	        P1	
 989.92424	 900.61850	 417.52304	        P1	
 360.66030	 546.05001	 199.23727	        P1	
1779.34153	1132.14371	1387.45332	        P1	
1168.99334	1583.54504	 605.43418	        P1	
1155.12179	 661.08453	1197.99776	        P1	
  45.39780	 199.49029	 780.47466	        P1	
1013.88419	1224.60815	1123.86297	        P1	
 795.72254	1202.03811	 516.36944	        P1	
1831.04458	 883.87294	 907.63647	        P1	
 738.97529	1154.71374	1974.86867	        P1	
1620.44923	1199.12583	2075.77435	        P1	
 433.80120	 742.62802	1118.19987	        P1	
1987.41478	1291.59031	1713.33753	        P1	
1514.52103	 963.23222	1958.39425	        P1	
 369.48765	 115.76260	 679.56898	        P1	
 982.35794	 948.67090	1727.23781	        P1	
1103.41874	1710.22864	2131.37544	        P1	
 686.01119	 519.83961	1655.67716	        P1	
 993.70739	 560.61133	1542.41568	        P1	
1807.08463	 137.60460	1155.26727	        P1	
 639.35234	 893.33782	1342.14874	        P1	
 518.29154	2227.15597	 251.23461	        P1	
 834.81509	1662.90432	 571.97054	        P1	
 669.61754	 736.07542	 860.27255	        P1	
  85.75140	1603.20284	1224.76864	        P1	
1895.35813	 492.90113	 306.83571	        P1	
 286.25835	1413.17743	1620.15423	        P1	
 363.18240	2026.93764	 366.04057	        P1	
2242.14687	1042.59150	1552.71214	        P1	
  45.39780	 269.38469	 904.03266	        P1	
1000.01264	1153.98571	 817.54206	        P1	
 360.66030	 955.22350	 440.69017	        P1	
 288.78045	 647.25130	1046.12435	        P1	
 308.95725	 251.18301	2131.37544	        P1	
1085.76404	 315.25289	1924.93060	        P1	
 324.08985	1568.98372	1342.66354	        P1	
 455.23904	1314.16035	1463.64746	        P1	
1305.18674	1793.22824	 259.47179	        P1	
 315.26250	 216.96389	 355.74404	        P1	
1237.09004	2085.91105	2132.91992	        P1	
1075.67564	1177.28383	1457.98436	        P1	
 292.56360	1447.39655	2149.39434	        P1	
1322.84144	 449.21713	1252.05439	        P1	
1720.07218	1032.39854	2154.02776	        P1	
 665.83439	  96.10480	 889.61758	        P1	
1849.96033	1903.89436	  92.15369	        P1	
 177.80805	1526.75583	 532.84386	        P1	
1658.28073	 872.95194	 166.28849	        P1	
1762.94788	1544.95752	1362.74172	        P1	
2238.36372	1234.07303	 401.56349	        P1	
 267.34260	1930.83284	 928.22945	        P1	
 606.56504	1918.45572	 738.77383	        P1	
 662.05124	1273.38863	2137.55334	        P1	
1651.97548	1731.34256	  67.44209	        P1	
2044.16203	1424.82651	 701.70644	        P1	
 245.90475	 657.44421	1873.44813	        P1	
1117.29029	1540.58912	1021.41275	        P1	
 437.58435	 291.95473	 288.30201	        P1	
 240.86055	 313.79673	2092.24877	        P1	
 882.73499	 123.77132	1605.73915	        P1	
  88.27350	 892.60974	1184.09749	        P1	
 892.82339	1846.37712	 992.06773	        P1	
 482.98214	 255.55141	1637.14346	        P1	
 475.41584	1056.42474	 963.23757	        P1	
1601.53348	 674.18973	1214.98699	        P1	
 641.87444	1986.89396	 405.68211	        P1	
2032.81258	1131.41563	 407.74139	        P1	
1345.54033	  29.85072	1140.85219	        P1	
2143.78498	 626.13733	1647.43998	        P1	
1904.18548	 158.71852	1869.84437	        P1	
 162.67545	 328.35809	1758.12731	        P1	
 657.00704	 752.09290	2036.13280	        P1	
 857.51399	 457.22589	1361.19724	        P1	
1047.93254	 243.90232	2180.28384	        P1	
 437.58435	 986.53034	  72.07552	        P1	
1847.43823	 856.93450	1955.82010	        P1	
 417.40755	2078.63036	1247.42096	        P1	
1451.46853	 453.58553	1171.74169	        P1	
 918.04439	 704.76853	 801.06770	        P1	
 894.08444	 660.35650	 442.23464	        P1	
 876.42974	1962.13972	2121.07892	        P1	
 622.95869	1732.79872	1980.53170	        P1	
 200.50695	 184.20089	1373.55304	        P1	
 741.49739	2195.84913	 947.27795	        P1	
1737.72688	 668.36521	1723.63405	        P1	
1204.30274	 731.70702	1051.78745	        P1	
1464.07903	1379.68635	 444.29398	        P1	
2040.37888	1195.48551	  70.01618	        P1	
1340.49614	2148.52477	2007.30264	        P1	
1818.43408	1329.44975	 269.76831	        P1	
 172.76385	1870.40332	 145.69545	        P1	
1746.55423	 168.18340	1087.31037	        P1	
1733.94373	1761.19332	 162.68468	        P1	
 582.60509	1904.62244	1212.41284	        P1	
1185.38699	1339.64271	2084.01152	        P1	
 527.11889	1132.87174	1957.87944	        P1	
 773.02364	1633.05355	 629.63098	        P1	
  23.95995	1107.38942	 761.42615	        P1	
1180.34279	 952.31122	 296.53919	        P1	
 221.94480	1849.28936	1554.77148	        P1	
 358.13820	 129.59588	 823.71996	        P1	
 277.43100	1416.81775	 895.28067	        P1	
1867.61503	2032.03413	1484.75524	        P1	
 401.01390	1572.62403	1192.33467	        P1	
 996.22949	1007.64430	2005.24330	        P1	
1282.48784	1561.70303	  44.78977	        P1	
1345.54033	2099.01625	 704.28058	        P1	
1214.39114	2112.12145	 526.66596	        P1	
 631.78604	 637.05833	 814.96797	        P1	
2052.98938	 808.15402	1865.72575	        P1	
1471.64533	2059.70065	1760.70145	        P1	
1445.16328	2064.79713	2060.84440	        P1	
1689.80698	 615.94441	1606.25396	        P1	
  56.74725	 852.56610	  90.09435	        P1	
 490.54844	 409.90153	1476.00326	        P1	
 145.02075	 810.33822	1587.72026	        P1	
1440.11908	1594.46604	1637.14346	        P1	
1061.80409	 977.06550	1368.91962	        P1	
1011.36209	1792.50016	 220.34512	        P1	
1479.21163	 813.25050	 663.09456	        P1	
 658.26809	 182.01669	 965.81165	        P1	
 295.08570	1093.55614	1585.66098	        P1	
1462.81798	 318.89321	1694.28903	        P1	
  39.09255	1819.43864	 749.07036	        P1	
1428.76963	1049.14410	1083.19175	        P1	
 621.69764	1558.79075	 975.59337	        P1	
1059.28199	2093.91977	2197.27306	        P1	
1675.93543	 165.27112	 827.32377	        P1	
2050.46728	 368.40173	2124.68274	        P1	
 172.76385	 896.25010	1651.55854	        P1	
1470.38428	 215.50772	1568.67175	        P1	
1114.76819	1390.60735	 189.45562	        P1	
 707.44904	 144.88528	1083.19175	        P1	
1976.06533	 436.11193	  53.54182	        P1	
1762.94788	1103.74911	1208.29422	        P1	
 939.48224	1430.65103	1371.49376	        P1	
2061.81673	 916.63594	1716.94135	        P1	
1482.99478	 511.10281	1970.75005	        P1	
 969.74744	   6.55260	1062.59877	        P1	
 660.79019	1447.39655	1616.55048	        P1	
2070.64408	2163.81417	1956.33497	        P1	
2080.73248	1756.09684	1161.44517	        P1	
 105.92820	 885.32910	1287.06245	        P1	
1227.00164	1024.38982	 625.51236	        P1	
2155.13443	 756.46130	1534.17844	        P1	
1938.23383	1538.40492	 576.60396	        P1	
 307.69620	 291.22669	1472.39944	        P1	
1177.82069	1103.74911	1968.17590	        P1	
 689.79434	1254.45891	1132.61495	        P1	
 209.33430	2198.76137	1795.70957	        P1	
 944.52644	2011.64824	 897.33995	        P1	
 612.87029	1026.57402	1099.66617	        P1	
  17.65470	 423.73481	1878.08155	        P1	
 631.78604	1111.75782	  43.24530	        P1	
1326.62459	 572.26041	1155.26727	        P1	
1442.64118	1290.13415	 827.32377	        P1	
 711.23219	 652.34773	 320.73599	        P1	
1437.59698	   5.82452	1560.94938	        P1	
 180.33015	1127.77531	1787.47233	        P1	
1282.48784	 176.92020	 662.57976	        P1	
1916.79598	 920.27630	1657.73644	        P1	
1633.05973	 832.18022	1959.93872	        P1	
1480.47268	 522.75189	1856.97371	        P1	
2248.45212	1749.54424	1544.47496	        P1	
1837.34983	1500.54543	1871.90365	        P1	
1388.41603	2023.29733	1552.71214	        P1	
1852.48243	1229.70463	1119.74435	        P1	
 438.84540	 672.73361	1037.88717	        P1	
2180.35543	 124.49940	 872.62835	        P1	
1387.15498	2213.32273	2238.45902	        P1	
 786.89519	 394.61213	1140.85219	        P1	
1726.37743	1547.14172	2005.24330	        P1	
1337.97404	2221.33145	 779.95985	        P1	
  74.40195	 160.90272	 913.81437	        P1	
1718.81113	 883.14490	 652.28324	        P1	
 244.64370	1533.30843	1589.26473	        P1	
1713.76693	1796.14052	 627.57164	        P1	
1023.97259	1164.90671	 218.28577	        P1	
 417.40755	 701.12822	 940.58525	        P1	
1277.44364	2029.12185	1546.01943	        P1	
 486.76529	 419.36641	 278.00549	        P1	
1160.16599	1900.25404	 901.97338	        P1	
 770.50154	1976.70104	1212.41284	        P1	
1645.67023	  45.86820	 180.70357	        P1	
1196.73644	1050.60022	2230.22184	        P1	
 199.24590	1575.53632	1182.03815	        P1	
1664.58598	 445.57681	1490.41834	        P1	
1634.32078	1488.16831	 361.92194	        P1	
 283.73625	1950.49064	 407.74139	        P1	
1675.93543	1410.26515	1628.90628	        P1	
1390.93813	1494.72091	 448.41254	        P1	
1604.05558	1488.16831	1144.97075	        P1	
1155.12179	  27.66652	2248.24074	        P1	
1382.11078	 496.54149	 343.38825	        P1	
2068.12198	1866.76296	  98.33159	        P1	
 194.20170	1759.00912	2201.39162	        P1	
2185.39963	1426.28263	1933.68265	        P1	
1535.95888	1742.99164	1013.17557	        P1	
 708.71009	 477.61173	  59.71972	        P1	
1717.55008	 760.10162	2063.41855	        P1	
 138.71550	1239.16951	 504.01364	        P1	
1025.23364	 667.63713	 203.35589	        P1	
1628.01553	1783.03532	2048.48860	        P1	
 379.57605	2125.22665	1941.40502	        P1	
1829.78353	 334.18261	1793.13543	        P1	
1834.82773	 621.04089	 663.09456	        P1	
 760.41314	1574.80823	 860.27255	        P1	
1544.78623	1011.28462	2027.89562	        P1	
1593.96718	1486.71215	 714.57710	        P1	
2007.59158	 337.82293	1931.62337	        P1	
2129.91343	1852.92972	 564.24816	        P1	
1103.41874	 645.79513	  84.43132	        P1	
1815.91198	2240.98925	1403.92774	        P1	
1409.85388	1310.52003	2151.45362	        P1	
 155.10915	 708.40890	2227.64770	        P1	
1146.29444	1293.77451	 627.57164	        P1	
1132.42289	 697.48790	 880.86553	        P1	
2201.79328	1145.97694	1908.45625	        P1	
1765.46998	1887.14884	1354.50454	        P1	
1464.07903	 645.79513	 289.84649	        P1	
 814.63829	1259.55535	1017.29419	        P1	
2059.29463	1946.12224	2075.77435	        P1	
2021.46313	 485.62049	1856.97371	        P1	
2240.88582	 704.04050	2042.31070	        P1	
 962.18114	  74.99088	 551.89236	        P1	
 639.35234	 318.16513	1117.68507	        P1	
 699.88274	 265.74432	1072.89529	        P1	
2170.26703	1184.56451	 849.97603	        P1	
2020.20208	 428.10321	2112.84174	        P1	
1499.38843	 686.56690	1004.42353	        P1	
 278.69205	 773.93490	 621.39374	        P1	
1514.52103	1701.49184	1082.67695	        P1	
1248.43949	1226.06431	 948.82243	        P1	
1744.03213	  15.28940	1470.34016	        P1	
 633.04709	 432.47161	1488.87386	        P1	
 549.81779	 615.94441	 308.89499	        P1	
 891.56234	1009.82850	 794.37493	        P1	
 983.61899	2112.84953	1985.16513	        P1	
 635.56919	 615.94441	1138.27805	        P1	
1066.84829	1086.27551	2077.83362	        P1	
 691.05539	  52.42080	2230.22184	        P1	
 358.13820	1657.07976	  22.65232	        P1	
1340.49614	1451.03691	1052.30225	        P1	
 688.53329	 988.71454	1060.53949	        P1	
1880.22553	 508.91861	 494.23199	        P1	
 158.89230	1361.48471	 633.74954	        P1	
1680.97963	1609.75544	2137.55334	        P1	
2177.83333	1094.28422	2108.20832	        P1	
 662.05124	1111.75782	1501.22966	        P1	
 467.84954	1054.96862	2038.70695	        P1	
 510.72524	 979.24970	 522.54734	        P1	
1991.19793	  61.88568	1016.77933	        P1	
1063.06514	  89.55220	2020.17325	        P1	
1408.59283	 731.70702	2083.49672	        P1	
1732.68268	1936.65736	 282.12411	        P1	
 807.07199	 196.57800	 149.81407	        P1	
2012.63578	 481.98013	 160.11059	        P1	
1132.42289	 896.97814	 856.66880	        P1	
 573.77774	1236.98531	 398.98934	        P1	
1234.56794	1720.42156	1648.98445	        P1	
 443.88960	1860.93844	2034.07352	        P1	
1172.77649	1578.44855	 685.23208	        P1	
2232.05848	 640.69870	1243.81715	        P1	
1293.83729	2088.09525	1552.19733	        P1	
   1.26105	 877.32034	1914.63415	        P1	
 152.58705	1353.47595	1011.11629	        P1	
 641.87444	 578.81301	2009.36192	        P1	
1267.35524	1682.56212	1745.77151	        P1	
1693.59013	 243.90232	1513.07066	        P1	
 754.10789	1307.60775	 623.45308	        P1	
1616.66608	  90.28028	1923.38613	        P1	
 882.73499	 262.10401	1062.59877	        P1	
1215.65219	 345.10361	2169.98732	        P1	
1433.81383	 664.72490	1529.54501	        P1	
 423.71280	1470.69471	1171.22682	        P1	
1201.78064	 190.02540	 495.77646	        P1	
 435.06225	1783.03532	1280.88455	        P1	
 403.53600	  77.17508	  26.77088	        P1	
1930.66753	 418.63833	1723.11925	        P1	
2203.05433	1363.66891	1373.55304	        P1	
1856.26558	1329.44975	 374.79261	        P1	
1359.41188	1161.99443	2007.81745	        P1	
1322.84144	1451.03691	  83.91645	        P1	
1078.19774	 708.40890	2153.51290	        P1	
  85.75140	 898.43430	 930.28873	        P1	
1430.03068	1247.90631	1826.08421	        P1	
 882.73499	 465.96269	1806.00603	        P1	
1006.31789	1167.81894	 572.48541	        P1	
2186.66068	1808.51764	1027.07585	        P1	
 379.57605	1998.54304	1142.91147	        P1	
2147.56813	 785.58394	 479.81691	        P1	
1819.69513	  53.14888	1583.60164	        P1	
1537.21993	2052.41996	1567.12728	        P1	
2021.46313	1563.15915	1511.52618	        P1	
 765.45734	1643.24652	1892.49663	        P1	
1013.88419	 936.29374	2211.17334	        P1	
1180.34279	 719.32990	 306.32085	        P1	
1311.49199	 749.90870	1367.37514	        P1	
1327.88564	1357.84435	 683.68760	        P1	
 815.89934	 722.97022	  18.53370	        P1	
 474.15479	 388.78761	 557.55546	        P1	
1694.85118	1544.95752	1789.01681	        P1	
1688.54593	1293.77451	 219.83025	        P1	
  21.43785	 117.21872	 418.03791	        P1	
 973.53059	 867.85550	1441.50994	        P1	
 498.11474	   6.55260	 149.81407	        P1	
1765.46998	 104.84160	 129.73590	        P1	
1678.45753	 695.30370	 788.19703	        P1	
 688.53329	1167.81894	 282.12411	        P1	
1060.54304	   8.00872	 147.75479	        P1	
 186.63540	  48.05240	 963.75237	        P1	
  46.65885	 259.91981	  24.71160	        P1	
1330.40774	 401.16473	1964.05734	        P1	
 583.86614	2122.31437	1556.31595	        P1	
1712.50588	 720.78602	2174.62074	        P1	
 104.66715	1534.03652	2201.39162	        P1	
1730.16058	1226.06431	1521.82264	        P1	
1165.21019	 362.57721	2236.39974	        P1	
 901.65074	1866.03492	1498.65551	        P1	
1070.63144	 897.70622	 736.71456	        P1	
 366.96555	1120.49462	1970.75005	        P1	
 630.52499	 480.52401	1515.12994	        P1	
 109.71135	1153.98571	2034.58833	        P1	
2023.98523	2221.33145	1390.02746	        P1	
1757.90368	1587.18535	1896.10045	        P1	
 218.16165	2002.91144	1328.24847	        P1	
1290.05414	 696.75982	 556.01099	        P1	
 156.37020	1534.76455	1123.86297	        P1	
 636.83024	 350.20009	 263.07555	        P1	
 312.74040	 445.57681	 193.05937	        P1	
 933.17699	 846.01350	 632.20506	        P1	
1158.90494	 648.70741	1785.41305	        P1	
 770.50154	 242.44621	  32.43397	        P1	
1509.47683	 568.62009	2165.86870	        P1	
  30.26520	1718.23736	1604.19468	        P1	
2147.56813	 350.20009	  63.83828	        P1	
 723.84269	1297.41483	1268.01394	        P1	
 221.94480	1444.48431	 998.24563	        P1	
1890.31393	 797.23302	 117.38010	        P1	
1153.86074	1497.63315	1233.52069	        P1	
1045.41044	1698.57956	1068.26187	        P1	
1960.93273	1266.10795	 325.36941	        P1	
1896.61918	1089.18774	1136.21877	        P1	
 316.52355	  25.48232	1148.57457	        P1	
 191.67960	1591.55375	1140.85219	        P1	
 774.28469	 356.75269	 269.25345	        P1	
 200.50695	 875.86422	 755.24826	        P1	
 611.60924	 542.40969	 181.21837	        P1	
1738.98793	 884.60102	1786.95753	        P1	
  32.78730	1582.81695	1394.14608	        P1	
1945.80013	1186.02063	1371.49376	        P1	
2080.73248	1456.13335	1184.09749	        P1	
1138.72814	1011.28462	1692.74456	        P1	
 841.12034	1972.33264	1606.25396	        P1	
1128.63974	 607.93569	1713.33753	        P1	
 680.96699	   2.91228	 578.14844	        P1	
 779.32889	1253.73083	1576.90893	        P1	
1599.01138	1632.32552	 429.87884	        P1	
 220.68375	 664.72490	 250.71975	        P1	
1534.69783	1937.38544	1995.46165	        P1	
 370.74870	1785.21952	1819.90631	        P1	
1040.36624	1053.51250	2046.94413	        P1	
1640.62603	 602.11113	1635.08418	        P1	
1334.19089	 977.06550	1863.15161	        P1	
 606.56504	 970.51290	1509.46684	        P1	
1636.84288	1680.37792	 269.25345	        P1	
1875.18133	2161.62997	 512.25088	        P1	
1761.68683	 941.39022	1354.50454	        P1	
2161.43968	1211.50295	1197.99776	        P1	
1630.53763	1724.78996	 195.63352	        P1	
 239.59950	1673.09724	1853.36995	        P1	
1759.16473	2077.17425	1972.29452	        P1	
 186.63540	 158.71852	1128.49639	        P1	
2177.83333	2221.33145	1729.81195	        P1	
 693.57749	1409.53711	1886.31873	        P1	
 873.90764	1171.45931	1873.96293	        P1	
 629.26394	1618.49224	  81.85717	        P1	
 583.86614	1337.45851	1089.36965	        P1	
 104.66715	1595.19412	  90.09435	        P1	
 210.59535	 307.97221	 271.82759	        P1	
2140.00183	1232.61691	 158.05125	        P1	
 147.54285	 618.12861	1434.81724	        P1	
 766.71839	1477.97535	1315.37786	        P1	
 311.47935	1669.45692	 497.83574	        P1	
  51.70305	 893.33782	2244.12212	        P1	
1804.56253	2091.73556	 980.22680	        P1	
 343.00560	2082.27073	 224.46367	        P1	
 812.11619	 770.29454	1537.78226	        P1	
 745.28054	1772.84236	1672.15158	        P1	
 678.44489	 698.94402	 520.48806	        P1	
1398.50443	1151.07343	 976.10817	        P1	
 606.56504	 613.76021	1107.38855	        P1	
2070.64408	2166.72645	 605.43418	        P1	
 634.30814	 731.70702	1241.75787	        P1	
 654.48494	 535.12901	 693.46926	        P1	
 165.19755	1400.07223	1210.86837	        P1	
1790.69098	 269.38469	1169.68235	        P1	
 900.38969	1263.92375	 189.45562	        P1	
1628.01553	 960.31994	1752.46427	        P1	
2097.12613	1027.30210	1134.15942	        P1	
 958.39799	 981.43390	  15.95955	        P1	
1295.09834	1886.42076	2204.99544	        P1	
1650.71443	1343.28303	 829.38305	        P1	
1982.37058	1306.15163	1688.11113	        P1	
1321.58039	1012.01270	2029.95490	        P1	
1456.51273	1161.26634	 442.74951	        P1	
1786.90783	2053.87613	1070.83595	        P1	
1884.00868	1351.29175	1426.58006	        P1	
1150.07759	1658.53592	  53.02695	        P1	
1242.13424	 501.63793	 814.96797	        P1	
 276.16995	1175.82771	1356.56382	        P1	
 123.58290	1030.94242	 438.63089	        P1	
 776.80679	 797.96110	 448.41254	        P1	
 341.74455	1353.47595	 566.30751	        P1	
 157.63125	1621.40452	 119.43938	        P1	
 303.91305	2248.99797	1228.88726	        P1	
  25.22100	   1.45612	1981.04657	        P1	
1750.33738	 639.24253	1023.47209	        P1	
1411.11493	 188.56929	 695.52854	        P1	
2117.30293	1289.40611	 731.05146	        P1	
1029.01679	1648.34296	2211.17334	        P1	
1377.06658	 779.03134	2229.70704	        P1	
 949.57064	2050.96385	 413.91929	        P1	
1563.70198	 629.04961	 273.37207	        P1	
1713.76693	1487.44023	 489.59856	        P1	
1781.86363	 402.62089	1342.66354	        P1	
  56.74725	 485.62049	1009.05695	        P1	
 722.58164	  76.44700	 569.91126	        P1	
 873.90764	1269.02023	2211.68814	        P1	
  21.43785	1234.07303	1198.51257	        P1	
 201.76800	1064.43351	1307.14062	        P1	
1136.20604	1519.47515	2197.27306	        P1	
 895.34549	1894.42952	1651.55854	        P1	
1702.41748	 540.22549	   9.78165	        P1	
1023.97259	 484.89241	 223.94887	        P1	
 113.49450	1942.48192	 428.33437	        P1	
1380.84973	 357.48073	 252.77909	        P1	
 732.67004	1867.49104	1700.46693	        P1	
1148.81654	 728.79473	1486.81458	        P1	
1288.79309	1780.85112	1090.91413	        P1	
1248.43949	 476.15561	 990.00845	        P1	
2001.28633	 398.25249	1676.27014	        P1	
1638.10393	2187.84037	 271.31279	        P1	
2138.74078	1022.20562	 520.48806	        P1	
 271.12575	2151.43705	 328.97317	        P1	
1796.99623	2082.99876	1443.56928	        P1	
2054.25043	 530.76061	1027.07585	        P1	
1205.56379	1852.20164	 852.55018	        P1	
 374.53185	 805.96982	1569.18656	        P1	
 339.22245	1132.14371	 596.68214	        P1	
 991.18529	1961.41164	1471.88464	        P1	
1493.08318	1373.13375	 876.74697	        P1	
 378.31500	1173.64351	2023.77700	        P1	
  13.87155	1577.72052	 644.56086	        P1	
 221.94480	1102.29294	 170.92192	        P1	
1406.07073	 740.44382	1173.80097	        P1	
 332.91720	1611.93964	 154.44750	        P1	
 660.79019	  49.50852	2025.83634	        P1	
2170.26703	 823.44342	 378.39637	        P1	
1677.19648	1569.71175	2204.99544	        P1	
  65.57460	 969.78482	2015.53982	        P1	
 702.40484	1295.23063	2237.94422	        P1	
 181.59120	 282.48989	1492.47761	        P1	
 760.41314	1669.45692	 947.27795	        P1	
 580.08299	  87.36800	 438.63089	        P1	
 664.57334	1235.52915	1197.99776	        P1	
1976.06533	 689.47913	 764.00030	        P1	
 770.50154	 329.81421	1496.59624	        P1	
1947.06118	 419.36641	1305.08134	        P1	
 274.90890	1076.08254	1136.21877	        P1	
 466.58849	 687.29493	1789.53167	        P1	
 456.50009	1853.65776	 757.82240	        P1	
 736.45319	 269.38469	1750.40493	        P1	
 508.20314	 354.56849	1856.97371	        P1	
1203.04169	1973.06073	1986.70960	        P1	
1752.85948	1220.23975	 943.15940	        P1	
  75.66300	1234.80111	 934.92215	        P1	
1348.06243	 351.65621	  30.88950	        P1	
2150.09023	1303.96743	1657.22163	        P1	
1383.37183	2112.12145	 594.62286	        P1	
2161.43968	2015.28856	1581.02755	        P1	
1406.07073	 741.89994	 215.71169	        P1	
1996.24213	2056.78836	 870.56907	        P1	
 717.53744	1820.89476	1635.08418	        P1	
 204.29010	 848.92574	 716.12158	        P1	
1122.33449	1138.69631	2182.85792	        P1	
1160.16599	2181.28777	 597.19701	        P1	
1262.31104	1660.72012	 565.79264	        P1	
2235.84163	 840.91702	1490.41834	        P1	
2087.03773	1660.72012	 644.56086	        P1	
2099.64823	1689.84276	2161.75014	        P1	
 300.12990	2092.46365	 401.56349	        P1	
 147.54285	 331.27033	 807.24560	        P1	
1905.44653	1449.58075	2106.14904	        P1	
 223.20585	 406.98929	  71.56065	        P1	
1769.25313	1414.63355	 734.65528	        P1	
2179.09438	 653.80390	 757.30753	        P1	
1042.88834	 607.93569	 459.22387	        P1	
 488.02634	 315.25289	 249.17527	        P1	
1350.58453	2234.43665	 563.73336	        P1	
1076.93669	 131.05200	 982.28607	        P1	
 161.41440	 276.66532	1840.49935	        P1	
1720.07218	1863.85072	 329.48797	        P1	
 641.87444	1978.15716	1389.51266	        P1	
1972.28218	 375.68241	 996.18635	        P1	
1619.18818	 544.59389	 490.11337	        P1	
 121.06080	 575.17269	 564.24816	        P1	
 650.70179	2208.95433	2209.11400	        P1	
1037.84414	 181.28860	 952.94105	        P1	
1543.52518	2153.62125	1303.53687	        P1	
1181.60384	1941.75384	1291.18107	        P1	
1757.90368	 790.68042	 222.40439	        P1	
 467.84954	 159.44660	1105.84407	        P1	
2093.34298	 680.01430	 632.20506	        P1	
 911.73914	 415.72609	 744.95173	        P1	
2058.03358	1512.92255	1401.86846	        P1	
 610.34819	1828.90352	 479.30204	        P1	
1355.62873	 661.81261	1051.78745	        P1	
1453.99063	 712.77730	1367.37514	        P1	
 493.07054	 688.02302	1013.17557	        P1	
 721.32059	 821.25922	1311.25924	        P1	
 798.24464	 854.02222	1322.07057	        P1	
1740.24898	 457.22589	1578.96821	        P1	
 802.02779	 831.45214	  24.19679	        P1	
 341.74455	2190.75265	1230.94654	        P1	
1814.65093	1970.87652	 244.54185	        P1	
1406.07073	1081.17902	1167.62307	        P1	
1287.53204	1691.29892	 269.25345	        P1	
1452.72958	1004.73202	 712.00296	        P1	
 199.24590	 835.82054	 228.06749	        P1	
1433.81383	1253.00275	1723.11925	        P1	
2013.89683	2099.01625	1575.36446	        P1	
1807.08463	 514.74313	 123.04319	        P1	
1580.09563	 583.18141	 111.20220	        P1	
1398.50443	1178.73994	1006.48287	        P1	
 929.39384	 427.37513	1062.08397	        P1	
 633.04709	   8.73680	 401.56349	        P1	
 557.38409	1036.76694	1574.84965	        P1	
 577.56089	2204.58593	2226.10322	        P1	
1083.24194	1908.26276	 759.36688	        P1	
1465.34008	2109.93725	 247.11599	        P1	
 480.46004	 910.81142	1890.43735	        P1	
 773.02364	1882.05236	1210.35356	        P1	
1725.11638	1154.71374	 839.67957	        P1	
1958.41063	  12.37712	2110.78247	        P1	
 331.65615	 644.33901	  55.60110	        P1	
1575.05143	1459.77371	 323.31007	        P1	
1190.43119	 374.22629	1251.53952	        P1	
2161.43968	1403.71255	1245.87649	        P1	
 470.37164	1244.26595	1381.79028	        P1	
1243.39529	1614.85192	 873.14316	        P1	
 892.82339	 838.73282	1854.91443	        P1	
 327.87300	1450.30883	1045.60955	        P1	
 364.44345	1301.05515	 560.12961	        P1	
 614.13134	1997.08693	 831.44233	        P1	
 649.44074	1633.05355	1950.15707	        P1	
1751.59843	 615.21633	1148.57457	        P1	
 846.16454	 814.70662	1649.49926	        P1	
 298.86885	 382.23501	 773.78195	        P1	
1142.51129	2112.84953	1912.57480	        P1	
 226.98900	2127.41085	1508.95204	        P1	
1092.06929	 165.99920	1748.34565	        P1	
  71.87985	1969.42036	1179.46406	        P1	
1353.10663	2090.27945	  20.07817	        P1	
 643.13549	1281.39735	1871.38885	        P1	
 689.79434	1094.28422	 253.29389	        P1	
2084.51563	 334.18261	 854.09465	        P1	
 297.60780	1687.65856	 689.86550	        P1	
 490.54844	2187.84037	  98.33159	        P1	
1341.75718	  62.61372	 555.49618	        P1	
 590.17139	 958.13574	 512.25088	        P1	
 237.07740	 291.22669	1645.38064	        P1	
 522.07469	1115.39814	 819.60140	        P1	
1832.30563	1554.42235	 796.43427	        P1	
1963.45483	1458.31755	 158.56612	        P1	
  17.65470	 145.61332	  92.15369	        P1	
2189.18278	 696.03173	1517.70408	        P1	
 765.45734	 705.49662	 871.08388	        P1	
  56.74725	1011.28462	 928.22945	        P1	
1339.23509	2187.11233	 545.71447	        P1	
 277.43100	 546.05001	 710.45848	        P1	
1469.12323	  70.62248	 911.75503	        P1	
1805.82358	 500.90989	1490.93314	        P1	
1035.32204	1274.84475	 691.40998	        P1	
 586.38824	 491.44501	 197.69279	        P1	
 378.31500	 407.71733	 967.87100	        P1	
1799.51833	 463.77849	1002.87905	        P1	
 910.47809	 655.26001	  61.77900	        P1	
1659.54178	1939.56964	 403.10796	        P1	
 707.44904	 839.46090	1064.65805	        P1	
 644.39654	1469.96663	2143.73124	        P1	
 156.37020	2038.58673	 930.28873	        P1	
2162.70073	1261.73955	1208.80909	        P1	
1431.29173	2218.41917	1906.91177	        P1	
1448.94643	1681.10596	 889.10277	        P1	
 707.44904	1269.02023	2089.67462	        P1	
2080.73248	 244.63041	1717.45615	        P1	
 472.89374	 641.42673	 393.32631	        P1	
1976.06533	 473.97141	 358.31819	        P1	
 505.68104	 610.84793	 152.38822	        P1	
1295.09834	 194.39380	 674.93556	        P1	
1567.48513	 262.83209	 125.61728	        P1	
 395.96970	1071.71414	 994.12707	        P1	
1918.05703	1120.49462	1785.41305	        P1	
1432.55278	2223.51565	 691.92478	        P1	
 423.71280	1214.41523	1025.53137	        P1	
1957.14958	1981.79753	1484.75524	        P1	
1332.92984	2113.57757	 455.10531	        P1	
 457.76114	1184.56451	1622.21351	        P1	
1962.19378	1113.94202	 432.45299	        P1	
1533.43678	1062.97734	1727.75268	        P1	
 263.55945	1871.85944	1037.88717	        P1	
 197.98485	 963.23222	 804.67145	        P1	
1099.63559	1735.71096	1505.34828	        P1	
1438.85803	 728.79473	1011.11629	        P1	
 310.21830	1046.95990	1146.51522	        P1	
1491.82213	1831.08772	1609.85771	        P1	
1250.96159	 758.64550	1850.79581	        P1	
 538.46834	 246.81461	 450.98669	        P1	
1233.30689	2203.12977	 709.94368	        P1	
 388.40340	1188.20483	 339.78449	        P1	
1619.18818	 167.45532	1567.12728	        P1	
 625.48079	1546.41363	1904.33762	        P1	
1944.53908	1432.83523	1416.28354	        P1	
1630.53763	1882.05236	1265.95466	        P1	
 412.36335	1930.10476	1191.81986	        P1	
1282.48784	 913.72370	 267.70897	        P1	
1089.54719	 206.77092	 197.17799	        P1	
1050.45464	1695.66732	1602.13534	        P1	
2155.13443	2208.22625	1680.38876	        P1	
1208.08589	1515.83483	1600.07606	        P1	
2031.55153	1633.05355	1587.20545	        P1	
1311.49199	1930.83284	 681.11346	        P1	
 411.10230	1587.18535	2160.20566	        P1	
1298.88149	 704.76853	2217.35124	        P1	
 160.15335	1899.52596	 870.56907	        P1	
 237.07740	1186.74871	1436.87652	        P1	
1377.06658	 583.90949	 386.63354	        P1	
2044.16203	1190.38903	1686.56666	        P1	
 182.85225	2040.77093	2017.59910	        P1	
1011.36209	 318.89321	1638.68793	        P1	
 538.46834	2030.57796	 234.24539	        P1	
1052.97674	 862.75902	 143.63617	        P1	
1132.42289	 407.71733	 753.18898	        P1	
   5.04420	  62.61372	1871.38885	        P1	
 481.72109	2003.63953	 422.15647	        P1	
 238.33845	2043.68316	1710.76345	        P1	
1378.32763	 738.98770	1472.39944	        P1	
1781.86363	1340.37075	1295.29969	        P1	
 663.31229	 269.38469	 331.03245	        P1	
1996.24213	 803.05754	2019.65844	        P1	
 960.92009	2109.93725	1620.15423	        P1	
 428.75700	 329.08613	 975.59337	        P1	
 365.70450	1655.62364	1871.90365	        P1	
 150.06495	1127.77531	 979.71193	        P1	
 827.24879	 382.96309	1589.77954	        P1	
1171.51544	 907.89914	 628.08650	        P1	
 456.50009	1846.37712	 534.90314	        P1	
1373.28343	1745.17584	 724.35876	        P1	
  50.44200	2026.93764	1762.24593	        P1	
 921.82754	1149.61731	 473.12414	        P1	
 416.14650	1284.30963	1315.89267	        P1	
1453.99063	1799.05276	1943.97917	        P1	
2034.07363	 695.30370	1985.16513	        P1	
  49.18095	1682.56212	 613.67136	        P1	
1037.84414	1181.65223	2046.42932	        P1	
  74.40195	1164.17863	2151.45362	        P1	
1253.48369	 540.22549	1095.54755	        P1	
 976.05269	 152.89400	2081.95225	        P1	
2239.62477	1360.02855	1982.59104	        P1	
 694.83854	  70.62248	1305.59615	        P1	
 477.93794	 166.72728	1492.47761	        P1	
2167.74493	 313.79673	1425.03558	        P1	
1725.11638	 931.92534	 479.81691	        P1	
1828.52248	1124.13494	2191.09516	        P1	
1828.52248	1756.09684	1037.88717	        P1	
 639.35234	 149.25368	 422.15647	        P1	
1475.42848	1959.95552	 558.07026	        P1	
1355.62873	1902.43824	2112.84174	        P1	
 984.88004	 801.60142	 370.67399	        P1	
 896.60654	 987.98650	1867.78503	        P1	
1914.27388	 693.11950	1219.10555	        P1	
1703.67853	 146.34140	 580.72258	        P1	
 683.48909	 765.92614	 314.55809	        P1	
 885.25709	1922.09604	  43.24530	        P1	
1488.03898	1048.41602	 871.08388	        P1	
1556.13568	 508.19053	 306.83571	        P1	
 675.92279	1626.50095	1914.63415	        P1	
1774.29733	 564.25169	 794.37493	        P1	
 694.83854	2072.80585	1712.82273	        P1	
 109.71135	 523.47993	2154.02776	        P1	
1225.74059	1409.53711	 695.52854	        P1	
1761.68683	1746.63196	 160.11059	        P1	
2023.98523	 626.86541	 705.82506	        P1	
2181.61648	 834.36442	 847.91675	        P1	
1160.16599	 579.54109	1572.79031	        P1	
1663.32493	1091.37194	 257.41251	        P1	
1412.37598	 895.52202	2188.52102	        P1	
 461.54429	 553.33069	1645.38064	        P1	
2201.79328	1089.18774	1828.14355	        P1	
 943.26539	 988.71454	1184.09749	        P1	
2247.19107	1421.18615	1105.32927	        P1	
 430.01805	2120.85825	1402.38326	        P1	
 730.14794	1175.82771	1991.34303	        P1	
 126.10500	1470.69471	2067.02230	        P1	
1095.85244	 778.30330	2141.15710	        P1	
1252.22264	 366.21753	 634.26440	        P1	
2221.97008	 687.29493	1536.23778	        P1	
1485.51688	 685.83882	  18.53370	        P1	
1718.81113	 756.46130	1683.99251	        P1	
 962.18114	1695.66732	1770.48311	        P1	
2182.87753	 163.81500	1359.13796	        P1	
1755.38158	1927.92056	  90.60922	        P1	
 577.56089	 684.38270	1850.79581	        P1	
 971.00849	1405.16871	1813.72841	        P1	
1063.06514	1204.95035	 553.95171	        P1	
 663.31229	 470.33109	1243.81715	        P1	
 467.84954	 631.23381	2176.16522	        P1	
 944.52644	 395.34021	1285.00317	        P1	
 297.60780	 407.71733	 561.67408	        P1	
 735.19214	 278.84952	 376.33709	        P1	
2248.45212	1324.35331	 930.28873	        P1	
1855.00453	2122.31437	 351.62549	        P1	
1643.14813	2180.55973	1782.83891	        P1	
 138.71550	 541.68161	2106.66384	        P1	
 504.41999	 889.69750	1041.49093	        P1	
 219.42270	1325.08135	 444.29398	        P1	
1646.93128	1089.18774	 844.31300	        P1	
1054.23779	1259.55535	1420.40216	        P1	
1416.15913	 798.68914	1265.95466	        P1	
1983.63163	1410.26515	1925.44547	        P1	
1161.42704	 452.12941	 755.24826	        P1	
1882.74763	 179.83249	 751.12963	        P1	
  47.91990	 645.06710	1961.99800	        P1	
 998.75159	  59.70148	 113.26148	        P1	
2211.88168	1211.50295	2093.79324	        P1	
 123.58290	1045.50374	1536.23778	        P1	
1918.05703	 581.72529	 609.03794	        P1	
1658.28073	 942.84634	1716.94135	        P1	
 428.75700	2019.65696	1543.96016	        P1	
 667.09544	2187.84037	1846.67725	        P1	
 363.18240	 857.66254	2049.00347	        P1	
1823.47828	1425.55455	1920.81205	        P1	
1436.33593	1267.56411	2046.94413	        P1	
1853.74348	1534.76455	2229.70704	        P1	
1677.19648	1521.65935	 425.76028	        P1	
1935.71173	 476.88369	1819.90631	        P1	
1281.22679	 905.71494	  35.00812	        P1	
1781.86363	1153.98571	2153.51290	        P1	
1823.47828	 927.55694	 722.29948	        P1	
2181.61648	 859.11870	 582.78186	        P1	
 117.27765	 688.02302	2100.48594	        P1	
1343.01823	 848.19770	1589.77954	        P1	
 427.49595	2135.41957	2055.18137	        P1	
1496.86633	1066.61770	 151.87335	        P1	
 824.72669	1706.58832	1943.46430	        P1	
1156.38284	2058.24453	 681.62826	        P1	
1076.93669	   4.36840	1669.57743	        P1	
1751.59843	2240.26117	 782.53400	        P1	
 369.48765	 909.35530	 788.19703	        P1	
1868.87608	1692.02696	 771.72268	        P1	
  41.61465	  13.83328	1151.14865	        P1	
1469.12323	  73.53472	1085.25109	        P1	
 432.54015	 543.86581	2007.81745	        P1	
  94.57875	2081.54265	 403.10796	        P1	
 614.13134	 262.83209	 541.08104	        P1	
 822.20459	1888.60496	  98.33159	        P1	
 344.26665	 794.32074	 263.59041	        P1	
 447.67274	 648.70741	 271.82759	        P1	
2108.47558	2175.46325	 976.10817	        P1	
1650.71443	  67.71020	1624.78766	        P1	
1006.31789	1169.27511	1348.84144	        P1	
1963.45483	  98.28900	 353.68477	        P1	
 139.97655	 536.58513	1400.32398	        P1	
 511.98629	 818.34694	 603.37491	        P1	
1384.63288	1485.25603	 551.37756	        P1	
1715.02798	1460.50175	1513.07066	        P1	
 407.31915	1879.14012	 650.73876	        P1	
2121.08608	 535.85709	1317.95194	        P1	
1365.71713	1826.71932	1900.21900	        P1	
 264.82050	 505.27829	1375.09752	        P1	
1644.40918	2040.04285	2230.22184	        P1	
 882.73499	 879.50454	1692.22975	        P1	
 295.08570	  66.98212	 598.74148	        P1	
 109.71135	 954.49542	2038.70695	        P1	
1904.18548	 380.05081	2034.07352	        P1	
 620.43659	2051.69193	 137.97308	        P1	
  68.09670	  50.96468	2246.18140	        P1	
1542.26413	 175.46409	1523.36711	        P1	
1404.80968	 380.05081	  57.14557	        P1	
1279.96574	  99.74512	 839.67957	        P1	
  16.39365	2112.12145	 370.67399	        P1	
2076.94933	 239.53392	 351.62549	        P1	
 283.73625	1448.12463	1618.60976	        P1	
1355.62873	 296.32313	1733.93058	        P1	
1541.00308	 819.80310	1157.32655	        P1	
1098.37454	2212.59465	1680.38876	        P1	
1800.77938	1738.62324	1107.38855	        P1	
2110.99768	1911.90312	  65.38275	        P1	
 301.39095	1234.07303	 401.56349	        P1	
1484.25583	  38.58752	1857.48857	        P1	
1459.03483	 781.21554	 388.69289	        P1	
 417.40755	1242.80983	 753.70378	        P1	
1394.72128	1721.14964	2151.45362	        P1	
 302.65200	1799.78084	1037.88717	        P1	
2073.16618	 141.24492	 462.82768	        P1	
2065.59988	 646.52321	 704.28058	        P1	
 383.35920	1569.71175	 745.46660	        P1	
 390.92550	 770.29454	2087.61534	        P1	
 450.19484	1167.09091	 551.89236	        P1	
2176.57228	2232.25245	2145.27572	        P1	
1716.28903	2043.68316	 314.55809	        P1	
1877.70343	 286.13021	2119.01964	        P1	
1650.71443	 597.74273	  48.90839	        P1	
1568.74618	1030.94242	  80.31270	        P1	
  45.39780	1087.73162	2207.05472	        P1	
1321.58039	2143.42833	1799.82813	        P1	
1583.87878	 189.29732	 844.31300	        P1	
 828.50984	1638.87812	1628.39141	        P1	
  23.95995	2186.38425	1470.34016	        P1	
1736.46583	1129.23143	1910.51552	        P1	
1861.30978	1477.97535	 648.16468	        P1	
 286.25835	2066.98133	  45.30458	        P1	
 843.64244	1951.94676	 115.32082	        P1	
2140.00183	1469.96663	 605.43418	        P1	
1918.05703	1820.89476	1624.27285	        P1	
1909.22968	1512.92255	 912.26990	        P1	
 580.08299	2022.56924	1272.64737	        P1	
1836.08878	1544.95752	2016.05463	        P1	
 682.22804	 599.19889	1140.33732	        P1	
 746.54159	1935.20124	1433.27276	        P1	
 489.28739	1773.57044	 792.31565	        P1	
 651.96284	2218.41917	1913.08967	        P1	
1380.84973	1352.01983	 685.74688	        P1	
 184.11330	2003.63953	 775.84123	        P1	
1394.72128	 620.31281	1359.13796	        P1	
2134.95763	1146.70503	 537.47729	        P1	
1680.97963	1136.51211	 361.92194	        P1	
 959.65904	 605.02341	 267.19417	        P1	
 585.12719	1000.36362	  18.53370	        P1	
2192.96593	1400.07223	 914.32918	        P1	
 334.17825	 955.95154	 294.47991	        P1	
1500.64948	1266.83603	1649.49926	        P1	
 558.64514	1494.72091	 459.22387	        P1	
 857.51399	 990.17070	1546.53424	        P1	
 663.31229	 709.13693	1214.98699	        P1	
1008.83999	1649.79912	 806.73073	        P1	
2112.25873	 993.81102	 766.05958	        P1	
1470.38428	 994.53910	1331.85222	        P1	
 662.05124	1199.12583	 834.01648	        P1	
 883.99604	  63.34180	1947.58292	        P1	
 488.02634	 897.70622	 383.02979	        P1	
 595.21559	1032.39854	1857.48857	        P1	
 776.80679	 847.46962	 520.48806	        P1	
1513.25998	 663.99681	2157.63152	        P1	
 799.50569	 502.36601	2219.41052	        P1	
1181.60384	1832.54384	1366.86034	        P1	
1921.84018	 748.45254	 479.81691	        P1	
 770.50154	 996.72330	 120.98385	        P1	
1767.99208	 639.24253	2081.43744	        P1	
 257.25420	1801.23696	 214.16722	        P1	
1358.15083	 961.77610	 528.72524	        P1	
 631.78604	 712.77730	 226.00815	        P1	
1245.91739	 103.38548	1064.65805	        P1	
1105.94084	1251.54663	  38.61187	        P1	
1037.84414	 827.81182	1113.56645	        P1	
 905.43389	1408.08095	2174.10594	        P1	
1631.79868	 806.69790	1911.03033	        P1	
1863.83188	1926.46444	1519.76336	        P1	
 567.47249	2025.48153	 578.14844	        P1	
 881.47394	  48.78048	1029.13513	        P1	
1778.08048	1163.45054	1809.60985	        P1	
  42.87570	1482.34375	 839.67957	        P1	
 953.35379	1311.97615	1686.05185	        P1	
 239.59950	 910.08334	1148.57457	        P1	
1766.73103	1873.31556	1635.08418	        P1	
1319.05829	1128.50334	1122.31849	        P1	
1138.72814	2193.66493	 930.28873	        P1	
2122.34713	1279.21315	1902.27835	        P1	
1881.48658	 816.89082	1057.96535	        P1	
2061.81673	 794.32074	1628.90628	        P1	
1920.57913	1883.50852	1307.14062	        P1	
 971.00849	 297.05121	1842.55863	        P1	
 389.66445	 565.70781	 582.26706	        P1	
 519.55259	 873.68002	1484.24044	        P1	
1040.36624	 243.90232	1548.59358	        P1	
 960.92009	 243.17429	1826.08421	        P1	
  46.65885	1271.93251	 905.57713	        P1	
 117.27765	 249.72689	1002.87905	        P1	
1040.36624	 261.37592	 394.87079	        P1	
 902.91179	2076.44616	1177.91959	        P1	
1756.64263	1552.96623	2034.07352	        P1	
 993.70739	1757.55296	 895.28067	        P1	
2165.22283	 310.88449	 298.59847	        P1	
 626.74184	 527.84833	 814.96797	        P1	
1759.16473	1127.77531	  28.31535	        P1	
1960.93273	 462.32233	1896.10045	        P1	
 414.88545	1649.07104	 199.23727	        P1	
 650.70179	1030.94242	 364.49609	        P1	
1016.40629	1783.76336	 827.32377	        P1	
1844.91613	1513.65063	 261.01627	        P1	
 156.37020	 828.53990	 306.32085	        P1	
1824.73933	1825.26316	 671.33180	        P1	
1361.93398	 115.03452	 320.73599	        P1	
1622.97133	1004.00394	2019.65844	        P1	
1789.42993	 667.63713	1326.18919	        P1	
 876.42974	  70.62248	 366.55537	        P1	
 356.87715	1886.42076	 689.86550	        P1	
1113.50714	1196.21355	1888.37807	        P1	
 630.52499	1080.45094	1567.12728	        P1	
  39.09255	1481.61571	1894.04110	        P1	
2050.46728	1109.57362	1365.31586	        P1	
2196.74908	1215.87135	  36.55259	        P1	
1433.81383	 642.88290	 193.57417	        P1	
2069.38303	1075.35451	1393.63122	        P1	
 363.18240	 270.84081	2032.52905	        P1	
  95.83980	1073.17031	1653.10301	        P1	
 470.37164	1796.14052	1677.81461	        P1	
 184.11330	 208.22709	 849.97603	        P1	
1665.84703	 258.46369	1412.16492	        P1	
   1.26105	 405.53313	1432.75796	        P1	
 585.12719	2061.88485	 971.47475	        P1	
  71.87985	 941.39022	2119.01964	        P1	
 385.88130	  91.73640	1737.53433	        P1	
 687.27224	1590.82572	1819.90631	        P1	
 500.63684	 606.47953	 510.70641	        P1	
2138.74078	1958.49936	1352.44526	        P1	
 866.34134	 995.26714	 790.25637	        P1	
1306.44779	1310.52003	2224.04394	        P1	
2166.48388	 926.10082	 148.26960	        P1	
 186.63540	1441.57203	  75.67927	        P1	
 572.51669	 350.92813	 949.33730	        P1	
1725.11638	 281.03373	 493.71718	        P1	
1092.06929	1095.01231	1436.87652	        P1	
2105.95348	1942.48192	1894.04110	        P1	
 461.54429	 969.78482	1014.72005	        P1	
1046.67149	 182.01669	1787.47233	        P1	
 160.15335	 641.42673	1865.21095	        P1	
1872.65923	 891.88170	1047.66883	        P1	
2087.03773	 577.35689	 880.86553	        P1	
 622.95869	 483.43629	 403.62277	        P1	
1590.18403	 955.95154	 907.63647	        P1	
 722.58164	 787.04010	1949.64220	        P1	
2075.68828	1645.43072	1276.25112	        P1	
 297.60780	 749.90870	 100.90568	        P1	
1351.84558	1489.62443	1983.10585	        P1	
 844.90349	 275.20921	2106.66384	        P1	
 554.86199	 110.66612	 245.05671	        P1	
1397.24338	1904.62244	  24.71160	        P1	
 272.38680	 821.25922	1816.30255	        P1	
1103.41874	 695.30370	1115.62572	        P1	
 519.55259	1419.73003	 858.72808	        P1	
 704.92694	2100.47237	 313.01361	        P1	
 269.86470	1410.99323	 223.94887	        P1	
1736.46583	 580.26913	1190.27539	        P1	
 707.44904	1225.33623	1335.97084	        P1	
2018.94103	1937.38544	1179.97887	        P1	
 124.84395	2214.05077	1296.84416	        P1	
 882.73499	2230.79633	1708.70411	        P1	
 131.14920	2123.04245	 304.26157	        P1	
1969.76008	2143.42833	2079.37810	        P1	
1221.95744	1922.82412	2011.42120	        P1	
 872.64659	1984.70976	2061.35927	        P1	
1240.87319	 342.19133	1074.43977	        P1	
1031.53889	 346.55973	2032.01424	        P1	
 269.86470	 578.08493	1828.14355	        P1	
1504.43263	1515.10675	1111.50717	        P1	
1692.32908	1796.86856	1587.20545	        P1	
1034.06099	1100.83682	 852.55018	        P1	
1909.22968	1885.69272	  15.95955	        P1	
 620.43659	2038.58673	 885.49896	        P1	
 645.65759	 655.26001	 903.51785	        P1	
1065.58724	1500.54543	1144.45594	        P1	
1543.52518	 170.36760	 407.74139	        P1	
1489.30003	 326.90193	1684.50738	        P1	
2244.66897	1566.79952	1782.83891	        P1	
 524.59679	1798.32472	 374.27774	        P1	
1285.00994	1407.35291	1262.35085	        P1	
 916.78334	2039.31476	2129.31616	        P1	
2040.37888	1860.93844	1093.48827	        P1	
1317.79724	1044.77570	 343.38825	        P1	
1959.67168	1981.79753	 731.05146	        P1	
1029.01679	1687.65856	 331.54731	        P1	
 569.99459	1236.25723	2119.01964	        P1	
1466.60113	 921.00434	 319.19151	        P1	
2041.63993	1752.45652	1911.03033	        P1	
 846.16454	1260.28343	1916.69342	        P1	
1382.11078	 435.38389	 423.70094	        P1	
2157.65653	 434.65581	1118.19987	        P1	
 195.46275	 779.75942	 217.77097	        P1	
1744.03213	 392.42793	 147.75479	        P1	
1094.59139	 525.66413	1852.85515	        P1	
 510.72524	1391.33543	 508.13226	        P1	
1414.89808	 177.64829	1035.31303	        P1	
1457.77378	 525.66413	1264.41019	        P1	
 744.01949	2171.09485	2069.59645	        P1	
1935.71173	1857.29812	1393.63122	        P1	
 359.39925	 159.44660	 755.24826	        P1	
 129.88815	1898.06984	 234.76019	        P1	
1865.09293	1877.68396	2042.82557	        P1	
1406.07073	1918.45572	2067.02230	        P1	
  39.09255	 494.35729	1597.50191	        P1	
 539.72939	1489.62443	1600.07606	        P1	
1756.64263	 794.32074	 938.52597	        P1	
1110.98504	 184.20089	1639.20274	        P1	
 388.40340	2176.91937	1648.98445	        P1	
 692.31644	1209.31875	1091.42899	        P1	
2049.20623	 444.84873	 485.99481	        P1	
 689.79434	1994.17464	1422.46144	        P1	
 401.01390	1772.11432	2133.43472	        P1	
2237.10267	 234.43749	1189.76052	        P1	
 109.71135	1842.73676	1766.36455	        P1	
 108.45030	1166.36283	2089.67462	        P1	
2040.37888	1086.27551	1515.64474	        P1	
1403.54863	 951.58314	 339.26969	        P1	
1485.51688	 626.13733	1523.88198	        P1	
1469.12323	 182.74472	 776.35610	        P1	
1638.10393	 424.46289	 731.05146	        P1	
 346.78875	 392.42793	 845.85747	        P1	
 857.51399	1606.11512	1978.98723	        P1	
 968.48639	1489.62443	1496.59624	        P1	
 438.84540	2061.88485	1964.57215	        P1	
 549.81779	1427.01071	1826.08421	        P1	
 622.95869	1863.85072	 873.14316	        P1	
1942.01698	 709.13693	1562.49385	        P1	
2046.68413	2055.33225	 525.12149	        P1	
2110.99768	1325.08135	 666.69838	        P1	
2031.55153	 516.19929	 564.24816	        P1	
 481.72109	 257.73561	2046.42932	        P1	
 557.38409	  81.54348	2011.42120	        P1	
1915.53493	 894.79394	 906.09200	        P1	
1517.04313	 532.21673	 967.87100	        P1	
 703.66589	 355.29653	1587.20545	        P1	
 794.46149	1907.53472	 743.40726	        P1	
1438.85803	1499.08931	1157.32655	        P1	
 834.81509	1697.85152	2213.74742	        P1	
1190.43119	 176.19212	1815.78775	        P1	
 113.49450	2230.79633	 477.75757	        P1	
1397.24338	  14.56132	 183.27772	        P1	
1477.95058	  93.19252	 597.19701	        P1	
 488.02634	 921.00434	1994.94684	        P1	
2029.02943	1360.75663	 846.37228	        P1	
2063.07778	1127.04723	1173.80097	        P1	
1916.79598	1547.86975	 955.51520	        P1	
 377.05395	 482.70821	2231.76632	        P1	
 644.39654	1922.82412	 955.00033	        P1	
1818.43408	 639.24253	2116.96037	        P1	
1052.97674	1202.03811	 811.36416	        P1	
1433.81383	1480.15955	 932.34807	        P1	
 789.41729	1071.71414	  28.83022	        P1	
  32.78730	1239.16951	 502.46917	        P1	
2110.99768	 339.27909	1863.15161	        P1	
 894.08444	 688.02302	 471.06486	        P1	
  68.09670	1983.25364	1587.72026	        P1	
 398.49180	1421.18615	1406.50188	        P1	
 858.77504	1504.91383	 823.20515	        P1	
1195.47539	1638.15004	 969.93027	        P1	
 214.37850	2066.25325	 551.37756	        P1	
 250.94895	1183.10834	2093.79324	        P1	
 984.88004	1031.67050	1929.56403	        P1	
 465.32744	 283.21792	2099.97114	        P1	
2201.79328	 455.76973	1709.21898	        P1	
2238.36372	 851.10994	  28.83022	        P1	
2211.88168	  90.28028	2213.74742	        P1	
1298.88149	1354.20403	2020.17325	        P1	
1802.04043	1267.56411	1263.89532	        P1	
1055.49884	 265.74432	1235.06516	        P1	
1754.12053	 325.44581	2112.84174	        P1	
2225.75323	1646.15876	1358.62316	        P1	
 240.86055	1669.45692	 385.08907	        P1	
 944.52644	 887.51330	1317.95194	        P1	
 393.44760	 981.43390	 273.88687	        P1	
1740.24898	2246.81377	1611.91705	        P1	
2122.34713	1034.58274	  79.79789	        P1	
1691.06803	1621.40452	1046.12435	        P1	
 503.15894	1927.19252	 724.87356	        P1	
2054.25043	 440.48033	 722.29948	        P1	
  83.22930	1377.50215	1190.27539	        P1	
1139.98919	1724.06192	1886.31873	        P1	
 590.17139	1576.99243	1613.97633	        P1	
 543.51254	1116.12622	 623.96788	        P1	
2025.24628	 642.15481	1385.39404	        P1	
 897.86759	1655.62364	 576.08916	        P1	
1619.18818	1629.41324	1062.59877	        P1	
 150.06495	 125.95552	1408.04636	        P1	
 939.48224	2106.29693	 459.22387	        P1	
 561.16724	 297.77929	1980.53170	        P1	
 808.33304	2097.56013	1101.72545	        P1	
  95.83980	 248.99881	  44.78977	        P1	
1170.25439	1821.62284	1169.16754	        P1	
1790.69098	2006.55176	1826.59907	        P1	
 372.00975	1152.52954	2198.81754	        P1	
  11.34945	1398.61611	1249.99505	        P1	
1515.78208	 554.78681	1532.11916	        P1	
1587.66193	2218.41917	1865.21095	        P1	
 462.80534	1778.66692	 936.46663	        P1	
1437.59698	 821.25922	1335.97084	        P1	
1747.81528	1789.58792	2091.73390	        P1	
 284.99730	 608.66373	 289.84649	        P1	
1773.03628	 663.99681	 242.48257	        P1	
1968.49903	  24.02620	1799.31333	        P1	
 430.01805	2177.64745	1706.64483	        P1	
 553.60094	1264.65183	2156.08704	        P1	
1846.17718	  48.05240	1402.38326	        P1	
1798.25728	 349.47201	 432.45299	        P1	
 176.54700	 225.70069	1665.45881	        P1	
 781.85099	1473.60695	1877.56675	        P1	
 984.88004	 740.44382	2102.03042	        P1	
2040.37888	1451.76495	1647.43998	        P1	
 585.12719	1700.76376	 333.09179	        P1	
 129.88815	1733.52676	 961.69310	        P1	
 389.66445	1503.45771	1991.34303	        P1	
 204.29010	 768.83842	 576.08916	        P1	
1237.09004	 765.19810	1948.09773	        P1	
1129.90079	1378.95831	 392.81144	        P1	
 547.29569	1230.43271	  40.67115	        P1	
 735.19214	 463.77849	1027.59065	        P1	
  49.18095	  99.74512	1474.45878	        P1	
1892.83603	  83.72768	1200.57185	        P1	
 312.74040	 486.34853	1931.62337	        P1	
 508.20314	 105.56968	 652.28324	        P1	
 694.83854	 759.37354	 147.75479	        P1	
 129.88815	1458.31755	 189.45562	        P1	
 470.37164	2097.56013	2017.59910	        P1	
1943.27803	 492.90113	 757.82240	        P1	
 870.12449	 777.57522	1729.81195	        P1	
1157.64389	  45.14012	 967.87100	        P1	
1658.28073	1558.79075	2106.14904	        P1	
 833.55404	 712.77730	 187.39627	        P1	
 988.66319	 569.34813	 906.09200	        P1	
   6.30525	1248.63435	2019.65844	        P1	
1438.85803	1467.05435	 714.57710	        P1	
 244.64370	1991.99044	1138.27805	        P1	
 925.61069	1741.53552	1202.11632	        P1	
1660.80283	 190.02540	1811.66913	        P1	
 580.08299	 391.69989	1046.12435	        P1	
 431.27910	 352.38429	 984.34535	        P1	
1501.91053	1021.47754	 152.38822	        P1	
1978.58743	1774.29852	1373.55304	        P1	
1007.57894	1238.44143	2231.76632	        P1	
2229.53638	1958.49936	1913.08967	        P1	
2235.84163	 211.86740	  94.21297	        P1	
   0.00000	1472.15083	1661.85506	        P1	
 156.37020	 779.03134	 492.17271	        P1	
1350.58453	  96.83288	1818.36183	        P1	
1170.25439	1173.64351	 910.21056	        P1	
1846.17718	 626.13733	 438.11608	        P1	
 223.20585	 804.51370	1663.91434	        P1	
1477.95058	 219.87612	1951.70154	        P1	
1066.84829	1760.46524	1904.33762	        P1	
 775.54574	 153.62208	1305.59615	        P1	
1572.52933	1349.10755	 776.35610	        P1	
1430.03068	1188.20483	1600.07606	        P1	
1355.62873	1762.64944	1583.08683	        P1	
 852.46979	2219.14725	 539.02176	        P1	
 353.09400	 120.85908	1758.12731	        P1	
1718.81113	1796.14052	2005.24330	        P1	
 611.60924	2147.06865	1173.80097	        P1	
2084.51563	 376.41049	 133.33965	        P1	
1546.04728	1951.21872	 329.48797	        P1	
2010.11368	2026.93764	 143.63617	        P1	
1358.15083	1762.64944	 160.62540	        P1	
1197.99749	 100.47320	1754.52355	        P1	
 601.52084	1634.50972	1764.30521	        P1	
1413.63703	2148.52477	1235.06516	        P1	
1129.90079	 732.43510	1602.13534	        P1	
1065.58724	 596.28661	 512.76569	        P1	
 866.34134	1707.31636	 177.09982	        P1	
2018.94103	 771.02262	 562.18889	        P1	
1641.88708	 381.50693	1579.48308	        P1	
 597.73769	 248.99881	2219.41052	        P1	
1018.92839	 883.87294	 135.39899	        P1	
1081.98089	 595.55853	 796.43427	        P1	
 244.64370	 180.56052	  47.36392	        P1	
 221.94480	 288.31441	 563.73336	        P1	
 726.36479	1362.94083	1274.19184	        P1	
 883.99604	 836.54862	1366.86034	        P1	
1136.20604	 141.97300	2040.25142	        P1	
  30.26520	 138.33268	1892.49663	        P1	
 687.27224	1954.85904	2009.36192	        P1	
 224.46690	1876.95592	1515.64474	        P1	
 996.22949	 444.12069	1107.90335	        P1	
1262.31104	 641.42673	 510.70641	        P1	
 174.02490	 417.91029	 732.59593	        P1	
 398.49180	 597.01469	2084.01152	        P1	
1832.30563	2129.59505	1668.03296	        P1	
 939.48224	1985.43784	1118.19987	        P1	
1868.87608	1017.83722	 117.38010	        P1	
1205.56379	  20.38588	 361.92194	        P1	
1296.35939	 429.55933	 709.94368	        P1	
1556.13568	 387.33149	1917.20823	        P1	
1065.58724	 492.90113	1091.42899	        P1	
2228.27533	1720.42156	2118.50484	        P1	
1916.79598	1510.01031	 547.25894	        P1	
1533.43678	1619.22032	 564.24816	        P1	
  65.57460	 583.90949	 232.18605	        P1	
  75.66300	 240.26201	1737.53433	        P1	
1939.49488	1112.48591	1806.00603	        P1	
1646.93128	 104.84160	1144.45594	        P1	
1944.53908	  74.26280	1217.04627	        P1	
1412.37598	1378.95831	1855.42923	        P1	
 319.04565	 625.40930	 201.29655	        P1	
1530.91468	1210.04683	  69.50137	        P1	
1943.27803	1113.21394	1598.01678	        P1	
2214.40378	 728.06670	2170.50212	        P1	
1017.66734	1235.52915	 282.12411	        P1	
1846.17718	1692.02696	2215.80676	        P1	
 262.29840	 409.17349	 318.67665	        P1	
 108.45030	 145.61332	 442.74951	        P1	
1242.13424	 921.00434	 560.12961	        P1	
1267.35524	 874.40810	 238.36395	        P1	
1997.50318	1198.39775	1665.97368	        P1	
1081.98089	 898.43430	 817.54206	        P1	
 368.22660	 417.91029	1070.83595	        P1	
1803.30148	1866.76296	1636.62865	        P1	
1670.89123	1911.17504	1692.74456	        P1	
1741.51003	 750.63674	1703.04108	        P1	
1934.45068	1103.74911	 941.10005	        P1	
 659.52914	2179.10357	 640.44230	        P1	
 957.13694	1047.68794	 770.17820	        P1	
1983.63163	 340.00713	 277.49069	        P1	
 974.79164	2163.08613	1578.96821	        P1	
1537.21993	 243.90232	2198.81754	        P1	
1041.62729	1971.60456	1523.88198	        P1	
 907.95599	1868.21912	 312.49875	        P1	
1721.33323	 350.20009	1521.82264	        P1	
2209.35958	2224.97177	1568.67175	        P1	
1065.58724	  22.57008	 706.33986	        P1	
 610.34819	1294.50255	1352.44526	        P1	
1114.76819	 828.53990	1986.70960	        P1	
1600.27243	 217.69192	 431.93818	        P1	
 736.45319	 203.85869	 893.22133	        P1	
2080.73248	2155.07737	 592.56358	        P1	
 418.66860	   7.28068	1781.29443	        P1	
  71.87985	2149.98093	1781.29443	        P1	
1485.51688	 230.06909	 782.01913	        P1	
2180.35543	 864.21514	1185.64196	        P1	
1844.91613	1946.12224	 545.19966	        P1	
1674.67438	 786.31202	2044.88485	        P1	
1081.98089	1077.53871	 984.34535	        P1	
 693.57749	 569.34813	 648.16468	        P1	
1237.09004	1435.01943	 203.87069	        P1	
1194.21434	1168.54703	  88.03507	        P1	
 930.65489	1674.55336	1896.10045	        P1	
 102.14505	 529.30449	 335.66587	        P1	
 485.50424	 591.91821	 971.47475	        P1	
 788.15624	 406.98929	   3.60375	        P1	
 205.55115	 859.84674	2228.16256	        P1	
1365.71713	  32.76300	 401.56349	        P1	
2213.14273	  77.90312	 957.05967	        P1	
2148.82918	 763.01390	 226.00815	        P1	
 153.84810	1147.43311	1782.83891	        P1	
1867.61503	 654.53193	1352.44526	        P1	
1831.04458	1132.87174	1628.90628	        P1	
1769.25313	2202.40173	 199.75207	        P1	
1233.30689	 620.31281	1637.14346	        P1	
1822.21723	1333.09011	1775.11653	        P1	
 698.62169	 228.61292	 943.15940	        P1	
1747.81528	2245.35765	1583.08683	        P1	
 340.48350	 407.71733	 592.56358	        P1	
1253.48369	  17.47360	1099.66617	        P1	
1446.42433	 977.79354	1684.50738	        P1	
 426.23490	2104.11273	 527.18077	        P1	
1960.93273	 294.86701	1891.98183	        P1	
1865.09293	 955.95154	 751.64450	        P1	
1105.94084	1598.10635	1326.18919	        P1	
 436.32330	1445.94043	1910.51552	        P1	
 409.84125	  98.28900	1871.90365	        P1	
 180.33015	 421.55061	 440.17536	        P1	
 123.58290	1470.69471	1424.52072	        P1	
 419.92965	1784.49144	2052.60722	        P1	
  40.35360	 248.99881	   7.72237	        P1	
 795.72254	1341.82691	1504.83341	        P1	
 273.64785	2151.43705	1057.96535	        P1	
1721.33323	2141.24413	  28.31535	        P1	
 924.34964	1828.17544	2112.84174	        P1	
1467.86218	1076.08254	1406.50188	        P1	
1878.96448	 720.78602	1544.47496	        P1	
 680.96699	1403.71255	 696.04340	        P1	
1857.52663	 335.63873	 745.46660	        P1	
 190.41855	1481.61571	 224.46367	        P1	
1393.46023	  54.60500	 290.36129	        P1	
 640.61339	2080.81456	1715.39688	        P1	
2228.27533	1819.43864	1613.97633	        P1	
 412.36335	1938.84156	 209.53379	        P1	
 920.56649	1224.60815	 234.24539	        P1	
2204.31538	1901.71016	1210.35356	        P1	
 924.34964	1659.26396	 362.43681	        P1	
2148.82918	 851.83802	 650.22396	        P1	
 506.94209	1875.49976	1537.78226	        P1	
1234.56794	 918.09210	 188.94075	        P1	
1248.43949	2076.44616	2087.61534	        P1	
1022.71154	1769.93012	1991.34303	        P1	
  59.26935	 455.04169	1280.88455	        P1	
 881.47394	1943.20996	1092.97347	        P1	
 607.82609	 505.27829	1492.47761	        P1	
1211.86904	  88.09608	 162.68468	        P1	
 918.04439	 522.75189	1863.15161	        P1	
 341.74455	 695.30370	1243.81715	        P1	
 669.61754	 310.88449	 609.03794	        P1	
2075.68828	 279.57761	 699.64716	        P1	
 312.74040	 818.34694	 294.47991	        P1	
  27.74310	1463.41403	 872.62835	        P1	
 467.84954	  73.53472	 228.06749	        P1	
1892.83603	1410.26515	 696.04340	        P1	
 976.05269	1970.14844	  50.96767	        P1	
2003.80843	1753.91264	1786.95753	        P1	
 146.28180	1186.74871	2097.91180	        P1	
1580.09563	1970.87652	 114.80595	        P1	
 971.00849	 674.18973	1272.13256	        P1	
1805.82358	1923.55216	  47.36392	        P1	
 126.10500	 554.78681	1342.14874	        P1	
 994.96844	1962.13972	 769.66333	        P1	
1996.24213	2117.94597	 191.00009	        P1	
 971.00849	1163.45054	 784.07847	        P1	
 953.35379	  85.91188	2054.66650	        P1	
1694.85118	1029.48630	 955.00033	        P1	
2166.48388	 445.57681	1081.13247	        P1	
 414.88545	  19.65780	1408.56116	        P1	
1056.75989	 327.63001	1896.61525	        P1	
1887.79183	 364.76141	1334.42636	        P1	
1778.08048	1527.48392	 508.64707	        P1	
1438.85803	 321.07741	   0.00000	        P1	
 403.53600	 183.47280	1149.08937	        P1	
1818.43408	 262.10401	 673.39108	        P1	
 319.04565	1826.71932	  71.56065	        P1	
 229.51110	 474.69949	 545.71447	        P1	
1334.19089	2121.58633	1212.92765	        P1	
 109.71135	 779.75942	2199.33234	        P1	
1450.20748	1288.67803	 210.04859	        P1	
1244.65634	 562.79553	 720.75500	        P1	
1064.32619	 414.99801	2001.63955	        P1	
 307.69620	1498.36123	 403.10796	        P1	
 187.89645	1684.01824	2139.09782	        P1	
 424.97385	1959.22744	1632.51003	        P1	
 669.61754	  24.02620	1235.57997	        P1	
1070.63144	 144.88528	1961.99800	        P1	
1780.60258	1807.06152	1978.98723	        P1	
 965.96429	 248.99881	1495.05176	        P1	
1238.35109	 712.04922	 267.19417	        P1	
1369.50028	1354.20403	  49.42320	        P1	
1837.34983	1200.58195	1797.25405	        P1	
 622.95869	 231.52521	 168.34777	        P1	
 952.09274	 383.69113	 343.90311	        P1	
 992.44634	2072.80585	2132.91992	        P1	
1554.87463	1126.31914	  85.97579	        P1	
1068.10934	 345.83169	1214.47212	        P1	
  65.57460	1786.67564	1057.96535	        P1	
1996.24213	 718.60182	1649.49926	        P1	
 210.59535	 319.62129	 374.27774	        P1	
  42.87570	 516.92733	2124.68274	        P1	
1152.59969	 953.76734	 492.17271	        P1	
1858.78768	 894.06590	1517.18921	        P1	
  88.27350	1638.15004	2186.97654	        P1	
 630.52499	1955.58712	 922.56636	        P1	
1567.48513	  77.90312	1054.36159	        P1	
1279.96574	1745.17584	1694.28903	        P1	
1055.49884	2179.10357	 350.08101	        P1	
1462.81798	1977.42913	1571.24584	        P1	
1181.60384	  92.46448	 182.76285	        P1	
2156.39548	1515.83483	1997.00612	        P1	
 412.36335	2231.52437	2180.28384	        P1	
  71.87985	1452.49303	1150.63384	        P1	
2126.13028	 979.97774	2013.48054	        P1	
 940.74329	2003.63953	1535.72291	        P1	
1453.99063	 220.60420	1834.83625	        P1	
2126.13028	 883.87294	 195.63352	        P1	
2179.09438	1214.41523	2013.99535	        P1	
1257.26684	1928.64864	1309.71477	        P1	
  21.43785	 401.16473	1332.36709	        P1	
1247.17844	 766.65422	 154.44750	        P1	
1791.95203	2052.41996	 716.12158	        P1	
 913.00019	 448.48909	 306.32085	        P1	
 754.10789	 674.18973	1519.24856	        P1	
2209.35958	 492.17309	1015.23485	        P1	
1808.34568	1734.25484	1613.97633	        P1	
1122.33449	1789.58792	1770.48311	        P1	
1250.96159	1598.83444	 687.29136	        P1	
1509.47683	 281.76181	1657.22163	        P1	
2233.31953	 379.32273	1227.34279	        P1	
1678.45753	1319.98491	1300.96272	        P1	
 605.30399	1566.79952	 398.98934	        P1	
1482.99478	 463.05041	 537.47729	        P1	
 933.17699	1301.78323	 557.55546	        P1	
2134.95763	2209.68237	1025.01657	        P1	
2034.07363	 626.86541	 983.83055	        P1	
2054.25043	1682.56212	  94.72778	        P1	
 348.04980	 822.71534	1018.83867	        P1	
 716.27639	 147.06948	  46.84905	        P1	
  49.18095	1621.40452	1578.96821	        P1	
1605.31663	1474.33503	 742.89246	        P1	
 820.94354	 440.48033	1865.21095	        P1	
2132.43553	1603.93092	 547.25894	        P1	
 312.74040	 202.40252	2112.32694	        P1	
  15.13260	 578.08493	1999.58027	        P1	
 485.50424	1518.01903	1830.20283	        P1	
1952.10538	 934.83762	1076.49905	        P1	
1843.65508	 963.96030	1751.94941	        P1	
 544.77359	 179.10440	1093.48827	        P1	
1645.67023	1078.26674	 646.62020	        P1	
2171.52808	2134.69153	1762.76073	        P1	
2157.65653	 804.51370	 318.67665	        P1	
1815.91198	  42.22788	1677.81461	        P1	
1906.70758	1837.64032	1132.61495	        P1	
 409.84125	 465.23461	1532.11916	        P1	
 132.41025	1293.77451	 695.52854	        P1	
 741.49739	2034.21833	1744.22703	        P1	
1269.87734	 462.32233	2032.01424	        P1	
2229.53638	2235.16473	 751.12963	        P1	
2218.18693	1612.66772	2036.13280	        P1	
2073.16618	1646.88684	 730.53666	        P1	
 658.26809	 921.73242	2013.99535	        P1	
 931.91594	  24.02620	 792.31565	        P1	
1947.06118	  84.45572	1536.23778	        P1	
1788.16888	 956.67962	1711.27825	        P1	
1537.21993	 283.21792	 418.03791	        P1	
 245.90475	1708.77252	1004.42353	        P1	
 219.42270	1882.78044	 932.86288	        P1	
 422.45175	 904.98690	1955.82010	        P1	
1665.84703	 639.97061	 222.40439	        P1	
2010.11368	1432.83523	2040.25142	        P1	
2148.82918	1113.94202	 600.80076	        P1	
2224.49218	1154.71374	 720.75500	        P1	
 635.56919	1649.79912	 201.29655	        P1	
 564.95039	1185.29255	1469.82536	        P1	
1626.75448	 503.82213	 326.91389	        P1	
1530.91468	 560.61133	 442.74951	        P1	
 518.29154	1582.08892	1336.48564	        P1	
 902.91179	 661.08453	1048.18369	        P1	
  87.01245	1666.54464	 341.32897	        P1	
 278.69205	2106.29693	1819.90631	        P1	
1977.32638	 122.31520	1817.84703	        P1	
 102.14505	 912.26754	1513.07066	        P1	
 322.82880	 259.19172	 109.14292	        P1	
 297.60780	1333.81815	1710.76345	        P1	
 128.62710	2152.16513	1750.40493	        P1	
 366.96555	 356.02461	1297.35897	        P1	
 696.09959	1782.30724	 217.77097	        P1	
 976.05269	1808.51764	 563.73336	        P1	
1045.41044	1631.59744	1292.72554	        P1	
1191.69224	1194.75743	 186.88147	        P1	
1718.81113	2007.27984	1680.38876	        P1	
 604.04294	 648.70741	 135.91380	        P1	
 211.85640	1630.86935	1772.54245	        P1	
 611.60924	 805.96982	 427.81956	        P1	
1958.41063	2248.99797	2025.83634	        P1	
1960.93273	1838.36836	 425.76028	        P1	
2074.42723	2232.98053	 372.73327	        P1	
1853.74348	 141.24492	1653.61788	        P1	
 390.92550	1949.76256	 801.06770	        P1	
2087.03773	 204.58672	1636.62865	        P1	
 509.46419	1373.13375	1295.29969	        P1	
 128.62710	1521.65935	1766.36455	        P1	
1945.80013	 267.20049	 860.78736	        P1	
  10.08840	 235.89361	1465.70674	        P1	
 145.02075	2182.01585	 915.87365	        P1	
 764.19629	  27.66652	 574.02988	        P1	
 692.31644	1475.79115	 529.24011	        P1	
1031.53889	2026.93764	 878.80625	        P1	
 854.99189	1475.06311	1787.47233	        P1	
 757.89104	1868.94716	1655.16235	        P1	
1684.76278	1761.92136	2081.43744	        P1	
 406.05810	1279.94123	 895.79548	        P1	
