2007.00000	   0.00000	   0.00000	   0.00000	
 258.51525	 910.81142	 308.89499	        P1	
 421.19070	2111.39337	 691.40998	        P1	
1546.04728	1212.95911	1319.49642	        P1	
 551.07884	2090.27945	 481.87619	        P1	
2021.46313	2029.12185	2106.66384	        P1	
  81.96825	2018.92893	1640.74721	        P1	
1853.74348	 933.38150	1101.72545	        P1	
 358.13820	 257.73561	 352.14029	        P1	
 600.25979	1709.50056	1301.47759	        P1	
1042.88834	1487.44023	2180.79864	        P1	
1902.92443	1120.49462	  63.32347	        P1	
1146.29444	2007.27984	1533.66363	        P1	
2161.43968	1681.83404	 642.50158	        P1	
1181.60384	 200.21832	1513.07066	        P1	
2119.82503	1919.91184	1403.92774	        P1	
1547.30833	 248.27072	1815.78775	        P1	
1812.12883	1360.75663	1149.08937	        P1	
 679.70594	  37.13140	2149.90914	        P1	
2213.14273	 211.86740	1669.57743	        P1	
2184.13858	1237.71335	1902.27835	        P1	
 947.04854	 736.07542	  24.71160	        P1	
 296.34675	 587.54981	 438.63089	        P1	
 883.99604	 645.79513	 245.05671	        P1	
1311.49199	2076.44616	1902.27835	        P1	
1071.89249	 860.57482	 137.45827	        P1	
 201.76800	 524.20801	1020.89795	        P1	
1897.88023	1707.31636	 611.09728	        P1	
2015.15788	 193.66572	 407.22658	        P1	
 636.83024	1563.15915	1709.21898	        P1	
 948.30959	1754.64072	1249.99505	        P1	
 620.43659	 550.41841	1723.63405	        P1	
1960.93273	  79.35928	1577.42374	        P1	
 523.33574	1103.02102	1694.28903	        P1	
 750.32474	  93.92060	 135.91380	        P1	
1849.96033	 326.90193	1196.45329	        P1	
 543.51254	 736.07542	1606.25396	        P1	
1315.27514	1970.87652	1873.96293	        P1	
1701.15643	 607.93569	 885.49896	        P1	
 732.67004	 128.86780	2205.51024	        P1	
2232.05848	 873.68002	1379.21614	        P1	
1182.86489	1389.15123	 915.87365	        P1	
 780.58994	1241.35371	1497.11104	        P1	
 346.78875	1305.42355	 634.26440	        P1	
  94.57875	1599.56252	 965.81165	        P1	
1500.64948	1335.27431	 539.53657	        P1	
1677.19648	 522.75189	 508.64707	        P1	
1389.67708	1625.04484	 137.45827	        P1	
 889.04024	1127.77531	1097.09203	        P1	
 895.34549	2092.46365	1841.01415	        P1	
 682.22804	 667.63713	1513.07066	        P1	
2046.68413	 395.34021	 179.15910	        P1	
1187.90909	 918.82014	 288.30201	        P1	
  64.31355	 698.21593	 258.95699	        P1	
1773.03628	 221.33229	1387.45332	        P1	
1122.33449	 739.71574	2149.39434	        P1	
2137.47973	1729.15836	1593.38335	        P1	
2199.27118	 400.43669	1226.82792	        P1	
1462.81798	 846.01350	1727.23781	        P1	
 580.08299	 878.04842	 125.10247	        P1	
 394.70865	1283.58155	1017.29419	        P1	
1355.62873	 689.47913	1006.48287	        P1	
1192.95329	1729.88644	1136.73357	        P1	
  46.65885	 765.19810	 150.32888	        P1	
 571.25564	1188.93291	 806.73073	        P1	
1495.60528	 862.03094	 819.60140	        P1	
1645.67023	 789.95234	1721.57478	        P1	
1853.74348	 240.26201	1322.07057	        P1	
2190.44383	2093.19173	 331.03245	        P1	
1481.73373	 402.62089	 312.49875	        P1	
 484.24319	 582.45333	2135.49406	        P1	
1253.48369	2015.28856	1449.74718	        P1	
1670.89123	1519.47515	 382.51499	        P1	
1330.40774	1883.50852	 664.63904	        P1	
 841.12034	1139.42434	1214.98699	        P1	
 365.70450	 492.17309	1126.43705	        P1	
1395.98233	 335.63873	 881.38040	        P1	
 807.07199	 196.57800	 773.78195	        P1	
  23.95995	2154.34933	 874.68763	        P1	
1810.86778	 337.82293	1474.45878	        P1	
 745.28054	1526.75583	1692.74456	        P1	
 633.04709	2162.35805	1132.10015	        P1	
1911.75178	1955.58712	1912.57480	        P1	
1978.58743	1490.35251	1756.58283	        P1	
1132.42289	 633.41801	1612.43186	        P1	
 674.66174	 325.44581	1335.97084	        P1	
1165.21019	2210.41045	1583.08683	        P1	
1842.39403	 848.19770	1880.14083	        P1	
 844.90349	  34.94720	2151.45362	        P1	
1799.51833	1781.57916	2166.38356	        P1	
 717.53744	1212.23103	1768.42383	        P1	
1123.59554	 313.79673	 813.42350	        P1	
 650.70179	2000.72724	1031.70927	        P1	
 996.22949	 712.04922	 279.54997	        P1	
 112.23345	1063.70542	1478.06254	        P1	
1040.36624	2088.82333	 553.43684	        P1	
1001.27369	2093.91977	1085.25109	        P1	
1050.45464	 731.70702	 679.56898	        P1	
  49.18095	1857.29812	 423.70094	        P1	
1645.67023	 626.86541	1694.28903	        P1	
1875.18133	2103.38465	 197.69279	        P1	
1175.29859	  82.99960	1686.56666	        P1	
 918.04439	1673.09724	1723.63405	        P1	
 766.71839	2026.93764	1334.42636	        P1	
 601.52084	1657.80784	 483.42066	        P1	
 321.56775	  60.42952	  18.01890	        P1	
 586.38824	 316.70901	1904.33762	        P1	
 854.99189	1710.95672	2184.40240	        P1	
 552.33989	 313.06869	1818.36183	        P1	
1477.95058	  77.17508	 263.07555	        P1	
 741.49739	 329.08613	 635.80888	        P1	
 678.44489	 336.36681	1088.85485	        P1	
1035.32204	 808.88210	1813.72841	        P1	
 378.31500	 355.29653	1506.89276	        P1	
2037.85678	1265.37991	1206.74975	        P1	
1746.55423	1165.63474	2197.27306	        P1	
 633.04709	 754.27710	1330.30774	        P1	
 890.30129	 410.62961	1556.83076	        P1	
1945.80013	1848.56132	1233.00582	        P1	
 368.22660	 323.26161	 162.16987	        P1	
1807.08463	 757.91742	1735.98985	        P1	
1973.54323	 481.25209	 664.63904	        P1	
1554.87463	  60.42952	1598.01678	        P1	
 596.47664	2125.22665	 327.42869	        P1	
2224.49218	1291.59031	1280.88455	        P1	
 534.68519	 837.27670	1511.01131	        P1	
  18.91575	 653.07581	2038.70695	        P1	
 491.80949	 806.69790	 700.16196	        P1	
2018.94103	 647.25130	1047.66883	        P1	
 851.20874	2005.82373	 862.33183	        P1	
  15.13260	 981.43390	 280.06477	        P1	
1481.73373	 473.97141	1630.96556	        P1	
1568.74618	1951.21872	 348.02167	        P1	
1413.63703	2042.22705	1408.56116	        P1	
1698.63433	 669.09330	1219.10555	        P1	
2147.56813	 709.86502	2040.25142	        P1	
1494.34423	1057.88090	1906.39690	        P1	
1493.08318	1824.53512	1219.10555	        P1	
1866.35398	1014.92494	1134.67429	        P1	
 430.01805	2045.13933	1492.47761	        P1	
1669.63018	2190.02457	1296.84416	        P1	
1493.08318	1772.11432	1768.93863	        P1	
1235.82899	 735.34734	 949.33730	        P1	
  15.13260	1643.97456	 981.77127	        P1	
1375.80553	 766.65422	 710.45848	        P1	
 190.41855	1544.22943	 278.00549	        P1	
1050.45464	 401.16473	  53.54182	        P1	
1862.57083	1130.68754	 580.20778	        P1	
1654.49758	2139.05993	2036.13280	        P1	
1292.57624	1014.19690	 429.87884	        P1	
 804.54989	1482.34375	 852.03537	        P1	
1958.41063	1586.45732	1381.27542	        P1	
 802.02779	2153.62125	 551.37756	        P1	
1505.69368	1412.44935	1981.04657	        P1	
1982.37058	 433.92773	 808.79007	        P1	
 433.80120	1137.24014	1925.44547	        P1	
 803.28884	 942.84634	2124.68274	        P1	
 314.00145	 955.95154	 326.91389	        P1	
 180.33015	 255.55141	1525.94126	        P1	
2029.02943	2221.33145	1698.92246	        P1	
1114.76819	1218.78363	 934.40735	        P1	
  44.13675	 899.16234	1832.77697	        P1	
1918.05703	1264.65183	 495.77646	        P1	
1643.14813	 752.09290	1276.25112	        P1	
  12.61050	 671.27750	 848.43156	        P1	
 324.08985	2219.87533	2042.31070	        P1	
 640.61339	1060.06510	 269.25345	        P1	
  41.61465	 816.16274	 473.63901	        P1	
1451.46853	1321.44103	1285.00317	        P1	
  18.91575	 427.37513	1659.79578	        P1	
1926.88438	1431.37911	 286.24267	        P1	
1348.06243	 136.14848	1906.39690	        P1	
1384.63288	1597.37832	1733.41571	        P1	
1582.61773	 921.00434	2130.86064	        P1	
 984.88004	1816.52636	 314.55809	        P1	
1245.91739	 793.59270	2067.02230	        P1	
2008.85263	1538.40492	1628.39141	        P1	
1519.56523	1020.02142	1742.16775	        P1	
 882.73499	2165.27033	1789.01681	        P1	
 160.15335	  50.23660	1130.55567	        P1	
1167.73229	1741.53552	 170.40705	        P1	
1189.17014	 377.86661	1266.46947	        P1	
1049.19359	 722.24213	 963.23757	        P1	
1976.06533	 551.14649	 108.62805	        P1	
1414.89808	1491.08055	1709.21898	        P1	
1564.96303	1050.60022	 790.77118	        P1	
1209.34694	1041.86342	1107.38855	        P1	
1506.95473	 552.60261	 413.91929	        P1	
1989.93688	 141.24492	1733.93058	        P1	
2016.41893	 443.39261	1050.24297	        P1	
1769.25313	1518.01903	 582.26706	        P1	
 860.03609	1488.16831	 601.31556	        P1	
 600.25979	 987.25842	 562.18889	        P1	
1619.18818	1922.09604	1169.16754	        P1	
1994.98108	 320.34933	1871.38885	        P1	
1268.61629	 620.31281	 137.45827	        P1	
 546.03464	1487.44023	1192.33467	        P1	
1363.19503	2034.94636	 473.63901	        P1	
 427.49595	1082.63514	 714.57710	        P1	
 566.21144	 709.86502	1396.20536	        P1	
1619.18818	1049.87214	2086.07087	        P1	
1658.28073	1611.21155	 893.73620	        P1	
1767.99208	1429.92295	 226.52302	        P1	
1823.47828	1907.53472	  76.19408	        P1	
1238.35109	1447.39655	 313.01361	        P1	
 527.11889	1160.53831	1826.08421	        P1	
1887.79183	 564.25169	 496.29127	        P1	
2026.50733	1848.56132	 403.62277	        P1	
 745.28054	 890.42554	1177.91959	        P1	
  79.44615	 459.41009	1393.63122	        P1	
1269.87734	 567.16393	 418.03791	        P1	
1152.59969	1012.01270	1511.01131	        P1	
1298.88149	1575.53632	 324.85455	        P1	
 490.54844	1368.03731	 687.80616	        P1	
2045.42308	1597.37832	 780.47466	        P1	
2020.20208	 329.08613	 481.36138	        P1	
1254.74474	 248.27072	   4.11862	        P1	
1398.50443	 960.31994	 351.62549	        P1	
 537.20729	1380.41443	  32.43397	        P1	
  79.44615	1666.54464	 401.56349	        P1	
1084.50299	 214.05160	 537.47729	        P1	
1132.42289	 792.13654	 926.17017	        P1	
 548.55674	2081.54265	  38.61187	        P1	
 822.20459	1517.29095	 944.70387	        P1	
1167.73229	2190.02457	 875.20250	        P1	
 945.78749	 694.57562	 495.77646	        P1	
1295.09834	1229.70463	 630.14578	        P1	
1100.89664	 450.67329	1453.86574	        P1	
1959.67168	2060.42873	1233.00582	        P1	
  90.79560	1252.27471	1274.70665	        P1	
1337.97404	1590.82572	1293.24035	        P1	
1731.42163	1448.12463	 191.51489	        P1	
 482.98214	1539.86103	 308.89499	        P1	
1865.09293	1502.00155	 232.70091	        P1	
 279.95310	2123.04245	 409.28586	        P1	
  34.04835	1478.70343	1352.96006	        P1	
1011.36209	 993.08294	 481.36138	        P1	
1716.28903	1381.14251	1114.08125	        P1	
 494.33159	1862.39456	1401.86846	        P1	
1891.57498	1081.90711	 187.39627	        P1	
2230.79743	1844.19292	2158.14632	        P1	
1180.34279	 404.80509	 405.16724	        P1	
1712.50588	1661.44816	 696.04340	        P1	
1942.01698	1632.32552	1696.34831	        P1	
 316.52355	2084.45493	 108.62805	        P1	
 988.66319	 125.22748	 446.86807	        P1	
  88.27350	 701.85630	1541.90081	        P1	
2160.17863	1822.35092	2016.05463	        P1	
 742.75844	2244.62957	 604.91938	        P1	
 737.71424	1720.42156	1840.49935	        P1	
1624.23238	 921.73242	2077.31882	        P1	
 157.63125	 507.46249	 386.63354	        P1	
1651.97548	1942.48192	2017.59910	        P1	
 346.78875	1302.51131	1484.75524	        P1	
1972.28218	 109.21000	1538.29706	        P1	
1379.58868	1808.51764	 710.45848	        P1	
1855.00453	 725.88250	  94.72778	        P1	
 895.34549	 361.12109	  70.01618	        P1	
1250.96159	 624.68121	  94.21297	        P1	
1254.74474	1448.12463	 976.10817	        P1	
1605.31663	 514.74313	1167.10826	        P1	
 716.27639	2219.14725	 650.22396	        P1	
1252.22264	 574.44461	2242.57764	        P1	
 312.74040	 777.57522	 593.07838	        P1	
1070.63144	1382.59863	1694.28903	        P1	
  27.74310	  43.68400	1698.92246	        P1	
1363.19503	1737.89516	1369.43448	        P1	
1921.84018	 755.73322	1657.22163	        P1	
1648.19233	2082.99876	1017.29419	        P1	
1771.77523	1509.28223	2225.58842	        P1	
1461.55693	 382.23501	2108.20832	        P1	
1587.66193	1676.73756	 350.08101	        P1	
 266.08155	 912.26754	 703.76578	        P1	
 939.48224	 782.67170	2127.25682	        P1	
2046.68413	1892.24532	 236.81947	        P1	
1216.91324	 663.26873	1381.79028	        P1	
1815.91198	 256.27949	2005.24330	        P1	
 171.50280	1012.01270	1665.45881	        P1	
 335.43930	1183.83643	1847.19205	        P1	
1355.62873	 437.56809	 273.88687	        P1	
 839.85929	1294.50255	1513.07066	        P1	
1172.77649	2108.48113	1016.77933	        P1	
1389.67708	 333.45453	1587.20545	        P1	
 423.71280	 187.84120	1908.97105	        P1	
 221.94480	 709.13693	 425.76028	        P1	
 423.71280	1278.48511	1206.74975	        P1	
2042.90098	 733.89122	 174.52567	        P1	
1552.35253	  13.83328	  94.72778	        P1	
 165.19755	1622.86064	1200.05704	        P1	
 965.96429	 707.68082	 704.28058	        P1	
1781.86363	1381.14251	 615.21584	        P1	
  61.79145	 820.53114	 870.56907	        P1	
 108.45030	1416.81775	1091.42899	        P1	
 316.52355	 357.48073	1476.00326	        P1	
1200.51959	 693.11950	 242.99737	        P1	
1486.77793	1619.94835	1208.80909	        P1	
  75.66300	1875.49976	1214.98699	        P1	
1078.19774	2034.94636	1814.24327	        P1	
 836.07614	 986.53034	1593.38335	        P1	
 562.42829	1814.34216	2228.16256	        P1	
1686.02383	1659.26396	1679.87395	        P1	
1600.27243	1146.70503	1470.34016	        P1	
1042.88834	 655.98810	1461.58812	        P1	
 335.43930	 851.83802	2058.78512	        P1	
 156.37020	1179.46803	 872.62835	        P1	
1026.49469	2105.56885	 539.02176	        P1	
1506.95473	1823.80704	2169.98732	        P1	
  70.61880	 920.27630	1348.84144	        P1	
 709.97114	 485.62049	1725.69333	        P1	
   5.04420	1384.78283	  50.96767	        P1	
 764.19629	  48.05240	1297.35897	        P1	
 354.35505	1092.82811	 638.38296	        P1	
 921.82754	2148.52477	2123.13827	        P1	
 118.53870	1448.85271	 485.47994	        P1	
 885.25709	1981.79753	 718.69566	        P1	
 174.02490	  46.59628	1758.12731	        P1	
1904.18548	 442.66453	  65.89762	        P1	
2002.54738	 250.45492	1350.90079	        P1	
 883.99604	2131.05117	1247.42096	        P1	
2003.80843	1564.61532	1231.46135	        P1	
 569.99459	1223.15203	1371.49376	        P1	
1008.83999	 250.45492	 553.95171	        P1	
1679.71858	  39.31560	  12.35580	        P1	
 428.75700	1811.42992	1107.90335	        P1	
1720.07218	 103.38548	 131.79518	        P1	
 694.83854	 527.84833	2223.52914	        P1	
1269.87734	1525.29972	1016.77933	        P1	
 484.24319	1064.43351	 658.46114	        P1	
2005.06948	1485.25603	 526.66596	        P1	
 534.68519	1933.74512	2221.46980	        P1	
1664.58598	 822.71534	1018.83867	        P1	
  11.34945	1110.30171	 775.84123	        P1	
1278.70469	1443.02815	 852.03537	        P1	
1453.99063	1120.49462	 172.98120	        P1	
 126.10500	 278.12149	 761.94096	        P1	
  66.83565	2008.73596	1054.36159	        P1	
 464.06639	1223.15203	1595.44263	        P1	
 737.71424	 508.91861	 823.20515	        P1	
1416.15913	 340.00713	2180.28384	        P1	
1170.25439	1259.55535	1672.15158	        P1	
1793.21308	1166.36283	 284.18339	        P1	
1339.23509	 974.15322	1958.39425	        P1	
 591.43244	1337.45851	 244.54185	        P1	
1029.01679	1004.73202	1805.49123	        P1	
2031.55153	 377.86661	 339.78449	        P1	
 841.12034	 577.35689	 226.00815	        P1	
1896.61918	 492.17309	1552.71214	        P1	
1615.40503	 650.16353	1358.62316	        P1	
1720.07218	1780.85112	1035.31303	        P1	
 590.17139	 677.10202	1150.63384	        P1	
 693.57749	1996.35884	2108.20832	        P1	
 505.68104	 328.35809	 361.92194	        P1	
 837.33719	 613.03213	1951.70154	        P1	
 595.21559	1291.59031	 825.26443	        P1	
1973.54323	 741.89994	  11.84100	        P1	
1663.32493	1459.77371	 355.74404	        P1	
1216.91324	1053.51250	 571.97054	        P1	
 807.07199	1991.99044	 253.29389	        P1	
1923.10123	1036.03890	 860.78736	        P1	
 901.65074	1216.59943	1311.25924	        P1	
1899.14128	2091.00753	 504.01364	        P1	
 390.92550	  66.98212	1086.79557	        P1	
 984.88004	1442.30011	2003.69883	        P1	
1749.07633	2154.34933	1151.14865	        P1	
  79.44615	 484.16433	 994.12707	        P1	
1513.25998	1038.22310	1992.88750	        P1	
1181.60384	1775.75464	1142.91147	        P1	
2213.14273	 867.12742	2001.63955	        P1	
1020.18944	 565.70781	2095.85252	        P1	
1273.66049	 895.52202	 965.29685	        P1	
1877.70343	1749.54424	1235.57997	        P1	
 557.38409	  77.17508	1770.48311	        P1	
1677.19648	1804.14924	 166.80330	        P1	
1383.37183	 389.51569	2227.64770	        P1	
2172.78913	1152.52954	1950.15707	        P1	
 831.03194	1283.58155	 197.17799	        P1	
 301.39095	1825.26316	 306.83571	        P1	
1382.11078	 963.96030	 602.86004	        P1	
1728.89953	1022.93370	 120.98385	        P1	
2095.86508	 642.15481	2003.18402	        P1	
 295.08570	 433.92773	 197.17799	        P1	
1687.28488	1587.18535	2228.16256	        P1	
1348.06243	  51.69272	 246.60119	        P1	
1557.39673	 540.95353	 572.48541	        P1	
 918.04439	1384.78283	  63.32347	        P1	
1126.11764	2082.99876	 722.29948	        P1	
 185.37435	 692.39142	1712.82273	        P1	
 200.50695	 556.97101	 267.19417	        P1	
1744.03213	 899.16234	2215.80676	        P1	
 514.50839	1604.65895	 574.02988	        P1	
1050.45464	 517.65541	1385.39404	        P1	
1481.73373	1060.79314	1766.36455	        P1	
2237.10267	1590.09764	1878.08155	        P1	
 617.91449	 945.03054	1988.76894	        P1	
1838.61088	1673.09724	 637.86816	        P1	
1397.24338	 717.87373	 450.47188	        P1	
 591.43244	1453.94915	2203.45096	        P1	
 472.89374	1643.24652	2221.46980	        P1	
 824.72669	1958.49936	1797.25405	        P1	
 847.42559	 945.03054	 102.96502	        P1	
1800.77938	1990.53433	1486.29972	        P1	
1896.61918	1502.72963	 532.84386	        P1	
1401.02653	2198.03333	1033.76855	        P1	
1042.88834	 123.04328	2097.91180	        P1	
1242.13424	1523.84355	 251.23461	        P1	
 788.15624	1095.74034	1159.38589	        P1	
 580.08299	 265.01629	1175.86025	        P1	
1523.34838	 391.69989	1856.97371	        P1	
 373.27080	2206.04205	 903.51785	        P1	
 134.93235	1927.19252	1305.59615	        P1	
2034.07363	1752.45652	2219.92532	        P1	
 752.84684	 104.11352	 473.63901	        P1	
 540.99044	1975.24493	1622.21351	        P1	
1142.51129	2229.34017	2167.92804	        P1	
1037.84414	 190.02540	1179.97887	        P1	
1953.36643	 243.90232	 838.13510	        P1	
1735.20478	1314.88843	 687.29136	        P1	
1738.98793	1892.24532	1966.63143	        P1	
1042.88834	1512.19451	 811.36416	        P1	
2184.13858	 697.48790	1120.25915	        P1	
 923.08859	1751.72844	 242.48257	        P1	
1428.76963	 923.91662	 779.95985	        P1	
 942.00434	  48.78048	1132.61495	        P1	
1649.45338	1384.78283	1959.93872	        P1	
  84.49035	1663.63236	 844.31300	        P1	
  15.13260	1566.79952	 409.80067	        P1	
1190.43119	 543.13773	 524.60668	        P1	
1319.05829	1159.08214	 621.90860	        P1	
 132.41025	 653.07581	 322.79527	        P1	
 930.65489	 541.68161	1700.46693	        P1	
2142.52393	 587.54981	2213.23262	        P1	
1407.33178	1122.67882	 253.29389	        P1	
 364.44345	 109.93808	 724.87356	        P1	
 949.57064	 341.46329	1138.79285	        P1	
1302.66464	 316.70901	1074.95457	        P1	
1738.98793	1145.24891	1881.68530	        P1	
1776.81943	 779.75942	2194.69892	        P1	
1633.05973	1402.98451	 354.19957	        P1	
 122.32185	1582.08892	1602.13534	        P1	
 402.27495	 749.18062	1323.61504	        P1	
 301.39095	 731.70702	1402.38326	        P1	
 825.98774	1094.28422	 518.94359	        P1	
1435.07488	 835.82054	 258.95699	        P1	
1385.89393	1713.14092	2121.07892	        P1	
1846.17718	   8.73680	 661.03528	        P1	
 540.99044	 555.51489	2060.84440	        P1	
 325.35090	1511.46643	 667.21318	        P1	
2117.30293	 331.27033	 629.63098	        P1	
2037.85678	1480.88763	 265.64969	        P1	
1878.96448	 828.53990	1978.98723	        P1	
2069.38303	1778.66692	 144.15098	        P1	
1827.26143	1949.03452	 485.47994	        P1	
1312.75304	2056.78836	1505.34828	        P1	
 306.43515	 268.65661	 594.62286	        P1	
1936.97278	 436.84001	2168.44284	        P1	
  70.61880	 289.77053	1993.40237	        P1	
1148.81654	 395.34021	 328.97317	        P1	
 457.76114	2168.91065	1576.90893	        P1	
 356.87715	 239.53392	2215.80676	        P1	
1709.98378	 230.06909	1738.04913	        P1	
1610.36083	 242.44621	 222.40439	        P1	
2224.49218	 458.68201	1070.32115	        P1	
1355.62873	1552.96623	2174.62074	        P1	
1713.76693	2224.24373	 899.39923	        P1	
1675.93543	 993.81102	1241.75787	        P1	
 422.45175	1698.57956	 133.85452	        P1	
1368.23923	1627.22904	1482.69596	        P1	
1337.97404	1707.31636	 448.92741	        P1	
1789.42993	 628.32153	 969.41547	        P1	
1166.47124	1969.42036	1488.35906	        P1	
 185.37435	 489.98889	 318.67665	        P1	
2000.02528	 241.71812	 998.76049	        P1	
1778.08048	1258.09923	 878.80625	        P1	
 364.44345	1800.50892	1449.23232	        P1	
1895.35813	 570.07621	1470.34016	        P1	
2225.75323	1568.98372	 331.03245	        P1	
1481.73373	1500.54543	 129.73590	        P1	
2030.29048	2013.83244	1698.92246	        P1	
 645.65759	 120.85908	1256.17295	        P1	
 535.94624	  88.09608	 922.56636	        P1	
 500.63684	1113.21394	 598.74148	        P1	
1915.53493	 845.28542	 234.76019	        P1	
 693.57749	 381.50693	1587.20545	        P1	
 712.49324	 501.63793	 784.07847	        P1	
 356.87715	2199.48945	   0.00000	        P1	
 716.27639	1772.11432	1690.17041	        P1	
 625.48079	 704.76853	1863.66647	        P1	
 865.08029	1208.59071	1436.87652	        P1	
 706.18799	1140.15243	1051.78745	        P1	
 686.01119	1496.90511	1447.68784	        P1	
1358.15083	1986.89396	 543.14038	        P1	
1079.45879	 247.54269	 584.32634	        P1	
 479.19899	1428.46683	 864.90598	        P1	
 994.96844	 307.97221	  57.14557	        P1	
1673.41333	1066.61770	1751.94941	        P1	
  51.70305	 389.51569	1399.80912	        P1	
1993.72003	 798.68914	1177.91959	        P1	
1465.34008	1689.11472	 582.78186	        P1	
 625.48079	  24.75428	1548.07871	        P1	
1042.88834	 222.06032	1865.21095	        P1	
1774.29733	 987.98650	 874.68763	        P1	
2151.35128	1652.71136	 296.02439	        P1	
 938.22119	1657.07976	  55.08629	        P1	
2137.47973	1245.72211	 510.19154	        P1	
1865.09293	 816.16274	 696.04340	        P1	
1360.67293	1525.29972	2215.29190	        P1	
2145.04603	 102.65740	1150.63384	        P1	
2210.62063	1670.91304	  38.61187	        P1	
2034.07363	 967.60062	 582.26706	        P1	
1494.34423	2228.61213	 559.61474	        P1	
1360.67293	2165.99837	2044.37004	        P1	
1430.03068	1840.55256	1760.18665	        P1	
 264.82050	 345.10361	 352.14029	        P1	
 524.59679	2195.84913	2121.07892	        P1	
1617.92713	1736.43904	  38.61187	        P1	
 479.19899	 231.52521	 378.39637	        P1	
1281.22679	1526.02775	2240.51836	        P1	
1938.23383	 960.31994	1105.32927	        P1	
1393.46023	2004.36756	1659.79578	        P1	
1296.35939	 656.71613	 747.01108	        P1	
1249.70054	2090.27945	1729.81195	        P1	
 356.87715	 408.44541	1062.59877	        P1	
 967.22534	 685.11073	1147.03009	        P1	
1039.10519	1981.79753	1097.09203	        P1	
1769.25313	1451.03691	 219.83025	        P1	
 592.69349	 937.74990	1490.93314	        P1	
 320.30670	 505.27829	 127.16175	        P1	
 486.76529	  62.61372	 611.09728	        P1	
1913.01283	 290.49861	 809.30488	        P1	
1459.03483	1605.38704	 168.34777	        P1	
1796.99623	 213.32352	 561.67408	        P1	
1963.45483	1004.00394	1598.01678	        P1	
1795.73518	1584.27312	  88.54988	        P1	
1068.10934	1220.96783	 420.09719	        P1	
2132.43553	1365.12503	1464.16226	        P1	
 239.59950	1897.34176	1352.44526	        P1	
1394.72128	1501.27351	 465.40177	        P1	
 694.83854	1780.12304	1187.70124	        P1	
 735.19214	 143.42912	 448.92741	        P1	
1730.16058	 796.50494	 578.66331	        P1	
 372.00975	1370.94955	1072.89529	        P1	
1469.12323	1561.70303	 922.05155	        P1	
 805.81094	 386.60341	1340.60426	        P1	
 843.64244	1723.33384	 111.20220	        P1	
1233.30689	1087.73162	1624.78766	        P1	
 796.98359	  56.78920	2032.52905	        P1	
1750.33738	1742.99164	1037.88717	        P1	
1791.95203	1579.17664	2003.18402	        P1	
 389.66445	1710.22864	 586.90048	        P1	
  23.95995	 752.09290	1972.80933	        P1	
1445.16328	 761.55774	 240.42329	        P1	
1619.18818	 413.54189	1764.30521	        P1	
2035.33468	 465.96269	  76.19408	        P1	
1718.81113	 669.09330	 887.04343	        P1	
2110.99768	1332.36203	1939.86055	        P1	
2076.94933	1455.40531	 372.73327	        P1	
1368.23923	 274.48112	1370.97896	        P1	
2003.80843	 827.81182	2188.52102	        P1	
1976.06533	 462.32233	2209.62886	        P1	
 680.96699	 452.85749	1336.48564	        P1	
1099.63559	1600.29055	1457.46956	        P1	
1076.93669	1269.74831	  32.94878	        P1	
1741.51003	1545.68555	2248.24074	        P1	
 174.02490	 623.22510	 292.42057	        P1	
 271.12575	 377.86661	1735.98985	        P1	
2155.13443	1791.77212	1552.71214	        P1	
1218.17429	  94.64868	1175.86025	        P1	
 542.25149	1016.38110	  26.77088	        P1	
2003.80843	 131.78008	 836.07576	        P1	
1960.93273	 897.70622	1947.58292	        P1	
 677.18384	1435.01943	1286.54764	        P1	
1805.82358	 251.91109	1132.61495	        P1	
 670.87859	 157.26240	 364.49609	        P1	
1498.12738	1135.78403	 722.81428	        P1	
 121.06080	  68.43828	 794.37493	        P1	
1295.09834	2099.01625	1939.86055	        P1	
  45.39780	1887.14884	1433.27276	        P1	
1731.42163	1854.38584	 118.92457	        P1	
1855.00453	1417.54583	 438.63089	        P1	
 421.19070	 177.64829	1768.93863	        P1	
1519.56523	1797.59664	2058.78512	        P1	
1795.73518	2086.63913	 934.92215	        P1	
1325.36354	1842.73676	1939.34574	        P1	
1050.45464	1004.00394	1494.53696	        P1	
 150.06495	1523.84355	1080.61767	        P1	
2199.27118	1246.45015	1791.07615	        P1	
1712.50588	 640.69870	2060.84440	        P1	
 481.72109	 259.19172	1772.54245	        P1	
1488.03898	  18.92972	1086.79557	        P1	
1066.84829	 377.13853	 102.96502	        P1	
 124.84395	1420.45811	2134.97920	        P1	
2095.86508	1901.71016	 530.78458	        P1	
 873.90764	1561.70303	 168.34777	        P1	
1239.61214	 224.97260	1057.96535	        P1	
1948.32223	 814.70662	 520.48806	        P1	
1172.77649	2037.13056	 784.07847	        P1	
 409.84125	1605.38704	2120.56412	        P1	
 364.44345	1555.87852	 825.26443	        P1	
 490.54844	1302.51131	2042.31070	        P1	
 963.44219	 192.20960	 699.64716	        P1	
2141.26288	1783.76336	 135.39899	        P1	
1604.05558	 481.98013	1945.52364	        P1	
1331.66879	  10.19292	 869.02460	        P1	
1633.05973	 406.98929	1472.39944	        P1	
1433.81383	1283.58155	2246.69626	        P1	
 353.09400	 428.10321	1050.24297	        P1	
1890.31393	1864.57876	 782.53400	        P1	
2142.52393	1289.40611	2060.84440	        P1	
1518.30418	1259.55535	1641.26208	        P1	
1482.99478	1475.06311	1381.27542	        P1	
 971.00849	 165.99920	2052.60722	        P1	
2190.44383	1164.17863	2040.25142	        P1	
 156.37020	1301.78323	 358.31819	        P1	
1485.51688	  78.63120	2224.04394	        P1	
 612.87029	1865.30684	 186.88147	        P1	
2018.94103	1044.77570	2071.65573	        P1	
2110.99768	 889.69750	1843.07343	        P1	
1435.07488	 361.12109	1375.09752	        P1	
  25.22100	 888.24134	 425.76028	        P1	
2218.18693	 644.33901	2071.14092	        P1	
1317.79724	 102.65740	1884.25945	        P1	
2034.07363	 986.53034	 257.41251	        P1	
 501.89789	  66.98212	1177.91959	        P1	
1776.81943	 625.40930	1033.76855	        P1	
1542.26413	1995.63076	2007.30264	        P1	
 615.39239	1326.53751	 646.10534	        P1	
 469.11059	1514.37872	  34.49325	        P1	
1998.76423	1145.24891	1670.09224	        P1	
1242.13424	1139.42434	  36.55259	        P1	
 735.19214	 224.97260	1556.83076	        P1	
 228.25005	1298.14291	2201.39162	        P1	
 770.50154	 724.42633	 214.16722	        P1	
1556.13568	1399.34415	  72.07552	        P1	
 272.38680	 149.98172	1803.43195	        P1	
2221.97008	1144.52083	 878.80625	        P1	
1538.48098	1362.94083	2244.12212	        P1	
1851.22138	 844.55734	 430.39371	        P1	
1683.50173	1700.03572	 961.17823	        P1	
 795.72254	1263.19571	 774.29676	        P1	
1001.27369	1632.32552	1585.14611	        P1	
 398.49180	  23.29812	1123.86297	        P1	
1296.35939	1862.39456	2143.21644	        P1	
2172.78913	 182.74472	 764.00030	        P1	
  54.22515	1254.45891	1109.44782	        P1	
1655.75863	 232.25329	2139.61262	        P1	
 413.62440	2226.42793	  71.56065	        P1	
 887.77919	1464.87015	 462.82768	        P1	
1462.81798	 221.33229	1719.51543	        P1	
 315.26250	2191.48073	2110.26760	        P1	
 861.29714	 859.84674	1505.34828	        P1	
 343.00560	 974.15322	2224.04394	        P1	
 746.54159	2140.51605	  38.61187	        P1	
1191.69224	 638.51450	1430.69862	        P1	
 385.88130	1394.97575	2005.75817	        P1	
1581.35668	1789.58792	 374.27774	        P1	
 244.64370	 165.99920	1105.84407	        P1	
 549.81779	1301.78323	  30.88950	        P1	
2145.04603	1507.82611	  34.49325	        P1	
1963.45483	 907.89914	 479.81691	        P1	
1896.61918	1164.90671	 917.93293	        P1	
 818.42144	 583.18141	1910.51552	        P1	
 127.36605	1344.73915	1296.84416	        P1	
1894.09708	1427.01071	  88.54988	        P1	
 281.21415	 497.26953	1414.22426	        P1	
1403.54863	 401.16473	 269.76831	        P1	
 213.11745	 207.49900	 691.92478	        P1	
1503.17158	2042.95513	 596.68214	        P1	
 360.66030	 910.08334	2191.09516	        P1	
1263.57209	1071.71414	1128.49639	        P1	
 907.95599	1904.62244	 438.63089	        P1	
  54.22515	1188.93291	 812.90863	        P1	
1085.76404	1733.52676	1610.37258	        P1	
 315.26250	 419.36641	 792.31565	        P1	
1330.40774	 826.35570	1700.98173	        P1	
1626.75448	2195.84913	 930.28873	        P1	
2108.47558	 168.91149	 953.45585	        P1	
 571.25564	1724.78996	1241.24306	        P1	
 486.76529	 202.40252	  16.47442	        P1	
1501.91053	  37.13140	1391.57194	        P1	
 321.56775	1650.52716	2067.53717	        P1	
 926.87174	 859.84674	 129.22109	        P1	
1007.57894	  63.34180	2145.27572	        P1	
1232.04584	1033.12662	1606.25396	        P1	
1698.63433	1277.75703	1433.27276	        P1	
 669.61754	  19.65780	 915.87365	        P1	
 644.39654	1362.21275	1029.64999	        P1	
 843.64244	1668.00076	1537.78226	        P1	
 433.80120	1309.06391	 521.00287	        P1	
1841.13298	1708.04444	 928.22945	        P1	
1938.23383	1896.61372	1109.44782	        P1	
 252.21000	1674.55336	 930.80360	        P1	
1826.00038	 733.89122	1453.35094	        P1	
1612.88293	1231.16075	 893.73620	        P1	
 601.52084	1737.89516	 629.63098	        P1	
 284.99730	1677.46564	 483.42066	        P1	
1166.47124	2021.84116	 949.33730	        P1	
1418.68123	 457.95393	1462.10298	        P1	
1351.84558	 848.92574	 944.70387	        P1	
1097.11349	1175.09963	1124.37777	        P1	
2030.29048	 777.57522	   6.17790	        P1	
1365.71713	1531.12423	 846.37228	        P1	
 122.32185	 125.95552	1579.48308	        P1	
2040.37888	1470.69471	2141.15710	        P1	
1578.83458	1812.88604	 464.88696	        P1	
 147.54285	 900.61850	 811.36416	        P1	
1822.21723	2221.33145	 501.95436	        P1	
1402.28758	1208.59071	1838.44001	        P1	
 930.65489	1821.62284	1972.29452	        P1	
2148.82918	1788.13176	 714.57710	        P1	
 871.38554	2238.80505	1842.55863	        P1	
1987.41478	1087.73162	1428.63934	        P1	
1982.37058	1594.46604	  24.71160	        P1	
1798.25728	 752.82094	  36.55259	        P1	
1192.95329	1425.55455	 191.00009	        P1	
2021.46313	1493.26475	1655.16235	        P1	
1274.92154	1647.61492	  53.02695	        P1	
 880.21289	  48.05240	1729.81195	        P1	
 509.46419	 827.08374	 986.40470	        P1	
 809.59409	 746.99642	2168.44284	        P1	
2003.80843	2123.77053	1472.39944	        P1	
1552.35253	1038.95114	 201.81142	        P1	
 268.60365	1085.54742	1217.04627	        P1	
 355.61610	1667.27272	1233.00582	        P1	
1215.65219	2155.07737	 282.12411	        P1	
2187.92173	 916.63594	 258.95699	        P1	
 552.33989	 554.78681	 623.96788	        P1	
1402.28758	1083.36322	1243.30234	        P1	
1287.53204	 584.63753	 814.96797	        P1	
 767.97944	  13.83328	1467.76602	        P1	
2107.21453	 875.86422	 316.61737	        P1	
1809.60673	1110.30171	1620.66904	        P1	
1513.25998	1196.94163	 310.43947	        P1	
 324.08985	 948.67090	1064.65805	        P1	
2195.48803	1223.88011	  77.73855	        P1	
 418.66860	 777.57522	 223.94887	        P1	
1083.24194	 794.32074	 343.90311	        P1	
2039.11783	 896.25010	1449.23232	        P1	
1204.30274	 332.72649	 256.89765	        P1	
 934.43804	2115.03373	1208.29422	        P1	
 796.98359	 161.63080	 427.81956	        P1	
 645.65759	1461.95791	2084.01152	        P1	
1369.50028	1344.01111	 788.19703	        P1	
2065.59988	 297.05121	 977.65265	        P1	
 380.83710	1274.11671	 355.74404	        P1	
 697.36064	 529.30449	1381.27542	        P1	
 156.37020	1930.83284	 395.38559	        P1	
 939.48224	1785.94756	1011.11629	        P1	
 482.98214	 423.00673	1128.49639	        P1	
 569.99459	2121.58633	 405.16724	        P1	
1348.06243	 213.32352	1994.94684	        P1	
1240.87319	1808.51764	1581.54236	        P1	
  99.62295	2198.03333	 485.47994	        P1	
1855.00453	 581.72529	 436.05674	        P1	
 496.85369	1642.51844	  18.53370	        P1	
 190.41855	1030.21434	1049.72817	        P1	
1180.34279	1258.09923	 728.99218	        P1	
1036.58309	1678.92176	1352.44526	        P1	
2245.93002	2234.43665	2027.89562	        P1	
 878.95184	1678.19372	1917.20823	        P1	
 228.25005	 556.97101	1946.03845	        P1	
 964.70324	 966.14450	 602.86004	        P1	
 465.32744	1338.91463	 946.76315	        P1	
1635.58183	2018.92893	1225.28345	        P1	
  58.00830	1904.62244	2034.07352	        P1	
 721.32059	1865.30684	  50.96767	        P1	
 298.86885	1902.43824	 248.66047	        P1	
1774.29733	1033.12662	 946.76315	        P1	
2221.97008	1581.36084	1181.52334	        P1	
 628.00289	 930.46922	 396.93006	        P1	
1446.42433	1006.91622	 928.22945	        P1	
 769.24049	 231.52521	 494.23199	        P1	
  81.96825	 791.40850	2096.36732	        P1	
1208.08589	1357.11631	 504.01364	        P1	
1083.24194	 335.63873	1284.48836	        P1	
2180.35543	 951.58314	1945.52364	        P1	
1252.22264	2004.36756	 308.38019	        P1	
 544.77359	 502.36601	 396.93006	        P1	
1781.86363	1831.08772	1239.18372	        P1	
 457.76114	1283.58155	1562.49385	        P1	
1181.60384	 594.83049	1497.11104	        P1	
2161.43968	2002.18336	 703.76578	        P1	
1482.99478	1636.69392	1911.03033	        P1	
  76.92405	 382.23501	1762.24593	        P1	
 191.67960	 528.57641	2083.49672	        P1	
1649.45338	1898.79792	1066.20253	        P1	
1978.58743	2014.56053	1844.61791	        P1	
  80.70720	 132.50812	1116.14059	        P1	
1267.35524	 347.28781	1655.67716	        P1	
 243.38265	1698.57956	 209.53379	        P1	
 760.41314	1723.33384	1847.19205	        P1	
2244.66897	  17.47360	1908.97105	        P1	
1412.37598	 998.90750	1379.73094	        P1	
2210.62063	1985.43784	1748.34565	        P1	
 261.03735	 414.26993	 770.17820	        P1	
2051.72833	 776.84714	  78.25342	        P1	
 392.18655	1021.47754	1128.49639	        P1	
1984.89268	1744.44776	1740.10848	        P1	
1397.24338	 516.92733	 856.66880	        P1	
1586.40088	 320.34933	 963.23757	        P1	
1559.91883	1925.73636	1377.15686	        P1	
 495.59264	 321.07741	1630.96556	        P1	
1389.67708	1271.20443	  92.66850	        P1	
 349.31085	1203.49423	1447.17304	        P1	
1684.76278	1844.92096	1690.68528	        P1	
1921.84018	 394.61213	 462.82768	        P1	
 959.65904	1196.21355	 685.23208	        P1	
1219.43534	2168.91065	 840.19438	        P1	
1764.20893	 626.86541	 105.02430	        P1	
1783.12468	 334.91069	1756.58283	        P1	
 459.02219	1151.80151	 874.68763	        P1	
1314.01409	2165.27033	1974.35380	        P1	
1102.15769	 982.89002	1742.16775	        P1	
1334.19089	1227.52043	1668.03296	        P1	
1504.43263	 945.75862	1853.36995	        P1	
 232.03320	 768.83842	1457.98436	        P1	
 186.63540	1955.58712	1449.23232	        P1	
 346.78875	 753.54902	1953.76082	        P1	
1557.39673	  42.95592	 784.07847	        P1	
1026.49469	1856.57004	 228.58229	        P1	
1609.09978	 694.57562	 321.25079	        P1	
2170.26703	1159.81023	1408.56116	        P1	
 375.79290	 601.38309	2003.69883	        P1	
 238.33845	1142.33663	1169.16754	        P1	
1225.74059	 448.48909	1392.08674	        P1	
1820.95618	1852.20164	2114.38622	        P1	
 441.36750	 385.87533	1321.55576	        P1	
 731.40899	2092.46365	1210.86837	        P1	
1658.28073	1558.79075	 345.44759	        P1	
2248.45212	2084.45493	1548.07871	        P1	
1765.46998	1009.10042	  49.42320	        P1	
2041.63993	1488.89635	 901.45857	        P1	
  80.70720	1507.09803	 518.94359	        P1	
1390.93813	 479.79593	 195.63352	        P1	
1350.58453	 907.89914	 109.14292	        P1	
2059.29463	1688.38664	1428.63934	        P1	
1664.58598	 758.64550	1745.77151	        P1	
 645.65759	 384.41921	1644.86583	        P1	
 597.73769	1989.07816	2069.08164	        P1	
 926.87174	 808.88210	1418.34282	        P1	
 781.85099	1699.30764	1305.08134	        P1	
1688.54593	1126.31914	1426.58006	        P1	
1651.97548	1748.81616	 374.79261	        P1	
  12.61050	1594.46604	 716.63638	        P1	
1573.79038	1493.99283	1822.48045	        P1	
1285.00994	 414.26993	1432.75796	        P1	
 842.38139	  94.64868	2048.48860	        P1	
 153.84810	 578.08493	1116.14059	        P1	
1180.34279	  88.82412	 733.11080	        P1	
  25.22100	1036.76694	 343.90311	        P1	
 540.99044	 862.75902	 117.38010	        P1	
 679.70594	1439.38783	  20.07817	        P1	
 842.38139	1597.37832	1713.33753	        P1	
 284.99730	 853.29414	1647.43998	        P1	
1385.89393	 176.92020	1952.21635	        P1	
 877.69079	1550.78203	2156.08704	        P1	
  11.34945	1960.68356	2056.72584	        P1	
1899.14128	1183.83643	2100.48594	        P1	
1814.65093	1583.54504	 766.05958	        P1	
 513.24734	 156.53432	 504.52851	        P1	
 300.12990	 899.89042	1725.17853	        P1	
1901.66338	 885.32910	1702.52621	        P1	
1457.77378	2022.56924	1681.93323	        P1	
1567.48513	 848.19770	1849.25133	        P1	
 773.02364	 374.95433	1974.86867	        P1	
1769.25313	1170.00314	 592.56358	        P1	
2031.55153	1251.54663	1484.24044	        P1	
 450.19484	1654.89556	2143.21644	        P1	
1554.87463	1037.49502	1027.07585	        P1	
1013.88419	  43.68400	1754.52355	        P1	
 889.04024	 574.44461	1377.67166	        P1	
1002.53474	 120.13100	1261.83604	        P1	
 953.35379	 990.17070	 720.24014	        P1	
1989.93688	 250.45492	1752.46427	        P1	
 325.35090	 452.85749	1571.24584	        P1	
2117.30293	1918.45572	1690.17041	        P1	
1499.38843	 711.32113	1741.65295	        P1	
1012.62314	 172.55180	 722.81428	        P1	
1935.71173	1242.80983	1921.32685	        P1	
1185.38699	2155.07737	1740.10848	        P1	
2141.26288	  61.15760	 477.24276	        P1	
1971.02113	1727.70224	 131.28037	        P1	
2109.73663	 396.79633	2104.60457	        P1	
1408.59283	1694.21116	1177.91959	        P1	
1843.65508	2123.04245	2213.23262	        P1	
 633.04709	 525.66413	 269.76831	        P1	
2047.94518	1277.02895	1190.27539	        P1	
1658.28073	1550.05395	 814.96797	        P1	
1103.41874	1975.24493	 261.53107	        P1	
1824.73933	2193.66493	 775.84123	        P1	
1514.52103	 580.26913	 875.20250	        P1	
 479.19899	1641.06232	 108.62805	        P1	
 387.14235	 840.91702	1237.12444	        P1	
 679.70594	1746.63196	1006.48287	        P1	
 546.03464	1970.87652	2046.94413	        P1	
1466.60113	 267.20049	 819.08653	        P1	
1254.74474	2104.84077	1859.03305	        P1	
1112.24609	 642.15481	 741.34798	        P1	
 872.64659	 187.84120	  55.60110	        P1	
 810.85514	 623.95313	1993.40237	        P1	
1295.09834	1347.65143	1748.34565	        P1	
2117.30293	 887.51330	1480.12182	        P1	
1977.32638	1469.23855	2223.52914	        P1	
1017.66734	   3.64032	 685.23208	        P1	
  47.91990	 895.52202	2071.14092	        P1	
1215.65219	  21.84200	1853.36995	        P1	
1578.83458	1528.94003	 407.74139	        P1	
 776.80679	1054.24054	 265.13489	        P1	
1464.07903	 938.47794	1950.15707	        P1	
 750.32474	 389.51569	 998.24563	        P1	
 615.39239	1475.06311	1838.44001	        P1	
1798.25728	2239.53313	1490.93314	        P1	
1716.28903	1982.52556	 833.50167	        P1	
1141.25024	1684.01824	1756.06803	        P1	
 112.23345	1622.86064	1649.49926	        P1	
 612.87029	  91.73640	1093.48827	        P1	
1494.34423	 881.68874	  65.89762	        P1	
1904.18548	1064.43351	1719.51543	        P1	
1593.96718	 463.05041	 654.85738	        P1	
1262.31104	 912.26754	 609.55280	        P1	
 162.67545	2167.45453	 812.90863	        P1	
1470.38428	1479.43151	  26.77088	        P1	
  99.62295	1656.35172	 805.18626	        P1	
 694.83854	 192.93769	 212.10787	        P1	
 722.58164	1697.12344	1156.81174	        P1	
1757.90368	 896.97814	1309.19996	        P1	
 968.48639	 800.87334	2229.70704	        P1	
 851.20874	2061.15676	 530.78458	        P1	
1138.72814	 475.42753	1092.97347	        P1	
1796.99623	 277.39341	2213.23262	        P1	
 332.91720	2208.95433	 213.65235	        P1	
 802.02779	 786.31202	1124.37777	        P1	
2145.04603	2164.54225	1130.55567	        P1	
 938.22119	 238.80589	1639.20274	        P1	
2145.04603	1602.47475	1525.42646	        P1	
2174.05018	1968.69233	  39.12668	        P1	
1475.42848	1434.29135	 561.67408	        P1	
1447.68538	1520.20323	2131.37544	        P1	
1385.89393	1298.14291	 151.87335	        P1	
 538.46834	1555.87852	 806.73073	        P1	
 564.95039	1855.11392	1750.40493	        P1	
 147.54285	1433.56331	 984.34535	        P1	
 968.48639	 690.20722	 322.79527	        P1	
 300.12990	 532.94481	1204.69047	        P1	
 292.56360	1376.04603	1878.08155	        P1	
 305.17410	  84.45572	 757.82240	        P1	
 519.55259	 219.87612	 506.07298	        P1	
 667.09544	 267.20049	1787.47233	        P1	
  80.70720	 829.99602	2009.36192	        P1	
 633.04709	1416.81775	1278.31046	        P1	
1906.70758	1836.18416	1469.82536	        P1	
1462.81798	1224.60815	1914.63415	        P1	
 754.10789	 754.27710	1097.09203	        P1	
1682.24068	 315.98093	 936.98150	        P1	
 597.73769	 630.50573	1340.08946	        P1	
 118.53870	 160.17469	1015.23485	        P1	
1136.20604	1322.89715	1006.48287	        P1	
 604.04294	 309.42833	1023.47209	        P1	
 102.14505	1970.87652	 992.06773	        P1	
1210.60799	1671.64112	 133.33965	        P1	
1678.45753	2049.50773	1566.61241	        P1	
1369.50028	1814.34216	 413.40448	        P1	
1699.89538	 548.96229	 323.31007	        P1	
 259.77630	 876.59230	1447.68784	        P1	
1549.83043	1704.40412	 114.80595	        P1	
2138.74078	 269.38469	1095.54755	        P1	
 267.34260	2032.76216	 160.11059	        P1	
 945.78749	1291.59031	2005.24330	        P1	
 561.16724	1919.91184	1927.50475	        P1	
1100.89664	 840.91702	2236.39974	        P1	
 612.87029	 390.24373	1474.45878	        P1	
1669.63018	1143.06471	 466.94624	        P1	
2204.31538	 806.69790	1436.87652	        P1	
1437.59698	1389.15123	1661.85506	        P1	
1853.74348	1737.16712	2040.76623	        P1	
 548.55674	 772.47874	2025.83634	        P1	
 515.76944	1465.59823	 131.28037	        P1	
1856.26558	 601.38309	 854.60946	        P1	
1303.92569	 476.15561	 662.57976	        P1	
2199.27118	 528.57641	1533.66363	        P1	
 875.16869	2191.48073	1140.33732	        P1	
 889.04024	1751.00036	2032.01424	        P1	
1814.65093	1551.51012	 354.19957	        P1	
1099.63559	2088.09525	 111.20220	        P1	
1757.90368	 572.26041	 753.70378	        P1	
  65.57460	 567.89201	1966.11662	        P1	
 889.04024	 402.62089	1449.23232	        P1	
1397.24338	 548.96229	1863.15161	        P1	
 607.82609	1885.69272	2009.87673	        P1	
1819.69513	 526.39221	1068.77667	        P1	
1910.49073	1092.82811	1819.90631	        P1	
1349.32348	1751.72844	1984.65032	        P1	
1905.44653	 922.46050	1972.80933	        P1	
1413.63703	1884.96464	1445.62856	        P1	
 929.39384	 690.93530	1330.30774	        P1	
2239.62477	1157.62603	1972.29452	        P1	
1752.85948	 394.61213	 926.17017	        P1	
 185.37435	 883.14490	 621.39374	        P1	
 564.95039	 656.71613	  98.33159	        P1	
1924.36228	 937.74990	1708.70411	        P1	
 192.94065	2154.34933	1597.50191	        P1	
 250.94895	 794.32074	1616.55048	        P1	
 842.38139	1039.67922	 463.34249	        P1	
 504.41999	 397.52441	1983.10585	        P1	
 633.04709	 222.78840	2069.59645	        P1	
  69.35775	  86.63992	1981.04657	        P1	
2232.05848	  34.94720	2131.37544	        P1	
1752.85948	1377.50215	1803.43195	        P1	
 156.37020	 528.57641	 370.67399	        P1	
1971.02113	1761.19332	1676.27014	        P1	
1896.61918	1767.74592	1016.77933	        P1	
 988.66319	 745.54030	 417.52304	        P1	
1938.23383	 466.69073	 448.92741	        P1	
1451.46853	2052.41996	2018.11397	        P1	
 110.97240	2089.55137	 170.92192	        P1	
1090.80824	  42.95592	1826.59907	        P1	
 641.87444	 214.77969	 607.49346	        P1	
 279.95310	  81.54348	1114.08125	        P1	
1881.48658	1610.48352	  40.67115	        P1	
1881.48658	 439.75229	 726.41804	        P1	
2116.04188	1361.48471	1552.71214	        P1	
1877.70343	2224.24373	1875.50740	        P1	
1496.86633	 610.84793	1092.97347	        P1	
 693.57749	1726.97416	1282.94389	        P1	
1950.84433	 941.39022	 798.49355	        P1	
1491.82213	2152.89317	 129.22109	        P1	
2185.39963	2170.36677	 178.64429	        P1	
2003.80843	1469.96663	1385.39404	        P1	
 134.93235	 115.76260	  80.31270	        P1	
 930.65489	1777.93884	1150.63384	        P1	
2099.64823	 441.93649	1620.66904	        P1	
 485.50424	2208.22625	 395.38559	        P1	
1884.00868	1051.32830	 823.71996	        P1	
2166.48388	 998.90750	1355.01934	        P1	
 891.56234	1545.68555	 808.79007	        P1	
2001.28633	1442.30011	 293.96505	        P1	
 663.31229	 677.10202	1062.59877	        P1	
1224.47954	1258.82731	1954.27563	        P1	
1916.79598	1766.28976	1716.94135	        P1	
2080.73248	2139.05993	 508.64707	        P1	
1508.21578	1646.88684	1735.98985	        P1	
1646.93128	2035.67445	1785.41305	        P1	
1519.56523	 693.84753	2135.49406	        P1	
1943.27803	2011.64824	 673.39108	        P1	
  65.57460	2134.69153	1620.66904	        P1	
 488.02634	1357.84435	2198.81754	        P1	
1121.07344	 140.51688	1515.64474	        P1	
1510.73788	 942.11830	1789.01681	        P1	
1833.56668	1844.92096	1171.74169	        P1	
1258.52789	2010.92016	1981.04657	        P1	
1905.44653	2244.62957	 294.47991	        P1	
1599.01138	1840.55256	 214.16722	        P1	
1471.64533	1893.70144	1842.55863	        P1	
  65.57460	1523.11552	1824.53973	        P1	
  36.57045	 283.21792	1080.61767	        P1	
1721.33323	1589.36955	1252.05439	        P1	
 567.47249	1948.30644	 712.00296	        P1	
1302.66464	 373.49821	 901.97338	        P1	
1285.00994	1764.10556	 745.46660	        P1	
  64.31355	 605.02341	1082.67695	        P1	
1029.01679	1006.18814	2242.06284	        P1	
 121.06080	 120.85908	1492.47761	        P1	
1982.37058	 307.24413	 646.62020	        P1	
2240.88582	1226.79235	 621.90860	        P1	
1713.76693	 363.30529	 811.36416	        P1	
 868.86344	1100.10874	1204.17566	        P1	
 511.98629	 205.31480	  81.85717	        P1	
1274.92154	 471.05913	1815.78775	        P1	
2039.11783	 737.53153	 784.07847	        P1	
1242.13424	1242.80983	 580.72258	        P1	
 324.08985	 692.39142	1811.66913	        P1	
 218.16165	1404.44063	1515.12994	        P1	
2097.12613	1388.42315	1760.18665	        P1	
 581.34404	  79.35928	 533.35867	        P1	
1511.99893	1957.77132	2005.24330	        P1	
1064.32619	1809.97376	1556.31595	        P1	
 513.24734	1242.80983	 539.02176	        P1	
 998.75159	 339.27909	 201.29655	        P1	
 474.15479	2182.74393	1571.24584	        P1	
 641.87444	1315.61651	1060.02463	        P1	
 346.78875	 900.61850	1467.76602	        P1	
 122.32185	1622.86064	2032.52905	        P1	
1442.64118	 899.89042	1496.59624	        P1	
 558.64514	2123.77053	2133.43472	        P1	
 166.45860	 246.08652	1295.29969	        P1	
 693.57749	1875.49976	1519.24856	        P1	
 509.46419	1316.34455	1414.22426	        P1	
1452.72958	1365.85311	1830.71763	        P1	
1578.83458	1234.80111	 528.72524	        P1	
 918.04439	1230.43271	 819.08653	        P1	
2052.98938	 886.78522	 310.43947	        P1	
 530.90204	 896.25010	1027.59065	        P1	
1329.14669	1160.53831	 250.71975	        P1	
2172.78913	1989.80624	1583.08683	        P1	
1079.45879	1697.85152	 471.57967	        P1	
1238.35109	1958.49936	2204.99544	        P1	
 232.03320	  77.17508	 769.66333	        P1	
1616.66608	 559.15521	1383.84956	        P1	
 851.20874	 715.68953	1525.42646	        P1	
 626.74184	1309.79195	 481.36138	        P1	
1491.82213	 925.37274	 469.00558	        P1	
1060.54304	1410.26515	 770.17820	        P1	
 237.07740	1055.69670	  28.31535	        P1	
1831.04458	1370.22151	1336.48564	        P1	
2218.18693	 647.25130	1330.30774	        P1	
1921.84018	2206.04205	 698.10268	        P1	
 407.31915	 439.02421	1786.95753	        P1	
1361.93398	 709.13693	 535.41801	        P1	
2179.09438	 614.48830	1566.61241	        P1	
 221.94480	1846.37712	1097.09203	        P1	
1785.64678	 401.89281	1328.24847	        P1	
 875.16869	 251.91109	2102.54522	        P1	
1290.05414	1799.05276	1488.35906	        P1	
1407.33178	 540.22549	1614.49114	        P1	
1593.96718	 431.01549	1924.93060	        P1	
1229.52374	1092.82811	1455.41022	        P1	
 992.44634	 484.16433	 808.79007	        P1	
 196.72380	2168.18257	1184.09749	        P1	
2181.61648	 621.76893	1622.72838	        P1	
 490.54844	 337.09489	1373.55304	        P1	
 971.00849	 176.19212	 745.46660	        P1	
 788.15624	1287.94995	 833.50167	        P1	
1177.82069	1427.01071	 615.21584	        P1	
1051.71569	 125.22748	 162.68468	        P1	
2200.53223	  44.41208	1392.08674	        P1	
1767.99208	 832.90830	1541.90081	        P1	
2017.67998	1961.41164	  32.43397	        P1	
1563.70198	 927.55694	 611.09728	        P1	
1455.25168	1945.39416	 455.10531	        P1	
1658.28073	2203.85785	1212.41284	        P1	
  39.09255	1903.89436	1492.99248	        P1	
 459.02219	1077.53871	 646.10534	        P1	
1351.84558	1860.93844	 617.78998	        P1	
1992.45898	 214.05160	1428.63934	        P1	
1484.25583	2042.22705	1391.57194	        P1	
2152.61233	 565.70781	1229.40207	        P1	
 713.75429	1322.16911	 448.41254	        P1	
 382.09815	 332.72649	 953.45585	        P1	
 219.42270	 879.50454	1462.10298	        P1	
1155.12179	 691.66333	 277.49069	        P1	
 725.10374	1378.23023	 952.94105	        P1	
 533.42414	1601.01864	1107.38855	        P1	
 610.34819	2141.97217	1074.43977	        P1	
1916.79598	1962.86776	1962.51287	        P1	
 253.47105	1778.66692	2209.11400	        P1	
 296.34675	2100.47237	2001.12474	        P1	
1588.92298	 962.50414	 510.70641	        P1	
1667.10808	 898.43430	1826.08421	        P1	
1325.36354	2230.06825	 945.21868	        P1	
 696.09959	 675.64590	 664.63904	        P1	
1860.04873	1175.82771	1756.58283	        P1	
2020.20208	1511.46643	1780.77963	        P1	
1926.88438	1074.62642	 889.61758	        P1	
1612.88293	 571.53233	 288.30201	        P1	
 205.55115	1175.82771	 312.49875	        P1	
 854.99189	 167.45532	 245.05671	        P1	
1440.11908	1330.90591	 831.44233	        P1	
2059.29463	 872.95194	1673.69605	        P1	
 742.75844	 437.56809	1381.27542	        P1	
2186.66068	1948.30644	1402.38326	        P1	
 624.21974	 401.16473	 665.15390	        P1	
1725.11638	1410.99323	1291.18107	        P1	
1580.09563	 623.95313	 351.62549	        P1	
 288.78045	 533.67289	1424.52072	        P1	
1113.50714	 265.74432	1474.45878	        P1	
2064.33883	1231.16075	1746.28638	        P1	
 452.71694	1564.61532	 114.80595	        P1	
 726.36479	1504.18575	 733.11080	        P1	
 341.74455	 395.34021	 685.74688	        P1	
 793.20044	1935.92932	1478.57734	        P1	
1508.21578	2143.42833	 924.11083	        P1	
 799.50569	1971.60456	 827.32377	        P1	
1277.44364	1033.12662	2169.98732	        P1	
 476.67689	2211.86657	 696.04340	        P1	
1703.67853	 329.81421	 605.43418	        P1	
1936.97278	2026.93764	  55.60110	        P1	
 167.71965	1344.73915	 926.17017	        P1	
1224.47954	 112.85032	1746.28638	        P1	
1074.41459	 583.90949	1342.66354	        P1	
 432.54015	1341.82691	 596.68214	        P1	
 867.60239	1062.97734	 615.73070	        P1	
1572.52933	2082.99876	2160.20566	        P1	
1300.14254	2243.17345	1465.70674	        P1	
 974.79164	1633.05355	1821.96565	        P1	
1886.53078	1967.23616	1140.85219	        P1	
 403.53600	  68.43828	2213.74742	        P1	
1462.81798	 837.27670	 751.12963	        P1	
 650.70179	1010.55654	1418.85768	        P1	
1761.68683	 495.81341	 847.91675	        P1	
 430.01805	2211.13853	1385.90884	        P1	
2247.19107	 390.24373	1449.74718	        P1	
1451.46853	2193.66493	1311.77404	        P1	
1137.46709	 579.54109	1231.46135	        P1	
1374.54448	 582.45333	1270.58809	        P1	
2199.27118	 244.63041	 358.31819	        P1	
1087.02509	1036.76694	 388.69289	        P1	
 199.24590	 872.22390	1602.13534	        P1	
 351.83295	 983.61810	 621.39374	        P1	
 952.09274	1785.94756	2024.29187	        P1	
 239.59950	 729.52282	2064.96302	        P1	
 569.99459	1568.25563	2106.66384	        P1	
1808.34568	1776.48272	 349.56614	        P1	
 237.07740	 920.27630	 681.62826	        P1	
1515.78208	2185.65617	2092.24877	        P1	
1915.53493	 558.42713	 745.46660	        P1	
 128.62710	 748.45254	1370.97896	        P1	
1916.79598	1546.41363	1383.84956	        P1	
1129.90079	1351.29175	 110.68739	        P1	
1775.55838	 196.57800	2100.48594	        P1	
1002.53474	2013.10436	 819.60140	        P1	
2010.11368	1226.06431	1756.58283	        P1	
2063.07778	1732.79872	 232.18605	        P1	
2141.26288	 327.63001	1538.29706	        P1	
1694.85118	1595.92215	2116.96037	        P1	
1532.17573	1372.40571	2065.47783	        P1	
2074.42723	 664.72490	  34.49325	        P1	
 567.47249	 425.19093	1951.70154	        P1	
 684.75014	2142.70025	 903.51785	        P1	
1398.50443	1101.56491	1461.58812	        P1	
 278.69205	1085.54742	1638.68793	        P1	
1254.74474	2247.54185	1365.31586	        P1	
2030.29048	1023.66174	2246.69626	        P1	
 344.26665	1566.07143	   0.00000	        P1	
  45.39780	 912.99562	1064.14325	        P1	
 928.13279	1999.27113	 860.78736	        P1	
1866.35398	 647.97933	1364.80106	        P1	
 127.36605	2016.01664	1119.74435	        P1	
1974.80428	 610.11989	1089.36965	        P1	
 268.60365	1663.63236	1673.69605	        P1	
1156.38284	 886.05714	 228.06749	        P1	
 496.85369	2236.62085	 753.70378	        P1	
2055.51148	1713.86896	 728.47738	        P1	
2031.55153	 929.74114	1406.50188	        P1	
 609.08714	 862.75902	1014.72005	        P1	
 110.97240	 397.52441	1847.19205	        P1	
2085.77668	 652.34773	1939.34574	        P1	
 818.42144	1448.12463	1305.08134	        P1	
1480.47268	 985.80230	1387.45332	        P1	
1749.07633	1769.93012	1010.60143	        P1	
2161.43968	2041.49896	1210.35356	        P1	
1172.77649	 209.68320	 983.83055	        P1	
1525.87048	1473.60695	 697.58788	        P1	
 713.75429	1262.46763	1322.07057	        P1	
1395.98233	1986.89396	1412.67978	        P1	
  22.69890	 473.24333	1265.95466	        P1	
 147.54285	2061.15676	 603.37491	        P1	
2162.70073	1772.84236	2110.78247	        P1	
 401.01390	1641.06232	 545.71447	        P1	
 926.87174	 466.69073	 689.86550	        P1	
1723.85533	1976.70104	 673.39108	        P1	
 612.87029	2185.65617	 697.58788	        P1	
1470.38428	 224.24452	 140.03242	        P1	
1760.42578	 401.89281	 413.91929	        P1	
 190.41855	1845.64904	 426.27509	        P1	
1097.11349	  46.59628	  77.73855	        P1	
1501.91053	 111.39420	 483.42066	        P1	
 900.38969	1578.44855	 448.92741	        P1	
1044.14939	 748.45254	 104.50949	        P1	
  54.22515	1701.49184	1291.18107	        P1	
1950.84433	1806.33344	 143.63617	        P1	
 334.17825	1656.35172	1708.70411	        P1	
2102.17033	 479.79593	 257.41251	        P1	
1794.47413	 283.21792	1758.64217	        P1	
1283.74889	 790.68042	 180.70357	        P1	
1336.71299	  64.06988	2029.95490	        P1	
1261.04999	  26.21040	   0.00000	        P1	
 199.24590	 515.47121	1340.60426	        P1	
1818.43408	1320.71295	1313.83339	        P1	
1950.84433	1599.56252	1622.21351	        P1	
1631.79868	1297.41483	1335.97084	        P1	
 346.78875	1617.03612	 244.54185	        P1	
1939.49488	1214.41523	 525.12149	        P1	
 403.53600	2153.62125	 599.25628	        P1	
1664.58598	1970.14844	 625.51236	        P1	
 511.98629	1421.18615	1301.47759	        P1	
1790.69098	1268.29215	2172.56146	        P1	
1296.35939	1383.32671	1651.55854	        P1	
1918.05703	1494.72091	 670.81694	        P1	
2113.51978	1498.36123	 265.64969	        P1	
1261.04999	1579.90472	1097.09203	        P1	
 484.24319	 527.12029	 646.10534	        P1	
1641.88708	2029.84993	 874.68763	        P1	
 534.68519	1125.59111	 298.59847	        P1	
 460.28324	 335.63873	 152.38822	        P1	
 301.39095	1931.56092	1744.22703	        P1	
1572.52933	1627.22904	 778.41538	        P1	
  66.83565	 795.77690	1449.23232	        P1	
1464.07903	1311.24811	1546.53424	        P1	
 499.37579	1330.90591	1690.17041	        P1	
2058.03358	1051.32830	1906.39690	        P1	
 935.69909	 872.22390	2213.74742	        P1	
1736.46583	 880.23262	1346.78216	        P1	
 728.88689	 497.99761	1749.89013	        P1	
 281.21415	 385.14729	 440.69017	        P1	
2248.45212	 281.76181	  37.06740	        P1	
2219.44798	1145.97694	 808.79007	        P1	
 959.65904	 214.77969	 700.16196	        P1	
 453.97799	1154.71374	 183.27772	        P1	
2150.09023	 644.33901	 358.31819	        P1	
 124.84395	1973.78876	1420.40216	        P1	
1046.67149	1630.86935	2075.25954	        P1	
1911.75178	1061.52122	 347.50687	        P1	
 177.80805	1650.52716	 350.08101	        P1	
2184.13858	   1.45612	 288.30201	        P1	
 290.04150	1606.11512	 910.21056	        P1	
2029.02943	 766.65422	1797.76885	        P1	
1752.85948	 597.01469	 533.35867	        P1	
1216.91324	1095.74034	1426.58006	        P1	
1011.36209	1574.08015	1778.72035	        P1	
 469.11059	1327.99363	1669.57743	        P1	
 894.08444	 654.53193	1655.16235	        P1	
 436.32330	 126.68360	1457.98436	        P1	
2157.65653	 653.07581	2200.87682	        P1	
1931.92858	1022.20562	 866.45045	        P1	
 954.61484	 741.89994	2079.89297	        P1	
2145.04603	2109.20917	1593.38335	        P1	
1699.89538	 745.54030	 701.70644	        P1	
1044.14939	 196.57800	 741.34798	        P1	
 576.29984	 187.11312	1543.96016	        P1	
 562.42829	1166.36283	1705.10036	        P1	
2117.30293	 670.54941	 438.63089	        P1	
1346.80138	1017.83722	2069.59645	        P1	
1691.06803	 805.96982	1272.64737	        P1	
 426.23490	1476.51923	1828.65835	        P1	
1308.96989	  93.19252	 963.23757	        P1	
1841.13298	 422.27869	 775.84123	        P1	
1192.95329	1317.80071	1002.87905	        P1	
 267.34260	1093.55614	1820.42117	        P1	
 316.52355	1124.86302	 996.18635	        P1	
1374.54448	 838.73282	1070.32115	        P1	
1012.62314	 985.07422	1997.00612	        P1	
 491.80949	   2.91228	1268.52875	        P1	
1310.23094	2110.66533	 181.21837	        P1	
 868.86344	1870.40332	1529.54501	        P1	
1303.92569	 174.73600	1762.24593	        P1	
1670.89123	 414.26993	 160.11059	        P1	
 295.08570	1221.69591	1855.42923	        P1	
  63.05250	1151.80151	1739.59361	        P1	
2040.37888	 974.15322	1471.88464	        P1	
 704.92694	1700.03572	 391.26697	        P1	
 761.67419	 613.03213	 331.54731	        P1	
1247.17844	1171.45931	 125.61728	        P1	
1450.20748	 643.61093	  65.89762	        P1	
1261.04999	1651.25524	 599.25628	        P1	
 631.78604	 824.89954	1764.82007	        P1	
1987.41478	1164.90671	1751.94941	        P1	
 523.33574	2187.84037	2092.24877	        P1	
  44.13675	 945.75862	  80.31270	        P1	
1931.92858	1526.02775	1173.28616	        P1	
1017.66734	  74.99088	2207.56952	        P1	
1128.63974	1386.96703	1315.89267	        P1	
 160.15335	 881.68874	2135.49406	        P1	
1108.46294	1991.26236	 133.85452	        P1	
1089.54719	 101.92932	2092.24877	        P1	
  92.05665	 673.46170	 528.72524	        P1	
1403.54863	 902.07462	1037.88717	        P1	
 460.28324	2241.71733	1449.23232	        P1	
 578.82194	 452.12941	 471.06486	        P1	
1735.20478	 384.41921	1050.24297	        P1	
 359.39925	2101.92853	1348.84144	        P1	
 238.33845	 283.21792	1159.38589	        P1	
1474.16743	1753.91264	2027.89562	        P1	
 706.18799	2086.63913	1651.55854	        P1	
 749.06369	2015.28856	2240.51836	        P1	
1567.48513	1991.26236	1048.18369	        P1	
1250.96159	1003.27590	 385.08907	        P1	
1611.62188	2016.74473	 656.91666	        P1	
1718.81113	 638.51450	1616.03561	        P1	
 890.30129	1895.88564	1698.92246	        P1	
2187.92173	1561.70303	1661.85506	        P1	
1709.98378	2082.27073	1212.92765	        P1	
 822.20459	 104.84160	1700.46693	        P1	
1295.09834	1088.45971	1856.97371	        P1	
1464.07903	  15.28940	 650.22396	        P1	
1337.97404	2082.99876	 745.46660	        P1	
1228.26269	1327.99363	1204.69047	        P1	
1436.33593	 602.11113	 821.14587	        P1	
 720.05954	 843.82930	1430.69862	        P1	
1383.37183	2202.40173	 910.21056	        P1	
 399.75285	1020.02142	1921.32685	        P1	
1061.80409	 419.36641	 773.78195	        P1	
 511.98629	1984.70976	1253.59886	        P1	
  79.44615	 235.16552	1937.80127	        P1	
 800.76674	 543.86581	 854.09465	        P1	
1831.04458	 813.97854	 506.07298	        P1	
1392.19918	2028.39376	1245.87649	        P1	
1346.80138	 505.27829	  15.95955	        P1	
2089.55983	1988.35013	1843.07343	        P1	
1427.50858	 937.74990	1015.23485	        P1	
 935.69909	2053.14805	 279.54997	        P1	
 977.31374	2071.34973	2040.76623	        P1	
 300.12990	1371.67763	1538.29706	        P1	
1524.60943	 561.33941	  63.32347	        P1	
 484.24319	1559.51883	  67.95690	        P1	
 611.60924	 990.89874	1554.77148	        P1	
1366.97818	1108.11751	1047.66883	        P1	
 716.27639	1694.93924	1397.74984	        P1	
1575.05143	1177.28383	 488.05409	        P1	
1292.57624	1641.79035	1840.49935	        P1	
1982.37058	1065.88962	 518.94359	        P1	
1377.06658	1290.13415	1894.55597	        P1	
 402.27495	1186.02063	1737.53433	        P1	
1051.71569	 809.61014	1809.60985	        P1	
1660.80283	1554.42235	 418.03791	        P1	
1974.80428	 591.19013	 430.39371	        P1	
 533.42414	 267.20049	1591.32401	        P1	
 118.53870	1942.48192	1807.55051	        P1	
 398.49180	 142.70108	1484.75524	        P1	
1890.31393	 111.39420	 475.69829	        P1	
  26.48205	1392.79155	 512.25088	        P1	
1047.93254	 760.82970	2042.31070	        P1	
1238.35109	 746.99642	1298.90344	        P1	
1412.37598	 135.42040	2143.73124	        P1	
 378.31500	2102.65657	 269.76831	        P1	
1273.66049	 688.75110	1738.04913	        P1	
 867.60239	 400.43669	 510.19154	        P1	
 518.29154	 704.04050	 985.88983	        P1	
1936.97278	1534.76455	 870.56907	        P1	
1055.49884	2005.82373	2114.90102	        P1	
 392.18655	 848.19770	1157.32655	        P1	
 534.68519	 767.38230	 269.25345	        P1	
   6.30525	 921.00434	 518.42878	        P1	
  31.52625	1520.93131	1206.74975	        P1	
1011.36209	1290.13415	 679.05418	        P1	
2066.86093	1123.40691	 829.89786	        P1	
  83.22930	2044.41125	2188.52102	        P1	
 547.29569	1846.37712	1894.04110	        P1	
1622.97133	2030.57796	 745.46660	        P1	
 274.90890	 707.68082	1360.68244	        P1	
1575.05143	 886.05714	  47.36392	        P1	
 300.12990	   4.36840	  24.71160	        P1	
 889.04024	1883.50852	2091.73390	        P1	
1648.19233	1516.56291	1455.41022	        P1	
1406.07073	1510.73835	1091.42899	        P1	
1993.72003	1487.44023	2168.44284	        P1	
1759.16473	1303.96743	1484.24044	        P1	
 330.39510	 682.92653	 462.82768	        P1	
1436.33593	1353.47595	1239.69859	        P1	
 779.32889	1239.16951	 928.74426	        P1	
  78.18510	2163.81417	1710.76345	        P1	
  99.62295	  51.69272	 955.51520	        P1	
 366.96555	 874.40810	 732.59593	        P1	
 918.04439	1681.83404	1681.93323	        P1	
1803.30148	1169.27511	1923.38613	        P1	
  55.48620	1143.06471	1844.61791	        P1	
1013.88419	 946.48670	1171.22682	        P1	
1959.67168	1362.94083	 939.04078	        P1	
1896.61918	1514.37872	1202.11632	        P1	
1500.64948	1288.67803	 216.22649	        P1	
  74.40195	1395.70383	1218.59074	        P1	
 863.81924	1181.65223	1323.61504	        P1	
2131.17448	 203.85869	1294.78482	        P1	
2109.73663	 466.69073	 246.60119	        P1	
 477.93794	1819.43864	1618.60976	        P1	
 441.36750	1655.62364	1674.21086	        P1	
 455.23904	 772.47874	1754.00875	        P1	
1518.30418	1180.92414	 277.49069	        P1	
1778.08048	 959.59190	1443.05442	        P1	
 147.54285	1008.37234	  10.29652	        P1	
1654.49758	1089.18774	 864.39117	        P1	
1880.22553	1758.28104	 693.46926	        P1	
1891.57498	 409.17349	 768.11886	        P1	
1554.87463	 539.49741	 940.58525	        P1	
1644.40918	  62.61372	 709.94368	        P1	
 597.73769	2227.88405	1978.47242	        P1	
1393.46023	2034.94636	1363.25659	        P1	
1892.83603	 414.26993	1789.53167	        P1	
 451.45589	1493.99283	1651.04373	        P1	
1829.78353	1116.12622	  57.14557	        P1	
2080.73248	1164.90671	1410.62044	        P1	
1076.93669	1756.09684	 656.40186	        P1	
  65.57460	1109.57362	1891.98183	        P1	
 982.35794	1219.51171	 378.91117	        P1	
1027.75574	 565.70781	 359.86267	        P1	
1208.08589	1946.85032	  51.48248	        P1	
 171.50280	1673.09724	1298.90344	        P1	
1494.34423	1461.22983	 932.86288	        P1	
1939.49488	1463.41403	 501.95436	        P1	
2095.86508	 605.75149	1225.28345	        P1	
 992.44634	1506.36995	2211.17334	        P1	
 272.38680	1801.23696	 759.36688	        P1	
1788.16888	2243.90153	1898.67453	        P1	
1793.21308	 674.18973	1859.03305	        P1	
 645.65759	2070.62165	2020.17325	        P1	
1495.60528	 161.63080	2108.20832	        P1	
1805.82358	1450.30883	1033.25375	        P1	
 221.94480	 832.90830	  96.27225	        P1	
 548.55674	 203.13060	1742.16775	        P1	
1760.42578	1073.17031	1325.67432	        P1	
2238.36372	1022.93370	 378.91117	        P1	
 187.89645	1289.40611	 669.27246	        P1	
 749.06369	1531.85232	 681.62826	        P1	
1943.27803	 609.39181	 710.45848	        P1	
1617.92713	 910.81142	1354.50454	        P1	
 547.29569	1081.90711	1875.50740	        P1	
1142.51129	2200.21753	 726.41804	        P1	
 258.51525	 741.89994	 740.83318	        P1	
 182.85225	1761.19332	2084.01152	        P1	
2123.60818	 779.03134	1939.34574	        P1	
 124.84395	1701.49184	1885.80393	        P1	
 586.38824	1197.66971	1523.36711	        P1	
 610.34819	  48.05240	1649.49926	        P1	
 380.83710	  71.35052	 246.60119	        P1	
1029.01679	 147.06948	 792.83046	        P1	
1751.59843	1206.40651	  15.95955	        P1	
1881.48658	1317.80071	1552.71214	        P1	
 673.40069	1734.25484	2137.55334	        P1	
1092.06929	 171.82372	1506.89276	        P1	
1070.63144	  34.21912	2019.65844	        P1	
1896.61918	1558.06272	 576.60396	        P1	
 244.64370	1070.25802	1803.94675	        P1	
 791.93939	 180.56052	 405.68211	        P1	
 181.59120	 324.71773	1721.57478	        P1	
 979.83584	1312.70423	 481.87619	        P1	
2220.70903	2205.31397	1165.56379	        P1	
 630.52499	1164.90671	1935.74193	        P1	
1622.97133	1933.01704	1904.33762	        P1	
 553.60094	1829.63156	1457.46956	        P1	
 827.24879	 323.26161	1513.58546	        P1	
 854.99189	 387.33149	1818.36183	        P1	
 166.45860	 442.66453	1085.25109	        P1	
1934.45068	2034.21833	1097.09203	        P1	
2248.45212	2056.78836	1099.15137	        P1	
1972.28218	 697.48790	 720.24014	        P1	
2227.01428	  43.68400	2120.56412	        P1	
1089.54719	1651.25524	 236.30467	        P1	
 915.52229	 894.06590	 879.32106	        P1	
 617.91449	  42.22788	1115.62572	        P1	
 829.77089	2123.04245	 895.79548	        P1	
2069.38303	2090.27945	1805.49123	        P1	
1887.79183	 795.77690	1009.05695	        P1	
 807.07199	 636.33030	 953.45585	        P1	
1263.57209	 451.40133	2160.20566	        P1	
1335.45194	1405.89675	1735.47505	        P1	
 395.96970	1888.60496	1425.03558	        P1	
1871.39818	1055.69670	 571.97054	        P1	
1219.43534	1040.40730	 930.28873	        P1	
1301.40359	 829.99602	1502.77414	        P1	
1778.08048	1975.97296	1908.45625	        P1	
 252.21000	 505.27829	1657.73644	        P1	
1114.76819	1389.15123	1649.49926	        P1	
 189.15750	 327.63001	 834.01648	        P1	
 165.19755	1376.77411	2077.83362	        P1	
2201.79328	 867.85550	 899.39923	        P1	
 450.19484	  47.32432	 621.90860	        P1	
1417.42018	1373.13375	1018.83867	        P1	
2169.00598	1004.73202	 261.01627	        P1	
2103.43138	 112.12228	1070.83595	        P1	
1759.16473	 297.77929	 405.16724	        P1	
 102.14505	 653.07581	 446.35326	        P1	
1638.10393	 101.20128	 602.86004	        P1	
 194.20170	 110.66612	2242.06284	        P1	
1114.76819	 575.17269	 230.64157	        P1	
 865.08029	1849.28936	 160.11059	        P1	
 774.28469	 234.43749	1443.05442	        P1	
2079.47143	1337.45851	1892.49663	        P1	
1978.58743	1988.35013	1342.66354	        P1	
 606.56504	1417.54583	 518.94359	        P1	
1673.41333	 789.95234	1869.84437	        P1	
2097.12613	 191.48152	1222.70936	        P1	
 184.11330	1415.36163	2242.57764	        P1	
 394.70865	1068.07382	 915.87365	        P1	
1875.18133	 727.33862	 815.48278	        P1	
  55.48620	 235.89361	 755.24826	        P1	
  59.26935	 756.46130	1053.84673	        P1	
 370.74870	1785.21952	1256.17295	        P1	
 836.07614	1551.51012	1898.67453	        P1	
1931.92858	1521.65935	 722.29948	        P1	
2199.27118	 898.43430	1997.52093	        P1	
1058.02094	 883.14490	1412.16492	        P1	
2071.90513	 514.74313	  65.89762	        P1	
1670.89123	1123.40691	1826.08421	        P1	
2020.20208	1100.83682	  92.66850	        P1	
1181.60384	 257.00752	 566.30751	        P1	
1904.18548	 534.40093	 807.24560	        P1	
 151.32600	1710.95672	1645.38064	        P1	
1403.54863	 347.28781	  61.77900	        P1	
 775.54574	1895.15756	 541.59591	        P1	
1863.83188	1922.09604	1371.49376	        P1	
   0.00000	1410.99323	1768.42383	        P1	
 232.03320	1987.62204	 168.34777	        P1	
1404.80968	  56.78920	1966.11662	        P1	
1663.32493	1410.26515	 300.65781	        P1	
 742.75844	1129.23143	1879.62603	        P1	
 601.52084	1408.80903	 841.73885	        P1	
 716.27639	2155.07737	 419.58238	        P1	
 655.74599	 123.77132	1703.04108	        P1	
 310.21830	1715.32512	1070.83595	        P1	
 683.48909	 634.87413	1795.70957	        P1	
 567.47249	 812.52242	2207.05472	        P1	
 582.60509	1859.48232	1745.77151	        P1	
1913.01283	1497.63315	 827.32377	        P1	
1900.40233	 787.04010	1171.22682	        P1	
 900.38969	1802.69312	   3.60375	        P1	
1634.32078	1725.51804	 240.93809	        P1	
1209.34694	 233.70941	1729.81195	        P1	
2238.36372	1981.06944	1107.38855	        P1	
1812.12883	1006.91622	 940.58525	        P1	
 447.67274	1223.88011	 361.92194	        P1	
 602.78189	1504.18575	1926.98994	        P1	
1749.07633	2154.34933	1739.59361	        P1	
1175.29859	 464.50653	 177.09982	        P1	
 500.63684	1879.14012	1151.14865	        P1	
1855.00453	 612.30409	1504.83341	        P1	
 191.67960	1726.97416	 666.69838	        P1	
2112.25873	1328.72171	 250.71975	        P1	
 983.61899	 219.87612	1140.85219	        P1	
 165.19755	1624.31675	 419.58238	        P1	
 216.90060	1288.67803	   1.54447	        P1	
2064.33883	 689.47913	1179.46406	        P1	
 994.96844	1673.82532	1918.75270	        P1	
 406.05810	1097.92454	1457.46956	        P1	
 197.98485	 130.32392	 442.74951	        P1	
1065.58724	1429.19491	1293.24035	        P1	
1412.37598	1517.29095	 140.03242	        P1	
1408.59283	 840.91702	1027.07585	        P1	
 297.60780	 572.26041	1439.45066	        P1	
 902.91179	 199.49029	 626.02716	        P1	
 820.94354	2052.41996	1214.98699	        P1	
 747.80264	  96.83288	 213.65235	        P1	
 732.67004	1902.43824	1681.93323	        P1	
 363.18240	1330.90591	 942.64453	        P1	
2142.52393	1446.66851	1906.39690	        P1	
 737.71424	1499.08931	2134.97920	        P1	
 326.61195	 642.88290	1480.12182	        P1	
1488.03898	2053.14805	 271.82759	        P1	
2007.59158	1850.74552	 928.74426	        P1	
2039.11783	1765.56172	2189.03582	        P1	
 939.48224	 814.70662	 563.73336	        P1	
1799.51833	1244.26595	1204.17566	        P1	
 602.78189	1520.20323	1445.62856	        P1	
1810.86778	 831.45214	2112.32694	        P1	
1326.62459	1997.81496	1023.47209	        P1	
 906.69494	1797.59664	1297.35897	        P1	
 450.19484	1349.10755	1011.11629	        P1	
 296.34675	 342.91941	1620.15423	        P1	
1508.21578	2086.63913	 731.05146	        P1	
2167.74493	2023.29733	 701.70644	        P1	
1556.13568	2150.70897	1562.49385	        P1	
2124.86923	 826.35570	 287.78715	        P1	
 805.81094	1200.58195	 955.51520	        P1	
 749.06369	2025.48153	 856.15393	        P1	
 445.15065	 897.70622	2126.74202	        P1	
1919.31808	1488.16831	1855.42923	        P1	
1081.98089	 145.61332	 845.85747	        P1	
 201.76800	1974.51684	1187.70124	        P1	
 321.56775	1231.16075	 177.09982	        P1	
1332.92984	1368.03731	 168.86258	        P1	
1039.10519	 388.78761	1286.54764	        P1	
1901.66338	1009.10042	1644.86583	        P1	
1322.84144	 162.35888	1826.08421	        P1	
 687.27224	1011.28462	 489.59856	        P1	
1064.32619	1756.09684	2236.39974	        P1	
 314.00145	2034.94636	2130.86064	        P1	
2157.65653	1416.08971	1078.55833	        P1	
 258.51525	2212.59465	1340.60426	        P1	
 388.40340	 576.62881	2026.35115	        P1	
1413.63703	1713.14092	 959.63375	        P1	
 479.19899	 780.48750	1126.43705	        P1	
 292.56360	 103.38548	2005.24330	        P1	
 680.96699	1010.55654	 438.11608	        P1	
 424.97385	  66.25408	1424.52072	        P1	
1230.78479	1041.13534	1865.21095	        P1	
1939.49488	 725.15442	1335.97084	        P1	
1417.42018	1440.11591	1177.40472	        P1	
 842.38139	 580.99721	 761.42615	        P1	
2163.96178	 982.89002	1756.06803	        P1	
 126.10500	 123.77132	1894.55597	        P1	
1585.13983	 402.62089	1670.09224	        P1	
1208.08589	1435.74751	1515.64474	        P1	
 610.34819	 270.84081	1229.40207	        P1	
 317.78460	2108.48113	 219.83025	        P1	
1097.11349	1507.09803	1828.65835	        P1	
 643.13549	  94.64868	  88.54988	        P1	
 445.15065	2018.92893	1300.96272	        P1	
1390.93813	1368.03731	2233.82560	        P1	
2013.89683	1957.77132	 755.76306	        P1	
 587.64929	 755.73322	1760.70145	        P1	
 820.94354	1970.87652	 794.37493	        P1	
 261.03735	1547.14172	1152.69312	        P1	
1192.95329	 930.46922	 160.62540	        P1	
 325.35090	 910.08334	1296.84416	        P1	
1494.34423	 171.09569	 374.27774	        P1	
 585.12719	 171.82372	1511.52618	        P1	
1670.89123	1126.31914	 183.27772	        P1	
1699.89538	1202.76615	2081.43744	        P1	
 817.16039	1148.88923	1754.52355	        P1	
 448.93379	1855.11392	  83.91645	        P1	
1453.99063	 114.30648	2178.22450	        P1	
1432.55278	1690.57084	1261.83604	        P1	
1073.15354	1804.87732	  53.02695	        P1	
1320.31934	1890.78916	2110.78247	        P1	
1503.17158	 218.42000	2230.22184	        P1	
 802.02779	 377.13853	 529.24011	        P1	
1940.75593	1456.86143	 823.20515	        P1	
1029.01679	1253.73083	 605.43418	        P1	
 810.85514	 919.54822	 580.72258	        P1	
1133.68394	 872.95194	1099.15137	        P1	
1307.70884	 677.83010	1548.07871	        P1	
1185.38699	1122.67882	 308.89499	        P1	
 756.62999	1763.37752	2172.04660	        P1	
 947.04854	1424.82651	 547.25894	        P1	
 614.13134	2064.06905	1422.46144	        P1	
 281.21415	 383.69113	 436.57161	        P1	
 894.08444	 289.04249	1856.97371	        P1	
1209.34694	 366.21753	 796.43427	        P1	
1296.35939	1298.87095	 862.84670	        P1	
 614.13134	 990.89874	 751.64450	        P1	
 794.46149	2200.21753	1263.89532	        P1	
 841.12034	 271.56889	2151.96842	        P1	
2206.83748	 586.82173	 333.09179	        P1	
 469.11059	 952.31122	1972.29452	        P1	
 939.48224	2064.06905	2193.15444	        P1	
1680.97963	2208.22625	 716.63638	        P1	
1677.19648	 225.70069	1355.01934	        P1	
1921.84018	 614.48830	1294.78482	        P1	
 814.63829	 230.06909	2022.23253	        P1	
 124.84395	1504.91383	1391.57194	        P1	
1788.16888	1070.25802	 427.81956	        P1	
 882.73499	 275.20921	2001.63955	        P1	
1262.31104	1031.67050	2009.87673	        P1	
1657.01968	 314.52481	2188.52102	        P1	
 612.87029	1607.57124	1342.14874	        P1	
1379.58868	1049.87214	 302.20229	        P1	
1484.25583	 261.37592	1754.00875	        P1	
 534.68519	 669.82133	 975.59337	        P1	
1128.63974	1908.26276	 858.21327	        P1	
1276.18259	1609.02735	 944.70387	        P1	
2232.05848	 136.87652	1988.76894	        P1	
1359.41188	2166.72645	1891.98183	        P1	
 788.15624	1152.52954	1655.16235	        P1	
1242.13424	 725.88250	1744.22703	        P1	
 152.58705	 870.03970	2170.50212	        P1	
   0.00000	1154.71374	2211.17334	        P1	
 382.09815	1199.12583	 514.31016	        P1	
  22.69890	1078.99482	1050.24297	        P1	
1886.53078	1821.62284	2021.71772	        P1	
1640.62603	1028.75822	1822.48045	        P1	
1413.63703	2208.22625	1984.65032	        P1	
1764.20893	 896.25010	 638.38296	        P1	
1201.78064	  95.37672	1494.53696	        P1	
1925.62333	2163.08613	   3.60375	        P1	
 887.77919	1544.95752	 508.64707	        P1	
1331.66879	 979.97774	 160.11059	        P1	
1253.48369	 215.50772	2001.12474	        P1	
 303.91305	2020.38504	 475.69829	        P1	
 964.70324	1416.08971	1058.48015	        P1	
1456.51273	1146.70503	1644.86583	        P1	
  60.53040	1103.74911	1095.54755	        P1	
1967.23798	 368.40173	2038.19214	        P1	
 271.12575	 487.07661	1051.78745	        P1	
1023.97259	2233.70857	1062.08397	        P1	
1118.55134	1124.86302	 753.70378	        P1	
 580.08299	  36.40332	1025.01657	        P1	
2134.95763	1617.03612	 275.43135	        P1	
1848.69928	1428.46683	1193.87914	        P1	
 605.30399	1214.41523	 772.23748	        P1	
1606.57768	  94.64868	1473.94392	        P1	
1562.44093	1815.07024	2089.67462	        P1	
1282.48784	 634.14610	1688.62594	        P1	
2083.25458	1916.27152	1441.50994	        P1	
2156.39548	1360.02855	1896.10045	        P1	
1921.84018	1815.79832	  53.02695	        P1	
2030.29048	1394.97575	1080.61767	        P1	
1249.70054	 342.91941	1088.85485	        P1	
  35.30940	1045.50374	 975.59337	        P1	
1308.96989	2243.90153	 139.51755	        P1	
 258.51525	 312.34061	 537.47729	        P1	
 614.13134	2199.48945	1637.14346	        P1	
 664.57334	 651.61970	  32.94878	        P1	
  40.35360	 895.52202	 860.27255	        P1	
1032.79994	 229.34101	1990.82822	        P1	
1817.17303	 338.55101	1193.87914	        P1	
1667.10808	 371.31401	 705.82506	        P1	
1472.90638	 806.69790	 454.59044	        P1	
1301.40359	2232.25245	1478.06254	        P1	
 118.53870	1332.36203	 965.29685	        P1	
 770.50154	 139.06072	 672.87628	        P1	
 211.85640	2024.02536	 271.31279	        P1	
 129.88815	 724.42633	1641.26208	        P1	
1219.43534	 500.18181	 983.83055	        P1	
1662.06388	2031.30605	 569.91126	        P1	
 346.78875	1021.47754	1882.20017	        P1	
1546.04728	 358.20881	 137.45827	        P1	
1244.65634	 613.76021	2186.97654	        P1	
1187.90909	1161.99443	1576.90893	        P1	
 310.21830	1377.50215	 640.44230	        P1	
 867.60239	1163.45054	 628.08650	        P1	
 422.45175	 757.91742	1680.38876	        P1	
 372.00975	 120.13100	 613.15656	        P1	
1686.02383	 753.54902	1785.41305	        P1	
1119.81239	 704.76853	1054.36159	        P1	
 928.13279	 339.27909	1449.23232	        P1	
 822.20459	 361.12109	1992.88750	        P1	
1145.03339	2038.58673	  88.54988	        P1	
1773.03628	2216.23497	 943.15940	        P1	
 243.38265	1783.03532	1949.64220	        P1	
 915.52229	1113.94202	1564.55313	        P1	
2126.13028	1540.58912	1906.39690	        P1	
1050.45464	1774.29852	1972.80933	        P1	
 162.67545	 953.03930	1725.69333	        P1	
1703.67853	 117.21872	  11.84100	        P1	
2167.74493	2096.10397	 220.34512	        P1	
1177.82069	1348.37951	1517.18921	        P1	
1552.35253	1551.51012	 280.06477	        P1	
 881.47394	1059.33702	  50.96767	        P1	
1963.45483	 680.74233	1945.52364	        P1	
1475.42848	1065.88962	1587.72026	        P1	
  65.57460	1493.99283	1181.52334	        P1	
 271.12575	1212.23103	2157.63152	        P1	
 786.89519	1808.51764	 444.80879	        P1	
1464.07903	 840.91702	 749.07036	        P1	
1190.43119	1512.92255	  11.84100	        P1	
1314.01409	 993.08294	 523.06221	        P1	
1127.37869	 128.13972	  67.44209	        P1	
2107.21453	1034.58274	2234.34046	        P1	
 784.37309	1643.97456	 549.31828	        P1	
1427.50858	 384.41921	2009.36192	        P1	
1163.94914	2133.96345	2145.27572	        P1	
 540.99044	 736.07542	1390.02746	        P1	
1698.63433	1640.33424	1978.47242	        P1	
 909.21704	1903.89436	1408.04636	        P1	
1060.54304	 498.72569	1503.28894	        P1	
 424.97385	 913.72370	 953.45585	        P1	
1368.23923	 399.70861	1890.43735	        P1	
1706.20063	1165.63474	 436.57161	        P1	
  29.00415	1858.75424	1224.76864	        P1	
 276.16995	1817.98252	1873.96293	        P1	
1573.79038	 979.97774	1241.24306	        P1	
 988.66319	1502.72963	 475.69829	        P1	
1849.96033	 910.81142	2143.73124	        P1	
 812.11619	 610.11989	1770.48311	        P1	
1272.39944	1839.82452	1151.14865	        P1	
1525.87048	 950.85510	1806.00603	        P1	
1808.34568	 883.87294	 949.33730	        P1	
1592.70613	2202.40173	2102.54522	        P1	
1577.57353	1895.15756	1387.96818	        P1	
1877.70343	 459.41009	1035.31303	        P1	
 447.67274	1414.63355	1153.20799	        P1	
 586.38824	1254.45891	 782.01913	        P1	
2047.94518	1542.04523	1416.28354	        P1	
1699.89538	 461.59429	1307.14062	        P1	
1900.40233	1231.16075	  22.65232	        P1	
1973.54323	1864.57876	2204.99544	        P1	
2005.06948	 586.82173	 141.57689	        P1	
1411.11493	 549.69033	1196.45329	        P1	
 230.77215	1791.77212	 335.66587	        P1	
1269.87734	 265.74432	 685.23208	        P1	
 813.37724	 717.14570	1616.03561	        P1	
1675.93543	 664.72490	2122.62340	        P1	
1537.21993	1641.79035	1832.77697	        P1	
 488.02634	 807.42594	1741.65295	        P1	
1546.04728	1332.36203	 415.46376	        P1	
1315.27514	1522.38743	1651.04373	        P1	
2110.99768	1199.85391	1923.38613	        P1	
1088.28614	1057.88090	 218.28577	        P1	
1422.46438	 758.64550	 286.24267	        P1	
1431.29173	1519.47515	1068.26187	        P1	
 137.45445	1054.96862	1428.63934	        P1	
 295.08570	 805.24174	 617.27518	        P1	
 456.50009	 940.66214	 325.36941	        P1	
 383.35920	 589.73401	 823.20515	        P1	
1969.76008	  50.96468	1239.18372	        P1	
1706.20063	 855.47834	1123.86297	        P1	
1311.49199	1134.32791	1911.03033	        P1	
1045.41044	 782.67170	1293.24035	        P1	
1197.99749	1593.00992	 318.67665	        P1	
 775.54574	 877.32034	1888.37807	        P1	
1064.32619	1378.95831	1151.14865	        P1	
 660.79019	1057.15282	2057.24065	        P1	
 940.74329	1875.49976	2246.69626	        P1	
 828.50984	1619.94835	2013.48054	        P1	
 604.04294	   6.55260	 403.10796	        P1	
1993.72003	1635.96584	2063.41855	        P1	
 669.61754	 485.62049	 255.35317	        P1	
 269.86470	1451.76495	 790.25637	        P1	
 155.10915	 990.89874	 479.81691	        P1	
2017.67998	 894.06590	2073.20020	        P1	
 326.61195	2237.34893	1498.65551	        P1	
1224.47954	2097.56013	1300.96272	        P1	
1518.30418	 879.50454	1197.99776	        P1	
1566.22408	1588.64152	1985.16513	        P1	
1256.00579	 780.48750	1628.39141	        P1	
 856.25294	1317.07263	2102.03042	        P1	
1393.46023	1193.30131	1177.40472	        P1	
 780.58994	1544.22943	2007.81745	        P1	
1706.20063	  22.57008	2102.54522	        P1	
 428.75700	 933.38150	1812.18393	        P1	
 718.79849	 294.13893	1315.37786	        P1	
1177.82069	1026.57402	 932.86288	        P1	
1617.92713	1116.12622	1773.05725	        P1	
1504.43263	1174.37154	1272.13256	        P1	
1373.28343	2097.56013	 133.33965	        P1	
1482.99478	 592.64629	1626.84694	        P1	
1176.55964	1168.54703	 939.04078	        P1	
1042.88834	1218.05555	  28.83022	        P1	
 196.72380	 776.11910	1120.25915	        P1	
 368.22660	 126.68360	 501.95436	        P1	
1976.06533	 871.49582	1964.57215	        P1	
1670.89123	  92.46448	1084.73623	        P1	
1511.99893	   3.64032	1377.15686	        P1	
1780.60258	 682.92653	1462.10298	        P1	
1298.88149	 442.66453	2093.79324	        P1	
 790.67834	 468.14689	1226.82792	        P1	
   2.52210	  13.10520	1539.84153	        P1	
 383.35920	 251.91109	1523.36711	        P1	
 746.54159	 892.60974	2186.46174	        P1	
1261.04999	2175.46325	1976.92795	        P1	
 436.32330	 853.29414	 889.10277	        P1	
 918.04439	1370.22151	 644.56086	        P1	
1697.37328	1196.94163	1898.15973	        P1	
1808.34568	 331.99841	 574.54468	        P1	
1577.57353	2196.57717	2044.37004	        P1	
1832.30563	2100.47237	 363.98129	        P1	
1401.02653	2205.31397	1079.07319	        P1	
2209.35958	 232.98132	 975.59337	        P1	
 572.51669	 235.89361	 481.87619	        P1	
1452.72958	 257.73561	1933.68265	        P1	
 324.08985	1627.22904	 969.93027	        P1	
 832.29299	1068.80191	2059.29993	        P1	
 493.07054	 706.95273	 232.70091	        P1	
1334.19089	1333.81815	 529.24011	        P1	
  39.09255	1306.87971	2233.82560	        P1	
1849.96033	 529.30449	2139.61262	        P1	
 926.87174	 807.42594	1517.70408	        P1	
 858.77504	1232.61691	1585.14611	        P1	
 749.06369	 997.45134	1659.79578	        P1	
1522.08733	 634.14610	2139.61262	        P1	
1256.00579	1078.99482	 835.56095	        P1	
 976.05269	1046.95990	1336.48564	        P1	
2068.12198	1182.38031	 638.38296	        P1	
 598.99874	 858.39062	2040.25142	        P1	
 725.10374	1005.46010	2141.15710	        P1	
2234.58058	 757.18934	1789.53167	        P1	
 858.77504	 605.02341	 834.01648	        P1	
1796.99623	1162.72251	2176.68002	        P1	
1471.64533	2026.20956	1457.46956	        P1	
 862.55819	  81.54348	 984.34535	        P1	
 745.28054	  21.11392	 869.02460	        P1	
 448.93379	1032.39854	1789.53167	        P1	
1517.04313	1609.75544	1150.63384	        P1	
2093.34298	 636.33030	2240.00350	        P1	
 540.99044	1717.50932	 150.32888	        P1	
1158.90494	 677.83010	 948.82243	        P1	
1895.35813	 455.04169	1911.03033	        P1	
 573.77774	 354.56849	1894.04110	        P1	
 290.04150	2123.04245	1173.80097	        P1	
1707.46168	2216.23497	 852.03537	        P1	
1447.68538	2181.28777	 720.75500	        P1	
  93.31770	1948.30644	 131.28037	        P1	
1153.86074	2132.50733	1534.17844	        P1	
 261.03735	1721.87772	1775.11653	        P1	
 321.56775	 549.69033	 739.28870	        P1	
2056.77253	 484.16433	1284.48836	        P1	
2238.36372	 842.37314	 246.60119	        P1	
1214.39114	 744.81222	1563.00866	        P1	
1364.45608	 467.41881	 353.68477	        P1	
  74.40195	 452.12941	1854.91443	        P1	
1162.68809	 621.76893	1764.82007	        P1	
2237.10267	 463.05041	1760.70145	        P1	
1799.51833	 859.84674	1259.77676	        P1	
1697.37328	1559.51883	2132.91992	        P1	
  63.05250	1659.99204	1793.13543	        P1	
1370.76133	 755.00514	 110.68739	        P1	
1335.45194	 526.39221	 784.59328	        P1	
 314.00145	1015.65302	1519.76336	        P1	
 882.73499	1333.81815	1746.28638	        P1	
1459.03483	 548.23421	 569.91126	        P1	
 693.57749	 128.13972	 788.71190	        P1	
1152.59969	  74.26280	1235.57997	        P1	
2025.24628	1919.18376	 932.34807	        P1	
 448.93379	 649.43550	1725.69333	        P1	
 877.69079	 151.43788	 564.24816	        P1	
1061.80409	 228.61292	2036.64767	        P1	
1103.41874	 539.49741	1674.21086	        P1	
 311.47935	2221.33145	1976.92795	        P1	
1630.53763	 321.07741	 977.65265	        P1	
1677.19648	1582.81695	1202.63119	        P1	
2046.68413	  19.65780	1297.35897	        P1	
 413.62440	1760.46524	 698.10268	        P1	
 723.84269	 573.71653	1270.58809	        P1	
1977.32638	 591.19013	 802.61217	        P1	
2116.04188	 129.59588	 669.27246	        P1	
 269.86470	 575.17269	 145.69545	        P1	
2045.42308	1048.41602	1354.50454	        P1	
1581.35668	1645.43072	1362.74172	        P1	
1870.13713	2203.85785	 903.51785	        P1	
2064.33883	 718.60182	1118.19987	        P1	
1918.05703	1247.17823	  44.78977	        P1	
1394.72128	1020.74950	1968.17590	        P1	
1971.02113	2227.15597	1820.42117	        P1	
1423.72543	1255.91503	1243.30234	        P1	
1182.86489	 499.45373	1395.69056	        P1	
 122.32185	1423.37035	1179.46406	        P1	
1703.67853	1319.98491	1906.39690	        P1	
2219.44798	2041.49896	 506.07298	        P1	
1812.12883	  96.83288	 317.13217	        P1	
1153.86074	 683.65462	1700.46693	        P1	
1297.62044	1646.15876	1672.15158	        P1	
 133.67130	 115.03452	 116.86529	        P1	
1933.18963	 507.46249	 335.66587	        P1	
1664.58598	1124.13494	1105.32927	        P1	
1791.95203	1615.57995	 512.25088	        P1	
1967.23798	 779.03134	1622.72838	        P1	
1587.66193	 587.54981	1834.83625	        P1	
1374.54448	 982.89002	 642.50158	        P1	
 163.93650	1978.88524	1848.73653	        P1	
1649.45338	1169.27511	1490.93314	        P1	
