2007.00000	   0.00000	   0.00000	   0.00000	
1229.52374	 519.11153	 370.15919	        P1	
1877.70343	 666.18101	 390.75216	        P1	
1161.42704	1988.35013	2196.75820	        P1	
2216.92588	1383.32671	 670.81694	        P1	
1986.15373	1975.24493	1381.27542	        P1	
 215.63955	1095.74034	 722.29948	        P1	
1469.12323	1529.66812	1430.69862	        P1	
1486.77793	  85.18380	 457.16459	        P1	
1344.27928	 601.38309	1183.58262	        P1	
2230.79743	1266.10795	 265.13489	        P1	
1851.22138	 224.24452	1357.07869	        P1	
 910.47809	2217.69113	 504.01364	        P1	
1300.14254	1681.10596	 814.96797	        P1	
1110.98504	 331.27033	1412.67978	        P1	
1992.45898	1855.11392	1344.20802	        P1	
1220.69639	1961.41164	 433.99746	        P1	
1892.83603	 584.63753	 399.50421	        P1	
  36.57045	 737.53153	 598.74148	        P1	
1672.15228	 388.78761	2001.63955	        P1	
1253.48369	1055.69670	1999.06540	        P1	
 481.72109	1823.07896	1395.69056	        P1	
1774.29733	 437.56809	1461.58812	        P1	
1474.16743	 989.44262	1297.35897	        P1	
1697.37328	  53.87692	 133.85452	        P1	
 722.58164	 524.93609	 286.24267	        P1	
 915.52229	1167.81894	1556.31595	        P1	
 633.04709	 927.55694	 936.98150	        P1	
1650.71443	1994.17464	1766.87935	        P1	
 316.52355	 267.20049	 965.81165	        P1	
1636.84288	  33.49108	1782.83891	        P1	
 421.19070	 674.18973	1859.03305	        P1	
1494.34423	2179.10357	2130.86064	        P1	
 312.74040	  14.56132	 658.97600	        P1	
1000.01264	2034.94636	1321.55576	        P1	
1359.41188	1029.48630	1151.14865	        P1	
1947.06118	2136.14765	1791.59095	        P1	
1383.37183	 613.76021	1569.18656	        P1	
 428.75700	2034.21833	 613.67136	        P1	
1750.33738	 602.83921	 520.48806	        P1	
 114.75555	1908.26276	 147.75479	        P1	
 746.54159	 160.17469	1422.97624	        P1	
1244.65634	 421.55061	 897.33995	        P1	
 290.04150	 104.84160	 699.64716	        P1	
  41.61465	1123.40691	2077.83362	        P1	
 592.69349	2130.32313	 916.38846	        P1	
 745.28054	 141.97300	1132.10015	        P1	
 297.60780	 930.46922	 926.68498	        P1	
1464.07903	 114.30648	 843.79813	        P1	
 949.57064	  45.86820	 261.01627	        P1	
 595.21559	  37.85948	2079.37810	        P1	
1858.78768	 712.04922	 211.59307	        P1	
1684.76278	 468.87493	1925.44547	        P1	
 153.84810	1652.71136	 708.39920	        P1	
2050.46728	1113.94202	2151.45362	        P1	
1691.06803	 325.44581	 928.22945	        P1	
 612.87029	1728.43032	 250.71975	        P1	
1519.56523	2039.31476	1066.71739	        P1	
1360.67293	 134.69232	1282.94389	        P1	
1171.51544	2023.29733	 650.73876	        P1	
 899.12864	  86.63992	 498.35061	        P1	
 503.15894	1871.85944	1150.63384	        P1	
1790.69098	2240.98925	1255.65814	        P1	
1334.19089	2044.41125	2205.51024	        P1	
1239.61214	 353.11233	  18.01890	        P1	
2138.74078	 132.50812	1906.91177	        P1	
1151.33864	1030.21434	 178.64429	        P1	
1607.83873	1299.59903	 712.00296	        P1	
 887.77919	 579.54109	1356.56382	        P1	
 421.19070	1330.90591	 491.65784	        P1	
2047.94518	1068.80191	 934.92215	        P1	
 493.07054	2215.50693	1356.56382	        P1	
1031.53889	 972.69710	 979.71193	        P1	
 612.87029	 918.82014	 444.29398	        P1	
1002.53474	 773.93490	2079.37810	        P1	
 218.16165	1309.79195	1122.31849	        P1	
1233.30689	 435.38389	 442.23464	        P1	
1610.36083	 702.58433	2203.45096	        P1	
1380.84973	1274.84475	1721.57478	        P1	
1567.48513	  56.06112	 444.29398	        P1	
 778.06784	 711.32113	1017.29419	        P1	
 321.56775	 472.51529	1398.26464	        P1	
 373.27080	 730.97894	 740.83318	        P1	
1741.51003	1660.72012	1941.91983	        P1	
 858.77504	 520.56769	1348.84144	        P1	
1194.21434	2219.87533	   8.23718	        P1	
 836.07614	1333.09011	1806.00603	        P1	
1179.08174	 977.79354	 401.04869	        P1	
1160.16599	1246.45015	 127.67662	        P1	
1546.04728	1745.90392	1257.71742	        P1	
2098.38718	1429.92295	1808.06537	        P1	
 490.54844	2084.45493	1103.26993	        P1	
1035.32204	 655.98810	 768.11886	        P1	
 517.03049	1801.23696	2011.93607	        P1	
1455.25168	 403.34893	1568.67175	        P1	
 137.45445	 843.82930	 113.26148	        P1	
 776.80679	1223.15203	 674.93556	        P1	
 273.64785	2017.47276	1327.73366	        P1	
2021.46313	1050.60022	 279.54997	        P1	
 336.70035	1228.24851	  26.77088	        P1	
1865.09293	1817.98252	1758.12731	        P1	
1126.11764	2222.78757	1042.00579	        P1	
1616.66608	1607.57124	1997.00612	        P1	
 640.61339	1923.55216	  10.29652	        P1	
 230.77215	 376.41049	1447.68784	        P1	
 508.20314	2163.08613	2108.72312	        P1	
2001.28633	 335.63873	2228.16256	        P1	
 971.00849	1057.15282	1261.83604	        P1	
 939.48224	2040.77093	 726.41804	        P1	
 760.41314	1767.01784	 390.75216	        P1	
1264.83314	 915.17982	 668.75766	        P1	
 185.37435	 715.68953	1451.29166	        P1	
 598.99874	 171.09569	 990.52325	        P1	
1583.87878	2102.65657	  90.60922	        P1	
1494.34423	 910.81142	   7.72237	        P1	
1138.72814	1577.72052	1356.56382	        P1	
1725.11638	 931.92534	2137.03854	        P1	
 388.40340	1278.48511	1350.38592	        P1	
1384.63288	1668.72884	1836.38073	        P1	
1744.03213	2085.91105	 389.20769	        P1	
 664.57334	 546.77809	 786.65256	        P1	
1997.50318	 530.03253	1394.14608	        P1	
1186.64804	 875.86422	2163.80942	        P1	
2065.59988	 977.06550	1591.32401	        P1	
 153.84810	1974.51684	 366.04057	        P1	
1326.62459	 824.17150	1262.35085	        P1	
 242.12160	 712.04922	1013.17557	        P1	
2042.90098	1772.11432	2139.61262	        P1	
 939.48224	 996.72330	2116.44550	        P1	
1682.24068	2070.62165	 736.71456	        P1	
 948.30959	1198.39775	2098.42667	        P1	
1630.53763	  53.14888	2054.66650	        P1	
 746.54159	1975.97296	1320.01129	        P1	
1615.40503	1806.33344	1323.61504	        P1	
 315.26250	1243.53791	2128.80130	        P1	
1544.78623	2034.94636	 574.02988	        P1	
1704.93958	  13.10520	1243.30234	        P1	
1559.91883	1219.51171	 718.69566	        P1	
1388.41603	1503.45771	1943.46430	        P1	
1693.59013	 281.76181	 489.59856	        P1	
1269.87734	1861.66652	 961.17823	        P1	
 914.26124	 385.14729	2209.11400	        P1	
1934.45068	1834.72804	2102.03042	        P1	
 378.31500	2042.95513	1317.95194	        P1	
 332.91720	 508.19053	1894.55597	        P1	
 755.36894	1810.70184	2199.33234	        P1	
1920.57913	2135.41957	 702.22130	        P1	
1394.72128	1445.94043	 259.47179	        P1	
2134.95763	 728.79473	1988.76894	        P1	
1766.73103	 992.35490	  15.95955	        P1	
 129.88815	1440.84395	 413.40448	        P1	
 282.47520	1170.73123	2182.34312	        P1	
 761.67419	1812.88604	 809.30488	        P1	
 189.15750	 688.75110	1251.53952	        P1	
 138.71550	1272.66055	 448.92741	        P1	
1066.84829	1648.34296	 586.38568	        P1	
2176.57228	 585.36561	1218.59074	        P1	
 290.04150	1855.11392	1294.78482	        P1	
1826.00038	1788.13176	1204.17566	        P1	
 428.75700	1144.52083	1484.24044	        P1	
 475.41584	 529.30449	1412.16492	        P1	
 722.58164	 159.44660	 792.31565	        P1	
1775.55838	1973.06073	1776.66101	        P1	
1200.51959	 993.08294	 512.25088	        P1	
 636.83024	1663.63236	 419.58238	        P1	
1061.80409	1572.62403	 871.08388	        P1	
1914.27388	1360.02855	 936.98150	        P1	
1168.99334	1156.89794	1099.15137	        P1	
1744.03213	  66.25408	1183.58262	        P1	
1335.45194	1175.82771	1787.47233	        P1	
1224.47954	1116.12622	 520.48806	        P1	
1848.69928	 733.89122	  86.49060	        P1	
 209.33430	 232.98132	 615.73070	        P1	
 880.21289	 227.15681	 223.94887	        P1	
1343.01823	1266.10795	2209.62886	        P1	
 940.74329	1791.04404	1606.25396	        P1	
 162.67545	1619.94835	 949.33730	        P1	
2147.56813	 169.63952	 164.74402	        P1	
1233.30689	1574.08015	 703.76578	        P1	
 419.92965	  44.41208	 689.35064	        P1	
 510.72524	 747.72450	2147.33500	        P1	
 614.13134	 340.00713	2246.69626	        P1	
2140.00183	1691.29892	1392.08674	        P1	
 103.40610	1930.83284	 162.16987	        P1	
1962.19378	1713.86896	2246.69626	        P1	
1828.52248	2166.72645	1723.63405	        P1	
 538.46834	1376.77411	 249.17527	        P1	
1548.56938	1279.94123	1186.15677	        P1	
 890.30129	 843.10122	1803.94675	        P1	
2044.16203	1801.96504	 718.18086	        P1	
1453.99063	1796.14052	1708.70411	        P1	
1227.00164	1087.00354	1908.45625	        P1	
 457.76114	2174.73517	 660.52048	        P1	
1759.16473	 197.30609	1466.22154	        P1	
1312.75304	  69.16632	1377.15686	        P1	
2240.88582	2097.56013	1435.33204	        P1	
2114.78083	 538.04129	1534.17844	        P1	
1529.65363	 159.44660	1397.74984	        P1	
1295.09834	1592.28184	 495.77646	        P1	
1855.00453	 210.41129	 880.86553	        P1	
 232.03320	1028.03014	 685.23208	        P1	
2209.35958	1991.99044	2057.24065	        P1	
 566.21144	 406.98929	2003.69883	        P1	
1780.60258	2242.44537	 963.23757	        P1	
1152.59969	 758.64550	1756.58283	        P1	
 356.87715	 472.51529	 788.19703	        P1	
 581.34404	 734.61930	 341.84377	        P1	
 751.58579	 978.52162	1218.59074	        P1	
1204.30274	1485.98411	1540.35634	        P1	
1064.32619	 847.46962	1260.29157	        P1	
 609.08714	1410.26515	1764.82007	        P1	
1774.29733	1266.10795	1906.91177	        P1	
2175.31123	2205.31397	 621.90860	        P1	
 277.43100	1006.18814	1536.23778	        P1	
 455.23904	1089.91582	2112.84174	        P1	
1639.36498	2031.30605	 296.53919	        P1	
1924.36228	1320.71295	2092.24877	        P1	
 649.44074	1815.07024	 847.91675	        P1	
1692.32908	 362.57721	 438.63089	        P1	
   1.26105	1927.19252	 547.25894	        P1	
 722.58164	1883.50852	 936.46663	        P1	
1998.76423	1236.98531	2141.15710	        P1	
 881.47394	 839.46090	 521.00287	        P1	
 925.61069	1568.25563	1045.60955	        P1	
 730.14794	1525.29972	 701.70644	        P1	
1119.81239	1306.15163	 420.09719	        P1	
1795.73518	1381.87055	1202.63119	        P1	
 404.79705	 982.16194	1154.75247	        P1	
 631.78604	 353.11233	 611.09728	        P1	
1738.98793	1797.59664	1039.43165	        P1	
1208.08589	 240.26201	 940.58525	        P1	
1209.34694	1419.00195	 289.84649	        P1	
 419.92965	1781.57916	2011.93607	        P1	
1011.36209	1779.39496	1307.65549	        P1	
1775.55838	  37.85948	1212.92765	        P1	
 418.66860	2003.63953	 522.54734	        P1	
1644.40918	1565.34335	1851.31067	        P1	
2021.46313	 811.79434	2050.54794	        P1	
1235.82899	 688.75110	 670.81694	        P1	
 973.53059	2224.97177	2036.64767	        P1	
 334.17825	1098.65262	 117.38010	        P1	
1094.59139	1673.09724	 364.49609	        P1	
2058.03358	 716.41762	1397.74984	        P1	
 453.97799	1444.48431	  65.38275	        P1	
 247.16580	1186.74871	1144.97075	        P1	
1157.64389	2137.60377	 567.85198	        P1	
2214.40378	  82.99960	1113.56645	        P1	
 466.58849	1875.49976	  53.54182	        P1	
2124.86923	 561.33941	 704.28058	        P1	
 208.07325	1781.57916	 628.08650	        P1	
 161.41440	1023.66174	1499.17038	        P1	
 624.21974	 286.13021	1447.17304	        P1	
 929.39384	 478.33981	2083.49672	        P1	
 677.18384	1545.68555	2073.71507	        P1	
 954.61484	1038.95114	1838.95487	        P1	
1450.20748	 165.99920	1762.24593	        P1	
 759.15209	1431.37911	 948.82243	        P1	
 401.01390	1929.37672	1924.93060	        P1	
1962.19378	1479.43151	2023.77700	        P1	
1477.95058	1068.80191	1305.59615	        P1	
1032.79994	 720.05793	  35.00812	        P1	
1942.01698	2091.00753	1237.63925	        P1	
1426.24753	1788.85984	 273.37207	        P1	
2030.29048	 237.34972	1338.54499	        P1	
1674.67438	1064.43351	1194.39395	        P1	
2002.54738	  75.71892	1284.48836	        P1	
1089.54719	 205.31480	1309.71477	        P1	
1950.84433	 998.17942	2174.62074	        P1	
 720.05954	  88.09608	 768.11886	        P1	
1047.93254	 385.14729	 675.45036	        P1	
1105.94084	1203.49423	  13.90027	        P1	
1209.34694	1764.10556	 271.31279	        P1	
1071.89249	1333.81815	1567.12728	        P1	
 401.01390	1408.08095	 380.97051	        P1	
1942.01698	1188.20483	1377.67166	        P1	
 417.40755	1657.80784	1865.72575	        P1	
1517.04313	1181.65223	 155.99197	        P1	
 224.46690	1134.32791	2170.50212	        P1	
1804.56253	1500.54543	 854.09465	        P1	
1651.97548	 726.61053	2203.45096	        P1	
 488.02634	2212.59465	1229.40207	        P1	
1776.81943	 536.58513	1165.56379	        P1	
 191.67960	1169.27511	 683.17274	        P1	
 513.24734	1443.75623	1050.24297	        P1	
1820.95618	1757.55296	1142.39667	        P1	
2161.43968	 777.57522	 940.58525	        P1	
1546.04728	 148.52560	1711.27825	        P1	
1767.99208	 311.61253	 919.99227	        P1	
   2.52210	1393.51963	  94.21297	        P1	
1650.71443	1420.45811	 650.73876	        P1	
2129.91343	1532.58035	 258.95699	        P1	
1319.05829	1614.85192	1410.62044	        P1	
 887.77919	1884.23656	1803.43195	        P1	
 598.99874	 471.05913	1554.77148	        P1	
1534.69783	1595.19412	 831.44233	        P1	
1419.94228	 349.47201	1700.46693	        P1	
  95.83980	 637.78641	 619.33446	        P1	
 257.25420	1949.76256	1092.97347	        P1	
 155.10915	1153.98571	 558.07026	        P1	
1595.22823	 674.91781	1200.05704	        P1	
1003.79579	2160.90193	2201.39162	        P1	
2208.09853	 925.37274	 345.44759	        P1	
1837.34983	1448.12463	2089.67462	        P1	
 255.99315	1341.82691	1929.56403	        P1	
1636.84288	1367.30923	 600.80076	        P1	
2124.86923	   8.00872	 450.47188	        P1	
   7.56630	1028.03014	 499.89508	        P1	
1503.17158	 812.52242	 551.37756	        P1	
 334.17825	1270.47635	 943.15940	        P1	
2063.07778	1732.79872	2029.95490	        P1	
 625.48079	1434.29135	1499.17038	        P1	
1321.58039	1710.95672	1659.28091	        P1	
1465.34008	1712.41284	 977.65265	        P1	
1708.72273	1219.51171	 236.81947	        P1	
 915.52229	1486.71215	 104.50949	        P1	
1406.07073	 179.83249	 275.43135	        P1	
1964.71588	1281.39735	 209.53379	        P1	
1182.86489	 639.24253	2061.35927	        P1	
2040.37888	1135.78403	1972.29452	        P1	
  45.39780	 476.15561	 210.04859	        P1	
 402.27495	1186.02063	1810.12465	        P1	
1929.40648	1502.72963	2106.66384	        P1	
2158.91758	1161.99443	1626.33213	        P1	
 717.53744	1296.68675	 980.22680	        P1	
2191.70488	   1.45612	1678.32948	        P1	
1097.11349	 767.38230	1288.60692	        P1	
1213.13009	 949.39894	1710.76345	        P1	
 209.33430	 535.85709	 749.58516	        P1	
1406.07073	1295.23063	1743.71223	        P1	
1291.31519	 515.47121	 619.33446	        P1	
1078.19774	 520.56769	1856.97371	        P1	
 960.92009	 531.48869	1416.79834	        P1	
1979.84848	 366.94561	1606.25396	        P1	
2133.69658	1301.78323	2007.81745	        P1	
1834.82773	 238.07781	 475.69829	        P1	
1755.38158	 937.74990	1855.42923	        P1	
1018.92839	1443.02815	 479.81691	        P1	
1348.06243	1539.86103	2034.07352	        P1	
1455.25168	 489.26081	2038.70695	        P1	
 310.21830	1249.36243	2230.22184	        P1	
 437.58435	1222.42395	1982.59104	        P1	
1635.58183	 197.30609	  77.73855	        P1	
 981.09689	1911.90312	 879.32106	        P1	
1084.50299	1689.11472	1041.49093	        P1	
2020.20208	 457.22589	 615.21584	        P1	
1595.22823	1826.71932	1713.33753	        P1	
 641.87444	1336.00235	2042.82557	        P1	
 858.77504	 960.31994	1159.38589	        P1	
1488.03898	2200.21753	  83.91645	        P1	
1209.34694	2042.22705	 821.66068	        P1	
1949.58328	1461.95791	 199.75207	        P1	
1197.99749	 736.80350	 409.80067	        P1	
 158.89230	2115.76177	 289.84649	        P1	
1597.75033	 935.56570	1546.53424	        P1	
1354.36768	 787.76814	 986.40470	        P1	
 175.28595	1375.31795	2001.12474	        P1	
  29.00415	 216.23580	2157.63152	        P1	
 725.10374	1362.21275	 331.54731	        P1	
 384.62025	1059.33702	 952.94105	        P1	
2054.25043	 851.10994	1344.72289	        P1	
1302.66464	1318.52875	 121.49872	        P1	
1293.83729	 851.83802	 131.28037	        P1	
1288.79309	 133.96428	 656.91666	        P1	
1925.62333	 366.21753	1968.69077	        P1	
 307.69620	 844.55734	1272.13256	        P1	
2070.64408	2134.69153	2042.31070	        P1	
 935.69909	2104.11273	1540.35634	        P1	
 592.69349	 896.97814	 431.93818	        P1	
2018.94103	  60.42952	 160.11059	        P1	
1244.65634	1306.87971	1744.22703	        P1	
 691.05539	1706.58832	2134.97920	        P1	
1680.97963	1504.91383	1124.37777	        P1	
1436.33593	2081.54265	1175.34544	        P1	
 578.82194	 653.07581	 817.02725	        P1	
1166.47124	1483.07183	1223.22417	        P1	
1181.60384	1497.63315	 949.33730	        P1	
 902.91179	1512.92255	1079.07319	        P1	
1054.23779	2005.09564	 234.76019	        P1	
1720.07218	1555.15043	 852.55018	        P1	
2208.09853	1359.30051	1480.12182	        P1	
1742.77108	1421.18615	  92.15369	        P1	
1208.08589	1661.44816	1303.02206	        P1	
1075.67564	2107.75305	 267.19417	        P1	
2088.29878	1689.11472	 831.44233	        P1	
1706.20063	1261.73955	1684.50738	        P1	
 527.11889	 257.73561	1292.72554	        P1	
1488.03898	2230.79633	 578.14844	        P1	
 778.06784	 555.51489	1373.55304	        P1	
1055.49884	 785.58394	1846.67725	        P1	
1417.42018	1986.16593	1775.11653	        P1	
1582.61773	1379.68635	1066.71739	        P1	
1715.02798	2226.42793	 119.43938	        P1	
 610.34819	2029.84993	1986.70960	        P1	
1369.50028	 508.19053	 146.21032	        P1	
 288.78045	 625.40930	2172.04660	        P1	
 257.25420	 631.96190	 707.88434	        P1	
 214.37850	1777.93884	1737.53433	        P1	
 697.36064	1592.28184	  86.49060	        P1	
 711.23219	1071.71414	1659.79578	        P1	
1171.51544	 607.93569	 120.98385	        P1	
1257.26684	2040.77093	1616.03561	        P1	
1773.03628	1153.25763	1921.32685	        P1	
 148.80390	 439.75229	 490.11337	        P1	
1605.31663	1649.07104	1420.91696	        P1	
1315.27514	2046.59545	 792.31565	        P1	
1994.98108	 834.36442	 186.88147	        P1	
 798.24464	1605.38704	 525.12149	        P1	
 237.07740	 299.96349	  34.49325	        P1	
 485.50424	 562.79553	2044.37004	        P1	
2032.81258	 164.54309	1733.41571	        P1	
1968.49903	1009.82850	1127.98152	        P1	
1891.57498	 684.38270	 880.86553	        P1	
1786.90783	 150.70980	 376.85189	        P1	
1128.63974	1164.17863	1198.51257	        P1	
2071.90513	1168.54703	1544.47496	        P1	
 136.19340	 597.01469	1659.28091	        P1	
 486.76529	 682.92653	1642.80655	        P1	
 124.84395	 581.72529	  53.02695	        P1	
 213.11745	1349.10755	1247.42096	        P1	
1678.45753	1481.61571	1912.57480	        P1	
 866.34134	 265.74432	2061.35927	        P1	
1735.20478	  93.19252	 308.38019	        P1	
 735.19214	2026.20956	 220.34512	        P1	
 861.29714	 175.46409	 687.80616	        P1	
 471.63269	 645.06710	 324.85455	        P1	
1802.04043	 460.86621	2015.53982	        P1	
1428.76963	 676.37393	 955.51520	        P1	
1274.92154	1688.38664	1119.74435	        P1	
1571.26828	 751.36482	1360.68244	        P1	
1939.49488	2073.53393	2073.20020	        P1	
 761.67419	2194.39297	1883.74465	        P1	
1886.53078	 519.83961	2168.44284	        P1	
1609.09978	1192.57323	 810.84935	        P1	
1412.37598	1253.73083	1854.91443	        P1	
 683.48909	 112.12228	1435.33204	        P1	
 324.08985	1882.05236	 271.31279	        P1	
2227.01428	 333.45453	 158.56612	        P1	
 237.07740	1860.93844	1422.46144	        P1	
  95.83980	1357.11631	 916.38846	        P1	
2181.61648	 170.36760	 427.81956	        P1	
1738.98793	1040.40730	2067.02230	        P1	
2215.66483	 878.77650	2196.75820	        P1	
1331.66879	 631.96190	1077.01385	        P1	
2171.52808	 586.82173	1531.60436	        P1	
1056.75989	1339.64271	 627.57164	        P1	
 677.18384	1052.05634	1906.91177	        P1	
 910.47809	 751.36482	 772.23748	        P1	
1012.62314	2069.89356	1648.98445	        P1	
1921.84018	 142.70108	1819.90631	        P1	
2214.40378	 262.10401	 143.63617	        P1	
1762.94788	 465.96269	 236.81947	        P1	
1450.20748	1751.72844	 699.64716	        P1	
1157.64389	 583.90949	1027.59065	        P1	
2076.94933	 418.63833	1148.57457	        P1	
 871.38554	1772.84236	 597.19701	        P1	
2063.07778	 637.78641	1459.52884	        P1	
 493.07054	1229.70463	1403.92774	        P1	
1266.09419	1346.92335	 617.27518	        P1	
1474.16743	 140.51688	2159.69080	        P1	
 433.80120	1702.21992	2067.02230	        P1	
 423.71280	1604.65895	 418.03791	        P1	
2030.29048	1906.07856	1957.87944	        P1	
 728.88689	 522.75189	1053.84673	        P1	
1573.79038	 522.75189	  59.20485	        P1	
2045.42308	1252.27471	 175.04047	        P1	
1865.09293	1469.96663	1124.37777	        P1	
1770.51418	 869.31162	 372.21847	        P1	
1407.33178	  84.45572	1883.74465	        P1	
 488.02634	1347.65143	 600.80076	        P1	
 829.77089	 544.59389	 120.98385	        P1	
1689.80698	 327.63001	1476.51806	        P1	
1646.93128	2150.70897	1117.68507	        P1	
 818.42144	  82.27152	  65.89762	        P1	
1467.86218	2026.93764	  20.07817	        P1	
1684.76278	2024.02536	 813.42350	        P1	
2234.58058	 298.50733	1412.67978	        P1	
1974.80428	2137.60377	  55.08629	        P1	
1466.60113	1640.33424	   1.54447	        P1	
1055.49884	1717.50932	2110.26760	        P1	
1370.76133	 948.67090	 539.53657	        P1	
1065.58724	 511.83089	  70.01618	        P1	
2247.19107	 550.41841	 588.44496	        P1	
 573.77774	1231.16075	 493.71718	        P1	
2227.01428	2098.28817	 411.86001	        P1	
 607.82609	  96.10480	  61.77900	        P1	
 147.54285	 271.56889	2009.87673	        P1	
1095.85244	  89.55220	2244.12212	        P1	
1752.85948	 246.08652	1332.36709	        P1	
1650.71443	1806.33344	1742.16775	        P1	
 644.39654	1142.33663	 111.20220	        P1	
1539.74203	1587.91344	 946.76315	        P1	
 924.34964	1490.35251	 281.60925	        P1	
1017.66734	2021.84116	  96.78712	        P1	
  42.87570	  72.80668	1894.04110	        P1	
 765.45734	1386.96703	1885.80393	        P1	
1039.10519	 696.03173	1420.40216	        P1	
1234.56794	1400.07223	1941.40502	        P1	
2126.13028	1230.43271	1677.81461	        P1	
1411.11493	1151.07343	 463.34249	        P1	
 553.60094	  60.42952	 689.86550	        P1	
1562.44093	2059.70065	1953.76082	        P1	
 935.69909	 195.12189	1700.98173	        P1	
1593.96718	 563.52361	 421.64166	        P1	
1382.11078	1980.34136	 228.06749	        P1	
 718.79849	 623.22510	1583.60164	        P1	
1069.37039	 862.03094	1111.50717	        P1	
1380.84973	1946.12224	1773.05725	        P1	
 321.56775	1391.33543	1014.72005	        P1	
2182.87753	1449.58075	1585.66098	        P1	
 387.14235	 360.39301	 568.36679	        P1	
1365.71713	 693.84753	 430.39371	        P1	
 617.91449	 416.45413	 714.57710	        P1	
1943.27803	1960.68356	1567.12728	        P1	
 262.29840	  62.61372	2217.35124	        P1	
1184.12594	 434.65581	1379.21614	        P1	
1904.18548	1071.71414	2180.28384	        P1	
 639.35234	 325.44581	 821.66068	        P1	
 977.31374	1299.59903	1885.80393	        P1	
1041.62729	1948.30644	 278.00549	        P1	
1440.11908	 203.85869	1220.65002	        P1	
 344.26665	 797.23302	 988.46397	        P1	
 539.72939	1527.48392	1097.09203	        P1	
1076.93669	 799.41722	1669.57743	        P1	
 784.37309	  84.45572	1227.34279	        P1	
1858.78768	1357.11631	 454.59044	        P1	
1577.57353	2190.75265	1390.02746	        P1	
1310.23094	1350.56371	1480.12182	        P1	
1692.32908	 289.77053	  78.25342	        P1	
2027.76838	1594.46604	1309.71477	        P1	
1938.23383	1088.45971	1064.65805	        P1	
1982.37058	  32.03492	1581.02755	        P1	
2147.56813	1384.05475	 716.12158	        P1	
1145.03339	 465.96269	1714.88201	        P1	
1021.45049	 563.52361	2236.39974	        P1	
1600.27243	 171.09569	 348.02167	        P1	
 129.88815	2170.36677	 652.79810	        P1	
1290.05414	1753.91264	 852.55018	        P1	
1322.84144	 305.05993	2184.91726	        P1	
 707.44904	 373.49821	 772.23748	        P1	
1827.26143	2205.31397	1160.93037	        P1	
 235.81635	 178.37632	1838.95487	        P1	
 713.75429	2233.70857	1103.78479	        P1	
 833.55404	 749.18062	2094.30804	        P1	
 129.88815	 596.28661	2081.95225	        P1	
 795.72254	2128.13893	1072.38043	        P1	
1829.78353	1618.49224	 815.48278	        P1	
 239.59950	2123.04245	 310.43947	        P1	
 609.08714	2148.52477	 770.17820	        P1	
1349.32348	2047.32353	1226.82792	        P1	
 549.81779	 353.84041	 433.99746	        P1	
1384.63288	 818.34694	 770.17820	        P1	
1913.01283	2007.27984	1303.53687	        P1	
 427.49595	  96.83288	1873.96293	        P1	
  97.10085	 532.21673	 485.99481	        P1	
 572.51669	1585.72924	1315.89267	        P1	
1219.43534	 688.02302	 333.60659	        P1	
  98.36190	1342.55495	1766.36455	        P1	
 344.26665	 107.02580	 884.98415	        P1	
  13.87155	 194.39380	 722.81428	        P1	
  52.96410	 722.24213	1919.26757	        P1	
1528.39258	1550.78203	1630.96556	        P1	
 580.08299	  34.94720	1674.21086	        P1	
1861.30978	 493.62921	1414.73906	        P1	
2122.34713	2096.10397	   4.11862	        P1	
1187.90909	 416.45413	1585.66098	        P1	
1583.87878	1415.36163	1717.45615	        P1	
1021.45049	2203.12977	 294.47991	        P1	
  95.83980	2005.09564	1756.06803	        P1	
1625.49343	1635.96584	1620.15423	        P1	
 614.13134	 922.46050	1157.32655	        P1	
 672.13964	1129.23143	1828.65835	        P1	
 936.96014	1472.87891	1960.45353	        P1	
2181.61648	 138.33268	 868.50973	        P1	
 779.32889	1700.76376	1247.42096	        P1	
 895.34549	 799.41722	2007.81745	        P1	
 598.99874	1880.59624	1422.46144	        P1	
1987.41478	 875.13614	 172.46639	        P1	
 537.20729	  53.87692	 333.09179	        P1	
1466.60113	 261.37592	1920.81205	        P1	
1754.12053	1104.47714	2204.99544	        P1	
2030.29048	2076.44616	1789.53167	        P1	
1387.15498	 454.31361	 131.28037	        P1	
 655.74599	1903.16632	 114.80595	        P1	
1158.90494	2123.77053	1175.86025	        P1	
1301.40359	1335.27431	1873.96293	        P1	
1877.70343	 508.91861	 815.48278	        P1	
 305.17410	1016.38110	2178.22450	        P1	
 895.34549	1089.18774	1265.95466	        P1	
2187.92173	 980.70582	 946.76315	        P1	
2114.78083	 677.83010	1219.10555	        P1	
1064.32619	 678.55813	1642.80655	        P1	
2157.65653	2241.71733	1114.08125	        P1	
 567.47249	1598.83444	 809.30488	        P1	
2114.78083	1890.78916	1086.79557	        P1	
1224.47954	 875.86422	1773.05725	        P1	
1011.36209	2220.60337	 102.96502	        P1	
1650.71443	 619.58473	1177.91959	        P1	
 121.06080	1377.50215	 881.38040	        P1	
 998.75159	 716.41762	2244.12212	        P1	
 182.85225	 992.35490	2071.65573	        P1	
1315.27514	 149.25368	2102.54522	        P1	
 571.25564	 357.48073	1364.80106	        P1	
1163.94914	1104.47714	 370.15919	        P1	
 814.63829	1169.27511	1194.39395	        P1	
1605.31663	2049.50773	 230.64157	        P1	
1201.78064	 441.93649	1455.41022	        P1	
1146.29444	 993.81102	 162.16987	        P1	
 636.83024	 376.41049	 127.16175	        P1	
 938.22119	 851.83802	2009.36192	        P1	
 319.04565	2072.80585	1112.02197	        P1	
1582.61773	2005.82373	1646.92511	        P1	
2071.90513	1912.63116	 228.06749	        P1	
2122.34713	 922.46050	 230.64157	        P1	
  94.57875	 856.93450	1114.08125	        P1	
1991.19793	1761.19332	1850.79581	        P1	
 902.91179	 128.13972	 728.47738	        P1	
1197.99749	1035.31082	1391.57194	        P1	
1815.91198	1645.43072	1280.88455	        P1	
  98.36190	 173.27989	1966.63143	        P1	
 872.64659	 605.75149	2158.14632	        P1	
1215.65219	2086.63913	1653.10301	        P1	
 883.99604	 433.19969	1838.44001	        P1	
1757.90368	1311.97615	 961.69310	        P1	
1846.17718	 530.03253	 191.00009	        P1	
 783.11204	1225.33623	1247.93577	        P1	
2147.56813	  37.13140	1329.79294	        P1	
1791.95203	 706.95273	 265.13489	        P1	
2169.00598	 339.27909	  59.20485	        P1	
 564.95039	2222.05953	 374.27774	        P1	
1394.72128	 990.17070	1657.73644	        P1	
 688.53329	 266.47241	 784.59328	        P1	
2128.65238	 183.47280	2125.19754	        P1	
1568.74618	 348.01589	 131.79518	        P1	
1747.81528	 582.45333	1315.37786	        P1	
 959.65904	 332.72649	 763.48543	        P1	
1778.08048	 307.24413	1315.37786	        P1	
 464.06639	1756.09684	 376.85189	        P1	
2157.65653	1743.71972	 514.82497	        P1	
1143.77234	1474.33503	1044.06507	        P1	
 465.32744	 807.42594	 726.93290	        P1	
 542.25149	1159.08214	 475.18348	        P1	
1069.37039	1409.53711	 652.28324	        P1	
1303.92569	2077.90233	2023.77700	        P1	
1403.54863	 491.44501	 304.26157	        P1	
 824.72669	1871.13136	1048.18369	        P1	
 288.78045	1453.94915	1653.61788	        P1	
1186.64804	 197.30609	 255.35317	        P1	
 253.47105	1008.37234	 141.57689	        P1	
2085.77668	  62.61372	 845.85747	        P1	
1114.76819	2098.28817	2240.51836	        P1	
1824.73933	2011.64824	 728.99218	        P1	
1745.29318	 473.24333	1406.50188	        P1	
 272.38680	1575.53632	  70.01618	        P1	
1484.25583	1385.51091	1430.69862	        P1	
1158.90494	1803.42116	  36.55259	        P1	
 161.41440	 214.05160	 166.80330	        P1	
 828.50984	 340.00713	 252.77909	        P1	
1620.44923	1611.21155	 333.09179	        P1	
 604.04294	1590.82572	 621.39374	        P1	
1031.53889	1240.62563	1896.61525	        P1	
  78.18510	 994.53910	 423.70094	        P1	
1596.48928	2016.74473	1379.73094	        P1	
 324.08985	1282.12543	 205.41517	        P1	
1837.34983	1873.31556	1074.43977	        P1	
 199.24590	 337.82293	2198.81754	        P1	
2129.91343	 597.74273	1727.75268	        P1	
1588.92298	 610.11989	 224.46367	        P1	
 559.90619	1862.39456	 641.98678	        P1	
2021.46313	 666.18101	1002.36425	        P1	
 619.17554	1073.89834	 757.82240	        P1	
 556.12304	1056.42474	1723.11925	        P1	
 139.97655	 712.77730	1640.74721	        P1	
  41.61465	1934.47316	2044.37004	        P1	
 634.30814	 709.86502	1921.32685	        P1	
1438.85803	 602.11113	 683.68760	        P1	
 947.04854	 226.42872	1838.95487	        P1	
1261.04999	1228.97655	 751.64450	        P1	
 303.91305	1586.45732	1904.85243	        P1	
 829.77089	1335.27431	 700.16196	        P1	
2012.63578	2058.97256	1943.97917	        P1	
1403.54863	 277.39341	 526.66596	        P1	
1104.67979	1606.11512	 119.43938	        P1	
1204.30274	1534.03652	1529.54501	        P1	
2129.91343	1477.24731	1379.73094	        P1	
1892.83603	1957.77132	1256.17295	        P1	
1000.01264	 939.93410	2196.75820	        P1	
  25.22100	 192.20960	 291.90577	        P1	
1060.54304	 747.72450	2219.92532	        P1	
 548.55674	1321.44103	 901.97338	        P1	
1907.96863	 459.41009	1195.93842	        P1	
  10.08840	  81.54348	 436.05674	        P1	
  99.62295	1231.16075	 123.04319	        P1	
  45.39780	1684.74632	1634.56931	        P1	
1529.65363	1423.37035	 938.52597	        P1	
1011.36209	1917.72764	1637.14346	        P1	
1037.84414	 372.04209	1616.03561	        P1	
 398.49180	 773.20682	1546.01943	        P1	
 167.71965	1535.49263	1773.05725	        P1	
1542.26413	 807.42594	 146.21032	        P1	
1388.41603	 891.88170	 856.15393	        P1	
1875.18133	2106.29693	1350.38592	        P1	
1907.96863	 851.10994	1221.16489	        P1	
 456.50009	 423.73481	 403.10796	        P1	
1453.99063	 973.42514	 240.42329	        P1	
1524.60943	1347.65143	1983.10585	        P1	
2007.59158	 299.96349	 670.81694	        P1	
1074.41459	 800.87334	2178.73936	        P1	
1925.62333	 328.35809	1325.67432	        P1	
  71.87985	1151.07343	 514.31016	        P1	
 911.73914	 955.95154	1845.13277	        P1	
 225.72795	 961.77610	 700.16196	        P1	
 482.98214	1107.38942	 798.49355	        P1	
2225.75323	1287.94995	 870.56907	        P1	
 960.92009	 703.31242	1719.00063	        P1	
1211.86904	1306.87971	1460.04364	        P1	
1651.97548	 907.17110	 230.64157	        P1	
 703.66589	1530.39615	 987.94917	        P1	
 307.69620	 768.83842	1359.13796	        P1	
1762.94788	1973.06073	1472.39944	        P1	
1829.78353	1793.22824	  49.42320	        P1	
1901.66338	 358.20881	 914.32918	        P1	
 341.74455	 543.86581	1723.63405	        P1	
 587.64929	1977.42913	 409.80067	        P1	
 778.06784	 858.39062	2063.41855	        P1	
1179.08174	1523.84355	1006.48287	        P1	
 100.88400	1253.73083	 749.07036	        P1	
 795.72254	1062.24930	 984.34535	        P1	
 733.93109	1330.90591	1911.03033	        P1	
 451.45589	 391.69989	1138.79285	        P1	
1017.66734	 756.46130	 125.61728	        P1	
1699.89538	 796.50494	2186.46174	        P1	
 720.05954	1886.42076	 617.27518	        P1	
2097.12613	1443.75623	1033.25375	        P1	
1624.23238	 167.45532	 368.61471	        P1	
1585.13983	1956.31516	 351.62549	        P1	
2047.94518	1738.62324	2213.23262	        P1	
1166.47124	1031.67050	1571.24584	        P1	
1292.57624	 545.32193	 512.25088	        P1	
1590.18403	  35.67528	 175.04047	        P1	
1436.33593	 808.88210	 891.67686	        P1	
 978.57479	2089.55137	2203.45096	        P1	
 363.18240	 899.89042	 118.92457	        P1	
2107.21453	1448.12463	 223.94887	        P1	
1283.74889	 481.98013	 703.76578	        P1	
 387.14235	 881.68874	  59.71972	        P1	
2123.60818	 171.82372	1197.99776	        P1	
 136.19340	1712.41284	1712.82273	        P1	
1119.81239	 781.94362	1558.37523	        P1	
2049.20623	 581.72529	1602.13534	        P1	
1285.00994	  57.51728	 675.45036	        P1	
 102.14505	  69.16632	 530.78458	        P1	
1259.78894	1464.14211	1881.68530	        P1	
1182.86489	1019.29334	 893.73620	        P1	
1418.68123	1592.28184	 438.63089	        P1	
1809.60673	2148.52477	1216.53146	        P1	
1761.68683	 607.93569	 212.10787	        P1	
2092.08193	 459.41009	 263.07555	        P1	
 572.51669	 848.92574	2087.61534	        P1	
1003.79579	1865.30684	 915.87365	        P1	
1785.64678	 966.87254	1043.55027	        P1	
1766.73103	  50.23660	1309.71477	        P1	
 621.69764	1119.03851	1183.58262	        P1	
1295.09834	 243.90232	1894.55597	        P1	
  93.31770	1942.48192	1307.14062	        P1	
 766.71839	 765.92614	 313.01361	        P1	
 239.59950	1930.83284	1340.60426	        P1	
1087.02509	1073.17031	  32.94878	        P1	
2035.33468	1464.87015	 401.04869	        P1	
 485.50424	 192.93769	1052.30225	        P1	
1010.10104	 187.11312	 277.49069	        P1	
 244.64370	 579.54109	1350.38592	        P1	
1600.27243	1557.33463	1754.52355	        P1	
 320.30670	1432.83523	2026.35115	        P1	
1847.43823	  60.42952	1543.96016	        P1	
  50.44200	 196.57800	 834.01648	        P1	
1882.74763	 465.23461	1908.97105	        P1	
2126.13028	1658.53592	 150.32888	        P1	
1635.58183	 280.30569	 916.38846	        P1	
1102.15769	 445.57681	  98.84640	        P1	
 727.62584	1510.73835	 228.06749	        P1	
2150.09023	1119.03851	1077.01385	        P1	
2171.52808	1124.13494	1303.02206	        P1	
 214.37850	 728.06670	2221.46980	        P1	
 720.05954	 412.81381	 990.00845	        P1	
 862.55819	 802.32950	1931.10850	        P1	
2026.50733	1105.93331	 205.92997	        P1	
2029.02943	2097.56013	1152.69312	        P1	
 876.42974	2240.26117	 263.59041	        P1	
1058.02094	2068.43745	2149.90914	        P1	
1761.68683	1981.06944	1210.86837	        P1	
1559.91883	 519.11153	1913.08967	        P1	
 292.56360	1831.81576	1389.51266	        P1	
 321.56775	1662.17624	1268.01394	        P1	
2085.77668	1676.00952	 780.47466	        P1	
1370.76133	 128.86780	 712.00296	        P1	
2190.44383	 660.35650	2003.69883	        P1	
1253.48369	 661.08453	 919.99227	        P1	
 416.14650	1809.97376	2240.51836	        P1	
1132.42289	1448.85271	1410.62044	        P1	
1184.12594	 797.23302	1884.25945	        P1	
1055.49884	 728.79473	 512.25088	        P1	
1780.60258	 786.31202	1272.64737	        P1	
1609.09978	 591.19013	1974.86867	        P1	
 496.85369	 187.84120	1142.91147	        P1	
 156.37020	 663.99681	1033.25375	        P1	
1119.81239	2197.30525	1101.21065	        P1	
1452.72958	1866.76296	2079.89297	        P1	
1076.93669	 304.33189	1336.48564	        P1	
 746.54159	 425.19093	2050.54794	        P1	
1340.49614	 955.95154	1672.15158	        P1	
1103.41874	 948.67090	 953.45585	        P1	
2220.70903	1870.40332	 514.82497	        P1	
2119.82503	1868.94716	 926.17017	        P1	
1992.45898	1907.53472	1404.44254	        P1	
1950.84433	1650.52716	 325.36941	        P1	
1156.38284	 338.55101	1056.42087	        P1	
2196.74908	1077.53871	1114.08125	        P1	
 274.90890	 141.24492	2044.37004	        P1	
1249.70054	1341.82691	1572.79031	        P1	
 250.94895	2145.61253	1929.56403	        P1	
1848.69928	1275.57283	1908.97105	        P1	
  94.57875	1376.77411	1233.00582	        P1	
1049.19359	1837.64032	 516.36944	        P1	
1423.72543	  86.63992	1573.30518	        P1	
1136.20604	1223.88011	 411.34514	        P1	
 290.04150	 703.31242	 976.10817	        P1	
1769.25313	1828.17544	 834.01648	        P1	
1997.50318	1076.08254	2050.54794	        P1	
 982.35794	1804.87732	2134.97920	        P1	
1805.82358	1923.55216	1994.94684	        P1	
1034.06099	1805.60536	1326.18919	        P1	
 860.03609	2125.95473	 996.70115	        P1	
2201.79328	 974.15322	 891.16205	        P1	
1129.90079	1933.74512	 565.79264	        P1	
1834.82773	 294.86701	1081.13247	        P1	
1337.97404	 123.04328	2036.13280	        P1	
 580.08299	1986.16593	2184.40240	        P1	
1958.41063	1765.56172	1515.64474	        P1	
1791.95203	 530.76061	 407.74139	        P1	
 626.74184	2243.17345	 376.85189	        P1	
1662.06388	 439.75229	1906.39690	        P1	
1504.43263	 878.77650	  22.13745	        P1	
1350.58453	1576.26435	1820.42117	        P1	
 930.65489	2213.32273	1694.80383	        P1	
 287.51940	1613.39575	 716.12158	        P1	
 394.70865	 226.42872	 425.76028	        P1	
2097.12613	 819.07502	 172.98120	        P1	
   0.00000	1780.85112	 343.38825	        P1	
2073.16618	 279.57761	 352.14029	        P1	
 862.55819	 281.03373	 374.79261	        P1	
 649.44074	  34.21912	2112.32694	        P1	
2064.33883	1758.28104	2162.26494	        P1	
 210.59535	1866.03492	1268.52875	        P1	
 978.57479	 812.52242	1278.82527	        P1	
1204.30274	1216.59943	 569.91126	        P1	
1977.32638	 847.46962	1348.32664	        P1	
 375.79290	1891.51724	 549.83309	        P1	
 175.28595	1461.22983	 718.18086	        P1	
 411.10230	1635.23776	1154.75247	        P1	
 476.67689	2165.27033	2104.08970	        P1	
 831.03194	 457.95393	 615.73070	        P1	
 562.42829	1001.81974	 901.45857	        P1	
1910.49073	1844.19292	 551.89236	        P1	
 749.06369	1461.95791	1171.22682	        P1	
1290.05414	 683.65462	 285.72787	        P1	
1918.05703	1903.89436	 949.33730	        P1	
 813.37724	  96.83288	 897.85476	        P1	
 258.51525	1008.37234	 214.16722	        P1	
 346.78875	1404.44063	2143.73124	        P1	
 460.28324	 599.19889	 757.30753	        P1	
 766.71839	2188.56845	 803.12698	        P1	
2011.37473	 762.28582	1014.72005	        P1	
 848.68664	 516.19929	 564.24816	        P1	
 725.10374	 912.26754	1760.18665	        P1	
1745.29318	1349.83563	 100.39087	        P1	
 667.09544	1577.72052	 693.98406	        P1	
2010.11368	 848.92574	1284.48836	        P1	
  46.65885	 760.82970	 137.97308	        P1	
1112.24609	2009.46404	 500.40989	        P1	
2148.82918	 295.59509	1739.59361	        P1	
 525.85784	1290.86223	1074.95457	        P1	
 170.24175	2004.36756	 308.38019	        P1	
 122.32185	1967.96424	1056.42087	        P1	
 398.49180	1242.08175	1445.11376	        P1	
 804.54989	 270.84081	 100.39087	        P1	
2152.61233	 350.20009	 650.73876	        P1	
1205.56379	1247.90631	 928.74426	        P1	
 866.34134	 176.92020	1099.66617	        P1	
 233.29425	 679.28622	1698.92246	        P1	
1527.13153	1148.16114	1309.19996	        P1	
1790.69098	1052.78442	1342.14874	        P1	
2025.24628	 304.33189	 904.03266	        P1	
 848.68664	 115.76260	 172.98120	        P1	
 395.96970	1661.44816	 889.10277	        P1	
 343.00560	 381.50693	2098.42667	        P1	
1137.46709	1964.32393	1047.66883	        P1	
1986.15373	1135.05594	 492.17271	        P1	
 147.54285	 606.47953	1852.85515	        P1	
 393.44760	 275.20921	 471.06486	        P1	
1860.04873	 867.12742	 976.10817	        P1	
 397.23075	 198.76220	 205.41517	        P1	
 612.87029	 259.19172	1500.71486	        P1	
1296.35939	1394.97575	1920.81205	        P1	
 527.11889	 923.18854	  61.26419	        P1	
1720.07218	1156.16991	 780.47466	        P1	
 940.74329	 981.43390	 780.47466	        P1	
1696.11223	 284.67409	 261.53107	        P1	
1495.60528	 385.87533	1560.94938	        P1	
 766.71839	1908.99084	1490.41834	        P1	
1370.76133	 558.42713	1079.07319	        P1	
2204.31538	1706.58832	 139.51755	        P1	
 640.61339	 816.89082	2126.74202	        P1	
1669.63018	 961.04802	1217.04627	        P1	
 162.67545	1705.86024	1391.57194	        P1	
1297.62044	 459.41009	1552.71214	        P1	
1677.19648	 649.43550	 218.28577	        P1	
 461.54429	 342.19133	1247.42096	        P1	
2232.05848	 880.96070	 714.06224	        P1	
1493.08318	 889.69750	 459.22387	        P1	
1582.61773	 444.84873	2049.00347	        P1	
 271.12575	1216.59943	   1.54447	        P1	
 474.15479	2233.70857	2073.71507	        P1	
 442.62855	 830.72410	1460.04364	        P1	
2079.47143	 562.79553	1809.60985	        P1	
1852.48243	 715.68953	1000.30497	        P1	
 962.18114	1860.21036	 845.85747	        P1	
  60.53040	1764.83364	1132.10015	        P1	
 938.22119	 528.57641	1983.10585	        P1	
2046.68413	 487.07661	2077.31882	        P1	
2180.35543	2195.12105	2205.51024	        P1	
1885.26973	1296.68675	1585.66098	        P1	
1896.61918	1307.60775	1573.30518	        P1	
1302.66464	 408.44541	1816.30255	        P1	
1258.52789	 457.22589	 187.39627	        P1	
1064.32619	2203.12977	1282.94389	        P1	
1264.83314	 420.09449	 576.60396	        P1	
1360.67293	1085.54742	1334.42636	        P1	
2133.69658	 993.08294	1228.88726	        P1	
 459.02219	  58.24532	1221.16489	        P1	
2150.09023	1844.19292	 792.83046	        P1	
1310.23094	 673.46170	1900.21900	        P1	
 413.62440	1823.07896	 203.35589	        P1	
1245.91739	1699.30764	1952.21635	        P1	
1438.85803	 262.83209	2134.97920	        P1	
 282.47520	1055.69670	  65.38275	        P1	
2128.65238	1970.14844	1556.83076	        P1	
 684.75014	 121.58712	1494.53696	        P1	
1962.19378	 247.54269	 780.47466	        P1	
 977.31374	1985.43784	 247.11599	        P1	
1559.91883	1073.89834	 275.94621	        P1	
1012.62314	1825.26316	  24.19679	        P1	
1134.94499	1539.13295	 127.67662	        P1	
1741.51003	1271.93251	 188.94075	        P1	
1042.88834	1481.61571	 366.55537	        P1	
2239.62477	 974.15322	1019.35347	        P1	
1900.40233	  60.42952	1517.70408	        P1	
1387.15498	1271.20443	1210.86837	        P1	
1682.24068	 295.59509	1634.56931	        P1	
1397.24338	 113.57840	 693.46926	        P1	
1665.84703	2016.01664	1107.38855	        P1	
 133.67130	1384.78283	1291.18107	        P1	
1553.61358	 837.27670	 917.93293	        P1	
1090.80824	1475.79115	 672.87628	        P1	
 165.19755	1025.84594	1469.82536	        P1	
 284.99730	1930.83284	2186.97654	        P1	
 799.50569	 247.54269	 707.88434	        P1	
1133.68394	1363.66891	 588.95976	        P1	
 360.66030	1495.44895	1562.49385	        P1	
 119.79975	1170.00314	1939.34574	        P1	
1426.24753	 855.47834	  11.84100	        P1	
1441.38013	1800.50892	 558.07026	        P1	
 924.34964	 479.79593	1692.22975	        P1	
1997.50318	 503.82213	1437.39138	        P1	
 172.76385	 628.32153	2042.82557	        P1	
 136.19340	 658.17230	2073.20020	        P1	
1513.25998	1220.23975	2161.75014	        P1	
1235.82899	2206.04205	 284.18339	        P1	
1451.46853	1236.98531	 139.51755	        P1	
 292.56360	1330.90591	1361.19724	        P1	
1930.66753	1384.05475	 388.69289	        P1	
1786.90783	  41.49980	  49.42320	        P1	
1680.97963	1525.29972	   2.05928	        P1	
1562.44093	1812.15796	1109.96269	        P1	
1915.53493	1089.91582	 137.45827	        P1	
 728.88689	 282.48989	 207.47445	        P1	
 387.14235	1419.00195	1340.08946	        P1	
   0.00000	 645.06710	1566.61241	        P1	
1543.52518	1680.37792	 485.47994	        P1	
1221.95744	2074.26196	1821.96565	        P1	
 432.54015	1497.63315	 955.51520	        P1	
1532.17573	1036.03890	 485.47994	        P1	
1868.87608	1793.95632	 398.98934	        P1	
1243.39529	 490.71693	1859.03305	        P1	
 263.55945	1906.80664	1039.43165	        P1	
1385.89393	1076.81062	 705.82506	        P1	
 477.93794	 749.18062	1186.15677	        P1	
1466.60113	 452.12941	 840.19438	        P1	
1972.28218	1657.07976	1486.81458	        P1	
   8.82735	2094.64785	2009.36192	        P1	
 942.00434	 506.00633	2024.29187	        P1	
2011.37473	 859.84674	1593.38335	        P1	
 248.42685	 535.12901	2224.04394	        P1	
 168.98070	 629.04961	1044.06507	        P1	
  75.66300	1967.23616	1832.77697	        P1	
 165.19755	 114.30648	1719.51543	        P1	
1750.33738	  10.19292	1364.80106	        P1	
 600.25979	 870.76774	 652.79810	        P1	
1759.16473	1111.75782	 160.62540	        P1	
  51.70305	1550.05395	 431.93818	        P1	
 733.93109	1096.46842	2102.03042	        P1	
2049.20623	 342.91941	1453.35094	        P1	
1851.22138	  77.17508	 613.67136	        P1	
1994.98108	1020.74950	 775.84123	        P1	
1923.10123	 428.83129	1552.71214	        P1	
1477.95058	 374.22629	  53.02695	        P1	
 355.61610	 270.84081	1989.28375	        P1	
2141.26288	1035.31082	 383.02979	        P1	
1037.84414	1401.52835	1865.21095	        P1	
 186.63540	 291.22669	1992.88750	        P1	
1252.22264	2218.41917	1684.50738	        P1	
 189.15750	  18.92972	1908.45625	        P1	
 315.26250	1469.23855	 166.28849	        P1	
1572.52933	 600.65501	  94.21297	        P1	
1867.61503	 290.49861	2125.19754	        P1	
 422.45175	2037.85865	 790.77118	        P1	
1278.70469	 560.61133	1506.89276	        P1	
 524.59679	1932.28896	1871.38885	        P1	
1693.59013	1986.89396	1964.05734	        P1	
2069.38303	1529.66812	 782.01913	        P1	
 573.77774	1771.38624	1334.42636	        P1	
1301.40359	1674.55336	 450.47188	        P1	
 805.81094	 190.02540	2182.34312	        P1	
1498.12738	2041.49896	 326.91389	        P1	
1228.26269	2073.53393	 930.28873	        P1	
 614.13134	1068.07382	1099.66617	        P1	
1253.48369	1568.25563	1144.45594	        P1	
 223.20585	2126.68277	1290.66626	        P1	
1416.15913	 977.79354	1103.78479	        P1	
1675.93543	1762.64944	 650.22396	        P1	
 126.10500	2147.79673	 504.01364	        P1	
1452.72958	 145.61332	1951.70154	        P1	
1822.21723	1049.14410	 992.06773	        P1	
  20.17680	2086.63913	 621.39374	        P1	
1029.01679	 378.59469	1875.50740	        P1	
 841.12034	1175.82771	1898.67453	        P1	
 438.84540	 113.57840	 488.05409	        P1	
1340.49614	1034.58274	 203.35589	        P1	
2211.88168	1129.95951	1169.68235	        P1	
 938.22119	1795.41244	1939.86055	        P1	
 979.83584	1555.87852	 398.98934	        P1	
 880.21289	 251.91109	 236.81947	        P1	
 750.32474	1433.56331	2128.80130	        P1	
 249.68790	1515.83483	2149.90914	        P1	
1293.83729	 177.64829	1342.66354	        P1	
 857.51399	2121.58633	  20.59298	        P1	
1073.15354	  82.27152	 858.21327	        P1	
1411.11493	 475.42753	1517.70408	        P1	
1576.31248	1693.48312	1412.16492	        P1	
 325.35090	  48.05240	 267.19417	        P1	
 369.48765	  29.85072	 771.72268	        P1	
1802.04043	1081.17902	 370.67399	        P1	
2179.09438	2031.30605	 217.77097	        P1	
1814.65093	 772.47874	1011.11629	        P1	
 121.06080	 749.90870	 335.66587	        P1	
 393.44760	 821.25922	 735.17008	        P1	
 610.34819	 190.75349	1280.88455	        P1	
2061.81673	2123.77053	 959.63375	        P1	
1862.57083	1957.77132	1200.57185	        P1	
2189.18278	 500.90989	1597.50191	        P1	
  99.62295	 210.41129	1826.08421	        P1	
1767.99208	1032.39854	 337.72521	        P1	
1279.96574	  73.53472	 289.84649	        P1	
1553.61358	 142.70108	1484.75524	        P1	
 812.11619	  40.77172	 164.74402	        P1	
 233.29425	1727.70224	 488.05409	        P1	
1605.31663	1595.19412	1138.79285	        P1	
1630.53763	  61.88568	1917.20823	        P1	
1370.76133	 309.42833	1222.70936	        P1	
1919.31808	1067.34574	 771.72268	        P1	
1928.14543	 302.14769	1052.30225	        P1	
1752.85948	1265.37991	1917.20823	        P1	
  16.39365	1419.00195	 127.67662	        P1	
 121.06080	1314.88843	 545.19966	        P1	
 171.50280	1795.41244	1507.40756	        P1	
1021.45049	 431.01549	1894.04110	        P1	
2138.74078	 247.54269	 219.83025	        P1	
1537.21993	1829.63156	 407.22658	        P1	
1953.36643	1028.75822	 959.11895	        P1	
2060.55568	2057.51645	1921.32685	        P1	
1128.63974	 524.93609	2036.13280	        P1	
1506.95473	 964.68834	1684.50738	        P1	
 895.34549	 723.69830	2164.32422	        P1	
 778.06784	2103.38465	1817.84703	        P1	
1597.75033	2084.45493	 293.96505	        P1	
 947.04854	 861.30290	 440.69017	        P1	
1834.82773	1959.22744	1352.96006	        P1	
1769.25313	 861.30290	 176.58495	        P1	
 590.17139	1713.86896	2223.52914	        P1	
1735.20478	 445.57681	1947.58292	        P1	
 557.38409	1791.04404	1538.29706	        P1	
1843.65508	 707.68082	 852.55018	        P1	
1515.78208	2134.69153	1466.22154	        P1	
 825.98774	2068.43745	 438.63089	        P1	
1398.50443	1030.21434	 808.79007	        P1	
2107.21453	 390.97181	1786.95753	        P1	
 307.69620	 854.75030	  90.09435	        P1	
2049.20623	 131.78008	1873.96293	        P1	
1537.21993	 798.68914	1908.45625	        P1	
1059.28199	 212.59549	 429.87884	        P1	
 500.63684	1020.02142	 432.45299	        P1	
1267.35524	 690.93530	1138.79285	        P1	
 839.85929	1798.32472	 675.45036	        P1	
 466.58849	1403.71255	1976.41314	        P1	
1643.14813	 498.72569	 329.48797	        P1	
2078.21038	1501.27351	 403.62277	        P1	
 943.26539	 477.61173	1661.34025	        P1	
 667.09544	 539.49741	 370.67399	        P1	
 952.09274	1354.93211	 805.18626	        P1	
1302.66464	 610.84793	  55.08629	        P1	
1712.50588	 313.06869	1504.83341	        P1	
1875.18133	 227.88489	2246.18140	        P1	
1832.30563	2055.33225	 494.23199	        P1	
 682.22804	 503.09409	1503.28894	        P1	
1539.74203	 647.25130	1894.04110	        P1	
1295.09834	1135.05594	 598.74148	        P1	
 510.72524	1906.80664	 259.47179	        P1	
1987.41478	 629.04961	1410.10564	        P1	
1433.81383	 376.41049	 459.22387	        P1	
 678.44489	1415.36163	1791.59095	        P1	
2147.56813	 360.39301	 537.47729	        P1	
1040.36624	1628.68515	 708.39920	        P1	
2117.30293	2110.66533	 627.57164	        P1	
 261.03735	1967.96424	1107.38855	        P1	
 899.12864	1861.66652	1362.74172	        P1	
1124.85659	1785.21952	 310.95427	        P1	
 542.25149	 216.96389	1305.59615	        P1	
 232.03320	 685.83882	 580.72258	        P1	
 239.59950	 276.66532	1696.86318	        P1	
2225.75323	 718.60182	1241.75787	        P1	
 781.85099	1410.99323	1810.12465	        P1	
 936.96014	2100.47237	1888.37807	        P1	
1552.35253	 118.67488	 553.43684	        P1	
 182.85225	 141.97300	  86.49060	        P1	
1316.53619	 295.59509	1943.46430	        P1	
 771.76259	 688.75110	 293.96505	        P1	
1895.35813	 941.39022	 352.14029	        P1	
1436.33593	 137.60460	1916.69342	        P1	
2224.49218	1424.09843	1490.41834	        P1	
1907.96863	1276.30091	1163.50445	        P1	
 938.22119	2019.65696	1628.90628	        P1	
  89.53455	 508.91861	1076.49905	        P1	
1443.90223	 741.89994	 652.79810	        P1	
2074.42723	1033.12662	 216.22649	        P1	
 891.56234	1619.94835	1610.37258	        P1	
 670.87859	2210.41045	 582.26706	        P1	
 196.72380	 725.15442	2046.42932	        P1	
 626.74184	 893.33782	2126.74202	        P1	
1133.68394	  48.78048	 607.49346	        P1	
1696.11223	1302.51131	1070.83595	        P1	
 170.24175	1149.61731	1274.70665	        P1	
1071.89249	1544.95752	  46.84905	        P1	
 446.41170	 272.29692	 492.17271	        P1	
2064.33883	1940.29772	 485.47994	        P1	
1855.00453	 618.12861	1632.51003	        P1	
 418.66860	1394.97575	  96.78712	        P1	
 278.69205	1031.67050	 139.51755	        P1	
 972.26954	 830.72410	1560.43451	        P1	
 696.09959	 301.41961	 296.53919	        P1	
 561.16724	  44.41208	2207.56952	        P1	
 954.61484	 820.53114	1377.15686	        P1	
2140.00183	 104.11352	 518.42878	        P1	
 493.07054	 277.39341	 957.57447	        P1	
 493.07054	1761.19332	1887.86320	        P1	
1756.64263	1972.33264	1229.40207	        P1	
 242.12160	 512.55893	 714.57710	        P1	
1035.32204	 526.39221	1365.31586	        P1	
1350.58453	1561.70303	1285.00317	        P1	
2061.81673	 910.81142	1848.73653	        P1	
 315.26250	1234.80111	 423.70094	        P1	
 262.29840	 854.75030	 664.63904	        P1	
1793.21308	 639.24253	 728.47738	        P1	
 257.25420	1891.51724	1105.84407	        P1	
1471.64533	1976.70104	1575.36446	        P1	
 171.50280	1716.78124	2027.89562	        P1	
2201.79328	1827.44736	1500.71486	        P1	
 505.68104	1397.15995	 592.56358	        P1	
1073.15354	1079.72291	1832.26211	        P1	
1501.91053	1293.77451	1694.80383	        P1	
 829.77089	1208.59071	1047.66883	        P1	
 668.35649	1429.92295	1852.85515	        P1	
 331.65615	1548.59783	1118.19987	        P1	
 798.24464	 610.84793	1301.47759	        P1	
1944.53908	  42.22788	  53.02695	        P1	
1107.20189	 142.70108	 658.46114	        P1	
  58.00830	 621.76893	 992.58259	        P1	
1759.16473	 468.14689	1738.04913	        P1	
1374.54448	1824.53512	1935.74193	        P1	
1597.75033	1884.96464	1630.96556	        P1	
1571.26828	 813.97854	2161.75014	        P1	
2137.47973	 819.07502	 279.54997	        P1	
1229.52374	1879.14012	2090.18942	        P1	
 547.29569	1482.34375	 764.00030	        P1	
 481.72109	2117.21793	1671.63671	        P1	
 862.55819	1731.34256	1130.04087	        P1	
1823.47828	1470.69471	 448.41254	        P1	
  98.36190	1750.27232	 273.88687	        P1	
1694.85118	2047.32353	 726.41804	        P1	
 467.84954	1022.93370	2153.51290	        P1	
1428.76963	 600.65501	1507.40756	        P1	
  46.65885	 275.93729	1097.09203	        P1	
2000.02528	1156.16991	2195.21372	        P1	
1025.23364	1806.33344	 518.94359	        P1	
1657.01968	1559.51883	 858.72808	        P1	
 508.20314	 558.42713	1667.51815	        P1	
1887.79183	1510.73835	1476.00326	        P1	
2223.23113	2195.12105	1712.82273	        P1	
1602.79453	1718.96544	 755.24826	        P1	
 269.86470	1311.97615	2178.73936	        P1	
 804.54989	 850.38190	 409.80067	        P1	
2097.12613	 605.02341	 378.39637	        P1	
1005.05684	1596.65024	 450.98669	        P1	
 163.93650	1180.92414	 313.01361	        P1	
 282.47520	1486.71215	 592.56358	        P1	
1080.71984	2116.48985	 685.74688	        P1	
 754.10789	1111.02974	2081.43744	        P1	
 436.32330	1863.85072	1702.52621	        P1	
 779.32889	2211.86657	 796.43427	        P1	
2225.75323	 966.14450	 675.45036	        P1	
 703.66589	1965.78004	1983.10585	        P1	
 604.04294	 667.63713	 535.41801	        P1	
2064.33883	 567.16393	 604.91938	        P1	
1441.38013	 670.54941	1403.92774	        P1	
2031.55153	 130.32392	 665.15390	        P1	
 950.83169	 487.80469	  39.12668	        P1	
2018.94103	 351.65621	1735.98985	        P1	
1827.26143	1937.38544	1884.25945	        P1	
1225.74059	  68.43828	 249.17527	        P1	
 655.74599	1855.11392	1843.07343	        P1	
2001.28633	 360.39301	 162.16987	        P1	
 717.53744	 572.98849	 782.01913	        P1	
 883.99604	1868.94716	 308.38019	        P1	
 972.26954	  29.85072	  53.54182	        P1	
 606.56504	2084.45493	 848.43156	        P1	
2191.70488	1427.01071	 224.46367	        P1	
  59.26935	1828.17544	1217.04627	        P1	
1769.25313	2026.20956	 147.75479	        P1	
 875.16869	1341.09883	1385.39404	        P1	
 186.63540	1135.78403	1878.08155	        P1	
 722.58164	2203.85785	1910.51552	        P1	
 302.65200	 709.13693	 288.30201	        P1	
1822.21723	 902.07462	2021.71772	        P1	
1549.83043	1922.82412	2201.39162	        P1	
1390.93813	 523.47993	 388.69289	        P1	
1221.95744	 580.26913	1692.22975	        P1	
1831.04458	 840.18894	 709.94368	        P1	
1875.18133	1127.77531	 244.54185	        P1	
1194.21434	1375.31795	1340.08946	        P1	
 490.54844	1324.35331	2139.61262	        P1	
 571.25564	 508.91861	2081.95225	        P1	
 854.99189	1479.43151	1795.19471	        P1	
2080.73248	1214.41523	1630.96556	        P1	
 151.32600	 527.12029	 195.11865	        P1	
 786.89519	 400.43669	 415.97857	        P1	
 691.05539	 109.21000	1651.04373	        P1	
1045.41044	1529.66812	2003.69883	        P1	
 408.58020	1128.50334	 987.94917	        P1	
1546.04728	1438.65975	 232.70091	        P1	
 610.34819	 777.57522	1735.98985	        P1	
1996.24213	 583.18141	1958.39425	        P1	
1843.65508	1805.60536	2203.45096	        P1	
1365.71713	 736.07542	1976.92795	        P1	
 649.44074	 124.49940	 142.09170	        P1	
1452.72958	1975.97296	1048.18369	        P1	
 308.95725	 527.84833	 621.90860	        P1	
1041.62729	1095.01231	1830.71763	        P1	
  15.13260	1441.57203	 335.15107	        P1	
2074.42723	 265.74432	1018.83867	        P1	
   6.30525	2097.56013	1214.47212	        P1	
1330.40774	1804.87732	1319.49642	        P1	
1823.47828	 348.01589	 423.70094	        P1	
  70.61880	 647.97933	 258.95699	        P1	
  92.05665	 494.35729	1548.07871	        P1	
 672.13964	 388.05953	1105.32927	        P1	
1701.15643	 441.93649	 244.54185	        P1	
 776.80679	1996.35884	1885.80393	        P1	
2044.16203	 267.20049	  59.20485	        P1	
 786.89519	1362.94083	1136.73357	        P1	
1356.88978	1361.48471	1412.16492	        P1	
1261.04999	1560.97495	1628.90628	        P1	
1475.42848	2124.49857	1301.47759	        P1	
 812.11619	 106.29772	 683.68760	        P1	
 832.29299	 327.63001	2007.81745	        P1	
1890.31393	 155.07820	1373.03824	        P1	
2065.59988	1635.23776	1122.31849	        P1	
2157.65653	1982.52556	1486.81458	        P1	
1116.02924	 155.07820	1107.38855	        P1	
 422.45175	 503.09409	1029.13513	        P1	
1060.54304	1713.14092	 743.40726	        P1	
1535.95888	1888.60496	 858.21327	        P1	
  63.05250	 355.29653	 764.00030	        P1	
 862.55819	1290.13415	1278.31046	        P1	
2213.14273	 204.58672	1834.32145	        P1	
2110.99768	 414.99801	1607.79843	        P1	
2181.61648	1306.15163	 321.25079	        P1	
 754.10789	 464.50653	1548.59358	        P1	
 440.10645	 826.35570	 613.67136	        P1	
1365.71713	 816.16274	 288.30201	        P1	
1707.46168	  78.63120	 267.19417	        P1	
1001.27369	 576.62881	1451.80646	        P1	
1128.63974	 893.33782	1612.43186	        P1	
1355.62873	  69.16632	1723.11925	        P1	
2181.61648	1556.60655	1919.26757	        P1	
 680.96699	1461.95791	1725.69333	        P1	
 224.46690	2073.53393	 275.43135	        P1	
1698.63433	1768.47396	 912.26990	        P1	
 481.72109	1975.97296	1320.01129	        P1	
1132.42289	 685.83882	1150.63384	        P1	
 493.07054	 265.74432	1733.93058	        P1	
 727.62584	2189.29653	1978.98723	        P1	
1374.54448	 880.96070	 652.28324	        P1	
1105.94084	 970.51290	2040.76623	        P1	
 500.63684	 893.33782	1422.46144	        P1	
1836.08878	 623.22510	 107.08358	        P1	
1175.29859	2019.65696	 740.83318	        P1	
2070.64408	 380.05081	1519.76336	        P1	
 529.64099	 674.18973	1239.69859	        P1	
  21.43785	1089.91582	1107.38855	        P1	
1796.99623	1059.33702	 407.74139	        P1	
1340.49614	1855.84196	 901.45857	        P1	
1087.02509	 931.92534	2001.12474	        P1	
1831.04458	 486.34853	 926.17017	        P1	
 609.08714	 431.74353	1648.98445	        P1	
1920.57913	1678.19372	 714.06224	        P1	
1702.41748	2227.88405	1181.52334	        P1	
 611.60924	 800.14530	 490.11337	        P1	
 983.61899	2080.81456	  73.61999	        P1	
2059.29463	 695.30370	   3.60375	        P1	
2204.31538	1975.97296	1468.28088	        P1	
 253.47105	1986.89396	 431.93818	        P1	
1605.31663	 485.62049	1708.70411	        P1	
 184.11330	1113.94202	1371.49376	        P1	
  36.57045	 846.74154	1352.44526	        P1	
1660.80283	1336.00235	1301.47759	        P1	
 963.44219	1747.36004	1760.70145	        P1	
 435.06225	1583.54504	2119.01964	        P1	
 786.89519	 107.75388	1873.96293	        P1	
1987.41478	1569.71175	1369.43448	        P1	
1394.72128	 193.66572	 584.84121	        P1	
 987.40214	 555.51489	 695.52854	        P1	
1006.31789	 423.73481	1112.02197	        P1	
1011.36209	 629.04961	1260.29157	        P1	
 871.38554	1618.49224	1649.49926	        P1	
1087.02509	1903.16632	1565.06794	        P1	
 781.85099	2028.39376	1834.32145	        P1	
 532.16309	  90.28028	 990.52325	        P1	
1446.42433	 198.76220	1354.50454	        P1	
 419.92965	1665.08852	 774.29676	        P1	
 523.33574	1921.36796	 313.01361	        P1	
1432.55278	1058.60894	 109.14292	        P1	
 818.42144	1883.50852	1002.87905	        P1	
 962.18114	 267.20049	1640.74721	        P1	
2240.88582	1956.31516	1066.71739	        P1	
1872.65923	1235.52915	 604.91938	        P1	
 704.92694	 967.60062	 118.92457	        P1	
  70.61880	1367.30923	 148.26960	        P1	
1083.24194	 785.58394	 648.16468	        P1	
1472.90638	1119.76654	1628.90628	        P1	
 116.01660	1932.28896	1770.99797	        P1	
 931.91594	1145.24891	1639.20274	        P1	
 553.60094	1854.38584	1142.91147	        P1	
1015.14524	 913.72370	 670.81694	        P1	
1988.67583	1187.47674	 561.67408	        P1	
 823.46564	1338.91463	 749.07036	        P1	
 856.25294	 613.76021	 254.83837	        P1	
 769.24049	1489.62443	 148.26960	        P1	
1964.71588	 726.61053	1239.69859	        P1	
1911.75178	 369.85789	 693.98406	        P1	
1769.25313	1155.44183	1373.03824	        P1	
1197.99749	 359.66493	1976.41314	        P1	
 897.86759	 726.61053	1585.66098	        P1	
 314.00145	1022.93370	 312.49875	        P1	
1440.11908	 898.43430	  82.37198	        P1	
 203.02905	1800.50892	 213.65235	        P1	
 360.66030	 995.99522	 864.90598	        P1	
1281.22679	   7.28068	1534.17844	        P1	
 628.00289	1012.01270	1052.30225	        P1	
1611.62188	1929.37672	1276.25112	        P1	
1054.23779	 445.57681	2089.67462	        P1	
 314.00145	1494.72091	 250.71975	        P1	
1828.52248	 535.85709	 504.01364	        P1	
 418.66860	 846.01350	1762.76073	        P1	
1261.04999	1871.13136	1568.67175	        P1	
 725.10374	 278.84952	1004.93839	        P1	
1108.46294	 408.44541	1119.74435	        P1	
1103.41874	1981.06944	1624.78766	        P1	
1965.97693	1296.68675	1902.27835	        P1	
 382.09815	 118.67488	1663.91434	        P1	
2058.03358	1153.25763	 273.37207	        P1	
 460.28324	1239.89755	 813.42350	        P1	
1215.65219	1562.43112	 415.97857	        P1	
 863.81924	 299.23541	1762.24593	        P1	
 500.63684	 583.18141	1206.23494	        P1	
 470.37164	1688.38664	 982.28607	        P1	
1882.74763	1108.84554	 967.87100	        P1	
 755.36894	1437.93171	1622.21351	        P1	
 564.95039	 825.62762	1305.08134	        P1	
1515.78208	1224.60815	1116.14059	        P1	
 453.97799	1419.73003	1712.82273	        P1	
 152.58705	1210.77491	1486.29972	        P1	
 258.51525	 765.19810	1733.41571	        P1	
1596.48928	 112.12228	 571.97054	        P1	
 215.63955	 891.88170	 436.05674	        P1	
2223.23113	 431.74353	 617.27518	        P1	
1274.92154	1172.91543	1966.11662	        P1	
 617.91449	 998.90750	1486.29972	        P1	
1059.28199	1543.50135	1031.19447	        P1	
  73.14090	 493.62921	 593.07838	        P1	
 136.19340	1996.35884	 796.94908	        P1	
1286.27099	 234.43749	1231.46135	        P1	
 969.74744	 556.97101	1595.44263	        P1	
 635.56919	 439.75229	1719.51543	        P1	
 121.06080	 952.31122	1020.89795	        P1	
1305.18674	 372.04209	2227.64770	        P1	
1249.70054	 460.86621	 222.40439	        P1	
1422.46438	 598.47081	1006.99767	        P1	
 252.21000	 525.66413	 362.43681	        P1	
2210.62063	 626.86541	 415.46376	        P1	
 522.07469	1170.73123	1315.89267	        P1	
1775.55838	 511.10281	 148.26960	        P1	
 551.07884	1044.77570	 280.06477	        P1	
1677.19648	1645.43072	1121.80362	        P1	
1730.16058	1970.14844	 736.71456	        P1	
 472.89374	1142.33663	 222.40439	        P1	
 633.04709	 563.52361	 148.26960	        P1	
 810.85514	1518.01903	2063.41855	        P1	
1593.96718	  97.56092	  72.07552	        P1	
 412.36335	 645.79513	 337.72521	        P1	
 796.98359	2232.25245	 364.49609	        P1	
 778.06784	 243.90232	 813.42350	        P1	
 673.40069	1646.88684	1391.57194	        P1	
1012.62314	2151.43705	1725.17853	        P1	
1445.16328	 435.38389	1121.80362	        P1	
 228.25005	 628.32153	1993.40237	        P1	
 215.63955	1103.02102	2046.42932	        P1	
 229.51110	 141.24492	1993.40237	        P1	
 629.26394	1644.70264	 488.05409	        P1	
1326.62459	 139.78880	1983.10585	        P1	
2247.19107	1466.32631	1999.06540	        P1	
 102.14505	  60.42952	 258.95699	        P1	
2230.79743	1551.51012	1350.38592	        P1	
1267.35524	1410.26515	 597.19701	        P1	
 556.12304	1487.44023	1434.81724	        P1	
 424.97385	  86.63992	1574.84965	        P1	
1052.97674	 674.91781	 401.56349	        P1	
 441.36750	 467.41881	 520.48806	        P1	
1759.16473	 782.67170	 706.33986	        P1	
1223.21849	 493.62921	1093.48827	        P1	
 711.23219	2005.09564	1915.14895	        P1	
 102.14505	1477.24731	1393.63122	        P1	
 906.69494	 677.83010	 361.92194	        P1	
 737.71424	 348.74393	 924.62570	        P1	
 617.91449	1710.95672	1280.88455	        P1	
1629.27658	1169.27511	1633.02484	        P1	
 472.89374	 762.28582	 197.69279	        P1	
1948.32223	1456.86143	 279.54997	        P1	
 534.68519	 675.64590	2046.94413	        P1	
1741.51003	 427.37513	 104.50949	        P1	
2245.93002	1197.66971	 743.40726	        P1	
 151.32600	1173.64351	 156.50678	        P1	
  56.74725	 556.97101	 891.16205	        P1	
1962.19378	 428.10321	 990.00845	        P1	
2123.60818	 532.94481	 928.22945	        P1	
  30.26520	1796.86856	 980.22680	        P1	
2045.42308	 387.33149	1873.96293	        P1	
 559.90619	2080.81456	1840.49935	        P1	
1520.82628	1958.49936	 357.80339	        P1	
 602.78189	 531.48869	1931.10850	        P1	
1646.93128	 703.31242	 901.97338	        P1	
1022.71154	2011.64824	1056.42087	        P1	
1359.41188	1438.65975	 170.92192	        P1	
 765.45734	 107.02580	 909.69575	        P1	
2008.85263	1328.72171	1578.96821	        P1	
1679.71858	1278.48511	 331.03245	        P1	
 868.86344	1560.24692	1992.88750	        P1	
2204.31538	 698.94402	 877.26178	        P1	
 305.17410	  62.61372	 623.45308	        P1	
 498.11474	1203.49423	1737.53433	        P1	
 844.90349	2236.62085	1396.20536	        P1	
2124.86923	 271.56889	2151.96842	        P1	
 162.67545	1535.49263	 829.38305	        P1	
1358.15083	1794.68436	1253.59886	        P1	
1588.92298	 251.91109	1832.26211	        P1	
1345.54033	 731.70702	 736.71456	        P1	
2079.47143	 159.44660	2224.04394	        P1	
 726.36479	 477.61173	1729.29715	        P1	
2081.99353	 475.42753	1525.42646	        P1	
1136.20604	1247.17823	 710.45848	        P1	
1013.88419	1367.30923	2051.06275	        P1	
1061.80409	1900.25404	1946.03845	        P1	
1876.44238	1777.93884	1811.66913	        P1	
2087.03773	1296.68675	 875.20250	        P1	
 955.87589	 148.52560	1237.12444	        P1	
1008.83999	 780.48750	 201.29655	        P1	
 186.63540	  78.63120	 766.05958	        P1	
 812.11619	1839.09644	 333.60659	        P1	
 790.67834	 618.12861	 815.48278	        P1	
1051.71569	2157.98965	1037.88717	        P1	
1517.04313	2117.94597	 906.09200	        P1	
1032.79994	1079.72291	1282.42902	        P1	
1746.55423	1850.01744	 537.47729	        P1	
1496.86633	 851.10994	1086.79557	        P1	
1868.87608	   2.91228	 714.06224	        P1	
 432.54015	 896.25010	1418.34282	        P1	
  76.92405	 492.90113	 363.98129	        P1	
 298.86885	 589.00593	1809.60985	        P1	
 764.19629	 853.29414	2055.18137	        P1	
1129.90079	2051.69193	1700.98173	        P1	
2068.12198	 706.22470	 479.30204	        P1	
1725.11638	 856.20642	 352.14029	        P1	
 621.69764	1608.29932	2077.83362	        P1	
1229.52374	1301.05515	1536.23778	        P1	
 775.54574	2123.77053	1188.21605	        P1	
1838.61088	1582.81695	 759.36688	        P1	
1541.00308	1410.99323	2095.85252	        P1	
 411.10230	1386.23895	1394.14608	        P1	
 664.57334	1012.74074	1202.63119	        P1	
 607.82609	1202.76615	2135.49406	        P1	
2127.39133	1705.86024	1274.19184	        P1	
2051.72833	1264.65183	1519.76336	        P1	
1235.82899	 167.45532	2197.27306	        P1	
 387.14235	1641.79035	1048.18369	        P1	
 965.96429	1888.60496	1012.66077	        P1	
 907.95599	1520.20323	 254.83837	        P1	
1633.05973	1165.63474	2155.57224	        P1	
 672.13964	2064.06905	1756.06803	        P1	
1651.97548	 946.48670	 551.89236	        P1	
 751.58579	 598.47081	  67.95690	        P1	
1110.98504	 329.81421	1811.66913	        P1	
2162.70073	 316.70901	2094.30804	        P1	
2146.30708	  66.98212	   4.11862	        P1	
1393.46023	2027.66573	1745.77151	        P1	
1139.98919	1903.16632	 602.86004	        P1	
 572.51669	 892.60974	1018.83867	        P1	
1172.77649	1792.50016	 363.98129	        P1	
2233.31953	 629.77770	1046.12435	        P1	
1802.04043	 190.02540	 755.24826	        P1	
 143.75970	1677.46564	1280.36974	        P1	
1931.92858	 448.48909	1478.57734	        P1	
1191.69224	1421.91423	2126.74202	        P1	
2203.05433	1828.17544	 952.94105	        P1	
1597.75033	 235.16552	 183.27772	        P1	
1382.11078	2155.07737	2110.78247	        P1	
1126.11764	 495.81341	2034.07352	        P1	
1945.80013	 192.93769	 984.34535	        P1	
1973.54323	1918.45572	 145.69545	        P1	
 916.78334	2036.40253	 619.84926	        P1	
1051.71569	1298.87095	 314.55809	        P1	
 823.46564	1276.30091	 175.04047	        P1	
2044.16203	 759.37354	2093.79324	        P1	
 865.08029	 885.32910	 792.83046	        P1	
1079.45879	 936.29374	 380.97051	        P1	
2224.49218	 176.19212	1357.07869	        P1	
 562.42829	1371.67763	  38.61187	        P1	
2137.47973	1119.03851	 880.86553	        P1	
2040.37888	1019.29334	 240.42329	        P1	
 461.54429	 535.85709	 609.03794	        P1	
 766.71839	2012.37633	 948.82243	        P1	
1547.30833	2154.34933	 343.38825	        P1	
1157.64389	 719.32990	1707.15963	        P1	
1382.11078	 615.94441	1668.03296	        P1	
1669.63018	 205.31480	2174.62074	        P1	
1759.16473	1976.70104	 821.66068	        P1	
1050.45464	1027.30210	 195.11865	        P1	
1993.72003	 239.53392	1500.71486	        P1	
 942.00434	1107.38942	1025.53137	        P1	
1682.24068	1597.37832	 794.37493	        P1	
1832.30563	  70.62248	1498.65551	        P1	
 660.79019	 736.80350	  51.48248	        P1	
1918.05703	 842.37314	 827.32377	        P1	
  85.75140	1572.62403	1717.45615	        P1	
 394.70865	 663.26873	  67.44209	        P1	
1372.02238	 811.06630	1058.48015	        P1	
 350.57190	 327.63001	1113.56645	        P1	
 697.36064	 893.33782	   0.00000	        P1	
2140.00183	1730.61452	 819.08653	        P1	
2132.43553	1299.59903	 328.97317	        P1	
 327.87300	2000.72724	 372.21847	        P1	
1987.41478	1566.79952	1702.52621	        P1	
 274.90890	 101.92932	 671.33180	        P1	
 935.69909	 193.66572	 739.28870	        P1	
1704.93958	1837.64032	 323.31007	        P1	
 633.04709	 231.52521	1095.03275	        P1	
 322.82880	 898.43430	 348.02167	        P1	
1680.97963	 273.02501	 420.09719	        P1	
1389.67708	  69.89440	1224.76864	        P1	
1180.34279	1946.85032	 323.31007	        P1	
1032.79994	 444.84873	 819.60140	        P1	
 157.63125	 344.37553	 116.86529	        P1	
1947.06118	1065.88962	1519.76336	        P1	
2245.93002	1911.17504	1521.30783	        P1	
1184.12594	1381.14251	 541.08104	        P1	
 283.73625	2248.99797	1733.93058	        P1	
2196.74908	1986.16593	1504.83341	        P1	
 832.29299	1349.83563	 112.74667	        P1	
 677.18384	 136.14848	2023.77700	        P1	
1709.98378	1239.16951	1856.97371	        P1	
 388.40340	1131.41563	 407.74139	        P1	
 234.55530	 560.61133	 553.95171	        P1	
 118.53870	1361.48471	1856.97371	        P1	
1930.66753	1280.66931	 286.24267	        P1	
2018.94103	 494.35729	1398.26464	        P1	
 913.00019	1029.48630	  88.54988	        P1	
 754.10789	1587.18535	1679.87395	        P1	
2064.33883	   8.00872	1029.64999	        P1	
1876.44238	2134.69153	 125.61728	        P1	
 953.35379	 987.25842	1476.51806	        P1	
 725.10374	1370.94955	1933.16784	        P1	
 370.74870	2076.44616	 967.87100	        P1	
 286.25835	1823.80704	1638.68793	        P1	
1271.13839	1228.97655	 345.44759	        P1	
 596.47664	1258.82731	 349.56614	        P1	
 465.32744	  42.95592	1655.16235	        P1	
 208.07325	  80.81540	2083.49672	        P1	
2050.46728	2182.74393	1665.45881	        P1	
1455.25168	2157.98965	 531.29939	        P1	
  80.70720	 726.61053	2005.75817	        P1	
1372.02238	1392.06351	2097.91180	        P1	
 849.94769	 321.80549	 168.86258	        P1	
 838.59824	 737.53153	2172.56146	        P1	
2211.88168	1791.04404	 395.38559	        P1	
 534.68519	 503.82213	2001.12474	        P1	
1334.19089	1959.95552	1776.66101	        P1	
1431.29173	  40.04368	1620.66904	        P1	
2227.01428	1553.69432	 656.91666	        P1	
 576.29984	1768.47396	1309.19996	        P1	
1643.14813	2029.12185	 464.88696	        P1	
 369.48765	1066.61770	  77.73855	        P1	
1738.98793	2157.26157	 621.90860	        P1	
 406.05810	1119.76654	 152.38822	        P1	
1040.36624	 964.68834	2001.12474	        P1	
 713.75429	1828.90352	 440.69017	        P1	
2195.48803	2052.41996	1350.90079	        P1	
 504.41999	1744.44776	1809.60985	        P1	
 266.08155	1289.40611	  96.27225	        P1	
 417.40755	2225.69985	 278.00549	        P1	
 649.44074	2037.85865	 537.47729	        P1	
 161.41440	1252.27471	 483.93547	        P1	
1490.56108	2080.81456	2123.13827	        P1	
1432.55278	1234.80111	1923.38613	        P1	
1068.10934	 289.04249	1060.02463	        P1	
1928.14543	 475.42753	1252.05439	        P1	
1852.48243	1858.75424	1051.78745	        P1	
 762.93524	2094.64785	1908.97105	        P1	
1745.29318	1735.71096	 271.31279	        P1	
1472.90638	2150.70897	1920.81205	        P1	
 866.34134	 861.30290	2139.61262	        P1	
2206.83748	2107.02497	 852.03537	        P1	
 108.45030	 266.47241	1891.98183	        P1	
 372.00975	1170.00314	1914.63415	        P1	
1467.86218	1853.65776	1906.91177	        P1	
1653.23653	1838.36836	2137.03854	        P1	
1136.20604	1640.33424	1229.40207	        P1	
 756.62999	  10.19292	  16.47442	        P1	
1027.75574	 760.82970	1867.78503	        P1	
 308.95725	1694.21116	 702.22130	        P1	
1194.21434	 160.90272	1550.13805	        P1	
2191.70488	 381.50693	2099.97114	        P1	
1723.85533	 749.18062	1087.31037	        P1	
 273.64785	 690.93530	2046.94413	        P1	
1679.71858	 943.57442	1904.33762	        P1	
1466.60113	  76.44700	2145.27572	        P1	
1725.11638	 573.71653	2011.93607	        P1	
2088.29878	1706.58832	1758.12731	        P1	
 161.41440	 445.57681	 847.91675	        P1	
 601.52084	1988.35013	1813.72841	        P1	
1784.38573	 185.65700	 909.69575	        P1	
  10.08840	1227.52043	 352.14029	        P1	
1930.66753	 682.19850	1466.22154	        P1	
1319.05829	1159.08214	1525.42646	        P1	
 794.46149	1630.86935	2044.37004	        P1	
1252.22264	1436.47555	1049.72817	        P1	
1537.21993	1751.00036	 658.97600	        P1	
1331.66879	1103.74911	1035.31303	        P1	
 596.47664	 257.00752	1820.42117	        P1	
1554.87463	 966.14450	 541.08104	        P1	
2078.21038	 211.13932	 720.75500	        P1	
 380.83710	 315.98093	2184.91726	        P1	
1015.14524	2024.75344	 661.03528	        P1	
1040.36624	1799.05276	1445.11376	        P1	
1771.77523	 332.72649	 724.87356	        P1	
1209.34694	1721.87772	1616.03561	        P1	
 786.89519	 777.57522	 210.04859	        P1	
1441.38013	1024.38982	1958.39425	        P1	
1074.41459	1971.60456	1642.80655	        P1	
1736.46583	 650.16353	 401.04869	        P1	
 271.12575	  29.85072	 709.94368	        P1	
  27.74310	2179.83165	1323.61504	        P1	
1005.05684	2052.41996	1418.85768	        P1	
1786.90783	1999.99916	1048.18369	        P1	
1896.61918	1980.34136	  16.47442	        P1	
1621.71028	 304.33189	 263.07555	        P1	
1093.33034	 890.42554	 376.33709	        P1	
1517.04313	 993.81102	2100.48594	        P1	
 329.13405	1909.71892	1918.75270	        P1	
1166.47124	2084.45493	 650.73876	        P1	
1981.10953	1309.79195	1426.58006	        P1	
1114.76819	 141.24492	2011.93607	        P1	
1853.74348	 259.19172	1906.91177	        P1	
2134.95763	1651.98332	 849.97603	        P1	
1243.39529	1349.83563	2015.53982	        P1	
1462.81798	 588.27789	1595.95744	        P1	
 290.04150	1540.58912	1307.14062	        P1	
1892.83603	1836.91224	 420.09719	        P1	
1172.77649	1748.81616	 574.02988	        P1	
 953.35379	1913.35924	 623.96788	        P1	
1305.18674	 970.51290	1177.40472	        P1	
 824.72669	 712.04922	1457.98436	        P1	
1464.07903	1668.00076	 140.03242	        P1	
 348.04980	 479.06789	1818.36183	        P1	
 518.29154	 364.76141	1268.01394	        P1	
1366.97818	 538.76933	1031.19447	        P1	
 528.37994	 412.81381	 291.90577	        P1	
1767.99208	1124.13494	1982.59104	        P1	
1055.49884	2084.45493	1528.00054	        P1	
1852.48243	1094.28422	2219.41052	        P1	
1083.24194	 845.28542	 920.50708	        P1	
 322.82880	 142.70108	1961.99800	        P1	
1525.87048	1045.50374	1035.82789	        P1	
 440.10645	 447.76101	1144.45594	        P1	
1136.20604	1794.68436	 178.64429	        P1	
 938.22119	 716.41762	1649.49926	        P1	
1129.90079	 521.29573	1628.90628	        P1	
 160.15335	2247.54185	1748.34565	        P1	
1897.88023	 344.37553	2087.61534	        P1	
1677.19648	 749.90870	1430.69862	        P1	
  56.74725	1286.49383	 333.60659	        P1	
1476.68953	 370.58593	2234.34046	        P1	
1353.10663	 660.35650	1338.03012	        P1	
  55.48620	1764.83364	1896.61525	        P1	
1934.45068	1108.11751	1177.40472	        P1	
 119.79975	1405.89675	 784.07847	        P1	
1293.83729	1910.44696	1789.53167	        P1	
1025.23364	1445.21235	 140.03242	        P1	
 203.02905	2126.68277	1134.67429	        P1	
1264.83314	 462.32233	 115.32082	        P1	
 984.88004	1874.77172	 527.18077	        P1	
2092.08193	 411.35769	1552.71214	        P1	
1355.62873	 747.72450	2184.40240	        P1	
1273.66049	 553.33069	1620.66904	        P1	
 798.24464	 398.25249	1381.27542	        P1	
2078.21038	1217.32751	1422.97624	        P1	
1795.73518	1477.97535	 493.71718	        P1	
1827.26143	 463.77849	 570.42606	        P1	
1863.83188	 821.25922	 321.25079	        P1	
 967.22534	 182.74472	 195.63352	        P1	
 117.27765	 870.03970	 479.30204	        P1	
 631.78604	2171.82293	 466.94624	        P1	
 305.17410	 719.32990	1016.77933	        P1	
   3.78315	 821.98730	1441.50994	        P1	
1740.24898	 117.94680	 501.95436	        P1	
2093.34298	 730.97894	1530.05988	        P1	
 691.05539	 739.71574	1432.75796	        P1	
 142.49865	1356.38823	1044.06507	        P1	
1127.37869	 911.53950	1152.69312	        P1	
1035.32204	 479.79593	1455.92508	        P1	
 479.19899	1954.13096	 652.79810	        P1	
1406.07073	 852.56610	  22.13745	        P1	
 622.95869	1244.99403	1513.58546	        P1	
 698.62169	 113.57840	 458.70906	        P1	
1688.54593	2065.52516	1801.88747	        P1	
 709.97114	 385.14729	1157.32655	        P1	
 440.10645	  38.58752	 166.28849	        P1	
1897.88023	 155.07820	1941.40502	        P1	
 195.46275	1490.35251	 156.50678	        P1	
1916.79598	 525.66413	1462.10298	        P1	
1650.71443	1592.28184	 315.07289	        P1	
  70.61880	 527.12029	 595.13766	        P1	
2209.35958	1847.83324	  32.43397	        P1	
 320.30670	1068.80191	1109.44782	        P1	
1828.52248	 594.10241	1910.51552	        P1	
1590.18403	1973.78876	1315.37786	        P1	
1687.28488	 525.66413	1845.13277	        P1	
1931.92858	1943.93804	 687.29136	        P1	
2093.34298	1715.32512	1307.14062	        P1	
 762.93524	2154.34933	 374.27774	        P1	
 829.77089	 468.87493	1091.42899	        P1	
 654.48494	  28.39460	1464.16226	        P1	
1329.14669	1115.39814	1616.55048	        P1	
1592.70613	1538.40492	 911.75503	        P1	
1902.92443	1287.94995	2217.35124	        P1	
1751.59843	1264.65183	 401.56349	        P1	
 306.43515	1915.54344	1624.78766	        P1	
1785.64678	1938.11352	1849.25133	        P1	
1638.10393	1282.12543	 630.14578	        P1	
  21.43785	 724.42633	1968.69077	        P1	
2079.47143	 912.26754	 852.03537	        P1	
1829.78353	2023.29733	 973.53403	        P1	
2185.39963	1041.86342	1521.30783	        P1	
 564.95039	1859.48232	1836.89553	        P1	
 337.96140	  82.99960	2236.39974	        P1	
1722.59428	2099.74433	1484.75524	        P1	
1107.20189	 476.15561	 963.75237	        P1	
 407.31915	2099.01625	1959.93872	        P1	
1644.40918	 416.45413	1746.28638	        P1	
1575.05143	1062.24930	1206.74975	        P1	
 668.35649	 506.73441	1766.87935	        P1	
 213.11745	 842.37314	1414.22426	        P1	
1417.42018	1777.93884	1694.28903	        P1	
1397.24338	 165.99920	 210.04859	        P1	
 665.83439	1054.24054	1943.97917	        P1	
 791.93939	1205.67843	1274.19184	        P1	
2047.94518	1323.62523	 891.16205	        P1	
 616.65344	1759.73716	 512.25088	        P1	
1756.64263	 350.20009	 286.24267	        P1	
1972.28218	1770.65816	2019.65844	        P1	
2179.09438	 279.57761	 500.40989	        P1	
2133.69658	1330.90591	 639.92744	        P1	
 378.31500	1808.51764	 815.48278	        P1	
 455.23904	 530.76061	1501.22966	        P1	
 947.04854	2084.45493	  94.72778	        P1	
 825.98774	 964.68834	1764.82007	        P1	
2165.22283	1437.93171	1027.59065	        P1	
 968.48639	 502.36601	1459.52884	        P1	
1107.20189	 693.11950	1727.23781	        P1	
1876.44238	 195.12189	1881.68530	        P1	
 796.98359	 662.54070	 368.09984	        P1	
1911.75178	 617.40053	 720.75500	        P1	
2147.56813	 482.70821	2236.39974	        P1	
2147.56813	 753.54902	1087.31037	        P1	
 665.83439	1789.58792	1645.38064	        P1	
 648.17969	1951.21872	 576.60396	        P1	
1456.51273	 957.40770	2065.47783	        P1	
 136.19340	1526.02775	1184.09749	        P1	
 641.87444	 424.46289	 256.89765	        P1	
1549.83043	1663.63236	1420.40216	        P1	
 477.93794	1228.24851	1657.73644	        P1	
1126.11764	 846.74154	1523.88198	        P1	
 433.80120	1895.88564	 673.39108	        P1	
 344.26665	1073.89834	1562.49385	        P1	
2079.47143	1927.19252	2141.15710	        P1	
  71.87985	1006.91622	2125.19754	        P1	
 162.67545	1296.68675	1043.55027	        P1	
1572.52933	 606.47953	 275.94621	        P1	
 382.09815	 775.39102	 142.09170	        P1	
1902.92443	 287.58632	 938.52597	        P1	
1404.80968	 263.56012	2129.31616	        P1	
 229.51110	1757.55296	2234.34046	        P1	
 635.56919	 693.11950	 226.00815	        P1	
1701.15643	 654.53193	1519.24856	        P1	
1573.79038	1681.83404	1354.50454	        P1	
1177.82069	1788.13176	2123.13827	        P1	
2027.76838	1620.67644	 568.36679	        P1	
 208.07325	  99.74512	1136.21877	        P1	
1718.81113	1068.07382	1556.83076	        P1	
1448.94643	 779.75942	1070.32115	        P1	
 553.60094	 163.81500	1354.50454	        P1	
1355.62873	1079.72291	 298.59847	        P1	
 469.11059	 853.29414	 350.08101	        P1	
 392.18655	1471.42275	2042.82557	        P1	
1185.38699	 701.85630	1676.27014	        P1	
1331.66879	1776.48272	  65.38275	        P1	
1891.57498	1100.83682	1711.27825	        P1	
 170.24175	 813.25050	 601.31556	        P1	
2118.56398	 115.03452	 201.81142	        P1	
1158.90494	  61.88568	 409.80067	        P1	
  65.57460	1772.11432	1053.84673	        P1	
1267.35524	1085.54742	1305.08134	        P1	
2194.22698	2176.91937	1123.86297	        P1	
2242.14687	 346.55973	1797.25405	        P1	
2099.64823	 760.82970	1035.31303	        P1	
 540.99044	1660.72012	1060.02463	        P1	
1691.06803	1935.92932	2165.86870	        P1	
 732.67004	 928.28502	 532.84386	        P1	
1786.90783	1809.24572	1529.54501	        P1	
2052.98938	1917.72764	1173.80097	        P1	
1074.41459	1473.60695	1239.69859	        P1	
2097.12613	  82.27152	 906.09200	        P1	
1697.37328	1078.99482	 142.09170	        P1	
1581.35668	1888.60496	 986.40470	        P1	
1994.98108	 138.33268	1707.15963	        P1	
1476.68953	1103.02102	1445.62856	        P1	
1273.66049	 145.61332	 240.42329	        P1	
  64.31355	2043.68316	1159.38589	        P1	
 191.67960	1517.29095	 363.98129	        P1	
1791.95203	1385.51091	1690.17041	        P1	
1622.97133	 348.74393	1140.85219	        P1	
1147.55549	  27.66652	2032.01424	        P1	
 177.80805	 810.33822	1278.82527	        P1	
1538.48098	2032.76216	1499.17038	        P1	
1973.54323	 124.49940	  24.71160	        P1	
1150.07759	1595.92215	1721.57478	        P1	
1185.38699	  80.08732	1171.74169	        P1	
1479.21163	 867.12742	 137.45827	        P1	
2148.82918	1460.50175	1610.37258	        P1	
1575.05143	1341.82691	1490.93314	        P1	
1237.09004	1196.21355	 703.76578	        P1	
1335.45194	 211.86740	 588.44496	        P1	
 959.65904	1411.72131	 485.47994	        P1	
 167.71965	 489.98889	1509.46684	        P1	
 388.40340	 266.47241	1964.57215	        P1	
 936.96014	1337.45851	1022.95723	        P1	
 569.99459	 927.55694	1167.10826	        P1	
2180.35543	 108.48192	 592.56358	        P1	
 602.78189	1971.60456	 405.68211	        P1	
1470.38428	 901.34654	2038.19214	        P1	
1419.94228	1406.62483	2052.60722	        P1	
 137.45445	2192.20877	 938.52597	        P1	
 668.35649	 336.36681	   0.00000	        P1	
  76.92405	 152.16592	 949.33730	        P1	
 629.26394	1155.44183	 223.94887	        P1	
1131.16184	2180.55973	 541.08104	        P1	
1432.55278	1288.67803	 926.68498	        P1	
1572.52933	1180.19611	1503.28894	        P1	
 345.52770	1400.80031	1447.68784	        P1	
 276.16995	  42.95592	1066.71739	        P1	
 963.44219	 409.17349	 164.22915	        P1	
1577.57353	1400.07223	1107.38855	        P1	
1203.04169	  39.31560	1359.13796	        P1	
  15.13260	  36.40332	 140.03242	        P1	
1843.65508	 435.38389	   2.05928	        P1	
1894.09708	 514.01509	1676.27014	        P1	
 581.34404	1972.33264	 427.81956	        P1	
1925.62333	1922.82412	 454.59044	        P1	
 155.10915	2053.87613	  96.27225	        P1	
  29.00415	  91.00832	1000.30497	        P1	
2196.74908	1304.69551	1795.19471	        P1	
2161.43968	2131.77925	 118.92457	        P1	
 513.24734	 872.95194	1926.98994	        P1	
1583.87878	 816.89082	1082.67695	        P1	
1176.55964	 599.19889	1826.08421	        P1	
1592.70613	1462.68595	1344.72289	        P1	
 605.30399	  91.73640	 908.15128	        P1	
 559.90619	 796.50494	 530.78458	        P1	
 911.73914	1983.98173	 158.05125	        P1	
1302.66464	 447.76101	2057.24065	        P1	
1680.97963	1490.35251	1645.38064	        P1	
2239.62477	 745.54030	1251.53952	        P1	
1857.52663	 166.72728	 477.75757	        P1	
2036.59573	 897.70622	1274.19184	        P1	
1070.63144	 439.02421	1291.18107	        P1	
1392.19918	1973.06073	 168.86258	        P1	
 987.40214	1261.73955	1863.66647	        P1	
1102.15769	 822.71534	 930.80360	        P1	
1119.81239	 671.27750	1985.16513	        P1	
1245.91739	1534.76455	 665.15390	        P1	
 440.10645	 744.81222	 606.97866	        P1	
 281.21415	1389.87931	1832.26211	        P1	
2076.94933	1177.28383	1037.88717	        P1	
 298.86885	 495.81341	2169.98732	        P1	
1372.02238	1783.76336	1801.88747	        P1	
1182.86489	1029.48630	1158.87102	        P1	
1833.56668	 467.41881	1700.46693	        P1	
 475.41584	 120.13100	 390.75216	        P1	
 598.99874	 880.23262	 240.93809	        P1	
1215.65219	1134.32791	1393.63122	        P1	
1455.25168	1399.34415	1686.05185	        P1	
 991.18529	 358.20881	 654.85738	        P1	
1774.29733	1868.94716	1375.61238	        P1	
 978.57479	1489.62443	1544.47496	        P1	
1572.52933	1908.26276	 875.20250	        P1	
 295.08570	2091.00753	 590.50424	        P1	
1123.59554	 795.77690	1140.33732	        P1	
1142.51129	  55.33308	1288.60692	        P1	
1197.99749	2061.88485	 261.01627	        P1	
2200.53223	 977.79354	 611.09728	        P1	
 170.24175	1539.86103	 154.44750	        P1	
1718.81113	2193.66493	1948.09773	        P1	
 181.59120	1304.69551	 755.76306	        P1	
1757.90368	2233.70857	 998.76049	        P1	
1600.27243	2040.77093	2084.01152	        P1	
1127.37869	1763.37752	 706.33986	        P1	
1640.62603	 289.04249	1972.80933	        P1	
 593.95454	1461.22983	 557.55546	        P1	
1933.18963	 526.39221	 500.40989	        P1	
1658.28073	  58.97340	1618.60976	        P1	
 784.37309	1601.74672	 175.04047	        P1	
 863.81924	1654.89556	1784.89825	        P1	
 378.31500	1266.83603	 983.83055	        P1	
2027.76838	2022.56924	1130.55567	        P1	
1377.06658	1670.18496	1239.69859	        P1	
2041.63993	 402.62089	 996.70115	        P1	
 943.26539	1131.41563	 835.56095	        P1	
1737.72688	 982.89002	1414.73906	        P1	
 929.39384	1900.98212	2176.68002	        P1	
1940.75593	1764.10556	1672.15158	        P1	
1146.29444	1975.24493	  63.83828	        P1	
  78.18510	2163.81417	1696.86318	        P1	
1981.10953	1925.73636	 536.96248	        P1	
 765.45734	1430.65103	1970.75005	        P1	
1302.66464	 356.02461	1484.24044	        P1	
1945.80013	1021.47754	1369.43448	        P1	
1998.76423	 945.75862	1155.26727	        P1	
1529.65363	1340.37075	1908.45625	        P1	
  47.91990	1975.97296	 485.99481	        P1	
1692.32908	1256.64311	 508.64707	        P1	
 427.49595	 564.25169	1157.32655	        P1	
 239.59950	1904.62244	1377.67166	        P1	
 538.46834	1739.35132	 156.50678	        P1	
 597.73769	2184.20005	2188.52102	        P1	
 522.07469	1891.51724	1105.84407	        P1	
 197.98485	 979.24970	1220.65002	        P1	
1884.00868	 559.15521	2095.85252	        P1	
1645.67023	1349.10755	1648.98445	        P1	
 476.67689	 497.99761	1297.35897	        P1	
2018.94103	 459.41009	1115.62572	        P1	
 168.98070	  99.01708	 893.22133	        P1	
1846.17718	1360.02855	 207.98932	        P1	
