2007.00000	   0.00000	   0.00000	   0.00000	
1031.53889	1946.85032	2159.69080	        P1	
1395.98233	1787.40372	1398.26464	        P1	
 192.94065	 134.69232	2018.11397	        P1	
 126.10500	1105.20522	1136.73357	        P1	
 295.08570	1983.25364	1564.55313	        P1	
 817.16039	1791.04404	2231.76632	        P1	
1945.80013	 990.89874	2191.09516	        P1	
 133.67130	1362.94083	 483.42066	        P1	
1113.50714	1539.86103	 976.10817	        P1	
 476.67689	  21.84200	2125.19754	        P1	
 462.80534	1245.72211	1429.15414	        P1	
1815.91198	1906.07856	 462.82768	        P1	
 363.18240	2227.88405	1383.84956	        P1	
1403.54863	 354.56849	2040.76623	        P1	
 337.96140	 585.36561	 846.37228	        P1	
 235.81635	1946.12224	 142.09170	        P1	
1822.21723	 290.49861	  75.67927	        P1	
 669.61754	  85.18380	1247.93577	        P1	
1242.13424	1354.93211	 188.94075	        P1	
 615.39239	 797.96110	1313.31852	        P1	
1326.62459	 934.83762	1983.10585	        P1	
2093.34298	 975.60934	1375.61238	        P1	
 633.04709	1821.62284	 749.07036	        P1	
 448.93379	2181.28777	2192.63964	        P1	
2157.65653	2176.19133	 473.12414	        P1	
1945.80013	 370.58593	1642.80655	        P1	
 186.63540	1323.62523	2040.25142	        P1	
 602.78189	 934.83762	2046.42932	        P1	
 276.16995	1858.75424	 450.98669	        P1	
1654.49758	1777.93884	2081.95225	        P1	
1577.57353	1343.28303	1285.00317	        P1	
 808.33304	2103.38465	 531.29939	        P1	
 943.26539	  71.35052	1789.53167	        P1	
 421.19070	1986.16593	 465.40177	        P1	
 300.12990	 230.06909	1214.47212	        P1	
1192.95329	 384.41921	1039.43165	        P1	
 372.00975	1998.54304	1062.59877	        P1	
1877.70343	 492.90113	 277.49069	        P1	
1577.57353	 447.76101	 310.43947	        P1	
1124.85659	1595.92215	2032.01424	        P1	
 509.46419	1980.34136	1852.85515	        P1	
 713.75429	1054.24054	 252.77909	        P1	
1882.74763	2110.66533	1107.90335	        P1	
1742.77108	1323.62523	 378.39637	        P1	
 906.69494	2034.94636	1369.43448	        P1	
1524.60943	1973.78876	1449.74718	        P1	
 722.58164	 867.12742	2211.68814	        P1	
 546.03464	2120.85825	1613.97633	        P1	
 848.68664	1507.82611	 588.95976	        P1	
 919.30544	 680.74233	1894.55597	        P1	
 750.32474	 471.05913	2081.43744	        P1	
 233.29425	 497.26953	 751.64450	        P1	
 388.40340	1164.90671	1095.54755	        P1	
 475.41584	 913.72370	1511.01131	        P1	
  51.70305	1633.05355	 574.02988	        P1	
1320.31934	 811.79434	1624.27285	        P1	
1675.93543	1398.61611	1282.42902	        P1	
 134.93235	 906.44302	1416.28354	        P1	
 267.34260	1032.39854	 121.49872	        P1	
1640.62603	 283.21792	1851.31067	        P1	
2041.63993	1765.56172	1849.25133	        P1	
1629.27658	 896.97814	1679.87395	        P1	
1150.07759	  64.06988	1875.50740	        P1	
 375.79290	 637.78641	 891.16205	        P1	
1018.92839	 483.43629	 120.98385	        P1	
2078.21038	  96.10480	 679.56898	        P1	
 387.14235	2203.85785	2199.33234	        P1	
1870.13713	 916.63594	1394.14608	        P1	
 740.23634	1656.35172	 724.87356	        P1	
1050.45464	1547.14172	 453.04597	        P1	
1418.68123	1231.16075	 141.57689	        P1	
 519.55259	 292.68281	 135.91380	        P1	
1351.84558	2157.98965	  37.06740	        P1	
2110.99768	2044.41125	2125.19754	        P1	
1567.48513	1242.80983	2237.94422	        P1	
1943.27803	2036.40253	1836.89553	        P1	
1276.18259	2063.34096	 178.64429	        P1	
 575.03879	 381.50693	1747.83085	        P1	
1209.34694	2147.06865	 131.28037	        P1	
2191.70488	1990.53433	 411.34514	        P1	
 158.89230	 576.62881	1490.41834	        P1	
1419.94228	1456.13335	 703.76578	        P1	
1088.28614	1710.22864	2063.41855	        P1	
 993.70739	1502.72963	 254.83837	        P1	
1949.58328	1355.66015	 549.31828	        P1	
1635.58183	1829.63156	1017.29419	        P1	
 619.17554	1484.52795	 547.77381	        P1	
1935.71173	 191.48152	1140.85219	        P1	
 348.04980	1159.08214	2178.73936	        P1	
1287.53204	1874.77172	1294.78482	        P1	
1240.87319	2105.56885	 514.31016	        P1	
 805.81094	1148.16114	 833.50167	        P1	
1499.38843	1912.63116	 689.86550	        P1	
1827.26143	1695.66732	 238.36395	        P1	
1757.90368	 202.40252	1784.89825	        P1	
 157.63125	 399.70861	 123.55800	        P1	
1315.27514	1710.22864	 742.89246	        P1	
1066.84829	1776.48272	1097.09203	        P1	
  46.65885	 722.97022	 901.97338	        P1	
1562.44093	 912.26754	1259.77676	        P1	
1571.26828	 374.22629	1744.22703	        P1	
 873.90764	1402.98451	 947.27795	        P1	
   5.04420	1422.64231	1992.88750	        P1	
 665.83439	1039.67922	1142.91147	        P1	
 176.54700	1244.99403	1051.78745	        P1	
1268.61629	 763.01390	 825.26443	        P1	
1771.77523	  60.42952	2024.29187	        P1	
1293.83729	 391.69989	1219.10555	        P1	
 238.33845	1659.26396	  55.08629	        P1	
 993.70739	1329.44975	 813.42350	        P1	
1794.47413	 645.79513	1346.26736	        P1	
1638.10393	1986.89396	1221.16489	        P1	
 646.91864	  56.06112	 411.86001	        P1	
2031.55153	1328.72171	1035.31303	        P1	
 596.47664	1104.47714	2235.88494	        P1	
 166.45860	1370.22151	 782.01913	        P1	
 834.81509	1948.30644	  80.31270	        P1	
1301.40359	1252.27471	 534.90314	        P1	
1137.46709	1775.02656	1488.35906	        P1	
 553.60094	 883.14490	1362.74172	        P1	
1742.77108	1010.55654	 220.34512	        P1	
 771.76259	2032.76216	 485.99481	        P1	
1675.93543	1509.28223	 267.19417	        P1	
1360.67293	1854.38584	1743.71223	        P1	
1610.36083	 182.74472	1296.84416	        P1	
1350.58453	2203.85785	1624.78766	        P1	
 216.90060	1089.18774	1945.52364	        P1	
 781.85099	1265.37991	  22.13745	        P1	
1464.07903	1969.42036	1801.88747	        P1	
 277.43100	 572.26041	1206.23494	        P1	
1345.54033	2244.62957	1252.05439	        P1	
 837.33719	1724.06192	  96.27225	        P1	
  22.69890	 340.73521	1749.89013	        P1	
 866.34134	2053.87613	 409.80067	        P1	
1726.37743	1774.29852	1492.47761	        P1	
1969.76008	 244.63041	 420.09719	        P1	
1036.58309	1078.99482	 576.08916	        P1	
2032.81258	1102.29294	1661.34025	        P1	
1142.51129	1932.28896	1974.86867	        P1	
  15.13260	 208.22709	 329.48797	        P1	
2134.95763	 893.33782	 957.57447	        P1	
 424.97385	 382.23501	 259.47179	        P1	
 228.25005	1129.23143	1908.97105	        P1	
1919.31808	2133.23537	1431.21348	        P1	
 358.13820	 912.99562	1743.71223	        P1	
1006.31789	 324.71773	 238.87881	        P1	
 818.42144	1017.10914	1072.89529	        P1	
1735.20478	 324.71773	 566.30751	        P1	
1699.89538	1930.83284	 203.87069	        P1	
 189.15750	1833.27192	 324.85455	        P1	
 243.38265	 535.12901	 444.80879	        P1	
1933.18963	1357.84435	1931.62337	        P1	
2161.43968	 573.71653	 660.52048	        P1	
1614.14398	1866.76296	 648.16468	        P1	
 143.75970	2182.74393	1591.32401	        P1	
2169.00598	1539.13295	 598.74148	        P1	
 568.73354	 417.18221	 254.83837	        P1	
2112.25873	2050.96385	 407.74139	        P1	
1741.51003	1567.52755	 974.04890	        P1	
1020.18944	 907.89914	1142.39667	        P1	
 886.51814	2100.47237	1278.31046	        P1	
1875.18133	 773.93490	 663.09456	        P1	
1923.10123	 305.05993	 102.96502	        P1	
1778.08048	 720.78602	1329.79294	        P1	
 723.84269	 168.91149	2246.18140	        P1	
 760.41314	2193.66493	  90.09435	        P1	
1790.69098	 912.99562	1507.40756	        P1	
 771.76259	1166.36283	1278.82527	        P1	
 215.63955	1401.52835	 356.25891	        P1	
1404.80968	 834.36442	 662.57976	        P1	
1113.50714	 123.04328	1195.93842	        P1	
 686.01119	 369.85789	 670.81694	        P1	
 317.78460	 997.45134	1746.28638	        P1	
1278.70469	 749.90870	2009.87673	        P1	
 672.13964	 973.42514	 419.58238	        P1	
1740.24898	 196.57800	 786.13775	        P1	
1610.36083	1001.09170	 164.22915	        P1	
1557.39673	 501.63793	1338.54499	        P1	
 191.67960	 943.57442	  67.95690	        P1	
  84.49035	1216.59943	 681.11346	        P1	
 397.23075	2216.96305	1958.39425	        P1	
 184.11330	2057.51645	1927.50475	        P1	
1266.09419	1550.78203	1780.77963	        P1	
2006.33053	1659.26396	1321.55576	        P1	
1277.44364	1759.73716	2147.84986	        P1	
 861.29714	1155.44183	 376.85189	        P1	
1857.52663	 214.77969	1696.34831	        P1	
 952.09274	 277.39341	 339.78449	        P1	
1446.42433	1660.72012	1591.32401	        P1	
1674.67438	1673.09724	1692.74456	        P1	
 691.05539	1715.32512	  82.37198	        P1	
1881.48658	1329.44975	1425.03558	        P1	
1224.47954	1756.82492	  26.77088	        P1	
1132.42289	1243.53791	 689.35064	        P1	
  88.27350	1552.23815	2036.64767	        P1	
 232.03320	1728.43032	 131.79518	        P1	
1369.50028	1636.69392	 386.63354	        P1	
1075.67564	1354.93211	1565.06794	        P1	
 952.09274	 923.91662	1922.87132	        P1	
1209.34694	1946.12224	1700.46693	        P1	
2184.13858	 314.52481	1360.68244	        P1	
1374.54448	2067.70936	1042.00579	        P1	
1576.31248	1386.23895	2186.46174	        P1	
 617.91449	1151.80151	 588.95976	        P1	
1935.71173	1324.35331	1787.47233	        P1	
 317.78460	1766.28976	1425.03558	        P1	
1609.09978	 171.82372	 492.17271	        P1	
1286.27099	  97.56092	 178.64429	        P1	
 621.69764	 367.67369	 125.61728	        P1	
 682.22804	1628.68515	1420.40216	        P1	
1199.25854	1229.70463	1680.38876	        P1	
1722.59428	1897.34176	 313.01361	        P1	
 651.96284	1691.29892	2110.26760	        P1	
1814.65093	1369.49343	1459.52884	        P1	
1549.83043	 951.58314	 543.14038	        P1	
2085.77668	1220.23975	  96.78712	        P1	
 186.63540	1301.78323	2236.39974	        P1	
 702.40484	1721.87772	2158.14632	        P1	
 921.82754	1746.63196	1531.60436	        P1	
1856.26558	 812.52242	 302.71709	        P1	
1147.55549	 617.40053	1048.18369	        P1	
1955.88853	 641.42673	1704.58555	        P1	
1683.50173	1340.37075	 523.06221	        P1	
2240.88582	1651.98332	2102.54522	        P1	
  10.08840	1210.04683	1033.25375	        P1	
 508.20314	1793.22824	2126.74202	        P1	
1448.94643	1167.09091	 755.76306	        P1	
1847.43823	 268.65661	1298.90344	        P1	
 833.55404	1692.75504	1692.74456	        P1	
 100.88400	1345.46723	 784.59328	        P1	
 977.31374	1791.77212	 491.65784	        P1	
 619.17554	 976.33742	  80.31270	        P1	
2094.60403	 307.97221	1074.95457	        P1	
 322.82880	 677.10202	 267.19417	        P1	
 971.00849	 666.90910	2127.25682	        P1	
 349.31085	 856.93450	1114.08125	        P1	
  18.91575	 127.41168	1146.51522	        P1	
 432.54015	1309.79195	  36.55259	        P1	
1828.52248	1408.08095	1197.99776	        P1	
1070.63144	2059.70065	2032.52905	        P1	
 727.62584	1356.38823	 704.28058	        P1	
 406.05810	 832.90830	 459.22387	        P1	
1186.64804	2222.78757	 771.72268	        P1	
1196.73644	 431.74353	1543.96016	        P1	
1013.88419	1367.30923	1305.08134	        P1	
  54.22515	 439.02421	 172.98120	        P1	
 445.15065	 423.00673	1412.67978	        P1	
1669.63018	 301.41961	2058.78512	        P1	
 310.21830	1399.34415	2036.64767	        P1	
1138.72814	1483.07183	1643.32136	        P1	
 438.84540	1253.73083	1414.73906	        P1	
1657.01968	 701.85630	 887.04343	        P1	
  55.48620	1394.97575	 623.45308	        P1	
2237.10267	 974.15322	1453.35094	        P1	
 679.70594	1113.21394	  18.01890	        P1	
 229.51110	  21.84200	 852.55018	        P1	
2171.52808	 109.21000	   1.54447	        P1	
1046.67149	2216.23497	1179.46406	        P1	
1940.75593	1462.68595	 399.50421	        P1	
1225.74059	1365.85311	2046.94413	        P1	
1621.71028	1962.86776	 845.85747	        P1	
 457.76114	  53.14888	  32.94878	        P1	
1548.56938	2243.90153	 502.46917	        P1	
 607.82609	1862.39456	1865.21095	        P1	
 919.30544	2048.05156	 215.71169	        P1	
1205.56379	1836.18416	2118.50484	        P1	
1179.08174	 118.67488	1609.85771	        P1	
 785.63414	2077.17425	 969.93027	        P1	
1612.88293	1781.57916	 658.97600	        P1	
1501.91053	  26.93848	1887.86320	        P1	
1194.21434	1001.09170	2036.13280	        P1	
2075.68828	1560.97495	1530.05988	        P1	
 930.65489	2171.09485	 829.38305	        P1	
2158.91758	 965.41642	 619.33446	        P1	
1557.39673	2072.80585	 722.81428	        P1	
 522.07469	1920.63992	1089.36965	        P1	
2042.90098	 765.92614	 943.15940	        P1	
 189.15750	  30.57880	1848.73653	        P1	
 213.11745	 577.35689	1263.89532	        P1	
1709.98378	2121.58633	 150.32888	        P1	
 195.46275	 293.41089	  20.59298	        P1	
1032.79994	1487.44023	1464.16226	        P1	
1829.78353	1601.01864	  92.66850	        P1	
1152.59969	 934.83762	1749.89013	        P1	
1261.04999	 125.22748	 823.71996	        P1	
1926.88438	1390.60735	 683.68760	        P1	
2031.55153	 306.51609	2003.69883	        P1	
 290.04150	 326.17389	 775.84123	        P1	
 805.81094	1219.51171	1725.69333	        P1	
1365.71713	1143.79274	 294.47991	        P1	
 165.19755	 570.07621	 471.06486	        P1	
 832.29299	1812.88604	1501.22966	        P1	
1094.59139	1738.62324	 959.11895	        P1	
1351.84558	1137.24014	 160.11059	        P1	
1534.69783	2113.57757	 899.91410	        P1	
1219.43534	1334.54623	1268.01394	        P1	
  51.70305	1350.56371	 595.13766	        P1	
1022.71154	1775.75464	 810.84935	        P1	
 401.01390	1792.50016	1370.97896	        P1	
2177.83333	 326.90193	1245.87649	        P1	
1785.64678	1076.08254	2024.29187	        P1	
1523.34838	 598.47081	1959.93872	        P1	
1885.26973	2110.66533	1937.28640	        P1	
1761.68683	2068.43745	 413.91929	        P1	
2128.65238	 308.70029	  53.02695	        P1	
2102.17033	  24.02620	1266.46947	        P1	
 150.06495	1799.05276	 957.05967	        P1	
1467.86218	1852.20164	1303.53687	        P1	
 109.71135	1988.35013	1009.05695	        P1	
 655.74599	1775.02656	1147.03009	        P1	
 228.25005	1598.10635	2143.21644	        P1	
 122.32185	1847.10516	 788.71190	        P1	
 498.11474	 658.90033	  65.89762	        P1	
2199.27118	 511.10281	 939.04078	        P1	
1158.90494	2133.96345	 117.38010	        P1	
  37.83150	1847.83324	 996.18635	        P1	
 987.40214	1701.49184	1700.46693	        P1	
1834.82773	 281.76181	 983.83055	        P1	
1359.41188	1330.90591	 959.63375	        P1	
 965.96429	2045.86736	  30.37469	        P1	
1953.36643	1739.35132	 576.60396	        P1	
2204.31538	1140.15243	 327.42869	        P1	
 588.91034	1812.15796	2228.16256	        P1	
 104.66715	1133.59983	 866.45045	        P1	
 172.76385	1815.07024	  67.95690	        P1	
2051.72833	1006.91622	  81.85717	        P1	
1168.99334	2101.92853	 397.44487	        P1	
 673.40069	1517.29095	1191.81986	        P1	
1962.19378	 350.92813	 759.36688	        P1	
 832.29299	1824.53512	1189.76052	        P1	
 167.71965	1947.57836	2032.01424	        P1	
1058.02094	1085.54742	1371.49376	        P1	
 590.17139	1173.64351	 547.25894	        P1	
1044.14939	 575.17269	1348.84144	        P1	
1610.36083	  53.14888	  76.19408	        P1	
1515.78208	2031.30605	1803.94675	        P1	
  10.08840	1677.46564	  12.35580	        P1	
1721.33323	  60.42952	 524.60668	        P1	
 662.05124	 411.35769	1157.32655	        P1	
1088.28614	1879.14012	 280.06477	        P1	
 786.89519	1428.46683	 154.44750	        P1	
1976.06533	1531.12423	1056.42087	        P1	
1688.54593	2148.52477	1432.75796	        P1	
1351.84558	1201.31003	1748.34565	        P1	
  71.87985	 635.60221	1694.28903	        P1	
1480.47268	1429.92295	1123.86297	        P1	
1175.29859	1990.53433	 131.79518	        P1	
1570.00723	1806.33344	 180.70357	        P1	
1992.45898	 808.15402	1657.22163	        P1	
 510.72524	1426.28263	1206.23494	        P1	
 104.66715	 473.97141	1311.25924	        P1	
1549.83043	 971.96902	 370.67399	        P1	
1875.18133	 610.84793	2246.69626	        P1	
 142.49865	 752.09290	2201.39162	        P1	
 237.07740	  42.22788	 800.55283	        P1	
 872.64659	 331.99841	1816.30255	        P1	
 771.76259	 736.80350	 508.64707	        P1	
 824.72669	1946.85032	 417.52304	        P1	
2129.91343	2021.84116	 467.46111	        P1	
1397.24338	1418.27391	1220.65002	        P1	
1518.30418	1540.58912	1078.55833	        P1	
 170.24175	1975.24493	1793.65023	        P1	
 596.47664	 204.58672	 399.50421	        P1	
 547.29569	1571.16792	1404.44254	        P1	
 764.19629	1025.11790	1486.29972	        P1	
1276.18259	 713.50533	 518.42878	        P1	
1616.66608	1208.59071	 102.45015	        P1	
1187.90909	 921.73242	2207.05472	        P1	
2182.87753	  99.74512	1754.00875	        P1	
 209.33430	 117.94680	1346.78216	        P1	
 197.98485	 310.88449	1918.75270	        P1	
1542.26413	 941.39022	1834.83625	        P1	
 653.22389	 885.32910	 273.88687	        P1	
 987.40214	1717.50932	 695.52854	        P1	
2027.76838	1272.66055	1451.29166	        P1	
1375.80553	1924.28024	 792.31565	        P1	
 353.09400	1524.57163	1935.22712	        P1	
1936.97278	 837.27670	2165.86870	        P1	
 501.89789	 142.70108	2029.95490	        P1	
1906.70758	 624.68121	 586.90048	        P1	
2189.18278	   4.36840	1853.36995	        P1	
1634.32078	1799.78084	2168.44284	        P1	
 500.63684	  45.86820	1457.98436	        P1	
2051.72833	2212.59465	 761.42615	        P1	
 964.70324	1245.72211	 201.29655	        P1	
 515.76944	1916.99956	2155.57224	        P1	
1860.04873	1206.40651	1274.70665	        P1	
1475.42848	  80.08732	2013.48054	        P1	
2174.05018	 515.47121	2225.58842	        P1	
 614.13134	2072.80585	1519.76336	        P1	
2068.12198	1975.97296	1956.33497	        P1	
1180.34279	 563.52361	1748.34565	        P1	
  59.26935	1746.63196	 709.94368	        P1	
 761.67419	 563.52361	1891.98183	        P1	
2127.39133	2170.36677	 146.21032	        P1	
1802.04043	1161.26634	1542.41568	        P1	
 814.63829	 958.13574	1290.66626	        P1	
2225.75323	1949.03452	1021.41275	        P1	
 833.55404	 835.09250	 936.46663	        P1	
 629.26394	2093.19173	  65.38275	        P1	
1633.05973	 596.28661	1958.39425	        P1	
 520.81364	2179.10357	1492.99248	        P1	
1143.77234	1401.52835	1375.61238	        P1	
 432.54015	 562.79553	 808.79007	        P1	
1699.89538	1131.41563	1305.08134	        P1	
1636.84288	1859.48232	1362.74172	        P1	
 616.65344	 622.49701	1791.59095	        P1	
1746.55423	  99.74512	 666.69838	        P1	
1161.42704	 227.88489	2054.66650	        P1	
  25.22100	 837.27670	1880.14083	        P1	
 829.77089	1111.02974	1920.81205	        P1	
1796.99623	1717.50932	 860.78736	        P1	
 653.22389	1443.02815	  59.71972	        P1	
 954.61484	1542.77332	2209.11400	        P1	
1372.02238	1830.35964	1865.72575	        P1	
1443.90223	 581.72529	 355.74404	        P1	
1776.81943	1021.47754	 685.23208	        P1	
2185.39963	 114.30648	1058.48015	        P1	
  81.96825	2138.33185	2027.89562	        P1	
 992.44634	 242.44621	 339.78449	        P1	
1311.49199	1911.90312	1368.91962	        P1	
 339.22245	 423.00673	 708.39920	        P1	
1455.25168	1610.48352	1665.45881	        P1	
 428.75700	1632.32552	1490.93314	        P1	
1127.37869	 716.41762	1501.22966	        P1	
 596.47664	1306.87971	 799.00836	        P1	
 928.13279	1756.09684	 358.31819	        P1	
 931.91594	 277.39341	2120.56412	        P1	
1387.15498	1767.74592	1633.02484	        P1	
1770.51418	1671.64112	1583.60164	        P1	
1482.99478	1023.66174	 936.98150	        P1	
  98.36190	1712.41284	 846.37228	        P1	
1959.67168	 317.43709	 182.76285	        P1	
1971.02113	1908.26276	1908.45625	        P1	
1224.47954	1571.89595	1926.98994	        P1	
1300.14254	 165.27112	1042.00579	        P1	
 440.10645	1688.38664	 860.27255	        P1	
 395.96970	 454.31361	1743.71223	        P1	
 602.78189	 886.78522	 741.34798	        P1	
2107.21453	 686.56690	  77.73855	        P1	
 470.37164	1542.77332	2003.69883	        P1	
 783.11204	2045.13933	 836.07576	        P1	
1374.54448	 741.17190	1626.84694	        P1	
 674.66174	  15.28940	1179.97887	        P1	
1578.83458	 426.64709	1826.08421	        P1	
1248.43949	2200.21753	 162.68468	        P1	
1085.76404	1644.70264	1779.23515	        P1	
1810.86778	1217.32751	1208.29422	        P1	
1987.41478	2146.34057	1449.74718	        P1	
1374.54448	 368.40173	1618.09495	        P1	
 355.61610	 892.60974	1988.76894	        P1	
 552.33989	1722.60576	1210.35356	        P1	
 844.90349	1865.30684	2188.52102	        P1	
1029.01679	1293.04643	 742.89246	        P1	
1360.67293	1895.15756	 152.38822	        P1	
1398.50443	1394.24771	1745.77151	        P1	
1166.47124	1863.12264	1674.21086	        P1	
1813.38988	  26.21040	 407.74139	        P1	
   3.78315	 612.30409	 306.32085	        P1	
 394.70865	1094.28422	2026.35115	        P1	
  69.35775	2196.57717	 201.81142	        P1	
1511.99893	 254.09529	2221.46980	        P1	
 223.20585	 782.67170	 125.61728	        P1	
1118.55134	 779.75942	1600.07606	        P1	
1493.08318	1255.18695	1418.85768	        P1	
 235.81635	 702.58433	2007.30264	        P1	
 900.38969	 286.85829	 650.73876	        P1	
 838.59824	1665.08852	2190.58030	        P1	
1633.05973	 200.21832	2018.11397	        P1	
1741.51003	1408.80903	1088.85485	        P1	
1586.40088	2248.26993	 854.60946	        P1	
1928.14543	1615.57995	 197.17799	        P1	
  20.17680	1223.15203	1255.65814	        P1	
1147.55549	1016.38110	1165.04892	        P1	
1078.19774	1545.68555	2197.27306	        P1	
1983.63163	1662.17624	 135.91380	        P1	
1153.86074	1153.98571	1602.13534	        P1	
1355.62873	 839.46090	 880.86553	        P1	
2195.48803	1871.85944	 809.30488	        P1	
1118.55134	 389.51569	1010.60143	        P1	
 620.43659	  32.03492	 961.69310	        P1	
 529.64099	1383.32671	1768.93863	        P1	
1634.32078	 749.90870	1659.28091	        P1	
 137.45445	 268.65661	 525.12149	        P1	
1871.39818	1523.11552	2184.40240	        P1	
 399.75285	 201.67449	1869.32950	        P1	
1383.37183	 455.04169	1311.77404	        P1	
1591.44508	 283.94601	 667.21318	        P1	
1177.82069	 758.64550	 391.26697	        P1	
1721.33323	2117.94597	1993.40237	        P1	
 459.02219	 789.22430	1683.99251	        P1	
 968.48639	 203.85869	 293.96505	        P1	
 581.34404	1266.10795	 918.44780	        P1	
1886.53078	1036.76694	  72.07552	        P1	
1146.29444	1871.85944	1396.20536	        P1	
2134.95763	1488.89635	1210.35356	        P1	
1302.66464	1366.58115	1678.32948	        P1	
1175.29859	2096.83205	1420.91696	        P1	
1470.38428	1042.59150	1781.29443	        P1	
1660.80283	1796.14052	 108.62805	        P1	
1775.55838	1145.97694	 852.03537	        P1	
 582.60509	1563.88723	 222.40439	        P1	
 894.08444	2244.62957	  79.79789	        P1	
1692.32908	2031.30605	 934.40735	        P1	
1543.52518	 917.36402	2237.94422	        P1	
2005.06948	2080.81456	1383.33476	        P1	
 465.32744	 203.13060	2026.35115	        P1	
1557.39673	 881.68874	 740.83318	        P1	
 368.22660	2111.39337	1863.66647	        P1	
1316.53619	1332.36203	1774.60173	        P1	
1891.57498	2056.06033	1263.89532	        P1	
  59.26935	2069.89356	2209.62886	        P1	
1431.29173	1290.86223	 934.40735	        P1	
  83.22930	1048.41602	 488.05409	        P1	
1518.30418	 212.59549	 701.70644	        P1	
 838.59824	 503.09409	1053.84673	        P1	
 344.26665	1025.84594	1204.17566	        P1	
 721.32059	2210.41045	1377.67166	        P1	
1029.01679	2195.84913	 102.45015	        P1	
1481.73373	1914.08732	1603.67981	        P1	
1413.63703	 725.88250	1379.73094	        P1	
 704.92694	  67.71020	2139.09782	        P1	
1563.70198	   7.28068	 712.51776	        P1	
1390.93813	1898.06984	1428.63934	        P1	
1452.72958	1610.48352	1727.23781	        P1	
1808.34568	 812.52242	1303.53687	        P1	
2201.79328	 107.75388	1583.60164	        P1	
 290.04150	 521.29573	1672.15158	        P1	
1849.96033	 165.27112	 405.68211	        P1	
 805.81094	 722.97022	 518.94359	        P1	
1619.18818	2013.83244	1810.12465	        P1	
 129.88815	  40.04368	 800.55283	        P1	
1697.37328	1818.71056	 203.35589	        P1	
1703.67853	2244.62957	2186.46174	        P1	
2041.63993	1264.65183	2125.19754	        P1	
 546.03464	1826.71932	 354.19957	        P1	
2084.51563	 954.49542	 884.98415	        P1	
 744.01949	1977.42913	 175.04047	        P1	
1843.65508	 860.57482	1680.38876	        P1	
2145.04603	2173.27905	1366.86034	        P1	
2131.17448	 425.19093	 127.67662	        P1	
  76.92405	2053.87613	 992.06773	        P1	
1034.06099	1920.63992	  34.49325	        P1	
1926.88438	 110.66612	1964.05734	        P1	
1906.70758	1955.58712	 650.73876	        P1	
1900.40233	 280.30569	 312.49875	        P1	
1274.92154	 369.12981	 920.50708	        P1	
 383.35920	1654.16752	 880.86553	        P1	
 651.96284	1350.56371	1182.03815	        P1	
1795.73518	 144.15720	2001.63955	        P1	
2003.80843	 181.28860	1729.81195	        P1	
 152.58705	1089.91582	1632.51003	        P1	
1794.47413	2027.66573	1287.06245	        P1	
 720.05954	1293.77451	1978.98723	        P1	
2050.46728	1221.69591	1331.85222	        P1	
 267.34260	2150.70897	2234.34046	        P1	
2079.47143	 838.00474	 561.67408	        P1	
 223.20585	 219.14809	1319.49642	        P1	
 472.89374	 779.75942	1020.89795	        P1	
2167.74493	 149.25368	1220.65002	        P1	
 645.65759	 458.68201	 951.39657	        P1	
 293.82465	1095.74034	1920.81205	        P1	
  90.79560	1962.86776	 399.50421	        P1	
1145.03339	1493.99283	1445.62856	        P1	
  42.87570	2213.32273	 545.71447	        P1	
 770.50154	  88.09608	 856.15393	        P1	
1537.21993	 845.28542	 475.69829	        P1	
1717.55008	1397.88803	1929.04922	        P1	
1208.08589	1703.67604	  92.66850	        P1	
2105.95348	 735.34734	 506.07298	        P1	
1515.78208	 844.55734	1857.48857	        P1	
1327.88564	1727.70224	1556.83076	        P1	
 964.70324	1633.05355	 215.71169	        P1	
1000.01264	1121.95074	1537.78226	        P1	
2073.16618	1965.78004	1298.90344	        P1	
2025.24628	 532.94481	 854.09465	        P1	
 168.98070	  93.19252	2055.18137	        P1	
1247.17844	1084.09131	2091.73390	        P1	
1228.26269	 658.17230	1931.10850	        P1	
 179.06910	 547.50613	1604.19468	        P1	
1628.01553	2093.19173	1206.74975	        P1	
 235.81635	1445.21235	1845.13277	        P1	
 635.56919	 362.57721	2089.67462	        P1	
 883.99604	 725.88250	1725.69333	        P1	
1266.09419	 870.76774	1486.81458	        P1	
1873.92028	1694.93924	1181.52334	        P1	
1393.46023	 904.98690	 621.39374	        P1	
1817.17303	 238.07781	1470.34016	        P1	
1166.47124	 760.82970	2201.39162	        P1	
1070.63144	 670.54941	1210.86837	        P1	
1660.80283	1902.43824	2217.86604	        P1	
1291.31519	 610.11989	1696.34831	        P1	
 438.84540	1041.13534	1482.18116	        P1	
1081.98089	2058.97256	 215.71169	        P1	
1841.13298	1520.20323	1717.45615	        P1	
1765.46998	1445.94043	1620.15423	        P1	
1196.73644	1873.31556	 147.75479	        P1	
1186.64804	1092.82811	  70.01618	        P1	
1142.51129	1667.27272	 769.66333	        P1	
 192.94065	1216.59943	1428.63934	        P1	
1563.70198	2082.27073	1182.03815	        P1	
 199.24590	 364.03333	 986.40470	        P1	
1687.28488	 945.03054	1610.37258	        P1	
 330.39510	 227.15681	 767.60405	        P1	
1013.88419	1262.46763	 704.28058	        P1	
 930.65489	2079.35845	1964.57215	        P1	
 281.21415	1542.77332	1727.23781	        P1	
1887.79183	 510.37473	 646.62020	        P1	
1322.84144	1947.57836	1611.91705	        P1	
1915.53493	1946.12224	 594.62286	        P1	
1015.14524	1404.44063	2151.45362	        P1	
  13.87155	 510.37473	2228.16256	        P1	
 678.44489	1483.79991	1955.82010	        P1	
 766.71839	1495.44895	 969.41547	        P1	
2076.94933	2042.22705	1019.35347	        P1	
1471.64533	 838.00474	 930.80360	        P1	
2186.66068	 822.71534	1519.24856	        P1	
 720.05954	 865.67130	1212.92765	        P1	
1447.68538	1119.76654	1480.63668	        P1	
 139.97655	2084.45493	  22.13745	        P1	
1515.78208	1975.97296	1598.01678	        P1	
2022.72418	1920.63992	 318.67665	        P1	
2026.50733	  88.09608	1966.63143	        P1	
 677.18384	 858.39062	 131.28037	        P1	
1843.65508	 419.36641	2219.41052	        P1	
1285.00994	 239.53392	2013.48054	        P1	
 551.07884	 481.25209	1762.76073	        P1	
1580.09563	2087.36716	2209.62886	        P1	
 702.40484	1436.47555	 685.23208	        P1	
1800.77938	 232.98132	2124.68274	        P1	
 615.39239	2073.53393	 341.84377	        P1	
1073.15354	 533.67289	 218.28577	        P1	
 259.77630	 934.83762	 963.75237	        P1	
 868.86344	1780.12304	 815.48278	        P1	
2160.17863	1120.49462	1737.53433	        P1	
 715.01534	 194.39380	 798.49355	        P1	
 696.09959	1642.51844	1544.47496	        P1	
2180.35543	1972.33264	1669.57743	        P1	
1127.37869	1965.78004	 328.97317	        P1	
1901.66338	1389.15123	2120.56412	        P1	
1103.41874	 254.09529	1144.97075	        P1	
1199.25854	1995.63076	 147.75479	        P1	
1602.79453	 928.28502	1192.33467	        P1	
1766.73103	 674.91781	 761.42615	        P1	
 877.69079	 662.54070	 774.29676	        P1	
2186.66068	1413.90551	1806.00603	        P1	
2138.74078	 716.41762	 636.32368	        P1	
 529.64099	 441.20841	 619.33446	        P1	
1132.42289	1475.06311	 380.45564	        P1	
2180.35543	 813.25050	1182.03815	        P1	
 370.74870	 288.31441	1144.45594	        P1	
2098.38718	1258.09923	2219.41052	        P1	
 552.33989	1949.76256	 234.24539	        P1	
 453.97799	 432.47161	1125.92225	        P1	
 282.47520	 449.94521	1002.36425	        P1	
2090.82088	  82.99960	 475.69829	        P1	
1194.21434	1066.61770	 199.75207	        P1	
1448.94643	  95.37672	1926.98994	        P1	
 148.80390	2179.83165	1643.32136	        P1	
1532.17573	 406.98929	1016.77933	        P1	
 638.09129	2108.48113	1552.71214	        P1	
2084.51563	1370.94955	 876.74697	        P1	
1136.20604	 242.44621	1908.97105	        P1	
 588.91034	1800.50892	1985.16513	        P1	
2087.03773	2036.40253	 504.01364	        P1	
1552.35253	 772.47874	2147.84986	        P1	
1677.19648	  93.19252	1004.93839	        P1	
 894.08444	2115.03373	1243.81715	        P1	
1519.56523	 805.96982	1768.42383	        P1	
 350.57190	1744.44776	1418.85768	        P1	
 408.58020	 994.53910	1714.88201	        P1	
1409.85388	1635.23776	1920.81205	        P1	
1953.36643	1535.49263	1972.29452	        P1	
 658.26809	1962.86776	 827.32377	        P1	
2234.58058	1035.31082	 298.08367	        P1	
1027.75574	 529.30449	 300.14295	        P1	
2230.79743	  67.71020	 704.28058	        P1	
 300.12990	1785.21952	 263.07555	        P1	
1933.18963	2084.45493	  14.41508	        P1	
 878.95184	2244.62957	 621.90860	        P1	
 343.00560	2143.42833	2046.94413	        P1	
  40.35360	1205.67843	1056.42087	        P1	
1660.80283	1829.63156	1679.87395	        P1	
1697.37328	 543.13773	1222.70936	        P1	
1166.47124	1547.14172	2114.90102	        P1	
 983.61899	2143.42833	 224.46367	        P1	
2041.63993	1216.59943	1959.93872	        P1	
 184.11330	1128.50334	2019.65844	        P1	
1928.14543	 819.07502	 724.35876	        P1	
1911.75178	 417.91029	1997.52093	        P1	
 248.42685	1545.68555	1703.04108	        P1	
1815.91198	1022.20562	 673.39108	        P1	
1694.85118	1986.16593	 188.94075	        P1	
 394.70865	 117.21872	1315.37786	        P1	
 844.90349	 572.26041	1828.65835	        P1	
1781.86363	 176.92020	1723.63405	        P1	
2108.47558	 109.21000	  80.31270	        P1	
 973.53059	 719.32990	 102.45015	        P1	
1643.14813	1404.44063	2180.79864	        P1	
 668.35649	 350.92813	1618.09495	        P1	
1771.77523	 590.46209	1317.95194	        P1	
1196.73644	1312.70423	   7.72237	        P1	
2122.34713	1598.10635	1926.98994	        P1	
  21.43785	 409.90153	2147.84986	        P1	
1548.56938	1287.22191	 996.70115	        P1	
1972.28218	2211.86657	 913.81437	        P1	
1145.03339	1537.67683	  69.50137	        P1	
1911.75178	2146.34057	 839.67957	        P1	
 257.25420	1306.15163	1884.25945	        P1	
 136.19340	 171.82372	 838.13510	        P1	
2169.00598	1256.64311	1060.02463	        P1	
1366.97818	 369.85789	  70.01618	        P1	
 348.04980	1392.06351	 689.35064	        P1	
2006.33053	 283.21792	1111.50717	        P1	
 773.02364	1941.75384	1451.80646	        P1	
1462.81798	 554.78681	 963.75237	        P1	
 437.58435	1322.89715	 560.12961	        P1	
1812.12883	1783.03532	 743.40726	        P1	
  65.57460	1210.04683	1865.72575	        P1	
1239.61214	1424.82651	 360.37747	        P1	
 397.23075	2148.52477	1543.96016	        P1	
1295.09834	 664.72490	 267.70897	        P1	
 791.93939	2019.65696	1865.21095	        P1	
 401.01390	 541.68161	1984.65032	        P1	
1575.05143	 150.70980	1688.11113	        P1	
1168.99334	 207.49900	1050.24297	        P1	
1751.59843	1452.49303	 854.09465	        P1	
1868.87608	 460.13813	 380.97051	        P1	
1482.99478	1795.41244	2145.27572	        P1	
1240.87319	 946.48670	2084.01152	        P1	
 939.48224	 200.21832	1828.14355	        P1	
 935.69909	2157.98965	2217.86604	        P1	
 600.25979	1645.43072	1299.41825	        P1	
2011.37473	 969.05674	1704.58555	        P1	
1969.76008	1214.41523	1723.63405	        P1	
1581.35668	2118.67405	 420.09719	        P1	
1208.08589	 248.99881	1661.85506	        P1	
1013.88419	1131.41563	 228.58229	        P1	
1232.04584	  74.99088	 664.63904	        P1	
2248.45212	 206.04289	1702.52621	        P1	
1936.97278	1515.83483	2001.63955	        P1	
 464.06639	1467.78243	2237.94422	        P1	
 988.66319	 623.22510	1764.30521	        P1	
1243.39529	2128.86697	 160.11059	        P1	
 606.56504	1253.00275	1445.11376	        P1	
 673.40069	 783.39974	2228.16256	        P1	
 976.05269	 112.12228	 652.28324	        P1	
1041.62729	1304.69551	 712.51776	        P1	
1530.91468	1332.36203	2038.70695	        P1	
 904.17284	1202.03811	 195.11865	        P1	
2123.60818	 521.29573	 726.93290	        P1	
1539.74203	 941.39022	1941.40502	        P1	
1628.01553	 589.00593	 203.35589	        P1	
 660.79019	1504.18575	1247.42096	        P1	
 793.20044	 506.00633	1974.86867	        P1	
1551.09148	 589.73401	 778.41538	        P1	
2143.78498	 811.06630	 744.95173	        P1	
 511.98629	1843.46484	1427.09486	        P1	
1965.97693	 778.30330	2182.85792	        P1	
1619.18818	1445.94043	 248.66047	        P1	
 638.09129	2099.74433	  57.66038	        P1	
 786.89519	  17.47360	 512.76569	        P1	
  54.22515	  64.79792	1505.34828	        P1	
1118.55134	 259.91981	1224.76864	        P1	
1061.80409	1793.95632	1305.59615	        P1	
2103.43138	 732.43510	1850.79581	        P1	
1278.70469	 901.34654	  11.84100	        P1	
2006.33053	2237.34893	 533.35867	        P1	
1128.63974	1841.28064	1859.54785	        P1	
1539.74203	1662.17624	 396.93006	        P1	
1762.94788	 414.99801	  63.32347	        P1	
2129.91343	 935.56570	1595.95744	        P1	
2031.55153	1127.77531	1548.07871	        P1	
  60.53040	2206.04205	 932.86288	        P1	
 643.13549	1973.06073	2232.28112	        P1	
 121.06080	1466.32631	1004.42353	        P1	
2209.35958	 806.69790	1078.55833	        P1	
2213.14273	 974.88130	2207.56952	        P1	
 336.70035	 153.62208	1169.68235	        P1	
1480.47268	 508.19053	1049.72817	        P1	
 799.50569	 435.38389	 349.56614	        P1	
1954.62748	1381.87055	 986.40470	        P1	
1624.23238	 982.89002	 396.93006	        P1	
1976.06533	1689.84276	1628.90628	        P1	
1078.19774	1833.99996	1764.82007	        P1	
1749.07633	 645.79513	1153.20799	        P1	
1197.99749	 559.15521	1984.65032	        P1	
 988.66319	 666.90910	 738.77383	        P1	
  52.96410	1775.02656	1340.08946	        P1	
1892.83603	2208.22625	 852.55018	        P1	
1092.06929	2101.20045	1210.86837	        P1	
 319.04565	 781.21554	2093.79324	        P1	
1720.07218	  11.64908	 428.33437	        P1	
1234.56794	 819.07502	 971.47475	        P1	
 349.31085	 797.23302	 790.77118	        P1	
 252.21000	1186.74871	1047.66883	        P1	
 378.31500	 781.94362	 308.89499	        P1	
 175.28595	2040.77093	1472.39944	        P1	
1445.16328	1215.87135	 370.15919	        P1	
1533.43678	  77.17508	 385.08907	        P1	
1971.02113	 551.14649	1830.71763	        P1	
1467.86218	 757.18934	1777.17587	        P1	
 134.93235	 954.49542	  74.13480	        P1	
1491.82213	1276.30091	2195.21372	        P1	
2011.37473	 112.85032	 603.37491	        P1	
1477.95058	1102.29294	1074.43977	        P1	
1552.35253	1583.54504	1725.17853	        P1	
 723.84269	1223.15203	 963.75237	        P1	
2179.09438	1725.51804	2102.03042	        P1	
2198.01013	 568.62009	 158.05125	        P1	
 568.73354	 839.46090	2028.41043	        P1	
1866.35398	  58.24532	1672.15158	        P1	
 716.27639	 283.94601	1107.38855	        P1	
1406.07073	 257.00752	 845.85747	        P1	
 551.07884	1587.91344	1373.03824	        P1	
1978.58743	 985.07422	2089.67462	        P1	
1674.67438	 447.03293	1667.51815	        P1	
1451.46853	1730.61452	1163.50445	        P1	
1084.50299	1060.06510	 286.24267	        P1	
 766.71839	 564.97973	1659.79578	        P1	
 200.50695	 820.53114	 226.52302	        P1	
1224.47954	1401.52835	2203.45096	        P1	
 566.21144	2167.45453	 942.64453	        P1	
 407.31915	  83.72768	1727.23781	        P1	
 861.29714	1994.17464	2169.98732	        P1	
 865.08029	 621.76893	2240.51836	        P1	
2141.26288	 806.69790	 310.95427	        P1	
 807.07199	 302.87573	 782.53400	        P1	
1128.63974	1522.38743	2052.60722	        P1	
2244.66897	2124.49857	2160.20566	        P1	
 511.98629	1444.48431	1534.17844	        P1	
2235.84163	2065.52516	 314.55809	        P1	
 162.67545	 494.35729	1521.82264	        P1	
 109.71135	1353.47595	 203.35589	        P1	
1928.14543	 356.02461	 531.29939	        P1	
1128.63974	1820.89476	 140.03242	        P1	
 698.62169	 985.80230	1324.12984	        P1	
1155.12179	1993.44656	1764.82007	        P1	
 778.06784	1743.71972	 164.22915	        P1	
 330.39510	1236.25723	 759.88168	        P1	
  63.05250	1610.48352	1338.03012	        P1	
 872.64659	1673.09724	2044.88485	        P1	
 385.88130	 608.66373	1109.96269	        P1	
 885.25709	1330.90591	1917.20823	        P1	
2107.21453	2240.26117	 456.64978	        P1	
 547.29569	2073.53393	   3.60375	        P1	
1911.75178	 819.80310	 874.68763	        P1	
1600.27243	1758.28104	1377.67166	        P1	
 799.50569	 993.08294	1049.72817	        P1	
1738.98793	 420.09449	2145.79052	        P1	
1392.19918	1552.23815	1727.75268	        P1	
2186.66068	 511.10281	1328.24847	        P1	
1022.71154	1072.44222	1941.40502	        P1	
  73.14090	1447.39655	1740.10848	        P1	
1547.30833	1749.54424	 648.67948	        P1	
2105.95348	 464.50653	1727.75268	        P1	
 683.48909	1431.37911	 244.54185	        P1	
1050.45464	  10.92100	1756.06803	        P1	
1388.41603	1933.01704	 508.13226	        P1	
1205.56379	2024.02536	 547.77381	        P1	
1915.53493	 252.63912	 382.51499	        P1	
1029.01679	1703.67604	 475.69829	        P1	
 314.00145	1558.79075	 232.70091	        P1	
1866.35398	2230.79633	 354.19957	        P1	
 870.12449	1473.60695	 345.44759	        P1	
 211.85640	 553.33069	1856.97371	        P1	
 532.16309	 283.94601	1725.17853	        P1	
2194.22698	1925.00832	1583.60164	        P1	
1907.96863	  26.93848	 249.17527	        P1	
2158.91758	1290.13415	 771.72268	        P1	
1276.18259	1070.25802	2162.26494	        P1	
1622.97133	1038.95114	 617.27518	        P1	
1006.31789	 378.59469	1577.42374	        P1	
1240.87319	1782.30724	1539.84153	        P1	
2005.06948	1623.58872	 527.18077	        P1	
1276.18259	2099.74433	 337.21035	        P1	
2003.80843	  57.51728	1727.23781	        P1	
 655.74599	2056.06033	1245.36162	        P1	
2176.57228	  42.22788	1620.66904	        P1	
 808.33304	1586.45732	 144.15098	        P1	
2118.56398	1293.04643	 766.05958	        P1	
 945.78749	 407.71733	2178.73936	        P1	
1699.89538	1022.20562	1556.83076	        P1	
 470.37164	1273.38863	2186.97654	        P1	
2239.62477	 744.08414	1801.88747	        P1	
 583.86614	 178.37632	 938.52597	        P1	
 619.17554	1694.21116	 516.88431	        P1	
 121.06080	2166.72645	 366.04057	        P1	
1541.00308	1593.00992	1968.17590	        P1	
 688.53329	 965.41642	 952.94105	        P1	
 506.94209	1125.59111	 825.26443	        P1	
 172.76385	1161.26634	1196.45329	        P1	
1745.29318	 950.85510	 664.63904	        P1	
 126.10500	1959.95552	 448.41254	        P1	
1638.10393	1459.77371	1602.13534	        P1	
 923.08859	2201.67365	 308.89499	        P1	
1020.18944	 807.42594	1245.87649	        P1	
 348.04980	 733.89122	1686.56666	        P1	
2102.17033	2107.75305	1476.51806	        P1	
1424.98648	1025.11790	1682.44804	        P1	
2142.52393	2136.87573	1171.22682	        P1	
2198.01013	1286.49383	 871.08388	        P1	
1899.14128	1547.86975	1400.32398	        P1	
  98.36190	1517.29095	2160.20566	        P1	
 226.98900	 965.41642	1836.38073	        P1	
 525.85784	2002.91144	1286.54764	        P1	
 657.00704	2186.38425	1193.87914	        P1	
 665.83439	1252.27471	 145.69545	        P1	
1066.84829	1514.37872	1560.43451	        P1	
 397.23075	1405.89675	1554.77148	        P1	
1408.59283	2027.66573	 768.11886	        P1	
1174.03754	1720.42156	 146.21032	        P1	
 459.02219	1371.67763	   6.17790	        P1	
1409.85388	 614.48830	 873.14316	        P1	
2182.87753	 111.39420	 982.28607	        P1	
 812.11619	 768.83842	1779.23515	        P1	
 185.37435	 287.58632	2198.81754	        P1	
  32.78730	1807.06152	 477.75757	        P1	
 166.45860	1517.29095	 425.76028	        P1	
1321.58039	 535.85709	 971.98955	        P1	
1022.71154	2228.61213	1239.18372	        P1	
1192.95329	1986.16593	2036.13280	        P1	
1704.93958	1793.95632	1058.48015	        P1	
1074.41459	2214.77885	 186.88147	        P1	
 359.39925	1073.89834	 640.44230	        P1	
 575.03879	1425.55455	1974.86867	        P1	
1745.29318	 854.75030	 496.29127	        P1	
 597.73769	 190.75349	1010.60143	        P1	
1045.41044	 155.07820	1581.54236	        P1	
 100.88400	 238.80589	2227.64770	        P1	
2002.54738	1642.51844	 556.01099	        P1	
1904.18548	1496.90511	1177.40472	        P1	
1958.41063	1327.26555	1171.74169	        P1	
   2.52210	 131.05200	 174.52567	        P1	
2219.44798	 579.54109	2128.80130	        P1	
 790.67834	1568.98372	1089.36965	        P1	
 137.45445	  18.20168	1158.87102	        P1	
1015.14524	1050.60022	  94.21297	        P1	
1475.42848	1804.14924	1150.63384	        P1	
 814.63829	1435.74751	1356.56382	        P1	
1987.41478	1807.06152	 398.98934	        P1	
1018.92839	2024.02536	  47.36392	        P1	
1223.21849	1556.60655	 541.59591	        P1	
  32.78730	1496.90511	2084.01152	        P1	
 803.28884	 102.65740	1070.32115	        P1	
  90.79560	  77.17508	2182.85792	        P1	
1636.84288	 771.75070	 687.80616	        P1	
2230.79743	 334.18261	 254.83837	        P1	
2200.53223	1937.38544	1099.66617	        P1	
 689.79434	 153.62208	1058.48015	        P1	
 495.59264	2091.73556	1228.88726	        P1	
1525.87048	1418.27391	1256.17295	        P1	
 472.89374	1236.98531	1021.41275	        P1	
 108.45030	 815.43470	1355.01934	        P1	
2044.16203	1536.94875	 887.55830	        P1	
1655.75863	 235.16552	 720.75500	        P1	
2131.17448	 843.10122	1630.96556	        P1	
 553.60094	1263.19571	1653.10301	        P1	
2045.42308	 738.25962	1884.25945	        P1	
1704.93958	 864.94322	1315.89267	        P1	
1349.32348	 125.22748	1960.45353	        P1	
 737.71424	1732.07064	  30.88950	        P1	
 653.22389	1604.65895	 350.08101	        P1	
2075.68828	 949.39894	1919.26757	        P1	
2083.25458	   2.91228	 151.87335	        P1	
1141.25024	1175.82771	 669.27246	        P1	
1581.35668	2240.98925	 674.93556	        P1	
 189.15750	1498.36123	 223.94887	        P1	
 691.05539	1560.97495	1499.17038	        P1	
1467.86218	1377.50215	1604.19468	        P1	
1670.89123	1829.63156	 467.46111	        P1	
1621.71028	 844.55734	  35.00812	        P1	
1327.88564	2053.87613	 775.84123	        P1	
1409.85388	 477.61173	2135.49406	        P1	
1348.06243	 197.30609	 941.10005	        P1	
1532.17573	1685.47436	  22.65232	        P1	
1204.30274	1496.17703	 710.45848	        P1	
 268.60365	1670.91304	1519.76336	        P1	
 466.58849	1627.95712	 286.24267	        P1	
2228.27533	1370.94955	 121.49872	        P1	
 375.79290	2045.86736	2124.68274	        P1	
1100.89664	2099.01625	1891.98183	        P1	
2058.03358	2224.97177	1808.06537	        P1	
2165.22283	1959.22744	1445.62856	        P1	
2118.56398	 492.17309	1626.84694	        P1	
1697.37328	1939.56964	 755.24826	        P1	
1296.35939	1671.64112	1447.68784	        P1	
1580.09563	 155.07820	 234.76019	        P1	
 276.16995	 504.55021	1025.53137	        P1	
1027.75574	 574.44461	1921.32685	        P1	
 732.67004	 941.39022	 594.62286	        P1	
1867.61503	 373.49821	2083.49672	        P1	
1707.46168	1301.78323	1087.31037	        P1	
1668.36913	2170.36677	2143.21644	        P1	
1851.22138	1170.73123	1471.88464	        P1	
 629.26394	1295.23063	2089.67462	        P1	
 561.16724	1574.80823	1149.08937	        P1	
 364.44345	1816.52636	 314.55809	        P1	
2030.29048	 455.76973	 541.59591	        P1	
2078.21038	1211.50295	2055.18137	        P1	
 814.63829	 636.33030	 355.74404	        P1	
1332.92984	1146.70503	 704.28058	        P1	
1831.04458	 299.96349	2209.11400	        P1	
1051.71569	1166.36283	2001.63955	        P1	
 878.95184	2214.05077	  18.01890	        P1	
1403.54863	1794.68436	1222.70936	        P1	
1485.51688	 649.43550	1948.09773	        P1	
1413.63703	 854.02222	1595.44263	        P1	
1464.07903	 737.53153	 584.84121	        P1	
 933.17699	 655.26001	 920.50708	        P1	
 404.79705	1714.59704	 180.70357	        P1	
1943.27803	 224.97260	 556.01099	        P1	
1749.07633	1330.17783	 179.15910	        P1	
1808.34568	1249.36243	 741.34798	        P1	
1397.24338	 247.54269	 366.55537	        P1	
1165.21019	 917.36402	1105.84407	        P1	
 955.87589	1036.76694	 133.85452	        P1	
1836.08878	2041.49896	1377.15686	        P1	
1022.71154	 433.19969	1694.80383	        P1	
 411.10230	 831.45214	2221.98466	        P1	
2171.52808	 265.01629	1801.37261	        P1	
 117.27765	1777.21076	 368.61471	        P1	
 259.77630	2041.49896	 782.53400	        P1	
 451.45589	 439.75229	 879.32106	        P1	
 875.16869	2146.34057	 640.44230	        P1	
1311.49199	 617.40053	 716.12158	        P1	
 180.33015	2032.03413	 372.73327	        P1	
1528.39258	2025.48153	1991.34303	        P1	
1409.85388	1061.52122	2119.01964	        P1	
1395.98233	1017.10914	 932.34807	        P1	
 929.39384	 603.56729	1257.71742	        P1	
 538.46834	1215.14331	1824.53973	        P1	
1842.39403	 340.00713	1939.34574	        P1	
1453.99063	1199.12583	1884.25945	        P1	
 543.51254	 404.07701	1587.72026	        P1	
1662.06388	1095.01231	 590.50424	        P1	
 203.02905	1092.82811	 415.97857	        P1	
1485.51688	 359.66493	2099.97114	        P1	
1664.58598	 321.80549	1064.65805	        P1	
 751.58579	2029.84993	1195.93842	        P1	
 284.99730	1734.25484	1006.99767	        P1	
1195.47539	 393.15601	 969.93027	        P1	
1904.18548	 489.26081	 730.53666	        P1	
 177.80805	2072.80585	 452.53116	        P1	
  42.87570	 317.43709	 576.60396	        P1	
2066.86093	1670.91304	  50.96767	        P1	
 678.44489	 981.43390	 502.46917	        P1	
2035.33468	  46.59628	1595.95744	        P1	
 577.56089	1291.59031	1738.04913	        P1	
2029.02943	1609.75544	1173.80097	        P1	
  83.22930	1665.81656	 442.74951	        P1	
1590.18403	 562.79553	 116.86529	        P1	
 515.76944	1678.19372	 559.61474	        P1	
1374.54448	1244.99403	 526.66596	        P1	
1493.08318	1041.13534	1462.10298	        P1	
1691.06803	1816.52636	 553.95171	        P1	
1805.82358	1007.64430	1331.85222	        P1	
 224.46690	1766.28976	 387.14841	        P1	
1389.67708	2124.49857	1530.05988	        P1	
 709.97114	 160.90272	1933.16784	        P1	
 288.78045	 855.47834	2049.00347	        P1	
 554.86199	1872.58752	  83.91645	        P1	
1025.23364	1864.57876	1519.24856	        P1	
1876.44238	1246.45015	1228.88726	        P1	
1572.52933	1978.15716	1703.04108	        P1	
 190.41855	1209.31875	2123.13827	        P1	
1484.25583	2160.17385	 149.81407	        P1	
 334.17825	1915.54344	  32.43397	        P1	
1227.00164	1392.79155	 524.60668	        P1	
 771.76259	1593.00992	1393.63122	        P1	
 672.13964	1360.75663	 267.19417	        P1	
1424.98648	1993.44656	1431.21348	        P1	
 282.47520	 422.27869	2011.42120	        P1	
1858.78768	2040.04285	1822.48045	        P1	
1750.33738	1876.95592	  71.56065	        P1	
 964.70324	1813.61412	 341.84377	        P1	
 416.14650	1843.46484	2143.73124	        P1	
 598.99874	1873.31556	 221.88959	        P1	
 121.06080	 707.68082	1637.14346	        P1	
  75.66300	 618.85670	1311.77404	        P1	
 883.99604	 987.98650	 559.61474	        P1	
 820.94354	  34.21912	 541.59591	        P1	
1185.38699	1518.74712	1300.96272	        P1	
1810.86778	1422.64231	 199.75207	        P1	
2010.11368	 295.59509	 158.05125	        P1	
1365.71713	1956.31516	1982.59104	        P1	
1450.20748	 783.39974	1369.43448	        P1	
1904.18548	  64.06988	2226.10322	        P1	
1007.57894	1822.35092	1393.63122	        P1	
2194.22698	1523.11552	 911.75503	        P1	
1680.97963	 511.83089	1992.88750	        P1	
 274.90890	 435.38389	1305.59615	        P1	
1868.87608	2211.86657	1758.64217	        P1	
  83.22930	 696.03173	 881.38040	        P1	
 832.29299	 470.33109	2134.97920	        P1	
1765.46998	1796.86856	  36.55259	        P1	
2041.63993	1943.20996	2024.29187	        P1	
 619.17554	2247.54185	1830.20283	        P1	
 896.60654	 447.76101	 569.91126	        P1	
  12.61050	1306.15163	1402.38326	        P1	
 411.10230	 763.01390	 873.14316	        P1	
2034.07363	 571.53233	1350.90079	        P1	
 336.70035	  86.63992	1865.21095	        P1	
1578.83458	 554.78681	 234.76019	        P1	
1124.85659	1068.80191	 436.05674	        P1	
  29.00415	 875.86422	1379.21614	        P1	
1597.75033	  58.97340	1743.71223	        P1	
1411.11493	2238.80505	 421.64166	        P1	
 103.40610	1664.36044	 531.29939	        P1	
1538.48098	 310.15641	 112.74667	        P1	
1909.22968	1661.44816	 339.26969	        P1	
2031.55153	2056.78836	1696.86318	        P1	
 281.21415	2247.54185	 823.20515	        P1	
 351.83295	 347.28781	1383.84956	        P1	
   0.00000	1373.13375	 529.24011	        P1	
2129.91343	 974.88130	 483.93547	        P1	
1934.45068	1681.83404	 767.60405	        P1	
1259.78894	 299.23541	1099.66617	        P1	
1916.79598	  27.66652	 814.96797	        P1	
 234.55530	 763.01390	 374.27774	        P1	
1181.60384	1656.35172	1256.17295	        P1	
1078.19774	 418.63833	 598.74148	        P1	
2029.02943	1602.47475	1074.43977	        P1	
1756.64263	1448.12463	 222.40439	        P1	
1622.97133	1772.84236	2141.67196	        P1	
1981.10953	1695.66732	1460.04364	        P1	
 585.12719	 512.55893	1976.41314	        P1	
1832.30563	 808.88210	2084.01152	        P1	
 688.53329	2184.20005	 291.90577	        P1	
1460.29588	 432.47161	 222.40439	        P1	
1621.71028	1370.22151	 502.46917	        P1	
 226.98900	 704.76853	1846.67725	        P1	
 991.18529	1938.11352	2219.92532	        P1	
 278.69205	1548.59783	1902.79315	        P1	
 611.60924	1582.08892	2165.86870	        P1	
 530.90204	 597.74273	1221.16489	        P1	
1175.29859	1454.67723	1149.08937	        P1	
 334.17825	1969.42036	1140.85219	        P1	
  76.92405	1076.81062	 372.21847	        P1	
2145.04603	1529.66812	1714.88201	        P1	
 168.98070	 254.82332	  72.07552	        P1	
1566.22408	1346.92335	 938.52597	        P1	
1366.97818	 116.49068	2133.43472	        P1	
 392.18655	1851.47356	1981.04657	        P1	
 334.17825	 104.11352	2067.53717	        P1	
1332.92984	 792.86462	 630.14578	        P1	
 278.69205	 102.65740	 413.91929	        P1	
 836.07614	1933.01704	1470.34016	        P1	
 665.83439	1178.01191	1021.41275	        P1	
 852.46979	  50.96468	 792.83046	        P1	
1316.53619	  58.24532	1445.11376	        P1	
 673.40069	 381.50693	 697.58788	        P1	
 110.97240	2028.39376	 319.19151	        P1	
 913.00019	 796.50494	 553.95171	        P1	
  74.40195	2228.61213	 644.56086	        P1	
2187.92173	 712.77730	1565.06794	        P1	
 629.26394	2133.96345	  61.77900	        P1	
1711.24483	 259.91981	 704.28058	        P1	
 979.83584	 465.23461	2001.63955	        P1	
1986.15373	1152.52954	1241.24306	        P1	
1344.27928	1709.50056	 516.88431	        P1	
1443.90223	1159.81023	1309.71477	        P1	
1767.99208	1582.81695	 671.33180	        P1	
 945.78749	2134.69153	 891.67686	        P1	
 711.23219	 760.10162	 817.02725	        P1	
1785.64678	1070.25802	1583.08683	        P1	
1235.82899	1958.49936	 949.33730	        P1	
 218.16165	 527.84833	1500.71486	        P1	
1948.32223	  24.02620	1768.42383	        P1	
 224.46690	2070.62165	1169.16754	        P1	
 906.69494	 680.74233	1364.80106	        P1	
 626.74184	 570.07621	 994.64187	        P1	
 100.88400	 706.22470	1511.01131	        P1	
1853.74348	 623.22510	1912.57480	        P1	
2064.33883	1692.75504	1390.02746	        P1	
1363.19503	1089.91582	 946.76315	        P1	
1242.13424	 428.83129	1560.43451	        P1	
   8.82735	2215.50693	1146.51522	        P1	
 761.67419	 352.38429	2182.85792	        P1	
1129.90079	1823.07896	1647.43998	        P1	
1450.20748	 898.43430	1985.16513	        P1	
1577.57353	 951.58314	2135.49406	        P1	
 408.58020	1738.62324	2001.63955	        P1	
 998.75159	 681.47042	1532.11916	        P1	
2219.44798	 972.69710	 100.90568	        P1	
2049.20623	1930.10476	  22.65232	        P1	
2108.47558	 164.54309	 819.08653	        P1	
2200.53223	 693.84753	1105.32927	        P1	
2110.99768	2191.48073	1529.54501	        P1	
 691.05539	 828.53990	1622.21351	        P1	
 161.41440	 832.90830	1714.88201	        P1	
 597.73769	2083.72685	  94.21297	        P1	
1680.97963	1767.01784	 545.19966	        P1	
1522.08733	1956.31516	1696.86318	        P1	
2185.39963	 259.91981	 619.33446	        P1	
2073.16618	 474.69949	1480.12182	        P1	
1583.87878	   5.82452	 875.20250	        P1	
1530.91468	 391.69989	1515.64474	        P1	
 539.72939	 646.52321	 106.56877	        P1	
1453.99063	1376.77411	 188.94075	        P1	
 432.54015	1076.81062	1848.73653	        P1	
 403.53600	1354.20403	2169.98732	        P1	
 800.76674	1069.52994	 498.35061	        P1	
1829.78353	 980.70582	1206.23494	        P1	
 176.54700	1399.34415	 802.61217	        P1	
1979.84848	1118.31042	 285.72787	        P1	
 556.12304	 752.09290	  14.41508	        P1	
  31.52625	 101.20128	 632.20506	        P1	
 349.31085	1611.21155	2147.84986	        P1	
2017.67998	 821.25922	 352.14029	        P1	
1044.14939	1607.57124	1088.85485	        P1	
2046.68413	1523.84355	1931.62337	        P1	
1783.12468	1662.90432	 170.40705	        P1	
2230.79743	1180.19611	  14.41508	        P1	
1986.15373	1876.22784	1416.28354	        P1	
2094.60403	1567.52755	 356.25891	        P1	
1798.25728	 617.40053	1159.38589	        P1	
2026.50733	 200.21832	 615.73070	        P1	
  35.30940	1012.01270	1949.64220	        P1	
1263.57209	1374.58991	1107.90335	        P1	
2165.22283	 572.98849	1127.98152	        P1	
1935.71173	1429.19491	   2.05928	        P1	
1146.29444	1919.91184	 135.91380	        P1	
1112.24609	1785.21952	1214.47212	        P1	
1229.52374	1753.91264	1694.28903	        P1	
 197.98485	1810.70184	 106.56877	        P1	
2081.99353	 982.16194	1103.78479	        P1	
1587.66193	 556.97101	 378.39637	        P1	
 949.57064	 386.60341	2077.31882	        P1	
2020.20208	1658.53592	 527.18077	        P1	
 708.71009	1071.71414	 696.04340	        P1	
1037.84414	 963.23222	2094.30804	        P1	
1851.22138	 950.85510	1565.06794	        P1	
 694.83854	 549.69033	1494.53696	        P1	
1387.15498	 327.63001	 693.46926	        P1	
 759.15209	 394.61213	1171.74169	        P1	
 423.71280	 377.13853	 226.52302	        P1	
 160.15335	1084.09131	1165.04892	        P1	
 168.98070	1250.81855	1117.68507	        P1	
2080.73248	 723.69830	1756.58283	        P1	
 799.50569	2085.18297	  98.33159	        P1	
  26.48205	1836.91224	1946.03845	        P1	
1762.94788	 505.27829	1881.68530	        P1	
1190.43119	1732.79872	2151.96842	        P1	
 373.27080	1361.48471	1887.86320	        P1	
 167.71965	2133.96345	1581.54236	        P1	
2046.68413	1334.54623	 576.08916	        P1	
1604.05558	1461.95791	1288.60692	        P1	
1469.12323	1009.82850	1486.29972	        P1	
1658.28073	1978.15716	 788.71190	        P1	
1470.38428	1397.88803	1824.02493	        P1	
1964.71588	1742.99164	1786.95753	        P1	
2070.64408	1847.83324	1997.00612	        P1	
1279.96574	2196.57717	 819.60140	        P1	
2215.66483	 127.41168	  63.83828	        P1	
1303.92569	1166.36283	1681.93323	        P1	
2020.20208	1132.87174	2067.53717	        P1	
1593.96718	 661.08453	1245.87649	        P1	
1248.43949	1780.85112	1818.36183	        P1	
 417.40755	  61.88568	 664.63904	        P1	
 302.65200	1958.49936	1647.43998	        P1	
2167.74493	1065.16154	 901.45857	        P1	
1504.43263	 519.11153	1264.41019	        P1	
 883.99604	2100.47237	1469.82536	        P1	
 622.95869	1747.36004	1027.07585	        P1	
2108.47558	 977.06550	 440.69017	        P1	
1242.13424	  73.53472	1517.70408	        P1	
 583.86614	 399.70861	1243.30234	        P1	
1147.55549	1295.95871	 374.27774	        P1	
 838.59824	2091.73556	1926.98994	        P1	
2094.60403	1220.96783	 304.26157	        P1	
1307.70884	 709.86502	1173.80097	        P1	
1114.76819	1667.27272	1978.98723	        P1	
 684.75014	1684.01824	2125.19754	        P1	
 750.32474	1465.59823	  44.78977	        P1	
1105.94084	  41.49980	 261.01627	        P1	
1733.94373	1056.42474	2110.78247	        P1	
 278.69205	1534.03652	2176.68002	        P1	
1708.72273	 300.69153	1228.88726	        P1	
 414.88545	1599.56252	 676.99484	        P1	
1962.19378	2222.05953	 300.14295	        P1	
 911.73914	 370.58593	1253.59886	        P1	
  65.57460	1786.67564	1212.41284	        P1	
 365.70450	 594.10241	1031.70927	        P1	
1366.97818	 514.01509	1585.14611	        P1	
 785.63414	1286.49383	1947.58292	        P1	
 735.19214	1062.24930	2085.55600	        P1	
1549.83043	 414.26993	1735.47505	        P1	
 477.93794	1720.42156	2124.68274	        P1	
1457.77378	1593.00992	 145.69545	        P1	
1431.29173	 610.84793	 110.68739	        P1	
  69.35775	1475.79115	  22.65232	        P1	
 380.83710	2089.55137	 220.34512	        P1	
1123.59554	1982.52556	1710.76345	        P1	
1273.66049	 605.75149	1688.62594	        P1	
1760.42578	1856.57004	1797.76885	        P1	
1403.54863	 669.09330	1422.97624	        P1	
1245.91739	 497.99761	  94.21297	        P1	
 590.17139	  81.54348	 304.77637	        P1	
1166.47124	 916.63594	1673.69605	        P1	
1578.83458	2192.93685	1717.45615	        P1	
 670.87859	 570.80429	2053.12203	        P1	
 513.24734	  82.27152	 127.67662	        P1	
1436.33593	1896.61372	1330.30774	        P1	
 928.13279	 993.08294	1159.38589	        P1	
1308.96989	  82.99960	  92.66850	        P1	
1745.29318	1502.72963	1527.48573	        P1	
1045.41044	 312.34061	1298.90344	        P1	
 128.62710	 812.52242	1243.30234	        P1	
 971.00849	1192.57323	1904.33762	        P1	
 622.95869	 262.10401	 285.72787	        P1	
1925.62333	1362.21275	1828.14355	        P1	
 680.96699	 387.33149	1639.20274	        P1	
 948.30959	1230.43271	 922.56636	        P1	
1551.09148	 452.85749	 732.59593	        P1	
  11.34945	 701.12822	1626.33213	        P1	
 141.23760	1654.16752	  39.12668	        P1	
 142.49865	1098.65262	 285.72787	        P1	
1568.74618	 760.10162	1074.95457	        P1	
 901.65074	1983.98173	 170.40705	        P1	
1023.97259	2235.16473	1052.30225	        P1	
1470.38428	1240.62563	1173.80097	        P1	
 890.30129	1349.83563	1130.55567	        P1	
1537.21993	 245.35849	 953.45585	        P1	
1215.65219	 777.57522	1149.08937	        P1	
  87.01245	 529.30449	 934.92215	        P1	
 466.58849	2190.02457	1369.43448	        P1	
1548.56938	 128.13972	 234.24539	        P1	
1081.98089	1613.39575	2013.48054	        P1	
1554.87463	2071.34973	 626.02716	        P1	
1622.97133	 159.44660	1589.26473	        P1	
1958.41063	 185.65700	 755.24826	        P1	
 450.19484	2091.73556	 648.16468	        P1	
  84.49035	 782.67170	 293.96505	        P1	
1291.31519	1999.27113	1665.45881	        P1	
 659.52914	 731.70702	 506.58779	        P1	
 672.13964	 338.55101	1286.54764	        P1	
 513.24734	1909.71892	2133.43472	        P1	
 321.56775	 712.77730	 805.18626	        P1	
1812.12883	 519.11153	1346.26736	        P1	
1055.49884	 788.49622	1519.76336	        P1	
2161.43968	1208.59071	1101.72545	        P1	
1408.59283	 401.16473	 220.34512	        P1	
  69.35775	1746.63196	 530.78458	        P1	
1147.55549	 995.99522	1964.57215	        P1	
2121.08608	 854.75030	1830.71763	        P1	
1595.22823	 658.90033	 221.88959	        P1	
 883.99604	1631.59744	 636.32368	        P1	
1978.58743	 405.53313	1492.99248	        P1	
1741.51003	1034.58274	 838.13510	        P1	
 190.41855	1334.54623	 444.80879	        P1	
2142.52393	1716.05316	1976.41314	        P1	
 740.23634	2243.17345	1266.46947	        P1	
 841.12034	1191.84514	1153.20799	        P1	
1040.36624	1180.19611	 232.18605	        P1	
 867.60239	1642.51844	1564.55313	        P1	
1102.15769	 645.06710	 941.10005	        P1	
 438.84540	  91.73640	1997.00612	        P1	
 535.94624	2198.03333	 125.61728	        P1	
 997.49054	2043.68316	1333.91156	        P1	
 799.50569	1747.36004	1842.55863	        P1	
 527.11889	 869.31162	1717.45615	        P1	
2052.98938	1517.29095	 881.38040	        P1	
1886.53078	1594.46604	1050.24297	        P1	
 702.40484	 127.41168	 856.15393	        P1	
1156.38284	 372.04209	2104.08970	        P1	
 335.43930	 685.83882	1334.42636	        P1	
 953.35379	1399.34415	2172.56146	        P1	
1732.68268	1097.92454	 677.50970	        P1	
  25.22100	1386.23895	1258.23229	        P1	
2051.72833	 156.53432	1011.11629	        P1	
1833.56668	1141.60854	1476.00326	        P1	
 346.78875	2235.89277	2011.93607	        P1	
 181.59120	1265.37991	1985.16513	        P1	
1493.08318	 203.85869	1758.12731	        P1	
1684.76278	 832.90830	  88.54988	        P1	
2196.74908	1607.57124	 749.07036	        P1	
2020.20208	1994.90273	 609.03794	        P1	
1875.18133	 685.11073	 621.90860	        P1	
 567.47249	 738.25962	 693.46926	        P1	
1302.66464	1868.94716	1543.96016	        P1	
1216.91324	 123.04328	 924.11083	        P1	
  42.87570	 873.68002	 562.18889	        P1	
 853.73084	 877.32034	 547.77381	        P1	
 153.84810	1943.93804	1112.02197	        P1	
1436.33593	 300.69153	1191.81986	        P1	
2240.88582	1287.94995	 411.86001	        P1	
 773.02364	1427.73875	2129.31616	        P1	
  74.40195	1935.92932	1978.98723	        P1	
1049.19359	 334.91069	 837.62023	        P1	
 952.09274	 878.77650	1826.08421	        P1	
1065.58724	2170.36677	1000.30497	        P1	
1208.08589	 838.73282	1453.35094	        P1	
1802.04043	 185.65700	1952.21635	        P1	
1239.61214	 361.84913	1130.04087	        P1	
1435.07488	2026.93764	1595.44263	        P1	
1085.76404	1739.35132	 559.61474	        P1	
 992.44634	1502.00155	 771.72268	        P1	
 755.36894	 977.79354	  73.61999	        P1	
2240.88582	 887.51330	 837.62023	        P1	
1302.66464	 808.88210	1449.23232	        P1	
 177.80805	 572.98849	 471.57967	        P1	
 437.58435	1765.56172	1467.76602	        P1	
 498.11474	2093.19173	1819.90631	        P1	
1000.01264	 169.63952	1099.15137	        P1	
1517.04313	1896.61372	 936.46663	        P1	
 576.29984	  57.51728	2084.01152	        P1	
  29.00415	  83.72768	1385.90884	        P1	
1568.74618	2224.97177	 380.97051	        P1	
  32.78730	1086.27551	1132.61495	        P1	
1365.71713	1525.29972	 627.57164	        P1	
 553.60094	 725.88250	1138.79285	        P1	
1852.48243	1812.15796	1679.87395	        P1	
1394.72128	  68.43828	 576.60396	        P1	
2204.31538	 835.82054	 981.77127	        P1	
1283.74889	 323.26161	2157.63152	        P1	
1056.75989	1515.83483	 520.48806	        P1	
 436.32330	1440.11591	1188.21605	        P1	
1194.21434	  58.97340	1723.63405	        P1	
1286.27099	1199.85391	1342.66354	        P1	
 351.83295	1178.73994	 646.62020	        P1	
1301.40359	2128.86697	1412.67978	        P1	
 145.02075	1774.29852	 942.64453	        P1	
 989.92424	 146.34140	1229.40207	        P1	
 411.10230	1445.94043	 495.77646	        P1	
1692.32908	1820.16672	1645.38064	        P1	
1871.39818	 400.43669	 323.31007	        P1	
1399.76548	1527.48392	 187.39627	        P1	
 116.01660	 168.91149	 193.57417	        P1	
2189.18278	 192.20960	1348.32664	        P1	
1262.31104	1336.00235	 529.24011	        P1	
 606.56504	 784.12782	1186.15677	        P1	
 192.94065	 838.00474	 498.35061	        P1	
1926.88438	1996.35884	1476.51806	        P1	
 959.65904	2017.47276	 275.94621	        P1	
 392.18655	1986.89396	1994.94684	        P1	
 604.04294	 174.00792	1560.94938	        P1	
1601.53348	 977.06550	1511.01131	        P1	
1274.92154	 530.76061	 452.53116	        P1	
 776.80679	1026.57402	  57.14557	        P1	
1042.88834	 198.76220	1630.96556	        P1	
1436.33593	2045.13933	 300.14295	        P1	
 657.00704	 861.30290	2134.97920	        P1	
1334.19089	  96.10480	1550.65286	        P1	
1498.12738	 795.04882	1964.57215	        P1	
1732.68268	 562.06749	 224.46367	        P1	
1312.75304	 737.53153	1876.02227	        P1	
1448.94643	2230.06825	2225.58842	        P1	
1657.01968	1761.92136	1579.48308	        P1	
2219.44798	  66.98212	 209.53379	        P1	
1488.03898	1466.32631	 670.81694	        P1	
1675.93543	 695.30370	1702.52621	        P1	
 852.46979	 265.01629	1293.24035	        P1	
 430.01805	1892.24532	1560.43451	        P1	
 673.40069	 534.40093	 203.35589	        P1	
1551.09148	 267.92852	1506.89276	        P1	
 658.26809	1463.41403	1651.04373	        P1	
 717.53744	1768.47396	1414.22426	        P1	
 548.55674	1753.91264	1278.82527	        P1	
 972.26954	  67.71020	2224.04394	        P1	
1383.37183	 950.12702	1546.01943	        P1	
 224.46690	 246.08652	1519.24856	        P1	
1582.61773	1269.02023	1366.86034	        P1	
1770.51418	2073.53393	1498.65551	        P1	
1818.43408	 611.57601	 155.99197	        P1	
 132.41025	 112.85032	1784.89825	        P1	
2152.61233	1343.28303	 489.59856	        P1	
 421.19070	 457.22589	1194.39395	        P1	
1866.35398	1333.81815	1865.21095	        P1	
  94.57875	1951.94676	1828.14355	        P1	
1452.72958	1358.57243	 650.22396	        P1	
1836.08878	 297.05121	2071.14092	        P1	
1382.11078	 663.99681	 413.91929	        P1	
1090.80824	 166.72728	1571.24584	        P1	
1886.53078	 787.76814	2160.20566	        P1	
 474.15479	2216.23497	1511.52618	        P1	
1341.75718	1268.29215	1011.11629	        P1	
2049.20623	1014.19690	1781.29443	        P1	
1293.83729	 184.92892	1581.02755	        P1	
1374.54448	  27.66652	1060.53949	        P1	
2158.91758	 624.68121	1692.74456	        P1	
1707.46168	1287.22191	1282.42902	        P1	
2123.60818	  53.87692	1185.64196	        P1	
1276.18259	1642.51844	1149.08937	        P1	
 479.19899	 125.22748	 485.47994	        P1	
 697.36064	 395.34021	1953.76082	        P1	
 182.85225	2244.62957	 456.64978	        P1	
2227.01428	1973.06073	1776.66101	        P1	
 916.78334	1657.80784	1241.75787	        P1	
 431.27910	1565.34335	 405.68211	        P1	
 773.02364	2046.59545	1867.27023	        P1	
 715.01534	 178.37632	1716.94135	        P1	
  23.95995	 471.05913	1653.61788	        P1	
1796.99623	 259.91981	 809.30488	        P1	
 229.51110	1825.99124	1173.80097	        P1	
2235.84163	 816.16274	2154.02776	        P1	
 881.47394	 289.04249	 996.70115	        P1	
1651.97548	1461.95791	 368.09984	        P1	
1238.35109	 994.53910	1651.55854	        P1	
1007.57894	1951.94676	1599.56125	        P1	
 923.08859	 429.55933	1375.61238	        P1	
1369.50028	1772.11432	2034.58833	        P1	
  87.01245	 229.34101	1698.92246	        P1	
 713.75429	1377.50215	 115.32082	        P1	
 189.15750	1533.30843	1595.44263	        P1	
1107.20189	  94.64868	 924.11083	        P1	
1699.89538	 366.94561	1051.78745	        P1	
 372.00975	 964.68834	 214.16722	        P1	
1176.55964	 404.07701	 160.62540	        P1	
1722.59428	1559.51883	 520.48806	        P1	
1365.71713	 309.42833	 345.44759	        P1	
 587.64929	 809.61014	2197.27306	        P1	
 162.67545	1820.89476	 308.38019	        P1	
2204.31538	1032.39854	1525.42646	        P1	
1557.39673	1563.15915	 895.28067	        P1	
1827.26143	 156.53432	 782.53400	        P1	
 504.41999	 870.76774	 597.19701	        P1	
1972.28218	 544.59389	2190.58030	        P1	
1622.97133	 746.26834	 479.81691	        P1	
2075.68828	 512.55893	 764.00030	        P1	
 822.20459	  33.49108	  22.13745	        P1	
 327.87300	2136.14765	 679.56898	        P1	
1640.62603	 337.09489	1856.97371	        P1	
 796.98359	1601.74672	1282.42902	        P1	
1187.90909	1097.92454	1437.39138	        P1	
1558.65778	1022.20562	1027.07585	        P1	
 343.00560	 719.32990	1010.60143	        P1	
1137.46709	1772.11432	1443.05442	        P1	
1954.62748	 269.38469	 910.21056	        P1	
1157.64389	2072.07776	 733.11080	        P1	
  76.92405	1641.79035	2221.98466	        P1	
1186.64804	 845.28542	 914.32918	        P1	
1764.20893	 756.46130	1832.26211	        P1	
1190.43119	2047.32353	1208.29422	        P1	
1679.71858	1648.34296	1937.80127	        P1	
1871.39818	1239.16951	2215.29190	        P1	
 881.47394	1207.86263	1575.36446	        P1	
1279.96574	 756.46130	 732.59593	        P1	
 518.29154	2135.41957	1894.55597	        P1	
2203.05433	1497.63315	2160.20566	        P1	
2179.09438	 850.38190	1422.97624	        P1	
 698.62169	1249.36243	 483.42066	        P1	
1215.65219	1118.31042	 518.94359	        P1	
1587.66193	 319.62129	2053.12203	        P1	
1291.31519	1266.83603	  61.77900	        P1	
1423.72543	1449.58075	 475.18348	        P1	
1261.04999	 984.34614	1696.86318	        P1	
 641.87444	2246.08573	 955.00033	        P1	
 544.77359	1293.04643	1946.03845	        P1	
 586.38824	 510.37473	 578.66331	        P1	
 578.82194	1586.45732	1169.68235	        P1	
1928.14543	 904.98690	2159.69080	        P1	
1894.09708	1761.92136	  84.43132	        P1	
2152.61233	1203.49423	1062.59877	        P1	
1475.42848	 643.61093	1815.78775	        P1	
 105.92820	1724.06192	1548.07871	        P1	
1064.32619	 154.35012	 405.68211	        P1	
 904.17284	 699.67210	2065.47783	        P1	
 547.29569	1348.37951	1010.60143	        P1	
 523.33574	 325.44581	1186.15677	        P1	
 818.42144	 523.47993	1628.90628	        P1	
 911.73914	1654.89556	2197.27306	        P1	
1272.39944	1822.35092	2195.21372	        P1	
1501.91053	1905.35052	1602.13534	        P1	
1561.17988	 407.71733	 646.62020	        P1	
 837.33719	 499.45373	2211.17334	        P1	
1355.62873	1325.80943	1552.19733	        P1	
 326.61195	 539.49741	 858.72808	        P1	
 482.98214	2227.15597	 104.50949	        P1	
 889.04024	1602.47475	 961.69310	        P1	
1225.74059	 403.34893	1179.46406	        P1	
1760.42578	 661.08453	1908.45625	        P1	
1012.62314	1078.26674	2106.14904	        P1	
 612.87029	1511.46643	2120.56412	        P1	
1702.41748	 420.82253	1846.67725	        P1	
1723.85533	1172.91543	2182.34312	        P1	
2070.64408	2233.70857	1678.32948	        P1	
1814.65093	1657.80784	1953.76082	        P1	
2199.27118	2131.77925	1045.60955	        P1	
1259.78894	 817.61890	 794.37493	        P1	
1054.23779	 851.83802	 143.63617	        P1	
 822.20459	  20.38588	1721.05991	        P1	
 162.67545	 338.55101	1637.14346	        P1	
   3.78315	2002.91144	1243.30234	        P1	
 873.90764	 768.11034	 116.86529	        P1	
 446.41170	 112.12228	 199.75207	        P1	
   5.04420	 353.84041	1686.56666	        P1	
1553.61358	2232.25245	1020.89795	        P1	
1274.92154	 602.11113	1648.98445	        P1	
1764.20893	 641.42673	1210.35356	        P1	
1593.96718	 428.10321	1841.01415	        P1	
2116.04188	 726.61053	  61.26419	        P1	
 597.73769	 720.78602	 623.96788	        P1	
2230.79743	2179.10357	1543.96016	        P1	
1168.99334	1651.98332	 125.61728	        P1	
1877.70343	 257.00752	1265.95466	        P1	
1843.65508	  90.28028	 310.95427	        P1	
1832.30563	 567.16393	1414.22426	        P1	
 982.35794	1609.75544	 821.66068	        P1	
 511.98629	 378.59469	1449.23232	        P1	
1211.86904	1392.79155	 263.59041	        P1	
1663.32493	 690.93530	 151.87335	        P1	
 624.21974	2053.87613	1931.10850	        P1	
 407.31915	2033.49025	1871.90365	        P1	
   8.82735	 437.56809	 675.45036	        P1	
 749.06369	1738.62324	1434.81724	        P1	
1021.45049	1134.32791	1484.75524	        P1	
1466.60113	1416.08971	1787.47233	        P1	
2080.73248	 308.70029	1517.18921	        P1	
1155.12179	1036.76694	1426.58006	        P1	
1706.20063	 120.13100	 106.56877	        P1	
 938.22119	 626.13733	2106.14904	        P1	
1581.35668	  81.54348	 823.71996	        P1	
1863.83188	 955.22350	 442.23464	        P1	
 918.04439	1472.15083	 922.05155	        P1	
1187.90909	 575.17269	2202.93610	        P1	
2060.55568	  42.22788	1688.62594	        P1	
  44.13675	 867.12742	1929.04922	        P1	
1199.25854	1640.33424	1161.44517	        P1	
1132.42289	1559.51883	1575.36446	        P1	
2011.37473	 757.91742	  88.03507	        P1	
 171.50280	  88.82412	 747.01108	        P1	
 958.39799	1961.41164	1848.73653	        P1	
  66.83565	 744.81222	 667.21318	        P1	
2248.45212	1669.45692	2036.13280	        P1	
 628.00289	 295.59509	 417.52304	        P1	
 171.50280	 471.78721	 162.16987	        P1	
1219.43534	1356.38823	 586.90048	        P1	
 762.93524	  12.37712	  24.19679	        P1	
 535.94624	1388.42315	1147.03009	        P1	
1511.99893	1839.82452	1405.98702	        P1	
1451.46853	2018.92893	 236.81947	        P1	
 390.92550	1247.90631	1980.53170	        P1	
1838.61088	1614.85192	 792.83046	        P1	
1916.79598	1802.69312	1029.13513	        P1	
1815.91198	1744.44776	 734.65528	        P1	
 273.64785	 653.07581	 835.56095	        P1	
 274.90890	2109.93725	2131.37544	        P1	
2008.85263	 128.86780	2186.97654	        P1	
 829.77089	1692.02696	 703.76578	        P1	
1293.83729	2008.00793	1189.76052	        P1	
1943.27803	 506.00633	1445.11376	        P1	
 733.93109	1470.69471	1009.05695	        P1	
1622.97133	1298.14291	 706.33986	        P1	
 919.30544	 750.63674	1760.18665	        P1	
1441.38013	1133.59983	 576.08916	        P1	
1089.54719	1923.55216	1937.80127	        P1	
1887.79183	 864.21514	1801.88747	        P1	
 325.35090	1674.55336	 102.96502	        P1	
 365.70450	 464.50653	 969.41547	        P1	
  65.57460	 196.57800	  69.50137	        P1	
2089.55983	1946.12224	 969.93027	        P1	
1495.60528	 305.78801	 304.26157	        P1	
1728.89953	1402.98451	 724.87356	        P1	
 330.39510	1732.79872	1016.77933	        P1	
 943.26539	  74.26280	1655.67716	        P1	
2141.26288	2066.25325	2162.26494	        P1	
2063.07778	 492.17309	  46.84905	        P1	
1322.84144	1446.66851	 335.66587	        P1	
2204.31538	 562.06749	2202.93610	        P1	
1829.78353	 130.32392	 580.20778	        P1	
 518.29154	2043.68316	1468.28088	        P1	
 958.39799	 958.13574	 882.92487	        P1	
 175.28595	1137.96823	1247.93577	        P1	
1504.43263	1599.56252	 571.97054	        P1	
 549.81779	1754.64072	1126.43705	        P1	
1172.77649	  64.06988	 706.33986	        P1	
 316.52355	 342.91941	1033.25375	        P1	
1508.21578	1994.90273	1375.09752	        P1	
 926.87174	 123.04328	 996.70115	        P1	
 104.66715	 300.69153	1678.32948	        P1	
 325.35090	 942.11830	 422.15647	        P1	
 725.10374	2182.01585	2188.52102	        P1	
 485.50424	1761.19332	1348.84144	        P1	
1837.34983	1622.86064	 549.83309	        P1	
 523.33574	 166.72728	 627.57164	        P1	
 152.58705	 699.67210	1342.66354	        P1	
1525.87048	1802.69312	1175.86025	        P1	
1965.97693	1356.38823	 934.40735	        P1	
 336.70035	 688.02302	1311.25924	        P1	
2153.87338	 522.75189	1509.46684	        P1	
 960.92009	1943.93804	 506.58779	        P1	
2138.74078	 278.12149	1663.91434	        P1	
1450.20748	 649.43550	 959.63375	        P1	
1901.66338	1869.67524	1841.01415	        P1	
1706.20063	 125.95552	 757.82240	        P1	
1277.44364	1110.30171	 199.75207	        P1	
 112.23345	1740.80744	 433.99746	        P1	
 857.51399	  40.77172	 598.74148	        P1	
 585.12719	 824.17150	 806.73073	        P1	
 689.79434	1700.03572	1714.88201	        P1	
 828.50984	1044.77570	 380.45564	        P1	
 616.65344	2148.52477	  16.47442	        P1	
2181.61648	 626.13733	1920.81205	        P1	
1200.51959	1993.44656	1931.62337	        P1	
1110.98504	 447.76101	 644.04606	        P1	
 203.02905	1419.00195	1943.97917	        P1	
  34.04835	2161.62997	1290.66626	        P1	
 124.84395	 487.07661	   0.00000	        P1	
 983.61899	 336.36681	 118.92457	        P1	
 234.55530	2037.13056	1593.38335	        P1	
2114.78083	 843.82930	1683.99251	        P1	
 427.49595	 363.30529	 312.49875	        P1	
 121.06080	2184.20005	 895.79548	        P1	
 572.51669	2105.56885	1031.70927	        P1	
 546.03464	2247.54185	 662.57976	        P1	
 412.36335	 749.18062	 673.39108	        P1	
 738.97529	2204.58593	 417.52304	        P1	
1383.37183	1464.14211	2110.26760	        P1	
2080.73248	 780.48750	  51.48248	        P1	
2110.99768	1588.64152	2116.44550	        P1	
 501.89789	1629.41324	2034.07352	        P1	
2238.36372	 214.77969	1535.72291	        P1	
1522.08733	  57.51728	1287.06245	        P1	
1750.33738	1045.50374	1913.08967	        P1	
 330.39510	 225.70069	 836.07576	        P1	
1815.91198	 710.59310	 380.45564	        P1	
 667.09544	 750.63674	1956.33497	        P1	
2052.98938	2095.37593	1449.23232	        P1	
  90.79560	 630.50573	1128.49639	        P1	
 916.78334	1711.68476	1783.35377	        P1	
2208.09853	 870.03970	1750.40493	        P1	
 316.52355	 267.20049	1041.49093	        P1	
 327.87300	1837.64032	 891.67686	        P1	
 301.39095	 992.35490	 812.90863	        P1	
 471.63269	 684.38270	1707.15963	        P1	
 659.52914	1484.52795	2234.34046	        P1	
 766.71839	 122.31520	1099.66617	        P1	
 161.41440	 674.18973	1876.02227	        P1	
2110.99768	 310.15641	 327.42869	        P1	
 315.26250	 301.41961	 458.70906	        P1	
1764.20893	 321.07741	 951.39657	        P1	
 694.83854	 910.81142	2200.87682	        P1	
 398.49180	1304.69551	1263.89532	        P1	
 984.88004	 102.65740	1774.60173	        P1	
1534.69783	1679.64984	 193.05937	        P1	
1155.12179	   2.91228	 948.82243	        P1	
1918.05703	 289.04249	1486.29972	        P1	
 867.60239	1218.78363	 884.98415	        P1	
1852.48243	2149.98093	 355.74404	        P1	
1239.61214	1373.86183	 500.40989	        P1	
2181.61648	1952.67484	 500.40989	        P1	
1515.78208	 739.71574	1303.02206	        P1	
 392.18655	2074.26196	1463.64746	        P1	
  60.53040	1233.34495	1425.03558	        P1	
 171.50280	 257.73561	 123.55800	        P1	
 307.69620	1361.48471	1188.21605	        P1	
 660.79019	 234.43749	 176.58495	        P1	
1495.60528	2067.70936	 869.02460	        P1	
1360.67293	 993.81102	 549.83309	        P1	
1157.64389	 218.42000	2125.19754	        P1	
 442.62855	1560.24692	 491.65784	        P1	
2123.60818	1278.48511	  15.95955	        P1	
2141.26288	1555.15043	1070.32115	        P1	
2078.21038	 557.69909	1787.47233	        P1	
1742.77108	1360.02855	1530.05988	        P1	
2105.95348	1392.06351	1739.59361	        P1	
1403.54863	 982.16194	1906.91177	        P1	
1731.42163	1197.66971	 811.36416	        P1	
 303.91305	 701.12822	 846.37228	        P1	
 907.95599	 748.45254	1190.27539	        P1	
  94.57875	 605.02341	2064.96302	        P1	
 688.53329	  59.70148	1138.79285	        P1	
 192.94065	2241.71733	2178.22450	        P1	
 896.60654	 532.21673	1079.07319	        P1	
 326.61195	1098.65262	1070.32115	        P1	
 813.37724	 641.42673	 184.82219	        P1	
1533.43678	 404.80509	 582.78186	        P1	
1742.77108	1247.90631	1004.42353	        P1	
 679.70594	1579.17664	2034.07352	        P1	
 168.98070	1097.92454	 529.24011	        P1	
 867.60239	1298.87095	1451.29166	        P1	
1348.06243	2158.71773	 504.01364	        P1	
 749.06369	1268.29215	1974.86867	        P1	
 484.24319	 597.01469	 182.76285	        P1	
2104.69243	 374.95433	 306.83571	        P1	
 653.22389	 853.29414	   4.11862	        P1	
 432.54015	1745.17584	2120.56412	        P1	
 788.15624	1673.82532	1546.53424	        P1	
2204.31538	1558.06272	  83.91645	        P1	
2191.70488	1028.03014	1228.88726	        P1	
1163.94914	 491.44501	 674.93556	        P1	
 416.14650	 902.80270	 280.06477	        P1	
1544.78623	 896.25010	1614.49114	        P1	
  36.57045	1695.66732	2108.72312	        P1	
1702.41748	 221.33229	2034.58833	        P1	
1126.11764	  44.41208	1004.42353	        P1	
 366.96555	 746.26834	1418.85768	        P1	
 827.24879	1240.62563	  38.61187	        P1	
1581.35668	1252.27471	 683.17274	        P1	
1498.12738	 955.22350	2196.75820	        P1	
1129.90079	1413.90551	 331.03245	        P1	
 358.13820	 696.03173	 901.45857	        P1	
 211.85640	1014.92494	 535.41801	        P1	
1069.37039	 761.55774	1239.69859	        P1	
1771.77523	 599.19889	2029.95490	        P1	
 308.95725	1229.70463	 420.09719	        P1	
2242.14687	2159.44577	 808.79007	        P1	
1844.91613	 792.86462	 803.12698	        P1	
1030.27784	1704.40412	   8.23718	        P1	
1621.71028	1674.55336	1462.10298	        P1	
1849.96033	1742.26356	1253.59886	        P1	
 472.89374	 926.82890	1002.87905	        P1	
2123.60818	 755.73322	1027.07585	        P1	
1331.66879	1456.13335	 269.76831	        P1	
1595.22823	1587.91344	   0.00000	        P1	
1596.48928	 597.01469	 360.37747	        P1	
 646.91864	2247.54185	1933.68265	        P1	
1659.54178	 227.15681	1142.91147	        P1	
1894.09708	1294.50255	 448.92741	        P1	
1752.85948	1920.63992	1245.36162	        P1	
 672.13964	1809.24572	1035.31303	        P1	
 867.60239	1044.04762	1416.28354	        P1	
 408.58020	1298.87095	2050.54794	        P1	
 498.11474	  98.28900	 537.47729	        P1	
 388.40340	1606.11512	 156.50678	        P1	
1684.76278	1228.97655	 201.81142	        P1	
1998.76423	 248.27072	1772.54245	        P1	
 332.91720	 624.68121	 278.00549	        P1	
2204.31538	1189.66095	 356.25891	        P1	
 417.40755	 990.89874	1808.06537	        P1	
 108.45030	 464.50653	1301.47759	        P1	
1518.30418	 340.73521	1550.65286	        P1	
 470.37164	1721.87772	  46.84905	        P1	
1794.47413	2113.57757	1698.40765	        P1	
1749.07633	 980.70582	 957.57447	        P1	
1277.44364	1563.15915	 753.18898	        P1	
 800.76674	 289.04249	1300.96272	        P1	
2186.66068	1955.58712	 521.00287	        P1	
1257.26684	 971.96902	 778.41538	        P1	
 800.76674	 602.11113	2186.46174	        P1	
1075.67564	 820.53114	1981.04657	        P1	
1395.98233	1038.95114	 343.90311	        P1	
1018.92839	1710.95672	1622.21351	        P1	
 680.96699	1355.66015	1543.96016	        P1	
 561.16724	1052.05634	1581.02755	        P1	
1839.87193	  57.51728	1886.31873	        P1	
1071.89249	2211.86657	1307.65549	        P1	
2240.88582	1474.33503	2180.79864	        P1	
1929.40648	1568.25563	 247.11599	        P1	
2208.09853	2136.87573	1355.01934	        P1	
1261.04999	1512.92255	1159.38589	        P1	
 551.07884	1149.61731	 558.07026	        P1	
1104.67979	1100.83682	1303.53687	        P1	
1460.29588	1785.21952	1676.27014	        P1	
1089.54719	 623.22510	 485.47994	        P1	
1174.03754	1675.28144	 347.50687	        P1	
1195.47539	1830.35964	 112.74667	        P1	
 421.19070	1910.44696	 536.96248	        P1	
1036.58309	 473.24333	1579.48308	        P1	
1141.25024	1717.50932	1725.69333	        P1	
1166.47124	 481.25209	1572.79031	        P1	
1735.20478	1619.22032	 164.22915	        P1	
1644.40918	1708.04444	1997.00612	        P1	
1411.11493	 661.81261	1803.94675	        P1	
 694.83854	 973.42514	 234.24539	        P1	
1134.94499	 480.52401	1101.21065	        P1	
1580.09563	  50.23660	1953.76082	        P1	
 789.41729	2150.70897	 671.33180	        P1	
 762.93524	 264.28821	1298.90344	        P1	
1913.01283	1914.08732	   9.78165	        P1	
1350.58453	1625.77292	1725.69333	        P1	
 747.80264	  18.20168	2128.80130	        P1	
1254.74474	 321.07741	 477.24276	        P1	
2093.34298	 189.29732	 510.70641	        P1	
1538.48098	 592.64629	 805.18626	        P1	
1654.49758	 886.78522	 155.99197	        P1	
 450.19484	 562.79553	1733.93058	        P1	
1180.34279	1641.06232	  39.12668	        P1	
  30.26520	 180.56052	1574.84965	        P1	
 515.76944	 214.77969	 646.10534	        P1	
 886.51814	 310.88449	2133.43472	        P1	
1398.50443	1494.72091	  14.41508	        P1	
1586.40088	1227.52043	1416.28354	        P1	
 344.26665	 331.27033	 975.59337	        P1	
 759.15209	2235.16473	 738.77383	        P1	
1452.72958	 879.50454	1968.69077	        P1	
1634.32078	1613.39575	1919.26757	        P1	
 517.03049	1681.83404	2244.12212	        P1	
1259.78894	2170.36677	 845.85747	        P1	
1340.49614	2237.34893	1478.57734	        P1	
1490.56108	1965.78004	 644.04606	        P1	
2029.02943	1560.24692	 924.11083	        P1	
1113.50714	1835.45612	 349.56614	        P1	
1191.69224	1105.93331	1682.44804	        P1	
 793.20044	 894.79394	1123.86297	        P1	
 271.12575	2061.15676	2018.11397	        P1	
  65.57460	 381.50693	1066.71739	        P1	
1527.13153	1105.93331	 805.18626	        P1	
2032.81258	1185.29255	1647.43998	        P1	
2225.75323	 960.31994	1641.26208	        P1	
1225.74059	 626.13733	  55.08629	        P1	
1499.38843	1523.84355	1778.72035	        P1	
 740.23634	 851.10994	1035.82789	        P1	
1345.54033	 475.42753	1241.24306	        P1	
2042.90098	1742.99164	2046.42932	        P1	
1511.99893	 999.63554	 796.43427	        P1	
1158.90494	1416.08971	1955.82010	        P1	
1781.86363	 864.21514	 969.41547	        P1	
 909.21704	1094.28422	 606.97866	        P1	
1667.10808	1627.95712	 743.40726	        P1	
1136.20604	 522.02381	1756.06803	        P1	
2121.08608	 583.90949	2232.28112	        P1	
 484.24319	 841.64510	1875.50740	        P1	
 547.29569	 147.06948	2108.72312	        P1	
 720.05954	1886.42076	 141.57689	        P1	
 267.34260	2242.44537	1919.26757	        P1	
1341.75718	 649.43550	 947.27795	        P1	
1993.72003	 673.46170	1317.95194	        P1	
2108.47558	1459.04563	 166.80330	        P1	
1522.08733	1384.05475	1289.12179	        P1	
 983.61899	 848.92574	1437.39138	        P1	
1872.65923	  53.14888	 491.65784	        P1	
 751.58579	1454.67723	 983.83055	        P1	
 395.96970	 190.75349	 337.21035	        P1	
 447.67274	1733.52676	2110.78247	        P1	
2240.88582	 938.47794	 448.92741	        P1	
1319.05829	1737.16712	1918.75270	        P1	
1981.10953	 526.39221	1390.02746	        P1	
1611.62188	 115.03452	1099.15137	        P1	
1488.03898	 384.41921	2119.01964	        P1	
 764.19629	 618.85670	1591.32401	        P1	
2239.62477	 746.99642	1105.84407	        P1	
1012.62314	 546.77809	1696.34831	        P1	
1232.04584	2190.75265	1019.35347	        P1	
1457.77378	 757.18934	1147.03009	        P1	
1561.17988	1378.95831	 627.57164	        P1	
1274.92154	1156.89794	1011.11629	        P1	
1889.05288	 138.33268	1120.25915	        P1	
  94.57875	1350.56371	1986.70960	        P1	
 723.84269	1172.18734	1352.44526	        P1	
 659.52914	1469.96663	 847.91675	        P1	
 142.49865	1480.15955	1604.19468	        P1	
2087.03773	1312.70423	1595.44263	        P1	
2036.59573	1407.35291	  82.37198	        P1	
1136.20604	1828.17544	 154.44750	        P1	
2112.25873	1681.10596	  55.08629	        P1	
1482.99478	 594.10241	1686.56666	        P1	
 273.64785	1148.16114	1197.99776	        P1	
1129.90079	1221.69591	 219.83025	        P1	
 307.69620	1760.46524	1686.56666	        P1	
1662.06388	1390.60735	 561.67408	        P1	
2176.57228	1788.13176	1068.26187	        P1	
 489.28739	 956.67962	 285.72787	        P1	
 219.42270	1317.80071	  63.83828	        P1	
 945.78749	 857.66254	1123.86297	        P1	
 683.48909	1416.81775	1888.37807	        P1	
1397.24338	  93.19252	 889.10277	        P1	
1987.41478	1530.39615	  47.36392	        P1	
1110.98504	1025.84594	 178.64429	        P1	
1071.89249	1729.88644	 803.12698	        P1	
 863.81924	1253.00275	2172.56146	        P1	
 153.84810	 531.48869	1362.74172	        P1	
2234.58058	1001.81974	1537.78226	        P1	
 561.16724	1781.57916	1814.24327	        P1	
1228.26269	1527.48392	2207.56952	        P1	
1310.23094	1825.26316	 543.14038	        P1	
 469.11059	1323.62523	2126.74202	        P1	
2215.66483	 139.06072	1696.86318	        P1	
 515.76944	1346.19531	 910.21056	        P1	
1060.54304	 824.89954	2092.24877	        P1	
 334.17825	2184.92813	 984.34535	        P1	
2095.86508	 760.10162	 372.21847	        P1	
 591.43244	1056.42474	1301.47759	        P1	
1365.71713	2148.52477	1618.09495	        P1	
1954.62748	1520.20323	1717.45615	        P1	
2121.08608	 394.61213	1214.98699	        P1	
 622.95869	1805.60536	2211.17334	        P1	
 585.12719	 995.99522	1550.65286	        P1	
1039.10519	1908.99084	  50.96767	        P1	
 221.94480	2085.18297	1659.79578	        P1	
1448.94643	 839.46090	   2.05928	        P1	
2064.33883	 685.11073	 685.23208	        P1	
2118.56398	 320.34933	 152.38822	        P1	
1911.75178	 101.92932	 393.32631	        P1	
1913.01283	 523.47993	2098.42667	        P1	
1542.26413	 455.04169	1756.58283	        P1	
 112.23345	1567.52755	1406.50188	        P1	
2029.02943	 846.74154	1648.98445	        P1	
  52.96410	 700.40013	1752.46427	        P1	
 948.30959	1853.65776	 876.74697	        P1	
 361.92135	1700.03572	 238.36395	        P1	
1631.79868	1058.60894	2055.18137	        P1	
  26.48205	 153.62208	1844.61791	        P1	
1959.67168	 265.01629	 261.53107	        P1	
1118.55134	 125.95552	1797.25405	        P1	
2192.96593	 683.65462	1550.65286	        P1	
1012.62314	 293.41089	 621.39374	        P1	
 302.65200	1524.57163	1414.73906	        P1	
 978.57479	1613.39575	 611.09728	        P1	
 375.79290	1044.04762	 784.59328	        P1	
1336.71299	2184.20005	  92.66850	        P1	
1030.27784	1127.77531	 372.73327	        P1	
 849.94769	  64.06988	1806.00603	        P1	
1892.83603	2131.05117	 672.87628	        P1	
1986.15373	1231.16075	1265.95466	        P1	
 625.48079	1999.27113	 429.87884	        P1	
 601.52084	 836.54862	2237.94422	        P1	
 867.60239	 422.27869	2048.48860	        P1	
 981.09689	1444.48431	1980.53170	        P1	
2247.19107	 720.78602	2100.48594	        P1	
1844.91613	 864.21514	1060.53949	        P1	
1110.98504	1446.66851	1009.05695	        P1	
1350.58453	1060.79314	1400.32398	        P1	
1045.41044	 705.49662	 796.94908	        P1	
1377.06658	 687.29493	 771.72268	        P1	
