2019.00000	   0.00000	   0.00000	   0.00000	
 472.89374	 961.77610	 300.14295	        P1	
1078.19774	 120.13100	 939.04078	        P1	
 909.21704	1084.09131	 656.91666	        P1	
1139.98919	 390.24373	 296.02439	        P1	
1058.02094	 414.26993	1278.31046	        P1	
 264.82050	 818.34694	 220.34512	        P1	
 833.55404	 243.90232	 994.12707	        P1	
 537.20729	 460.13813	 183.27772	        P1	
1194.21434	 178.37632	 777.90058	        P1	
 989.92424	 523.47993	 393.32631	        P1	
 853.73084	 637.05833	 357.80339	        P1	
 635.56919	 492.17309	1140.33732	        P1	
1281.22679	 148.52560	 372.21847	        P1	
 226.98900	 527.12029	1064.65805	        P1	
  89.53455	 299.23541	1056.42087	        P1	
 539.72939	 627.59350	  76.19408	        P1	
1031.53889	 382.96309	 714.06224	        P1	
 814.63829	 397.52441	 908.15128	        P1	
 925.61069	 168.91149	 788.19703	        P1	
 184.11330	 538.76933	 275.94621	        P1	
1307.70884	 954.49542	 211.59307	        P1	
 756.62999	 901.34654	 771.72268	        P1	
 822.20459	1188.20483	1076.49905	        P1	
1194.21434	  89.55220	 724.35876	        P1	
 271.12575	 434.65581	  49.42320	        P1	
 290.04150	1023.66174	 121.49872	        P1	
1109.72399	 286.85829	 417.52304	        P1	
1312.75304	 637.05833	 370.15919	        P1	
 781.85099	1080.45094	 504.52851	        P1	
 741.49739	  29.12268	1029.13513	        P1	
 311.47935	 409.90153	 499.89508	        P1	
1248.43949	   4.36840	 172.98120	        P1	
 230.77215	 385.14729	 646.10534	        P1	
1049.19359	 583.90949	 626.02716	        P1	
 373.27080	 891.15362	 761.42615	        P1	
 977.31374	 165.27112	 388.69289	        P1	
1181.60384	1015.65302	 494.23199	        P1	
1080.71984	 278.84952	 689.86550	        P1	
1287.53204	 888.96942	 606.97866	        P1	
 629.26394	 386.60341	 222.40439	        P1	
 559.90619	 235.89361	 395.38559	        P1	
 638.09129	1169.27511	 842.25366	        P1	
 789.41729	 527.12029	 644.56086	        P1	
1107.20189	 984.34614	 728.47738	        P1	
 948.30959	 668.36521	1249.48024	        P1	
 865.08029	 471.78721	 291.90577	        P1	
 114.75555	 654.53193	 195.63352	        P1	
 300.12990	1263.92375	 617.27518	        P1	
 500.63684	 395.34021	1039.43165	        P1	
 113.49450	 714.96150	 516.36944	        P1	
 406.05810	 455.76973	1233.52069	        P1	
1179.08174	 766.65422	 852.55018	        P1	
 105.92820	 601.38309	1077.01385	        P1	
 841.12034	 526.39221	 240.93809	        P1	
 873.90764	  64.79792	 932.34807	        P1	
 353.09400	 420.82253	1011.11629	        P1	
  94.57875	 957.40770	 341.84377	        P1	
 365.70450	1127.04723	  13.90027	        P1	
 506.94209	 800.87334	 512.25088	        P1	
1317.79724	 583.18141	1000.81977	        P1	
 311.47935	 996.72330	 182.76285	        P1	
 576.29984	 912.26754	1103.78479	        P1	
 745.28054	1244.26595	 887.55830	        P1	
 282.47520	 260.64789	1070.83595	        P1	
 235.81635	 217.69192	 623.45308	        P1	
 233.29425	 776.84714	 764.00030	        P1	
 947.04854	 915.17982	 667.21318	        P1	
 485.50424	 109.93808	 409.80067	        P1	
 751.58579	  18.92972	  28.83022	        P1	
  99.62295	 953.03930	 874.68763	        P1	
 340.48350	1188.20483	 710.45848	        P1	
 559.90619	1036.76694	1228.88726	        P1	
 477.93794	 476.88369	 601.31556	        P1	
  95.83980	 595.55853	 794.88980	        P1	
 297.60780	 815.43470	1293.24035	        P1	
1296.35939	 157.26240	  67.95690	        P1	
 698.62169	 154.35012	 339.26969	        P1	
 368.22660	 899.89042	 185.33700	        P1	
 418.66860	1198.39775	 226.52302	        P1	
 629.26394	1053.51250	  34.49325	        P1	
1003.79579	 652.34773	 586.38568	        P1	
1215.65219	 119.40292	 813.42350	        P1	
 923.08859	1131.41563	 339.78449	        P1	
   1.26105	1215.14331	 664.63904	        P1	
 123.58290	1007.64430	1231.46135	        P1	
1089.54719	 285.40213	 529.24011	        P1	
 582.60509	  94.64868	 904.03266	        P1	
 117.27765	 736.07542	 580.72258	        P1	
   7.56630	1252.27471	1021.41275	        P1	
 913.00019	1311.97615	 658.97600	        P1	
1293.83729	 115.03452	 801.06770	        P1	
 339.22245	 357.48073	1109.96269	        P1	
 181.59120	 927.55694	 666.69838	        P1	
  92.05665	 357.48073	 943.15940	        P1	
 150.06495	 734.61930	1195.93842	        P1	
 211.85640	 663.99681	 298.08367	        P1	
 520.81364	 944.30250	 757.30753	        P1	
1216.91324	 942.84634	 158.56612	        P1	
1158.90494	 583.18141	 321.25079	        P1	
  66.83565	1209.31875	 265.13489	        P1	
  51.70305	1140.88051	 942.64453	        P1	
 987.40214	 524.93609	  28.31535	        P1	
 121.06080	 297.05121	 463.34249	        P1	
 455.23904	1311.24811	 219.83025	        P1	
 576.29984	   3.64032	1048.18369	        P1	
1263.57209	 165.99920	 203.87069	        P1	
1114.76819	 864.94322	 846.37228	        P1	
 170.24175	1248.63435	 140.03242	        P1	
 902.91179	  61.15760	 761.42615	        P1	
 450.19484	 658.90033	 172.46639	        P1	
 302.65200	 579.54109	1239.18372	        P1	
 682.22804	 294.86701	 278.00549	        P1	
1102.15769	 412.08573	 628.08650	        P1	
 282.47520	 876.59230	 108.62805	        P1	
 134.93235	1302.51131	1115.62572	        P1	
 136.19340	 918.82014	1173.28616	        P1	
 215.63955	 689.47913	 720.75500	        P1	
1030.27784	 711.32113	 864.39117	        P1	
 829.77089	1100.83682	 619.33446	        P1	
1248.43949	 879.50454	 370.15919	        P1	
 651.96284	  58.97340	 254.83837	        P1	
 549.81779	 942.11830	 626.02716	        P1	
1165.21019	 240.26201	1255.65814	        P1	
 640.61339	 228.61292	 808.79007	        P1	
 600.25979	 930.46922	 452.53116	        P1	
1002.53474	1285.03771	  88.54988	        P1	
 572.51669	1025.11790	  57.66038	        P1	
1051.71569	 846.01350	 485.47994	        P1	
1075.67564	 903.53074	 506.07298	        P1	
1003.79579	1170.73123	 211.59307	        P1	
1248.43949	 774.66294	1105.32927	        P1	
 316.52355	  28.39460	 549.83309	        P1	
1022.71154	 396.79633	  36.55259	        P1	
1060.54304	1153.98571	 800.55283	        P1	
1088.28614	  31.30688	 226.00815	        P1	
  16.39365	 457.95393	1202.63119	        P1	
  75.66300	  21.84200	 858.72808	        P1	
1263.57209	1013.46882	 982.28607	        P1	
1242.13424	 440.48033	 170.92192	        P1	
1185.38699	 419.36641	 623.96788	        P1	
1107.20189	 888.24134	 326.91389	        P1	
 890.30129	1239.16951	1256.17295	        P1	
 423.71280	 714.96150	 551.89236	        P1	
1122.33449	  32.03492	 535.41801	        P1	
 470.37164	 364.76141	 586.90048	        P1	
 665.83439	 122.31520	 630.14578	        P1	
  54.22515	 982.16194	 306.83571	        P1	
 991.18529	 710.59310	 656.91666	        P1	
 129.88815	1121.95074	 380.97051	        P1	
1117.29029	 286.85829	 244.54185	        P1	
 749.06369	 624.68121	 304.26157	        P1	
 622.95869	 557.69909	1053.84673	        P1	
  36.57045	 845.28542	1218.59074	        P1	
1155.12179	1287.22191	1109.44782	        P1	
 133.67130	1161.99443	 100.39087	        P1	
 165.19755	1100.10874	 529.24011	        P1	
 693.57749	 506.73441	1309.71477	        P1	
1163.94914	 792.86462	 364.49609	        P1	
 581.34404	1220.96783	 321.25079	        P1	
  12.61050	 653.80390	   8.23718	        P1	
1234.56794	1073.89834	 629.63098	        P1	
 488.02634	1133.59983	 901.97338	        P1	
1210.60799	1218.78363	 265.64969	        P1	
 876.42974	1261.73955	 604.91938	        P1	
 372.00975	1286.49383	 600.80076	        P1	
 916.78334	1292.31835	 814.96797	        P1	
1085.76404	 449.21713	1278.31046	        P1	
 561.16724	  32.76300	1309.71477	        P1	
 499.37579	 856.20642	 920.50708	        P1	
 936.96014	 906.44302	 506.58779	        P1	
 152.58705	 104.11352	 308.38019	        P1	
1080.71984	 340.00713	  85.97579	        P1	
 518.29154	 491.44501	 749.07036	        P1	
 343.00560	 862.03094	1282.94389	        P1	
1026.49469	 530.03253	 944.70387	        P1	
 349.31085	1129.23143	 396.93006	        P1	
 300.12990	1137.24014	 635.80888	        P1	
 331.65615	1263.19571	 267.70897	        P1	
 310.21830	 994.53910	1132.61495	        P1	
 950.83169	 792.13654	 683.68760	        P1	
 433.80120	 444.12069	1194.39395	        P1	
 240.86055	1050.60022	1050.24297	        P1	
 643.13549	 816.89082	 982.28607	        P1	
  80.70720	 942.11830	 819.08653	        P1	
 755.36894	 877.32034	 907.63647	        P1	
 841.12034	 634.14610	1058.48015	        P1	
  13.87155	1155.44183	 804.67145	        P1	
 643.13549	 250.45492	 796.43427	        P1	
 428.75700	 308.70029	 391.26697	        P1	
   2.52210	 366.94561	1074.95457	        P1	
 363.18240	 668.36521	 162.16987	        P1	
 639.35234	 342.91941	 211.59307	        P1	
1134.94499	 289.77053	 975.59337	        P1	
 986.14109	 234.43749	 490.11337	        P1	
 751.58579	  18.92972	1043.55027	        P1	
 325.35090	 176.19212	 300.65781	        P1	
 571.25564	 214.77969	1009.05695	        P1	
 933.17699	  42.22788	 644.56086	        P1	
1012.62314	 891.88170	 453.04597	        P1	
 563.68934	  53.14888	1052.30225	        P1	
 397.23075	 115.76260	 488.05409	        P1	
 119.79975	 504.55021	 667.21318	        P1	
 161.41440	1044.04762	 735.17008	        P1	
 490.54844	 888.96942	 699.64716	        P1	
1001.27369	 401.89281	 773.78195	        P1	
1252.22264	 931.19730	 193.57417	        P1	
 984.88004	1046.23182	 594.62286	        P1	
1235.82899	 187.84120	 341.32897	        P1	
 332.91720	 222.78840	1249.48024	        P1	
 679.70594	  79.35928	 207.47445	        P1	
1114.76819	 631.96190	 120.98385	        P1	
 418.66860	 869.31162	 996.18635	        P1	
 325.35090	1224.60815	 394.87079	        P1	
 397.23075	 423.00673	 430.39371	        P1	
1295.09834	 542.40969	 465.40177	        P1	
 353.09400	 864.94322	 965.29685	        P1	
 472.89374	 966.14450	  63.83828	        P1	
 958.39799	1163.45054	 629.63098	        P1	
1095.85244	 501.63793	 604.91938	        P1	
 664.57334	 522.02381	 588.44496	        P1	
1232.04584	 776.84714	 932.34807	        P1	
 841.12034	 810.33822	 452.53116	        P1	
 413.62440	 532.94481	1020.89795	        P1	
 717.53744	 383.69113	 963.23757	        P1	
 404.79705	1199.12583	 333.60659	        P1	
 281.21415	1186.02063	 823.20515	        P1	
1281.22679	 966.87254	1017.29419	        P1	
1034.06099	 490.71693	 492.17271	        P1	
1114.76819	 991.62682	 730.53666	        P1	
 440.10645	 740.44382	1138.27805	        P1	
 849.94769	1077.53871	 385.08907	        P1	
 247.16580	 880.96070	  77.73855	        P1	
  92.05665	 909.35530	1194.39395	        P1	
1168.99334	 293.41089	1165.04892	        P1	
 769.24049	 591.19013	 722.29948	        P1	
 529.64099	 576.62881	1149.08937	        P1	
 446.41170	1179.46803	 952.94105	        P1	
 713.75429	 337.82293	1290.66626	        P1	
  56.74725	 750.63674	1171.74169	        P1	
 409.84125	1257.37115	1214.98699	        P1	
  56.74725	 316.70901	 562.18889	        P1	
 351.83295	1024.38982	 790.77118	        P1	
 854.99189	 393.15601	 174.52567	        P1	
 267.34260	  18.92972	 387.14841	        P1	
 765.45734	 450.67329	 911.75503	        P1	
 655.74599	 907.17110	 792.83046	        P1	
 124.84395	 623.95313	 807.24560	        P1	
 605.30399	  87.36800	 131.28037	        P1	
 890.30129	 570.80429	 973.53403	        P1	
 552.33989	 564.97973	 337.72521	        P1	
 851.20874	 578.81301	1272.64737	        P1	
 858.77504	 406.98929	1027.59065	        P1	
 749.06369	  90.28028	 417.52304	        P1	
  42.87570	  30.57880	 792.31565	        P1	
 249.68790	 748.45254	 726.93290	        P1	
 291.30255	 801.60142	 463.34249	        P1	
 423.71280	 497.99761	 815.48278	        P1	
1208.08589	 739.71574	 351.62549	        P1	
 559.90619	1277.02895	 512.25088	        P1	
  78.18510	 132.50812	 547.77381	        P1	
1168.99334	1269.02023	 539.02176	        P1	
 925.61069	1243.53791	 644.56086	        P1	
 325.35090	 739.71574	 685.23208	        P1	
 378.31500	  39.31560	 934.40735	        P1	
1203.04169	 902.80270	1189.76052	        P1	
 551.07884	1292.31835	 869.02460	        P1	
 771.76259	 489.26081	 403.10796	        P1	
 315.26250	  21.84200	 834.01648	        P1	
 414.88545	 489.98889	1077.01385	        P1	
  50.44200	 796.50494	  98.33159	        P1	
 153.84810	1026.57402	  44.78977	        P1	
  13.87155	   3.64032	 481.36138	        P1	
1008.83999	1038.22310	 341.84377	        P1	
 523.33574	 925.37274	 697.58788	        P1	
1155.12179	 147.06948	1101.72545	        P1	
1044.14939	  14.56132	 553.95171	        P1	
 741.49739	  66.98212	 275.94621	        P1	
 585.12719	 661.08453	1303.02206	        P1	
 746.54159	  94.64868	  45.30458	        P1	
 596.47664	 676.37393	  84.43132	        P1	
 129.88815	 661.81261	1019.35347	        P1	
 113.49450	 649.43550	1077.01385	        P1	
 172.76385	 543.86581	 568.36679	        P1	
 607.82609	 262.10401	1044.06507	        P1	
 363.18240	 362.57721	 427.81956	        P1	
 737.71424	 309.42833	 794.88980	        P1	
 617.91449	 313.06869	 176.58495	        P1	
 544.77359	 560.61133	 166.28849	        P1	
1007.57894	 383.69113	 473.63901	        P1	
 979.83584	1084.09131	 516.36944	        P1	
  92.05665	1191.84514	 604.91938	        P1	
   2.52210	1039.67922	 211.59307	        P1	
 791.93939	1311.97615	  67.44209	        P1	
 756.62999	 675.64590	 812.90863	        P1	
 244.64370	 164.54309	  83.91645	        P1	
1071.89249	 936.29374	 184.82219	        P1	
1121.07344	 353.11233	 560.12961	        P1	
 583.86614	 351.65621	1167.62307	        P1	
 436.32330	1307.60775	 251.23461	        P1	
 301.39095	 354.56849	 570.42606	        P1	
1253.48369	 774.66294	 850.49090	        P1	
 437.58435	1276.30091	 545.71447	        P1	
 789.41729	1311.97615	  24.19679	        P1	
 163.93650	 662.54070	 726.41804	        P1	
1219.43534	1168.54703	  32.43397	        P1	
 368.22660	 896.97814	1265.95466	        P1	
 498.11474	 556.97101	 940.58525	        P1	
 617.91449	1013.46882	 644.04606	        P1	
 703.66589	1048.41602	 512.76569	        P1	
  64.31355	 123.04328	 638.38296	        P1	
 179.06910	  81.54348	  77.73855	        P1	
1268.61629	 583.90949	 366.55537	        P1	
1099.63559	 329.08613	 475.18348	        P1	
1191.69224	 747.72450	 712.51776	        P1	
 293.82465	 287.58632	 938.52597	        P1	
 433.80120	 550.41841	1088.85485	        P1	
 103.40610	 522.75189	1212.92765	        P1	
  66.83565	 373.49821	 976.10817	        P1	
 943.26539	 920.27630	 405.16724	        P1	
 268.60365	 248.27072	 906.09200	        P1	
 117.27765	 934.10954	1221.16489	        P1	
 867.60239	  66.98212	1259.77676	        P1	
 779.32889	1096.46842	 395.38559	        P1	
1132.42289	 451.40133	  96.78712	        P1	
 137.45445	  47.32432	 617.27518	        P1	
 244.64370	  84.45572	 677.50970	        P1	
1234.56794	 899.16234	 263.59041	        P1	
 290.04150	1309.06391	  63.83828	        P1	
 532.16309	 630.50573	  42.73049	        P1	
 485.50424	1104.47714	  61.26419	        P1	
 997.49054	 771.02262	  98.84640	        P1	
 440.10645	 871.49582	 661.03528	        P1	
 664.57334	1219.51171	1294.78482	        P1	
 786.89519	 384.41921	 674.93556	        P1	
 489.28739	 452.85749	 916.38846	        P1	
1097.11349	 502.36601	 290.36129	        P1	
 276.16995	 859.84674	 232.70091	        P1	
1074.41459	 738.25962	 203.87069	        P1	
1093.33034	1069.52994	1171.74169	        P1	
1263.57209	 914.45174	1233.52069	        P1	
 926.87174	 590.46209	1214.47212	        P1	
 204.29010	 556.24293	 796.43427	        P1	
 615.39239	1151.80151	 205.92997	        P1	
 291.30255	1171.45931	 324.85455	        P1	
1078.19774	1271.93251	1175.86025	        P1	
 839.85929	 816.89082	 389.20769	        P1	
 568.73354	1225.33623	 390.75216	        P1	
 582.60509	 605.75149	 984.34535	        P1	
  34.04835	 695.30370	1233.00582	        P1	
  35.30940	 365.48949	 300.14295	        P1	
 319.04565	 174.00792	1196.45329	        P1	
  70.61880	 426.64709	 442.23464	        P1	
 194.20170	1153.25763	1200.05704	        P1	
 779.32889	 142.70108	1282.42902	        P1	
1093.33034	 102.65740	1156.81174	        P1	
 433.80120	 519.83961	1175.34544	        P1	
 688.53329	 809.61014	 547.77381	        P1	
 590.17139	1228.97655	  16.47442	        P1	
 515.76944	1140.88051	 207.47445	        P1	
 994.96844	1235.52915	1004.93839	        P1	
 994.96844	 690.93530	 324.85455	        P1	
 919.30544	 229.34101	 761.42615	        P1	
1297.62044	 789.95234	1184.09749	        P1	
1185.38699	 786.31202	 372.21847	        P1	
 330.39510	  81.54348	 825.26443	        P1	
 967.22534	 578.81301	 458.70906	        P1	
 366.96555	 672.00553	 314.55809	        P1	
1090.80824	 642.88290	1287.06245	        P1	
 147.54285	1301.05515	 504.52851	        P1	
1247.17844	1052.05634	 850.49090	        P1	
 297.60780	  52.42080	 142.09170	        P1	
 960.92009	 867.85550	1226.82792	        P1	
 109.71135	 904.98690	1077.01385	        P1	
 601.52084	1092.82811	 571.97054	        P1	
1243.39529	1137.24014	 314.55809	        P1	
 945.78749	 471.78721	1142.91147	        P1	
1070.63144	 771.02262	 897.33995	        P1	
  18.91575	 897.70622	 718.18086	        P1	
1314.01409	 151.43788	 936.46663	        P1	
1298.88149	 813.97854	 949.33730	        P1	
1063.06514	 357.48073	 135.39899	        P1	
  56.74725	1079.72291	 911.75503	        P1	
 672.13964	 235.16552	1011.11629	        P1	
 443.88960	 468.87493	 283.66859	        P1	
 746.54159	1160.53831	 848.43156	        P1	
 866.34134	1143.79274	 184.82219	        P1	
 839.85929	 170.36760	 112.74667	        P1	
 780.58994	  47.32432	   5.66310	        P1	
 185.37435	 210.41129	 794.37493	        P1	
1112.24609	 540.22549	1083.19175	        P1	
 355.61610	1036.76694	 394.87079	        P1	
 375.79290	 359.66493	 862.84670	        P1	
  46.65885	 220.60420	 291.90577	        P1	
 863.81924	1202.03811	 936.46663	        P1	
1282.48784	  26.93848	 428.33437	        P1	
 378.31500	 145.61332	 516.88431	        P1	
 390.92550	 620.31281	 792.31565	        P1	
 799.50569	   8.73680	 420.09719	        P1	
 446.41170	 190.75349	1146.51522	        P1	
 211.85640	 362.57721	 223.94887	        P1	
 994.96844	 382.23501	 376.85189	        P1	
1243.39529	 203.85869	 403.62277	        P1	
1099.63559	 128.13972	 578.66331	        P1	
 987.40214	 884.60102	 736.71456	        P1	
 148.80390	 352.38429	 273.88687	        P1	
 167.71965	  77.90312	1171.74169	        P1	
  51.70305	 526.39221	 699.64716	        P1	
 813.37724	1199.12583	 605.43418	        P1	
 126.10500	 597.01469	 378.91117	        P1	
 356.87715	 455.04169	1163.50445	        P1	
 587.64929	 634.87413	 957.05967	        P1	
 155.10915	1062.24930	 930.28873	        P1	
 137.45445	 679.28622	 860.27255	        P1	
 382.09815	1073.89834	1000.30497	        P1	
 141.23760	1147.43311	 965.81165	        P1	
1049.19359	1090.64391	 267.70897	        P1	
 402.27495	  37.13140	1031.70927	        P1	
 749.06369	 439.75229	 287.78715	        P1	
 237.07740	  66.98212	 628.08650	        P1	
 250.94895	 622.49701	1037.88717	        P1	
1176.55964	 118.67488	 497.83574	        P1	
 360.66030	1217.32751	1262.35085	        P1	
1076.93669	 433.92773	 294.47991	        P1	
 929.39384	1043.31954	 677.50970	        P1	
 692.31644	1005.46010	1144.97075	        P1	
1088.28614	 232.25329	 880.86553	        P1	
 443.88960	 594.10241	1027.07585	        P1	
 798.24464	1087.00354	 561.67408	        P1	
1150.07759	 218.42000	 871.08388	        P1	
1145.03339	1256.64311	 664.63904	        P1	
 725.10374	  88.09608	 553.43684	        P1	
 366.96555	1305.42355	  35.00812	        P1	
 472.89374	 270.11272	 770.17820	        P1	
 326.61195	1250.09051	 829.89786	        P1	
 761.67419	 362.57721	1124.37777	        P1	
 406.05810	1006.18814	 357.80339	        P1	
1180.34279	 489.26081	 180.70357	        P1	
  31.52625	 768.11034	 104.50949	        P1	
  80.70720	 605.75149	  46.84905	        P1	
1098.37454	1170.00314	1123.86297	        P1	
 892.82339	 444.12069	1058.48015	        P1	
 213.11745	 688.02302	1006.99767	        P1	
 877.69079	 231.52521	 168.34777	        P1	
1089.54719	1278.48511	 360.37747	        P1	
1119.81239	 959.59190	 176.58495	        P1	
1286.27099	 771.75070	  82.37198	        P1	
 725.10374	  12.37712	 839.67957	        P1	
 615.39239	1064.43351	   8.23718	        P1	
 210.59535	 443.39261	   1.54447	        P1	
 733.93109	 269.38469	1288.60692	        P1	
1199.25854	 672.00553	 918.44780	        P1	
1060.54304	1027.30210	1107.90335	        P1	
1160.16599	 299.96349	 454.59044	        P1	
 126.10500	 295.59509	 218.28577	        P1	
 467.84954	 736.07542	 172.98120	        P1	
 907.95599	1293.04643	1076.49905	        P1	
 688.53329	 203.85869	1066.20253	        P1	
1310.23094	 452.12941	  63.32347	        P1	
 867.60239	 532.94481	 656.40186	        P1	
  95.83980	1298.87095	 170.92192	        P1	
 428.75700	 977.06550	 626.02716	        P1	
 361.92135	 778.30330	 774.29676	        P1	
 646.91864	 353.11233	 294.47991	        P1	
 334.17825	 484.16433	 121.49872	        P1	
 281.21415	 128.86780	 265.64969	        P1	
  13.87155	1188.93291	 768.11886	        P1	
 607.82609	  26.21040	 568.36679	        P1	
1099.63559	 149.98172	 351.62549	        P1	
 216.90060	 279.57761	1112.02197	        P1	
 177.80805	 350.20009	 120.98385	        P1	
1163.94914	 117.21872	 425.76028	        P1	
 505.68104	 287.58632	 665.15390	        P1	
 696.09959	 486.34853	   5.66310	        P1	
 703.66589	1249.36243	 370.67399	        P1	
  94.57875	 891.88170	1226.82792	        P1	
 920.56649	 876.59230	 979.71193	        P1	
 230.77215	 698.21593	1196.45329	        P1	
 795.72254	1047.68794	1185.64196	        P1	
 344.26665	1285.03771	 545.71447	        P1	
 100.88400	1268.29215	1227.34279	        P1	
 150.06495	 618.12861	 852.55018	        P1	
 537.20729	 100.47320	 667.21318	        P1	
 293.82465	1015.65302	1138.27805	        P1	
1092.06929	1026.57402	 364.49609	        P1	
 699.88274	 900.61850	 533.35867	        P1	
 528.37994	 165.27112	 195.63352	        P1	
 518.29154	 516.19929	 831.44233	        P1	
1003.79579	 956.67962	 302.71709	        P1	
 399.75285	  37.13140	 216.22649	        P1	
 476.67689	1272.66055	 821.14587	        P1	
  83.22930	 193.66572	 889.10277	        P1	
 398.49180	 824.17150	 250.71975	        P1	
  76.92405	 856.93450	 992.06773	        P1	
 726.36479	 995.99522	 693.46926	        P1	
 938.22119	1035.31082	1230.94654	        P1	
 606.56504	 664.72490	1140.33732	        P1	
 397.23075	 535.12901	 698.10268	        P1	
1147.55549	 685.83882	 271.82759	        P1	
  35.30940	1121.22271	  83.91645	        P1	
  22.69890	  27.66652	 399.50421	        P1	
  47.91990	 333.45453	 438.11608	        P1	
  59.26935	 248.27072	1029.64999	        P1	
 229.51110	1301.78323	1095.03275	        P1	
 650.70179	 265.01629	1029.13513	        P1	
 944.52644	 692.39142	   6.17790	        P1	
 759.15209	 829.99602	1014.72005	        P1	
1150.07759	   8.73680	 205.41517	        P1	
 712.49324	 224.97260	1044.06507	        P1	
  99.62295	1159.81023	 180.70357	        P1	
 385.88130	1205.67843	 217.77097	        P1	
  78.18510	1019.29334	 326.91389	        P1	
 132.41025	 851.10994	 666.69838	        P1	
1279.96574	 134.69232	 405.68211	        P1	
 110.97240	 662.54070	1233.00582	        P1	
 619.17554	 808.88210	1009.05695	        P1	
 288.78045	 760.82970	1270.07322	        P1	
 577.56089	 410.62961	 420.09719	        P1	
 558.64514	1021.47754	1128.49639	        P1	
 926.87174	 999.63554	  11.84100	        P1	
 230.77215	 950.12702	 172.98120	        P1	
 841.12034	 705.49662	1044.06507	        P1	
 358.13820	 894.06590	1103.26993	        P1	
1126.11764	1028.75822	 625.51236	        P1	
 508.20314	 887.51330	1231.46135	        P1	
  99.62295	 928.28502	1138.27805	        P1	
  15.13260	 891.15362	  61.77900	        P1	
 123.58290	 567.89201	1162.98964	        P1	
1197.99749	   7.28068	 805.18626	        P1	
 639.35234	 211.86740	 191.51489	        P1	
 892.82339	1303.23935	 980.22680	        P1	
 862.55819	1230.43271	 479.30204	        P1	
 488.02634	 460.86621	 179.15910	        P1	
 524.59679	 227.15681	 761.42615	        P1	
 551.07884	 224.97260	 525.12149	        P1	
 494.33159	 850.38190	 292.42057	        P1	
1305.18674	1145.24891	 868.50973	        P1	
 385.88130	1316.34455	 881.38040	        P1	
 815.89934	 772.47874	 498.35061	        P1	
 282.47520	 292.68281	 847.91675	        P1	
1266.09419	 164.54309	1144.97075	        P1	
 583.86614	 543.86581	 135.91380	        P1	
 625.48079	 971.24094	   5.66310	        P1	
 467.84954	1001.09170	 866.96526	        P1	
 518.29154	 455.04169	 695.52854	        P1	
 273.64785	 900.61850	 508.64707	        P1	
1051.71569	 878.04842	 426.27509	        P1	
1286.27099	1303.23935	 166.28849	        P1	
 781.85099	1310.52003	 606.97866	        P1	
 185.37435	 121.58712	1309.19996	        P1	
1276.18259	1071.71414	 444.29398	        P1	
 171.50280	 655.26001	 525.12149	        P1	
1138.72814	1081.17902	 433.99746	        P1	
 938.22119	  97.56092	1208.80909	        P1	
 657.00704	 160.90272	 561.67408	        P1	
 940.74329	 765.92614	 115.32082	        P1	
1095.85244	 321.07741	 432.45299	        P1	
 596.47664	 507.46249	 792.83046	        P1	
  13.87155	 567.16393	 438.11608	        P1	
 644.39654	 513.28701	 977.65265	        P1	
 277.43100	 262.10401	1175.34544	        P1	
 651.96284	 887.51330	 843.79813	        P1	
 250.94895	 738.98770	 343.38825	        P1	
 760.41314	 843.82930	 967.35613	        P1	
 389.66445	1254.45891	 304.77637	        P1	
1040.36624	 401.16473	 296.02439	        P1	
 601.52084	 382.23501	 500.40989	        P1	
 546.03464	1193.30131	 374.27774	        P1	
 274.90890	 633.41801	 605.43418	        P1	
1291.31519	 905.71494	1092.97347	        P1	
 737.71424	 524.93609	 930.28873	        P1	
1132.42289	1159.08214	 716.12158	        P1	
 900.38969	  11.64908	 670.81694	        P1	
 891.56234	1041.86342	 469.52039	        P1	
1117.29029	 163.08692	 584.84121	        P1	
 419.92965	 887.51330	 508.64707	        P1	
 653.22389	 158.71852	 277.49069	        P1	
 190.41855	 424.46289	 168.86258	        P1	
 986.14109	 548.96229	   3.60375	        P1	
1308.96989	 797.96110	  71.56065	        P1	
 403.53600	 385.87533	1054.36159	        P1	
 657.00704	 819.07502	1204.69047	        P1	
1157.64389	 787.76814	 862.84670	        P1	
 730.14794	 982.16194	1140.85219	        P1	
 508.20314	 558.42713	1140.85219	        P1	
1003.79579	1026.57402	 378.39637	        P1	
1152.59969	1285.76575	  65.89762	        P1	
 316.52355	 506.00633	 578.66331	        P1	
 914.26124	1107.38942	 786.13775	        P1	
1061.80409	 755.73322	  37.06740	        P1	
 219.42270	 771.75070	 460.76834	        P1	
 501.89789	 228.61292	 183.27772	        P1	
 939.48224	1111.75782	1218.59074	        P1	
1068.10934	1231.16075	 864.39117	        P1	
 181.59120	 643.61093	 141.57689	        P1	
 919.30544	1245.72211	 911.75503	        P1	
 377.05395	1187.47674	1142.39667	        P1	
 510.72524	1073.89834	 677.50970	        P1	
 825.98774	 220.60420	 568.36679	        P1	
 440.10645	1002.54782	 779.95985	        P1	
1071.89249	 557.69909	 170.40705	        P1	
 160.15335	 545.32193	 881.38040	        P1	
 571.25564	 374.95433	 652.79810	        P1	
1209.34694	 731.70702	 742.89246	        P1	
 771.76259	 563.52361	1014.72005	        P1	
 646.91864	 890.42554	 498.35061	        P1	
1184.12594	  76.44700	 174.52567	        P1	
 921.82754	1285.03771	 436.05674	        P1	
 948.30959	 339.27909	   8.23718	        P1	
 910.47809	 433.92773	 584.84121	        P1	
1081.98089	 165.99920	 840.19438	        P1	
1051.71569	 374.22629	 626.02716	        P1	
1137.46709	  39.31560	 525.12149	        P1	
 346.78875	 239.53392	 516.88431	        P1	
1003.79579	1178.01191	 120.98385	        P1	
 793.20044	 188.56929	  40.67115	        P1	
1129.90079	 995.99522	 889.61758	        P1	
 295.08570	 837.27670	1066.20253	        P1	
1204.30274	 589.00593	1148.57457	        P1	
 406.05810	1042.59150	 638.38296	        P1	
1208.08589	 487.80469	 897.85476	        P1	
 745.28054	 482.70821	 698.10268	        P1	
 973.53059	 658.17230	1256.17295	        P1	
  79.44615	 194.39380	 761.42615	        P1	
1118.55134	1244.26595	 963.23757	        P1	
 226.98900	 449.94521	 631.69026	        P1	
 129.88815	1193.30131	 539.53657	        P1	
1047.93254	 998.17942	 291.90577	        P1	
 896.60654	1057.88090	  82.37198	        P1	
 897.86759	1293.04643	1144.45594	        P1	
  52.96410	 985.80230	  34.49325	        P1	
 334.17825	 489.98889	 621.39374	        P1	
 544.77359	 608.66373	 129.22109	        P1	
 284.99730	 744.08414	 919.99227	        P1	
1084.50299	 623.22510	 650.73876	        P1	
 829.77089	 655.26001	 285.72787	        P1	
 752.84684	 805.96982	 815.48278	        P1	
1021.45049	1226.06431	 440.69017	        P1	
 775.54574	 654.53193	 363.98129	        P1	
1133.68394	 824.89954	 263.59041	        P1	
1078.19774	1004.00394	 790.25637	        P1	
 204.29010	 123.77132	   4.11862	        P1	
 785.63414	 830.72410	 504.01364	        P1	
 558.64514	 704.04050	1127.98152	        P1	
 813.37724	   3.64032	 448.92741	        P1	
 987.40214	1308.33583	 526.66596	        P1	
 615.39239	1210.04683	 582.26706	        P1	
 301.39095	1187.47674	 634.26440	        P1	
 172.76385	1057.88090	1152.69312	        P1	
 708.71009	1239.16951	 806.73073	        P1	
  99.62295	1043.31954	1253.59886	        P1	
1156.38284	 178.37632	 858.21327	        P1	
 658.26809	 547.50613	1136.21877	        P1	
 865.08029	 235.89361	 401.56349	        P1	
 259.77630	 920.27630	 249.17527	        P1	
 568.73354	1285.03771	  76.19408	        P1	
  47.91990	 272.29692	 994.12707	        P1	
 828.50984	 819.07502	  49.42320	        P1	
1054.23779	 531.48869	 218.28577	        P1	
 649.44074	  73.53472	 974.04890	        P1	
1281.22679	 528.57641	 290.36129	        P1	
 664.57334	  16.74552	 135.39899	        P1	
 534.68519	1194.02935	1313.83339	        P1	
 519.55259	 630.50573	1109.96269	        P1	
1076.93669	 126.68360	 982.28607	        P1	
 442.62855	 581.72529	1256.17295	        P1	
  73.14090	1215.87135	 957.05967	        P1	
 196.72380	 853.29414	 166.28849	        P1	
 668.35649	 187.84120	 698.10268	        P1	
 819.68249	1100.83682	 704.28058	        P1	
 465.32744	 859.84674	 374.79261	        P1	
 481.72109	 396.06829	 541.08104	        P1	
 100.88400	1207.13455	 424.21581	        P1	
 489.28739	  64.06988	  34.49325	        P1	
 857.51399	 841.64510	 329.48797	        P1	
 861.29714	1167.09091	 158.05125	        P1	
 963.44219	1284.30963	 290.36129	        P1	
 139.97655	 555.51489	1300.96272	        P1	
 847.42559	 369.85789	1084.73623	        P1	
 523.33574	 287.58632	1221.16489	        P1	
  10.08840	  14.56132	 325.36941	        P1	
 201.76800	 703.31242	 494.23199	        P1	
 518.29154	1031.67050	1120.25915	        P1	
1213.13009	 770.29454	 232.70091	        P1	
 709.97114	1079.72291	 650.73876	        P1	
 339.22245	1270.47635	 251.23461	        P1	
 138.71550	 428.10321	1045.60955	        P1	
 556.12304	 827.81182	1298.90344	        P1	
 727.62584	 341.46329	 720.24014	        P1	
 390.92550	 598.47081	 809.30488	        P1	
 878.95184	 902.07462	 125.10247	        P1	
 578.82194	 615.21633	 357.80339	        P1	
 104.66715	 709.86502	 568.36679	        P1	
1192.95329	 448.48909	   8.23718	        P1	
  60.53040	 639.24253	1290.66626	        P1	
1276.18259	1263.92375	 831.95720	        P1	
 110.97240	  52.42080	 545.19966	        P1	
1209.34694	1107.38942	 661.03528	        P1	
 430.01805	1229.70463	 897.33995	        P1	
 625.48079	 586.82173	 838.13510	        P1	
 153.84810	 870.76774	 813.42350	        P1	
 751.58579	1035.31082	1124.37777	        P1	
 651.96284	 216.23580	 654.85738	        P1	
 673.40069	 265.01629	 695.52854	        P1	
  98.36190	 514.01509	1239.18372	        P1	
 907.95599	 279.57761	  38.61187	        P1	
 189.15750	1074.62642	 302.71709	        P1	
 842.38139	 209.68320	1082.67695	        P1	
1223.21849	 576.62881	 753.70378	        P1	
1274.92154	 319.62129	 436.05674	        P1	
 456.50009	1167.81894	  61.26419	        P1	
 771.76259	 481.98013	 345.44759	        P1	
 688.53329	 254.82332	1239.69859	        P1	
1078.19774	 881.68874	1128.49639	        P1	
1132.42289	 940.66214	 887.55830	        P1	
 317.78460	 409.17349	  57.66038	        P1	
 329.13405	1302.51131	1300.96272	        P1	
 321.56775	 855.47834	 957.05967	        P1	
 435.06225	 206.04289	1146.51522	        P1	
  22.69890	1055.69670	1307.14062	        P1	
 355.61610	1202.76615	1270.58809	        P1	
 118.53870	 291.22669	 792.83046	        P1	
 825.98774	 192.93769	 971.98955	        P1	
 935.69909	 898.43430	1182.03815	        P1	
 712.49324	 291.95473	 801.06770	        P1	
 688.53329	 559.15521	 698.10268	        P1	
1228.26269	 602.83921	1261.83604	        P1	
 987.40214	 417.18221	 537.47729	        P1	
 549.81779	1044.04762	 271.82759	        P1	
1283.74889	1016.38110	 335.66587	        P1	
 109.71135	 580.26913	 739.28870	        P1	
1269.87734	 572.98849	 434.51227	        P1	
 920.56649	 304.33189	 584.32634	        P1	
1175.29859	 576.62881	 772.23748	        P1	
 622.95869	 241.71812	1054.36159	        P1	
 654.48494	1075.35451	 366.55537	        P1	
 461.54429	 567.89201	 501.95436	        P1	
 577.56089	 990.17070	 485.47994	        P1	
 363.18240	  39.31560	 315.07289	        P1	
1184.12594	1130.68754	 518.42878	        P1	
 142.49865	1123.40691	  57.66038	        P1	
1007.57894	 507.46249	 348.02167	        P1	
 258.51525	 674.91781	 366.04057	        P1	
1030.27784	 345.83169	1288.60692	        P1	
1216.91324	 862.75902	  38.61187	        P1	
1225.74059	 503.82213	 963.23757	        P1	
 588.91034	 370.58593	1159.38589	        P1	
 374.53185	 821.98730	 979.71193	        P1	
 640.61339	 390.24373	 512.25088	        P1	
 780.58994	 983.61810	 473.12414	        P1	
 978.57479	1105.20522	  13.90027	        P1	
 892.82339	 905.71494	 889.10277	        P1	
1114.76819	 267.92852	 425.76028	        P1	
 326.61195	 139.06072	 862.84670	        P1	
 726.36479	 449.94521	  67.95690	        P1	
  26.48205	 120.13100	 302.71709	        P1	
 228.25005	 240.99009	  82.37198	        P1	
 870.12449	 854.75030	1280.88455	        P1	
 733.93109	 943.57442	 495.77646	        P1	
 688.53329	  91.73640	1130.55567	        P1	
 406.05810	 987.25842	 656.40186	        P1	
  93.31770	 717.87373	  10.29652	        P1	
 728.88689	 920.27630	 158.05125	        P1	
 709.97114	 797.23302	1150.63384	        P1	
 196.72380	 129.59588	1060.02463	        P1	
 372.00975	 603.56729	1072.38043	        P1	
 186.63540	 806.69790	 910.21056	        P1	
 456.50009	1183.83643	 341.32897	        P1	
1087.02509	1304.69551	 571.97054	        P1	
 457.76114	1089.91582	1266.46947	        P1	
 305.17410	 972.69710	1109.44782	        P1	
1095.85244	 427.37513	 726.93290	        P1	
 286.25835	 654.53193	  55.08629	        P1	
1281.22679	 371.31401	 420.09719	        P1	
 890.30129	1137.24014	1023.47209	        P1	
1117.29029	 525.66413	 992.58259	        P1	
 940.74329	 588.27789	 483.93547	        P1	
  60.53040	1300.32711	 255.35317	        P1	
1012.62314	1289.40611	 656.91666	        P1	
 847.42559	 757.18934	 283.66859	        P1	
 928.13279	 575.17269	 854.60946	        P1	
 364.44345	 497.26953	 283.66859	        P1	
1190.43119	 186.38509	 242.99737	        P1	
 876.42974	 688.02302	 611.61208	        P1	
1071.89249	 767.38230	1078.55833	        P1	
 506.94209	  13.10520	 172.98120	        P1	
1186.64804	 728.79473	 220.34512	        P1	
1122.33449	 757.18934	1153.20799	        P1	
 737.71424	1188.93291	1035.31303	        P1	
  47.91990	 978.52162	1297.35897	        P1	
 480.46004	 109.93808	 329.48797	        P1	
 950.83169	 216.96389	 392.81144	        P1	
 910.47809	 173.27989	 885.49896	        P1	
 949.57064	 819.07502	 965.29685	        P1	
 291.30255	 150.70980	 506.58779	        P1	
1180.34279	 837.27670	 150.32888	        P1	
 504.41999	1151.80151	 658.46114	        P1	
1247.17844	 849.65382	 718.18086	        P1	
1123.59554	 705.49662	 444.80879	        P1	
 900.38969	 582.45333	 201.81142	        P1	
 916.78334	 985.07422	 648.67948	        P1	
 987.40214	1034.58274	 708.39920	        P1	
  22.69890	 685.83882	 420.09719	        P1	
 824.72669	1093.55614	1111.50717	        P1	
 136.19340	 990.17070	1175.86025	        P1	
  32.78730	 578.08493	 924.62570	        P1	
 209.33430	 477.61173	 234.24539	        P1	
1301.40359	 516.92733	 487.53928	        P1	
 774.28469	1111.02974	1023.47209	        P1	
1157.64389	 145.61332	  47.36392	        P1	
 311.47935	 452.12941	 562.18889	        P1	
 123.58290	 889.69750	 409.80067	        P1	
 727.62584	 727.33862	 914.32918	        P1	
 969.74744	1030.21434	 831.95720	        P1	
 678.44489	 433.92773	1159.38589	        P1	
1253.48369	 463.05041	 866.45045	        P1	
 625.48079	 896.97814	 345.44759	        P1	
 590.17139	  52.42080	1150.63384	        P1	
  13.87155	 471.05913	 708.39920	        P1	
1227.00164	1022.93370	1225.28345	        P1	
 452.71694	 264.28821	 481.87619	        P1	
 547.29569	 463.05041	 877.26178	        P1	
  66.83565	1302.51131	  70.01618	        P1	
 639.35234	 987.98650	 244.54185	        P1	
1248.43949	1198.39775	 215.71169	        P1	
  85.75140	 726.61053	 221.88959	        P1	
 842.38139	1106.66134	 691.40998	        P1	
 171.50280	 224.24452	 646.62020	        P1	
  47.91990	1282.85351	1041.49093	        P1	
 534.68519	 895.52202	 623.96788	        P1	
 276.16995	1199.12583	 940.58525	        P1	
 767.97944	 169.63952	 512.25088	        P1	
 939.48224	 280.30569	1263.89532	        P1	
1128.63974	 654.53193	1159.38589	        P1	
1045.41044	 305.05993	 438.11608	        P1	
 595.21559	 259.19172	 716.12158	        P1	
1286.27099	1025.11790	 755.76306	        P1	
1190.43119	1169.27511	 588.95976	        P1	
1230.78479	 109.21000	1045.60955	        P1	
 784.37309	 442.66453	 677.50970	        P1	
 146.28180	1214.41523	  37.06740	        P1	
 288.78045	 543.86581	 193.05937	        P1	
 107.18925	 210.41129	 102.45015	        P1	
 746.54159	  30.57880	 914.32918	        P1	
1190.43119	 872.22390	 831.44233	        P1	
  11.34945	 163.81500	 401.56349	        P1	
1215.65219	 465.96269	 329.48797	        P1	
 783.11204	 191.48152	1048.18369	        P1	
 349.31085	 236.62169	 806.73073	        P1	
  83.22930	 979.97774	1116.14059	        P1	
 426.23490	  68.43828	 545.71447	        P1	
1237.09004	 856.93450	 335.66587	        P1	
 911.73914	 527.84833	1111.50717	        P1	
1094.59139	1221.69591	 911.75503	        P1	
 784.37309	 385.87533	 889.10277	        P1	
1180.34279	1311.97615	 807.24560	        P1	
 112.23345	 530.76061	 557.55546	        P1	
 998.75159	1297.41483	1031.70927	        P1	
 962.18114	 121.58712	  78.25342	        P1	
 447.67274	  21.11392	 313.01361	        P1	
 883.99604	 613.76021	 557.55546	        P1	
1021.45049	1285.76575	 567.85198	        P1	
 543.51254	  34.21912	1290.66626	        P1	
 924.34964	 283.21792	 683.68760	        P1	
  44.13675	 855.47834	1140.85219	        P1	
 170.24175	 203.13060	 100.39087	        P1	
 165.19755	 443.39261	1130.55567	        P1	
 754.10789	 744.08414	1011.11629	        P1	
1196.73644	 335.63873	 869.02460	        P1	
 831.03194	1318.52875	1197.99776	        P1	
1225.74059	 200.94640	1132.10015	        P1	
 496.85369	1099.38071	 366.55537	        P1	
1204.30274	 712.77730	 613.67136	        P1	
 742.75844	 252.63912	1154.75247	        P1	
 592.69349	   5.82452	1117.68507	        P1	
 865.08029	  80.08732	 487.53928	        P1	
 784.37309	1288.67803	 996.18635	        P1	
 663.31229	 760.10162	  55.60110	        P1	
  87.01245	 345.83169	1251.53952	        P1	
  20.17680	1176.55574	 337.72521	        P1	
1056.75989	 541.68161	1292.72554	        P1	
 329.13405	 475.42753	 790.25637	        P1	
1243.39529	 192.20960	 427.81956	        P1	
 601.52084	 661.81261	 421.64166	        P1	
 747.80264	 306.51609	 831.44233	        P1	
 556.12304	 648.70741	  50.96767	        P1	
 931.91594	1076.81062	1076.49905	        P1	
 725.10374	 881.68874	 524.60668	        P1	
 166.45860	1124.13494	 802.61217	        P1	
1034.06099	1124.13494	   5.66310	        P1	
 238.33845	 628.32153	 234.24539	        P1	
 377.05395	1094.28422	 915.87365	        P1	
1310.23094	 759.37354	 325.36941	        P1	
1287.53204	 166.72728	 483.93547	        P1	
 886.51814	 188.56929	 261.53107	        P1	
 331.65615	 297.77929	1256.17295	        P1	
  66.83565	1178.73994	1235.06516	        P1	
 953.35379	1006.18814	 919.99227	        P1	
1156.38284	 752.09290	 212.10787	        P1	
 569.99459	1169.27511	 522.54734	        P1	
 128.62710	 117.94680	 291.90577	        P1	
 103.40610	 582.45333	 123.04319	        P1	
 716.27639	 969.78482	 588.44496	        P1	
 863.81924	 934.10954	  35.00812	        P1	
 517.03049	1025.11790	1015.23485	        P1	
 814.63829	  61.15760	 753.70378	        P1	
 900.38969	1006.18814	 320.73599	        P1	
 543.51254	1282.12543	 267.19417	        P1	
 916.78334	 277.39341	1050.24297	        P1	
1090.80824	1248.63435	 658.97600	        P1	
 133.67130	 895.52202	1200.05704	        P1	
 667.09544	1012.74074	 981.77127	        P1	
 518.29154	  37.13140	 407.74139	        P1	
1153.86074	 546.77809	 558.07026	        P1	
 849.94769	 802.32950	 887.04343	        P1	
 853.73084	1005.46010	  90.09435	        P1	
 272.38680	1030.94242	 908.15128	        P1	
 889.04024	 867.12742	1144.45594	        P1	
  11.34945	1258.82731	1226.82792	        P1	
1105.94084	1248.63435	 893.73620	        P1	
 877.69079	1045.50374	 425.76028	        P1	
 354.35505	1021.47754	 889.10277	        P1	
  29.00415	 722.97022	  57.14557	        P1	
 994.96844	1282.12543	 489.59856	        P1	
1157.64389	 441.20841	 829.38305	        P1	
1187.90909	  74.26280	 333.60659	        P1	
 641.87444	 970.51290	 349.56614	        P1	
 406.05810	 578.08493	 487.53928	        P1	
 358.13820	 422.27869	 780.47466	        P1	
1124.85659	 208.22709	 584.32634	        P1	
1301.40359	 953.76734	 592.56358	        P1	
 622.95869	 910.08334	 685.23208	        P1	
 996.22949	 286.85829	 613.67136	        P1	
 895.34549	1028.03014	 720.75500	        P1	
 769.24049	1073.17031	  71.56065	        P1	
 139.97655	 596.28661	 704.28058	        P1	
1184.12594	 302.14769	 496.29127	        P1	
 517.03049	 394.61213	 413.40448	        P1	
1197.99749	 138.33268	 479.30204	        P1	
1228.26269	 385.87533	 524.60668	        P1	
  69.35775	1038.95114	 986.40470	        P1	
1254.74474	 935.56570	 788.19703	        P1	
1017.66734	 153.62208	 712.51776	        P1	
 605.30399	 327.63001	 271.82759	        P1	
 626.74184	 632.68993	1080.61767	        P1	
 451.45589	1311.97615	 870.56907	        P1	
 638.09129	 669.82133	 234.24539	        P1	
1094.59139	 965.41642	 705.82506	        P1	
 659.52914	 176.92020	1045.60955	        P1	
 726.36479	1226.06431	1239.18372	        P1	
   7.56630	 940.66214	1315.37786	        P1	
  10.08840	 382.96309	 737.22936	        P1	
1109.72399	 506.73441	 310.43947	        P1	
 871.38554	1001.09170	 286.24267	        P1	
1296.35939	 435.38389	1120.25915	        P1	
 460.28324	1014.19690	 707.88434	        P1	
 456.50009	 142.70108	  51.48248	        P1	
 455.23904	 840.91702	1311.25924	        P1	
 595.21559	 497.99761	  86.49060	        P1	
 341.74455	 695.30370	1214.47212	        P1	
  89.53455	 843.82930	 310.95427	        P1	
 134.93235	 520.56769	1225.28345	        P1	
 614.13134	 964.68834	 374.79261	        P1	
 141.23760	  24.75428	 565.79264	        P1	
 881.47394	 398.25249	 164.22915	        P1	
 325.35090	1156.16991	 786.65256	        P1	
 235.81635	 752.09290	1307.14062	        P1	
 824.72669	1295.95871	 263.07555	        P1	
1278.70469	 100.47320	 279.54997	        P1	
 561.16724	 909.35530	 341.84377	        P1	
 505.68104	 389.51569	 786.65256	        P1	
 374.53185	1137.96823	1138.27805	        P1	
1218.17429	 592.64629	 409.80067	        P1	
 971.00849	1097.92454	 418.03791	        P1	
1137.46709	 480.52401	 525.12149	        P1	
 670.87859	1006.18814	 949.33730	        P1	
1087.02509	 163.08692	 887.55830	        P1	
 991.18529	 282.48989	 726.41804	        P1	
1129.90079	 505.27829	 996.70115	        P1	
1138.72814	1161.26634	 288.30201	        P1	
1119.81239	1228.97655	 102.96502	        P1	
 653.22389	1306.15163	 364.49609	        P1	
 170.24175	 524.93609	 372.73327	        P1	
  60.53040	 359.66493	1265.95466	        P1	
 196.72380	1067.34574	1031.19447	        P1	
 214.37850	1211.50295	1023.47209	        P1	
 740.23634	1006.91622	 963.75237	        P1	
1253.48369	 267.92852	1190.27539	        P1	
1259.78894	 623.95313	1196.45329	        P1	
 621.69764	 107.02580	 259.47179	        P1	
  76.92405	 854.02222	1198.51257	        P1	
  76.92405	 695.30370	 899.39923	        P1	
1290.05414	 852.56610	 490.11337	        P1	
 974.79164	  51.69272	1221.16489	        P1	
 711.23219	 844.55734	1068.26187	        P1	
 418.66860	 228.61292	 709.94368	        P1	
1127.37869	1314.88843	 557.55546	        P1	
 182.85225	1065.16154	 926.17017	        P1	
 310.21830	1099.38071	  53.02695	        P1	
  94.57875	 369.12981	1000.81977	        P1	
 573.77774	1280.66931	 256.89765	        P1	
 596.47664	 516.19929	 249.17527	        P1	
1047.93254	 382.23501	1181.52334	        P1	
 389.66445	1085.54742	 996.18635	        P1	
 302.65200	 493.62921	 135.91380	        P1	
 886.51814	1006.91622	1064.14325	        P1	
 427.49595	1315.61651	 391.26697	        P1	
 880.21289	 601.38309	1121.80362	        P1	
 303.91305	 695.30370	1015.23485	        P1	
  83.22930	 650.89161	 180.70357	        P1	
  75.66300	 511.10281	 969.93027	        P1	
 119.79975	  88.09608	 145.69545	        P1	
 825.98774	 358.93689	 775.84123	        P1	
 696.09959	 176.19212	  85.97579	        P1	
 612.87029	  21.84200	 359.86267	        P1	
1011.36209	 575.17269	1163.50445	        P1	
 940.74329	1150.34534	1037.37237	        P1	
 620.43659	1022.20562	 160.62540	        P1	
 291.30255	   0.72808	1157.32655	        P1	
 752.84684	 446.30489	 843.79813	        P1	
 403.53600	 824.17150	 337.21035	        P1	
1240.87319	 765.92614	1109.96269	        P1	
 329.13405	 731.70702	 125.10247	        P1	
1227.00164	 833.63634	 677.50970	        P1	
 949.57064	 476.88369	 768.11886	        P1	
 486.76529	 846.01350	 453.04597	        P1	
  52.96410	 604.29533	 294.47991	        P1	
 789.41729	 796.50494	 858.21327	        P1	
 377.05395	 926.82890	1294.78482	        P1	
  51.70305	1044.77570	1090.91413	        P1	
1150.07759	 298.50733	 350.08101	        P1	
 778.06784	 712.77730	 354.19957	        P1	
1157.64389	 564.97973	1080.61767	        P1	
 651.96284	 303.60381	 327.42869	        P1	
 469.11059	 736.80350	 324.85455	        P1	
 742.75844	 307.97221	1167.62307	        P1	
1088.28614	 329.81421	1074.95457	        P1	
 189.15750	   4.36840	 699.64716	        P1	
1087.02509	1307.60775	 345.44759	        P1	
 311.47935	 935.56570	 343.38825	        P1	
 664.57334	 669.09330	 971.98955	        P1	
 794.46149	1202.76615	1177.91959	        P1	
1087.02509	 186.38509	 644.56086	        P1	
 728.88689	 824.17150	 849.97603	        P1	
1020.18944	 489.98889	 749.58516	        P1	
 761.67419	 675.64590	 948.82243	        P1	
 162.67545	 436.11193	  79.79789	        P1	
 403.53600	 709.13693	 140.03242	        P1	
 252.21000	 693.11950	 497.83574	        P1	
 284.99730	  87.36800	 817.02725	        P1	
  87.01245	 669.09330	 490.11337	        P1	
 657.00704	 618.12861	 137.45827	        P1	
 510.72524	1006.91622	 753.70378	        P1	
 774.28469	 627.59350	 843.79813	        P1	
 921.82754	1028.75822	 228.58229	        P1	
1050.45464	 178.37632	 331.54731	        P1	
 625.48079	1006.18814	 974.04890	        P1	
 268.60365	 287.58632	  65.89762	        P1	
 488.02634	 737.53153	 697.58788	        P1	
 573.77774	 473.97141	 759.88168	        P1	
 335.43930	 331.99841	 205.41517	        P1	
 156.37020	 393.15601	 767.60405	        P1	
 837.33719	  87.36800	 131.28037	        P1	
 649.44074	 176.92020	1027.07585	        P1	
 506.94209	 155.80628	 582.78186	        P1	
1051.71569	 674.18973	 116.86529	        P1	
 600.25979	 356.75269	 551.89236	        P1	
1016.40629	 190.75349	 639.92744	        P1	
 673.40069	  85.91188	 459.22387	        P1	
1066.84829	 936.29374	 313.01361	        P1	
 109.71135	1097.19651	 693.98406	        P1	
  27.74310	 934.83762	  12.35580	        P1	
 389.66445	 516.19929	 162.68468	        P1	
 171.50280	 103.38548	 578.14844	        P1	
1305.18674	1260.28343	 977.65265	        P1	
 604.04294	 437.56809	1182.03815	        P1	
 112.23345	 753.54902	1087.31037	        P1	
1050.45464	  64.79792	 634.26440	        P1	
 332.91720	 538.76933	 963.23757	        P1	
 537.20729	1288.67803	1218.59074	        P1	
 184.11330	 187.84120	1124.37777	        P1	
1210.60799	1109.57362	 433.99746	        P1	
 842.38139	1001.81974	 541.59591	        P1	
 355.61610	1293.04643	 230.12677	        P1	
 248.42685	 794.32074	 535.41801	        P1	
 428.75700	 449.94521	  80.31270	        P1	
1268.61629	1237.71335	 246.60119	        P1	
 740.23634	 747.72450	  20.59298	        P1	
 499.37579	 741.17190	 706.33986	        P1	
1042.88834	 642.88290	 168.86258	        P1	
 827.24879	 866.39934	 703.76578	        P1	
  22.69890	1113.94202	 606.97866	        P1	
 593.95454	1241.35371	 805.18626	        P1	
 944.52644	 248.27072	1197.99776	        P1	
  65.57460	 285.40213	 240.42329	        P1	
 989.92424	  37.13140	1144.45594	        P1	
 949.57064	 373.49821	 556.01099	        P1	
 625.48079	 614.48830	 156.50678	        P1	
 534.68519	 610.11989	1083.19175	        P1	
1181.60384	 270.11272	 147.75479	        P1	
 865.08029	 773.20682	1124.37777	        P1	
 475.41584	1216.59943	 217.77097	        P1	
 735.19214	  41.49980	1057.96535	        P1	
 981.09689	 285.40213	 462.82768	        P1	
 209.33430	 302.87573	  22.65232	        P1	
 947.04854	1075.35451	  26.77088	        P1	
 655.74599	 680.01430	  88.54988	        P1	
 950.83169	 671.27750	1138.79285	        P1	
 281.21415	 433.19969	  51.48248	        P1	
 490.54844	 374.95433	1130.04087	        P1	
 361.92135	  25.48232	1105.32927	        P1	
 500.63684	 187.11312	 611.09728	        P1	
1283.74889	1112.48591	1195.93842	        P1	
1258.52789	 265.01629	  53.02695	        P1	
 461.54429	 164.54309	 607.49346	        P1	
 989.92424	1175.82771	 676.99484	        P1	
  12.61050	  65.52600	 345.96239	        P1	
 500.63684	1263.19571	 547.25894	        P1	
 233.29425	  74.99088	 281.60925	        P1	
 452.71694	 903.53074	 288.30201	        P1	
 189.15750	 800.87334	1054.36159	        P1	
1083.24194	1170.00314	 393.32631	        P1	
  36.57045	1194.75743	 784.59328	        P1	
 355.61610	  93.19252	1086.79557	        P1	
 720.05954	  24.02620	 847.91675	        P1	
 987.40214	1049.14410	1288.60692	        P1	
 472.89374	1114.67011	 959.63375	        P1	
 659.52914	1197.66971	1282.42902	        P1	
 387.14235	 446.30489	 726.41804	        P1	
 793.20044	 222.06032	 343.90311	        P1	
1153.86074	 545.32193	 308.38019	        P1	
 624.21974	1012.74074	  42.73049	        P1	
1177.82069	  58.24532	 343.90311	        P1	
 702.40484	 494.35729	1245.36162	        P1	
 481.72109	1179.46803	 508.13226	        P1	
 945.78749	 329.08613	1035.82789	        P1	
 880.21289	 206.77092	 294.47991	        P1	
 455.23904	 641.42673	 981.77127	        P1	
 871.38554	 820.53114	 499.89508	        P1	
 691.05539	 719.32990	 368.09984	        P1	
 105.92820	 227.15681	 129.73590	        P1	
 358.13820	1041.13534	 747.01108	        P1	
 667.09544	 934.10954	 963.23757	        P1	
 453.97799	1199.85391	 843.79813	        P1	
 638.09129	   7.28068	 120.98385	        P1	
 197.98485	1199.12583	 786.13775	        P1	
 437.58435	 746.26834	 380.97051	        P1	
1247.17844	 992.35490	 615.21584	        P1	
1283.74889	   0.00000	 815.48278	        P1	
 910.47809	 543.13773	 362.43681	        P1	
 354.35505	1218.05555	1227.34279	        P1	
 453.97799	 403.34893	 178.64429	        P1	
 793.20044	  91.00832	 456.64978	        P1	
  52.96410	 257.73561	1087.31037	        P1	
 979.83584	  67.71020	 965.29685	        P1	
1066.84829	 222.78840	 685.74688	        P1	
 266.08155	1076.81062	1156.81174	        P1	
1138.72814	1312.70423	 545.19966	        P1	
1197.99749	 899.89042	 576.08916	        P1	
 934.43804	 842.37314	1228.88726	        P1	
 622.95869	1205.67843	 866.45045	        P1	
1026.49469	  66.98212	  24.19679	        P1	
 300.12990	 331.99841	 395.38559	        P1	
 569.99459	1006.18814	 228.06749	        P1	
 746.54159	 844.55734	  79.79789	        P1	
 698.62169	1180.92414	 553.95171	        P1	
 769.24049	1277.02895	 207.98932	        P1	
1121.07344	   6.55260	 662.57976	        P1	
  80.70720	  33.49108	  71.56065	        P1	
1070.63144	 510.37473	 646.62020	        P1	
 528.37994	 992.35490	1090.91413	        P1	
 148.80390	1160.53831	1083.19175	        P1	
 722.58164	 163.81500	 370.67399	        P1	
 278.69205	 756.46130	 125.61728	        P1	
 351.83295	 481.25209	1004.42353	        P1	
 779.32889	 808.15402	 976.10817	        P1	
 848.68664	 141.97300	1217.04627	        P1	
1005.05684	  83.72768	 664.63904	        P1	
 187.89645	 832.18022	 518.94359	        P1	
 687.27224	1194.75743	 180.70357	        P1	
1297.62044	 552.60261	 903.51785	        P1	
 633.04709	1046.95990	 570.42606	        P1	
  63.05250	 110.66612	 536.96248	        P1	
1316.53619	1311.97615	  24.19679	        P1	
 844.90349	 350.92813	 529.24011	        P1	
 190.41855	 926.82890	 706.33986	        P1	
1081.98089	 133.96428	 788.19703	        P1	
 610.34819	1020.74950	1115.62572	        P1	
 829.77089	 655.26001	  44.78977	        P1	
 814.63829	 578.08493	 203.35589	        P1	
 172.76385	 594.83049	1016.77933	        P1	
 619.17554	 733.16313	 438.11608	        P1	
 476.67689	 295.59509	 378.91117	        P1	
 413.62440	1304.69551	 182.76285	        P1	
 238.33845	  60.42952	 906.09200	        P1	
 245.90475	 293.41089	  15.95955	        P1	
 856.25294	 628.32153	 950.88177	        P1	
 611.60924	1274.84475	1313.83339	        P1	
1065.58724	 561.33941	 810.84935	        P1	
  79.44615	1037.49502	 932.86288	        P1	
1076.93669	 995.99522	 125.10247	        P1	
 949.57064	 239.53392	 584.84121	        P1	
 414.88545	 789.95234	 326.91389	        P1	
 756.62999	 811.06630	1182.03815	        P1	
 630.52499	 945.03054	 932.34807	        P1	
 247.16580	 547.50613	 677.50970	        P1	
 427.49595	1038.95114	 407.22658	        P1	
 964.70324	 526.39221	1272.64737	        P1	
1027.75574	1008.37234	1159.38589	        P1	
 585.12719	1032.39854	 722.29948	        P1	
 525.85784	  88.09608	1089.36965	        P1	
 296.34675	1197.66971	 120.98385	        P1	
 764.19629	  88.82412	 197.17799	        P1	
 580.08299	 639.24253	 677.50970	        P1	
 733.93109	 321.80549	1046.12435	        P1	
 389.66445	 578.81301	 798.49355	        P1	
1277.44364	 214.77969	 836.07576	        P1	
 319.04565	 481.25209	 880.86553	        P1	
 310.21830	 208.22709	1053.84673	        P1	
1143.77234	1031.67050	 880.86553	        P1	
  61.79145	1156.89794	  55.08629	        P1	
1142.51129	1309.06391	 368.09984	        P1	
1110.98504	 953.03930	 887.04343	        P1	
 197.98485	 318.16513	1154.75247	        P1	
 638.09129	 959.59190	 100.90568	        P1	
1276.18259	 965.41642	 668.75766	        P1	
 969.74744	1006.91622	 593.07838	        P1	
1283.74889	 595.55853	  10.29652	        P1	
 680.96699	 943.57442	1027.07585	        P1	
1055.49884	 539.49741	1173.80097	        P1	
 143.75970	   1.45612	1221.16489	        P1	
 807.07199	 799.41722	 759.88168	        P1	
 934.43804	 913.72370	 256.89765	        P1	
1008.83999	 933.38150	 794.37493	        P1	
1240.87319	1076.08254	 523.06221	        P1	
 800.76674	 763.74194	1111.50717	        P1	
 754.10789	1073.17031	1151.14865	        P1	
 881.47394	 354.56849	1282.42902	        P1	
 944.52644	 462.32233	 716.12158	        P1	
 844.90349	 288.31441	1193.87914	        P1	
1305.18674	 950.12702	 444.80879	        P1	
 703.66589	 480.52401	 131.28037	        P1	
 749.06369	 589.73401	 345.96239	        P1	
 232.03320	 189.29732	 716.12158	        P1	
 911.73914	 376.41049	  57.66038	        P1	
 653.22389	1068.80191	 230.64157	        P1	
 210.59535	  91.00832	 895.28067	        P1	
  68.09670	 530.03253	 475.18348	        P1	
 220.68375	1206.40651	1169.68235	        P1	
 989.92424	 497.26953	 825.77930	        P1	
1050.45464	  10.92100	 230.12677	        P1	
 925.61069	 728.06670	 490.11337	        P1	
1180.34279	 878.04842	 197.69279	        P1	
 252.21000	 844.55734	  11.84100	        P1	
1150.07759	   7.28068	 168.86258	        P1	
 674.66174	 217.69192	 529.24011	        P1	
 769.24049	 915.90790	 213.65235	        P1	
 702.40484	1072.44222	  98.84640	        P1	
1051.71569	1124.13494	 714.57710	        P1	
 846.16454	 388.05953	  67.44209	        P1	
 757.89104	 245.35849	 687.80616	        P1	
 789.41729	 647.97933	 438.11608	        P1	
  69.35775	1213.68715	1247.42096	        P1	
  56.74725	1283.58155	1091.42899	        P1	
  42.87570	 380.05081	 625.51236	        P1	
1269.87734	 249.72689	1171.22682	        P1	
 612.87029	 712.04922	1169.16754	        P1	
 664.57334	1245.72211	1276.25112	        P1	
 836.07614	1110.30171	 856.15393	        P1	
 264.82050	 827.08374	 598.74148	        P1	
 919.30544	 715.68953	 677.50970	        P1	
 453.97799	 968.32870	1274.70665	        P1	
 795.72254	1253.00275	 455.10531	        P1	
 158.89230	 624.68121	1224.76864	        P1	
 626.74184	 883.14490	 127.16175	        P1	
1216.91324	 957.40770	1188.21605	        P1	
1274.92154	 179.83249	 607.49346	        P1	
 364.44345	1151.07343	1037.88717	        P1	
1142.51129	  80.08732	 969.41547	        P1	
  16.39365	 340.00713	 258.95699	        P1	
 559.90619	1113.94202	 166.80330	        P1	
  98.36190	 100.47320	 488.05409	        P1	
  46.65885	1164.17863	  69.50137	        P1	
1118.55134	1152.52954	 436.57161	        P1	
 250.94895	  25.48232	 641.98678	        P1	
1182.86489	1045.50374	1315.37786	        P1	
 615.39239	1013.46882	1192.33467	        P1	
 752.84684	 101.20128	 156.50678	        P1	
 253.47105	1103.02102	 217.77097	        P1	
 663.31229	 859.11870	 650.73876	        P1	
 943.26539	 744.08414	1184.09749	        P1	
 969.74744	1063.70542	 131.28037	        P1	
 158.89230	1250.81855	 333.09179	        P1	
 779.32889	 939.20602	 117.38010	        P1	
1186.64804	 181.28860	  24.71160	        P1	
 957.13694	1226.79235	 518.42878	        P1	
1073.15354	 105.56968	 226.00815	        P1	
  71.87985	 530.76061	 617.78998	        P1	
 965.96429	 945.03054	 689.86550	        P1	
 224.46690	 745.54030	 236.81947	        P1	
  16.39365	 948.67090	1152.69312	        P1	
 783.11204	 987.98650	1280.88455	        P1	
 567.47249	1176.55574	 591.01911	        P1	
 862.55819	 366.94561	 957.57447	        P1	
1312.75304	 466.69073	1049.72817	        P1	
1006.31789	1009.10042	1105.84407	        P1	
1262.31104	  79.35928	 429.87884	        P1	
1238.35109	 476.15561	 877.26178	        P1	
1301.40359	 848.92574	 158.56612	        P1	
 451.45589	 556.24293	 597.19701	        P1	
 182.85225	1105.93331	 755.76306	        P1	
1107.20189	 135.42040	 988.46397	        P1	
 354.35505	1223.88011	 428.33437	        P1	
 634.30814	 805.96982	 977.65265	        P1	
 525.85784	 460.86621	 630.14578	        P1	
 872.64659	1282.85351	 755.76306	        P1	
 660.79019	 977.06550	 576.60396	        P1	
1283.74889	  78.63120	 477.24276	        P1	
 988.66319	 736.80350	 621.39374	        P1	
 484.24319	 825.62762	 810.84935	        P1	
 696.09959	1022.20562	 117.38010	        P1	
 996.22949	 381.50693	1272.13256	        P1	
 568.73354	1037.49502	 364.49609	        P1	
 315.26250	 784.85590	 125.61728	        P1	
 547.29569	1134.32791	1132.61495	        P1	
1185.38699	1132.87174	1167.10826	        P1	
 443.88960	1062.97734	 876.74697	        P1	
 245.90475	1148.16114	 578.66331	        P1	
 369.48765	 393.88409	 504.01364	        P1	
 442.62855	 829.26794	 306.83571	        P1	
  50.44200	 860.57482	 248.66047	        P1	
 218.16165	1209.31875	1122.31849	        P1	
 509.46419	 586.82173	1147.03009	        P1	
 620.43659	  21.84200	 792.31565	        P1	
 571.25564	1290.86223	 463.34249	        P1	
 913.00019	 682.92653	 121.49872	        P1	
 214.37850	 314.52481	 160.62540	        P1	
 580.08299	1278.48511	 329.48797	        P1	
 511.98629	 406.26121	   1.54447	        P1	
1182.86489	 182.01669	 880.86553	        P1	
 954.61484	 121.58712	 821.14587	        P1	
 508.20314	  96.83288	1152.69312	        P1	
1216.91324	 800.14530	 712.51776	        P1	
 153.84810	1259.55535	 671.33180	        P1	
 162.67545	 334.18261	 685.74688	        P1	
1010.10104	1250.09051	 218.28577	        P1	
 109.71135	1094.28422	1062.59877	        P1	
 745.28054	 961.77610	1202.11632	        P1	
 409.84125	 176.92020	 531.29939	        P1	
 913.00019	 138.33268	 936.46663	        P1	
1245.91739	 184.92892	 308.38019	        P1	
1166.47124	 900.61850	  26.77088	        P1	
 452.71694	 208.95512	 918.44780	        P1	
 510.72524	1226.79235	 555.49618	        P1	
 216.90060	 643.61093	 140.03242	        P1	
 651.96284	 398.25249	 910.21056	        P1	
 979.83584	 450.67329	1263.89532	        P1	
 221.94480	 388.78761	 279.54997	        P1	
 885.25709	1033.85470	   9.78165	        P1	
 524.59679	 605.75149	 551.89236	        P1	
1008.83999	 219.87612	  79.79789	        P1	
1172.77649	 997.45134	 969.41547	        P1	
 170.24175	1041.86342	 403.10796	        P1	
 165.19755	1021.47754	 696.04340	        P1	
 162.67545	 711.32113	 314.55809	        P1	
1160.16599	 452.85749	 261.53107	        P1	
 737.71424	 893.33782	1309.71477	        P1	
 847.42559	1093.55614	 994.12707	        P1	
 832.29299	 368.40173	1154.75247	        P1	
 767.97944	1153.98571	 479.30204	        P1	
  39.09255	 916.63594	1165.56379	        P1	
 259.77630	 955.22350	 224.46367	        P1	
 736.45319	1196.94163	1008.54215	        P1	
  99.62295	 711.32113	1282.94389	        P1	
 359.39925	 800.14530	 768.11886	        P1	
 203.02905	 893.33782	  92.66850	        P1	
 181.59120	1269.74831	 848.43156	        P1	
 876.42974	1107.38942	 372.21847	        P1	
 380.83710	 253.36721	 562.18889	        P1	
1238.35109	  48.05240	 588.44496	        P1	
1000.01264	 338.55101	 106.56877	        P1	
 984.88004	1159.81023	1311.25924	        P1	
 258.51525	 181.28860	  38.61187	        P1	
 899.12864	 242.44621	1070.32115	        P1	
 638.09129	 728.06670	1177.40472	        P1	
 153.84810	 262.10401	 815.48278	        P1	
 947.04854	 238.07781	1173.80097	        P1	
1102.15769	 902.80270	 744.95173	        P1	
 447.67274	 188.56929	1053.84673	        P1	
1083.24194	1168.54703	 261.01627	        P1	
1314.01409	 447.03293	  22.65232	        P1	
1243.39529	 926.10082	 123.55800	        P1	
 726.36479	 225.70069	1077.01385	        P1	
1292.57624	  42.95592	 313.01361	        P1	
 302.65200	 550.41841	 920.50708	        P1	
 955.87589	 238.80589	1144.97075	        P1	
1177.82069	 601.38309	1035.31303	        P1	
 905.43389	1220.23975	  78.25342	        P1	
  58.00830	 965.41642	 495.77646	        P1	
1179.08174	 176.92020	 315.07289	        P1	
1005.05684	 881.68874	 827.32377	        P1	
 509.46419	   4.36840	 613.15656	        P1	
 228.25005	 865.67130	 633.74954	        P1	
 597.73769	1029.48630	 578.14844	        P1	
 583.86614	 823.44342	1298.90344	        P1	
1201.78064	1296.68675	 116.86529	        P1	
 847.42559	1134.32791	1188.21605	        P1	
1061.80409	 208.22709	 547.25894	        P1	
 377.05395	 107.02580	1230.94654	        P1	
 561.16724	 580.26913	 368.61471	        P1	
 596.47664	 494.35729	 415.97857	        P1	
 290.04150	 297.05121	1113.56645	        P1	
 635.56919	 797.96110	 731.05146	        P1	
1209.34694	  79.35928	 428.33437	        P1	
 247.16580	 369.85789	 249.17527	        P1	
 722.58164	 721.51410	 107.08358	        P1	
 784.37309	 231.52521	 409.28586	        P1	
1093.33034	1143.79274	 609.55280	        P1	
 326.61195	  74.99088	1268.52875	        P1	
 794.46149	 398.98053	 578.66331	        P1	
 409.84125	 787.04010	1109.44782	        P1	
1163.94914	1161.26634	1025.01657	        P1	
 901.65074	 676.37393	 869.02460	        P1	
 701.14379	  52.42080	  13.90027	        P1	
  30.26520	 212.59549	 955.00033	        P1	
1250.96159	 129.59588	 491.65784	        P1	
 413.62440	 292.68281	 772.23748	        P1	
1239.61214	 379.32273	 543.14038	        P1	
 943.26539	1304.69551	 576.60396	        P1	
 261.03735	  56.06112	 961.69310	        P1	
 703.66589	 768.83842	 216.22649	        P1	
 731.40899	1186.74871	 553.43684	        P1	
 472.89374	1271.93251	 158.05125	        P1	
 973.53059	 323.26161	 440.17536	        P1	
 166.45860	1183.83643	 452.53116	        P1	
 419.92965	 156.53432	 609.55280	        P1	
1127.37869	 270.84081	 265.64969	        P1	
 535.94624	 328.35809	1039.94645	        P1	
  52.96410	1163.45054	 652.79810	        P1	
1017.66734	 287.58632	 184.82219	        P1	
1099.63559	 192.20960	 914.32918	        P1	
 305.17410	1215.87135	 258.95699	        P1	
 147.54285	 240.99009	  76.19408	        P1	
 100.88400	 993.08294	1148.57457	        P1	
 482.98214	 414.26993	 399.50421	        P1	
 238.33845	 840.91702	1056.42087	        P1	
  58.00830	 318.89321	 582.26706	        P1	
 870.12449	 199.49029	 207.47445	        P1	
 861.29714	 243.90232	1004.93839	        P1	
1066.84829	 899.89042	  74.13480	        P1	
 524.59679	 388.78761	1033.25375	        P1	
 389.66445	 443.39261	 736.71456	        P1	
 857.51399	 330.54229	 724.87356	        P1	
 979.83584	 744.81222	 594.62286	        P1	
 308.95725	1002.54782	1101.21065	        P1	
 976.05269	 241.71812	 697.58788	        P1	
 459.02219	1316.34455	 252.77909	        P1	
 701.14379	 910.08334	 127.67662	        P1	
1000.01264	 203.13060	 298.08367	        P1	
 504.41999	 566.43589	 774.29676	        P1	
1049.19359	 144.15720	 129.73590	        P1	
 944.52644	1136.51211	1243.81715	        P1	
1257.26684	1285.03771	1231.46135	        P1	
 103.40610	 531.48869	1294.78482	        P1	
1167.73229	1189.66095	1074.43977	        P1	
 456.50009	 598.47081	 593.07838	        P1	
 505.68104	 581.72529	 236.81947	        P1	
 221.94480	 821.25922	 265.64969	        P1	
  79.44615	 310.88449	1021.41275	        P1	
 692.31644	1245.72211	 131.79518	        P1	
 431.27910	 365.48949	 897.85476	        P1	
1307.70884	 775.39102	 172.98120	        P1	
1141.25024	  95.37672	 394.87079	        P1	
 883.99604	 182.74472	1086.79557	        P1	
 559.90619	1147.43311	 417.52304	        P1	
 394.70865	1017.10914	 123.04319	        P1	
 411.10230	 521.29573	 357.80339	        P1	
 943.26539	 362.57721	 168.34777	        P1	
 862.55819	 567.89201	 574.54468	        P1	
 279.95310	 476.15561	 203.87069	        P1	
 351.83295	 606.47953	 679.05418	        P1	
 150.06495	 535.12901	   7.72237	        P1	
 239.59950	1188.20483	 291.90577	        P1	
 813.37724	1235.52915	 567.85198	        P1	
1055.49884	 605.02341	 557.55546	        P1	
  41.61465	1222.42395	 215.71169	        P1	
1213.13009	1224.60815	1282.94389	        P1	
 992.44634	 293.41089	 842.25366	        P1	
 562.42829	 990.17070	 256.89765	        P1	
1253.48369	 771.75070	 125.61728	        P1	
 775.54574	 673.46170	 701.70644	        P1	
 829.77089	1178.01191	  32.94878	        P1	
 823.46564	  72.07860	  18.53370	        P1	
1211.86904	 211.86740	 600.80076	        P1	
 126.10500	 247.54269	 144.15098	        P1	
 867.60239	 244.63041	 982.28607	        P1	
 646.91864	 628.32153	 275.94621	        P1	
1001.27369	 307.24413	 938.52597	        P1	
 829.77089	1188.20483	1144.45594	        P1	
 901.65074	1250.09051	 341.84377	        P1	
 556.12304	 692.39142	 302.71709	        P1	
 784.37309	 259.19172	 949.33730	        P1	
1308.96989	1317.80071	 800.55283	        P1	
1150.07759	1272.66055	  36.55259	        P1	
1302.66464	 469.60301	1033.25375	        P1	
1317.79724	 817.61890	 514.82497	        P1	
 800.76674	 273.02501	 341.32897	        P1	
 767.97944	  21.11392	 380.97051	        P1	
 822.20459	1010.55654	 665.15390	        P1	
1311.49199	 846.01350	 483.93547	        P1	
1083.24194	 526.39221	   7.72237	        P1	
 364.44345	 939.93410	 341.84377	        P1	
 167.71965	1155.44183	 817.02725	        P1	
1003.79579	 784.85590	1058.48015	        P1	
 798.24464	1190.38903	 656.40186	        P1	
1000.01264	  16.74552	 788.71190	        P1	
 969.74744	 176.92020	 117.38010	        P1	
 556.12304	 810.33822	 166.80330	        P1	
  70.61880	 544.59389	 985.88983	        P1	
 581.34404	 530.76061	 753.70378	        P1	
 301.39095	 437.56809	 510.19154	        P1	
   2.52210	 847.46962	 216.22649	        P1	
 180.33015	 507.46249	1231.46135	        P1	
1192.95329	 624.68121	 693.46926	        P1	
 258.51525	1308.33583	 735.17008	        P1	
 890.30129	 665.45293	 907.63647	        P1	
 446.41170	 275.20921	 366.04057	        P1	
1020.18944	1033.12662	 710.45848	        P1	
1129.90079	 732.43510	1140.33732	        P1	
 631.78604	 655.98810	 786.65256	        P1	
1230.78479	 393.15601	 267.19417	        P1	
 432.54015	 953.03930	  14.41508	        P1	
 939.48224	 271.56889	 917.93293	        P1	
 732.67004	 728.79473	1171.74169	        P1	
 374.53185	1228.24851	 724.87356	        P1	
 506.94209	 825.62762	 111.20220	        P1	
  97.10085	 637.05833	 407.22658	        P1	
1080.71984	 855.47834	1128.49639	        P1	
1268.61629	 366.94561	 983.83055	        P1	
1055.49884	 204.58672	 512.25088	        P1	
 786.89519	 608.66373	 485.99481	        P1	
 571.25564	 123.04328	 527.18077	        P1	
  69.35775	1142.33663	1241.75787	        P1	
  55.48620	 955.22350	1263.89532	        P1	
1083.24194	1097.19651	 508.64707	        P1	
 965.96429	 947.94282	1113.56645	        P1	
1312.75304	 508.91861	 384.57426	        P1	
1134.94499	 106.29772	1079.07319	        P1	
1023.97259	 652.34773	 844.31300	        P1	
 669.61754	 506.00633	 827.32377	        P1	
 474.15479	   5.82452	 228.06749	        P1	
  32.78730	 538.76933	   5.66310	        P1	
  83.22930	 866.39934	1315.37786	        P1	
 598.99874	 538.04129	  71.56065	        P1	
 515.76944	  28.39460	1144.45594	        P1	
 949.57064	 243.90232	 543.14038	        P1	
1268.61629	 921.73242	 623.96788	        P1	
 127.36605	 931.19730	 588.95976	        P1	
 442.62855	 918.09210	 528.72524	        P1	
 737.71424	  80.81540	 976.10817	        P1	
  42.87570	1062.97734	 876.74697	        P1	
 881.47394	 948.67090	1307.14062	        P1	
 532.16309	 265.01629	 955.00033	        P1	
 973.53059	  49.50852	 549.31828	        P1	
 489.28739	 841.64510	1208.29422	        P1	
 775.54574	 389.51569	1138.79285	        P1	
1163.94914	 906.44302	 310.43947	        P1	
 431.27910	 184.92892	  72.07552	        P1	
 153.84810	  34.94720	1031.70927	        P1	
1208.08589	 192.20960	 965.29685	        P1	
 614.13134	 169.63952	1111.50717	        P1	
 601.52084	 798.68914	 899.91410	        P1	
 506.94209	 821.25922	 273.37207	        P1	
 119.79975	1110.30171	 930.28873	        P1	
 812.11619	 535.85709	 683.17274	        P1	
 430.01805	 144.88528	1262.35085	        P1	
1117.29029	1135.78403	1118.19987	        P1	
 639.35234	1084.09131	 195.11865	        P1	
 369.48765	 504.55021	1045.60955	        P1	
1185.38699	 764.47002	 551.37756	        P1	
1297.62044	 418.63833	 776.35610	        P1	
 886.51814	 206.04289	  28.31535	        P1	
 322.82880	 323.26161	 810.84935	        P1	
1273.66049	1113.94202	1181.52334	        P1	
1277.44364	 661.81261	1260.29157	        P1	
 372.00975	1068.07382	 105.02430	        P1	
  81.96825	 255.55141	 420.09719	        P1	
1194.21434	1305.42355	1190.27539	        P1	
 601.52084	1100.10874	 265.13489	        P1	
1274.92154	 931.19730	1262.35085	        P1	
 255.99315	 127.41168	 936.46663	        P1	
 741.49739	  55.33308	 922.56636	        P1	
 557.38409	 961.04802	1274.19184	        P1	
 515.76944	 969.05674	1295.29969	        P1	
 121.06080	  16.01748	 831.44233	        P1	
1291.31519	 771.75070	 899.39923	        P1	
 799.50569	 956.67962	 827.83858	        P1	
1216.91324	 332.72649	  83.91645	        P1	
 820.94354	1180.19611	 372.73327	        P1	
 464.06639	 946.48670	 701.70644	        P1	
 176.54700	 841.64510	 576.60396	        P1	
 150.06495	1120.49462	 903.51785	        P1	
 713.75429	 952.31122	 481.87619	        P1	
 218.16165	 549.69033	 362.43681	        P1	
 863.81924	 651.61970	 848.43156	        P1	
 848.68664	 542.40969	1132.61495	        P1	
 477.93794	 791.40850	 256.89765	        P1	
 195.46275	1178.73994	 313.01361	        P1	
 377.05395	 257.00752	 135.39899	        P1	
 278.69205	1145.24891	 397.44487	        P1	
 150.06495	1050.60022	 854.09465	        P1	
 597.73769	 700.40013	 696.04340	        P1	
 997.49054	 533.67289	 707.88434	        P1	
 711.23219	 435.38389	 720.24014	        P1	
  36.57045	  89.55220	 606.97866	        P1	
1001.27369	 170.36760	 742.89246	        P1	
 947.04854	1021.47754	 228.06749	        P1	
1209.34694	 206.04289	 794.37493	        P1	
1285.00994	 367.67369	 899.39923	        P1	
 354.35505	 357.48073	1142.39667	        P1	
 229.51110	 856.20642	 594.62286	        P1	
 863.81924	 813.25050	 188.94075	        P1	
 436.32330	 331.99841	1255.65814	        P1	
  50.44200	  97.56092	 207.98932	        P1	
 296.34675	 935.56570	  59.20485	        P1	
1214.39114	 622.49701	 155.99197	        P1	
 206.81220	 770.29454	 337.72521	        P1	
 583.86614	1078.26674	 887.55830	        P1	
1042.88834	 492.90113	 567.85198	        P1	
 205.55115	1008.37234	 487.53928	        P1	
 919.30544	 728.79473	  96.78712	        P1	
 960.92009	 748.45254	 677.50970	        P1	
1011.36209	 891.15362	 901.97338	        P1	
1194.21434	 328.35809	1305.59615	        P1	
 520.81364	 507.46249	 300.14295	        P1	
 540.99044	  92.46448	 385.08907	        P1	
 509.46419	 477.61173	 658.97600	        P1	
 298.86885	1193.30131	 979.71193	        P1	
1177.82069	1105.20522	 483.42066	        P1	
 460.28324	 344.37553	 666.69838	        P1	
 370.74870	 308.70029	 761.94096	        P1	
 761.67419	1202.76615	 450.47188	        P1	
 675.92279	  26.21040	 747.52588	        P1	
 447.67274	 888.96942	 804.67145	        P1	
 123.58290	 165.99920	1056.42087	        P1	
 653.22389	1173.64351	 119.43938	        P1	
 928.13279	 796.50494	 228.06749	        P1	
1272.39944	 463.77849	 348.02167	        P1	
1037.84414	 548.23421	 817.02725	        P1	
   5.04420	1089.18774	 524.60668	        P1	
1151.33864	1028.75822	1118.19987	        P1	
  90.79560	1036.76694	 252.77909	        P1	
 419.92965	 540.95353	 770.17820	        P1	
 327.87300	 331.99841	 747.52588	        P1	
 880.21289	 346.55973	1055.90607	        P1	
1055.49884	 402.62089	1146.51522	        P1	
1262.31104	 578.81301	 982.28607	        P1	
 456.50009	  33.49108	1064.65805	        P1	
 648.17969	 995.99522	 637.86816	        P1	
 360.66030	 914.45174	 609.55280	        P1	
  49.18095	 137.60460	1255.65814	        P1	
 939.48224	1149.61731	 823.71996	        P1	
 197.98485	 800.14530	 497.83574	        P1	
1249.70054	 123.04328	 374.27774	        P1	
 885.25709	1180.92414	 535.41801	        P1	
 992.44634	 794.32074	1116.14059	        P1	
 553.60094	 961.77610	 658.46114	        P1	
 629.26394	1130.68754	1031.19447	        P1	
 464.06639	 940.66214	 994.12707	        P1	
 233.29425	 856.93450	1280.88455	        P1	
 789.41729	  23.29812	 436.57161	        P1	
  32.78730	 442.66453	1222.70936	        P1	
 631.78604	1111.75782	1070.32115	        P1	
 160.15335	 274.48112	1042.00579	        P1	
 421.19070	1288.67803	 203.87069	        P1	
 374.53185	1062.24930	 706.33986	        P1	
1153.86074	 506.00633	1247.42096	        P1	
 340.48350	 560.61133	1035.82789	        P1	
 654.48494	 216.23580	1070.32115	        P1	
 210.59535	 508.91861	1181.52334	        P1	
 514.50839	1226.06431	1095.54755	        P1	
 182.85225	 322.53353	1303.02206	        P1	
 915.52229	 509.64669	 249.17527	        P1	
 494.33159	 790.68042	 766.05958	        P1	
  26.48205	  69.16632	1037.37237	        P1	
 401.01390	 345.10361	1064.14325	        P1	
1041.62729	 650.89161	1212.41284	        P1	
 160.15335	1020.02142	 327.42869	        P1	
 185.37435	 859.84674	 419.58238	        P1	
 936.96014	1186.02063	 407.74139	        P1	
 181.59120	 597.01469	 485.47994	        P1	
1179.08174	 797.23302	1130.55567	        P1	
 727.62584	 625.40930	1276.25112	        P1	
 461.54429	 149.98172	 166.28849	        P1	
1274.92154	 769.56650	 780.47466	        P1	
 266.08155	 759.37354	 802.61217	        P1	
 176.54700	 961.04802	 370.67399	        P1	
 741.49739	 582.45333	  11.84100	        P1	
 954.61484	 836.54862	 129.73590	        P1	
 906.69494	 286.13021	 631.69026	        P1	
 569.99459	 984.34614	 234.24539	        P1	
 591.43244	1170.00314	 739.28870	        P1	
 581.34404	 166.72728	 485.47994	        P1	
1042.88834	 283.21792	 337.72521	        P1	
 263.55945	1092.82811	 941.10005	        P1	
  46.65885	 526.39221	1303.53687	        P1	
 126.10500	 924.64470	 971.98955	        P1	
1232.04584	 238.07781	 352.14029	        P1	
  17.65470	 937.74990	 905.57713	        P1	
  17.65470	 671.27750	1274.70665	        P1	
 262.29840	 534.40093	 547.77381	        P1	
1162.68809	  40.77172	1025.01657	        P1	
 538.46834	 835.09250	 670.81694	        P1	
 191.67960	 126.68360	 378.39637	        P1	
1010.10104	 787.04010	 502.46917	        P1	
 259.77630	 981.43390	1047.66883	        P1	
 784.37309	 749.90870	 971.98955	        P1	
 430.01805	 741.89994	 580.20778	        P1	
 211.85640	 781.94362	 568.36679	        P1	
 152.58705	1244.26595	 870.56907	        P1	
 991.18529	 998.90750	 386.63354	        P1	
1143.77234	 967.60062	 939.04078	        P1	
 950.83169	1019.29334	 646.62020	        P1	
 402.27495	 830.72410	 775.84123	        P1	
  55.48620	1086.27551	1188.21605	        P1	
 356.87715	 281.76181	1285.00317	        P1	
 872.64659	 700.40013	 609.55280	        P1	
1302.66464	 655.98810	 465.40177	        P1	
 596.47664	 785.58394	 765.54478	        P1	
 503.15894	 376.41049	 806.73073	        P1	
 796.98359	 637.78641	 197.69279	        P1	
 441.36750	 477.61173	 481.36138	        P1	
 993.70739	 190.75349	  96.27225	        P1	
 759.15209	1285.76575	 981.77127	        P1	
 788.15624	1229.70463	 716.63638	        P1	
 272.38680	 739.71574	 924.62570	        P1	
 190.41855	 743.35610	1126.43705	        P1	
 883.99604	 910.81142	 520.48806	        P1	
 572.51669	1212.95911	1066.20253	        P1	
 617.91449	 107.75388	 195.11865	        P1	
 549.81779	  68.43828	 551.89236	        P1	
 767.97944	1164.17863	1192.33467	        P1	
1022.71154	 800.14530	 287.78715	        P1	
 185.37435	 275.93729	 398.98934	        P1	
 664.57334	1171.45931	 244.54185	        P1	
   2.52210	  80.08732	 969.41547	        P1	
 940.74329	1124.13494	 728.47738	        P1	
 436.32330	 969.78482	 593.07838	        P1	
1252.22264	 229.34101	 444.80879	        P1	
 343.00560	 905.71494	 635.80888	        P1	
1113.50714	 309.42833	 893.73620	        P1	
 880.21289	1309.06391	  28.31535	        P1	
 255.99315	 539.49741	 996.18635	        P1	
  60.53040	 559.15521	 698.10268	        P1	
1046.67149	 866.39934	 814.96797	        P1	
 796.98359	 918.82014	 899.91410	        P1	
 633.04709	1093.55614	1315.37786	        P1	
 262.29840	 404.80509	 255.35317	        P1	
1248.43949	 754.27710	1134.15942	        P1	
1189.17014	 894.79394	 363.98129	        P1	
 404.79705	 468.14689	 794.37493	        P1	
  74.40195	 338.55101	1093.48827	        P1	
1228.26269	 792.13654	 858.21327	        P1	
 881.47394	 925.37274	1091.42899	        P1	
1256.00579	1057.15282	 619.33446	        P1	
1113.50714	1174.37154	1043.55027	        P1	
1073.15354	1078.26674	 919.99227	        P1	
 393.44760	1191.11711	 436.05674	        P1	
 452.71694	 708.40890	  83.91645	        P1	
  51.70305	 736.07542	 977.65265	        P1	
 750.32474	  64.79792	1210.35356	        P1	
 557.38409	 675.64590	 348.02167	        P1	
 815.89934	1171.45931	   3.60375	        P1	
 141.23760	 257.73561	1132.10015	        P1	
 189.15750	1256.64311	 652.28324	        P1	
1175.29859	1226.06431	1121.80362	        P1	
 820.94354	 405.53313	 394.87079	        P1	
   5.04420	 144.15720	 290.36129	        P1	
 153.84810	 141.24492	 529.24011	        P1	
1133.68394	 578.81301	1037.88717	        P1	
 629.26394	 720.05793	 926.17017	        P1	
1134.94499	  85.91188	1041.49093	        P1	
 645.65759	 400.43669	 102.45015	        P1	
 901.65074	 944.30250	 774.29676	        P1	
 278.69205	 672.00553	 926.17017	        P1	
 660.79019	1004.73202	   7.72237	        P1	
  29.00415	 546.77809	  34.49325	        P1	
1305.18674	 415.72609	1208.29422	        P1	
 475.41584	 874.40810	 848.43156	        P1	
 319.04565	 838.00474	 547.77381	        P1	
1050.45464	1311.24811	 360.37747	        P1	
 809.59409	1188.20483	 501.95436	        P1	
1197.99749	1182.38031	 955.00033	        P1	
1068.10934	 922.46050	  77.73855	        P1	
  16.39365	1075.35451	1249.99505	        P1	
 576.29984	 881.68874	  85.97579	        P1	
 293.82465	1153.98571	 280.06477	        P1	
 813.37724	 543.86581	1229.40207	        P1	
 334.17825	 114.30648	 638.38296	        P1	
 170.24175	 523.47993	 357.80339	        P1	
 904.17284	 848.19770	1280.88455	        P1	
 668.35649	 385.87533	1284.48836	        P1	
 442.62855	 858.39062	 705.82506	        P1	
  15.13260	 863.48710	1276.25112	        P1	
 237.07740	 527.12029	 805.18626	        P1	
 607.82609	 152.89400	1278.82527	        P1	
  16.39365	 910.81142	1142.91147	        P1	
 738.97529	 899.89042	 834.01648	        P1	
 606.56504	1287.94995	1085.25109	        P1	
 373.27080	1125.59111	1245.36162	        P1	
 841.12034	 987.98650	 712.51776	        P1	
 156.37020	 173.27989	 922.56636	        P1	
 155.10915	1257.37115	 926.17017	        P1	
 218.16165	 144.88528	 805.18626	        P1	
 813.37724	 358.93689	 601.31556	        P1	
 287.51940	1204.22231	 199.75207	        P1	
 699.88274	1041.86342	1112.02197	        P1	
 345.52770	 781.94362	1175.34544	        P1	
  26.48205	1043.31954	 955.51520	        P1	
 102.14505	 804.51370	 306.32085	        P1	
1254.74474	 348.74393	1247.42096	        P1	
1307.70884	1033.12662	1173.80097	        P1	
1269.87734	 357.48073	 858.21327	        P1	
 102.14505	 937.02182	 593.07838	        P1	
1153.86074	 948.67090	 681.62826	        P1	
  17.65470	 129.59588	 496.29127	        P1	
 462.80534	 206.04289	 417.52304	        P1	
1166.47124	 201.67449	 571.97054	        P1	
1013.88419	 366.94561	1298.90344	        P1	
 418.66860	1095.01231	 304.77637	        P1	
 418.66860	 276.66532	 407.22658	        P1	
1182.86489	 905.71494	1214.98699	        P1	
 907.95599	 362.57721	 477.24276	        P1	
 703.66589	1054.24054	 975.59337	        P1	
1230.78479	 544.59389	 718.69566	        P1	
 419.92965	 217.69192	 882.92487	        P1	
 208.07325	1245.72211	 601.31556	        P1	
1282.48784	1199.12583	 617.78998	        P1	
1179.08174	 727.33862	1200.05704	        P1	
 401.01390	 883.87294	1128.49639	        P1	
1229.52374	 213.32352	 839.67957	        P1	
 366.96555	 715.68953	 380.97051	        P1	
  92.05665	1002.54782	 809.30488	        P1	
1214.39114	 599.19889	 205.92997	        P1	
1249.70054	 955.95154	 269.76831	        P1	
  17.65470	 282.48989	 341.84377	        P1	
 407.31915	1142.33663	1144.45594	        P1	
 829.77089	1183.83643	 586.90048	        P1	
 404.79705	 452.12941	 790.77118	        P1	
 814.63829	1039.67922	  43.24530	        P1	
 779.32889	  45.14012	 745.46660	        P1	
 848.68664	1239.89755	 430.39371	        P1	
 423.71280	 693.11950	1078.55833	        P1	
 612.87029	 521.29573	 788.71190	        P1	
 890.30129	1259.55535	 141.57689	        P1	
1166.47124	 698.21593	 308.38019	        P1	
1034.06099	 790.68042	1212.41284	        P1	
 663.31229	 819.80310	 805.18626	        P1	
 860.03609	1019.29334	1086.79557	        P1	
1308.96989	 540.22549	 440.69017	        P1	
 467.84954	 855.47834	  28.83022	        P1	
 664.57334	 902.07462	 432.45299	        P1	
 214.37850	 697.48790	1021.41275	        P1	
 403.53600	 800.87334	   5.66310	        P1	
 996.22949	   8.73680	 840.19438	        P1	
1047.93254	 146.34140	 654.85738	        P1	
 199.24590	 193.66572	 368.61471	        P1	
1210.60799	 310.15641	  80.31270	        P1	
 447.67274	1062.24930	  39.12668	        P1	
1098.37454	 641.42673	 586.38568	        P1	
 887.77919	1032.39854	 164.74402	        P1	
 867.60239	 479.06789	1041.49093	        P1	
 127.36605	 693.84753	 646.62020	        P1	
 958.39799	 665.45293	 343.90311	        P1	
 293.82465	1207.86263	 372.21847	        P1	
 533.42414	 176.92020	 792.31565	        P1	
 334.17825	1072.44222	 673.39108	        P1	
 968.48639	 516.92733	  24.19679	        P1	
 549.81779	  97.56092	 850.49090	        P1	
1013.88419	 728.06670	 737.22936	        P1	
 365.70450	 352.38429	1262.35085	        P1	
 484.24319	 709.13693	 394.87079	        P1	
 813.37724	 734.61930	 559.61474	        P1	
1032.79994	  16.74552	  16.47442	        P1	
1114.76819	1067.34574	 320.73599	        P1	
1129.90079	 101.92932	1074.43977	        P1	
1105.94084	1044.77570	 681.62826	        P1	
 978.57479	 896.97814	1247.42096	        P1	
 337.96140	 423.73481	 926.68498	        P1	
 824.72669	1258.09923	1247.93577	        P1	
 330.39510	 495.08533	1049.72817	        P1	
 284.99730	 202.40252	 275.94621	        P1	
1041.62729	 876.59230	 151.87335	        P1	
 513.24734	1274.84475	 924.62570	        P1	
 825.98774	 803.05754	  10.29652	        P1	
 809.59409	 366.94561	 951.39657	        P1	
 709.97114	1084.09131	 934.92215	        P1	
1233.30689	   7.28068	  96.27225	        P1	
1292.57624	1263.19571	1165.04892	        P1	
 957.13694	 210.41129	1004.42353	        P1	
 872.64659	 962.50414	 370.15919	        P1	
 286.25835	1049.14410	  39.12668	        P1	
 116.01660	 527.12029	 590.50424	        P1	
  31.52625	 354.56849	 145.69545	        P1	
 127.36605	 807.42594	 431.93818	        P1	
1254.74474	1199.12583	 310.43947	        P1	
1232.04584	 801.60142	 253.29389	        P1	
  58.00830	1150.34534	1295.29969	        P1	
1110.98504	 666.18101	1149.08937	        P1	
 307.69620	 339.27909	1138.79285	        P1	
 496.85369	 356.75269	  57.66038	        P1	
 223.20585	 673.46170	 133.33965	        P1	
 513.24734	 437.56809	 582.78186	        P1	
 931.91594	1143.79274	 691.40998	        P1	
 163.93650	 208.22709	 854.60946	        P1	
 814.63829	1314.88843	1217.04627	        P1	
 628.00289	 465.96269	1257.71742	        P1	
1110.98504	 107.02580	 710.45848	        P1	
 392.18655	1137.96823	1237.12444	        P1	
 215.63955	 373.49821	 370.67399	        P1	
 817.16039	 924.64470	  34.49325	        P1	
 399.75285	 776.84714	 388.69289	        P1	
1220.69639	 620.31281	1280.36974	        P1	
 459.02219	 752.82094	1140.85219	        P1	
 402.27495	 680.74233	 350.08101	        P1	
 525.85784	 328.35809	 936.46663	        P1	
1015.14524	 213.32352	 895.28067	        P1	
1008.83999	1125.59111	 757.30753	        P1	
 952.09274	 880.23262	 965.29685	        P1	
 456.50009	1095.01231	 646.10534	        P1	
 650.70179	 795.04882	1212.41284	        P1	
 732.67004	 321.07741	 792.31565	        P1	
 542.25149	 273.75309	 502.46917	        P1	
1293.83729	 550.41841	 352.14029	        P1	
 689.79434	1085.54742	 193.05937	        P1	
1105.94084	1057.88090	   9.78165	        P1	
 151.32600	 633.41801	  86.49060	        P1	
1220.69639	 106.29772	 771.72268	        P1	
 373.27080	  36.40332	  24.19679	        P1	
 314.00145	 581.72529	1243.81715	        P1	
 924.34964	 667.63713	 535.41801	        P1	
 609.08714	1081.17902	 168.34777	        P1	
 330.39510	 800.87334	 382.51499	        P1	
 935.69909	1039.67922	 761.42615	        P1	
1295.09834	 861.30290	1058.48015	        P1	
1186.64804	 313.79673	 153.93269	        P1	
 337.96140	 712.04922	 154.44750	        P1	
 486.76529	 658.17230	1066.20253	        P1	
1249.70054	 572.98849	 644.56086	        P1	
1180.34279	 726.61053	 955.51520	        P1	
 311.47935	 967.60062	 223.94887	        P1	
 833.55404	1197.66971	 571.97054	        P1	
 735.19214	 332.72649	 744.95173	        P1	
  61.79145	 797.23302	 284.18339	        P1	
 123.58290	 323.26161	1118.19987	        P1	
 538.46834	 855.47834	 368.61471	        P1	
 597.73769	 435.38389	 547.25894	        P1	
 629.26394	1282.12543	  75.67927	        P1	
 669.61754	 817.61890	 947.27795	        P1	
 955.87589	1217.32751	 423.70094	        P1	
 484.24319	 160.17469	 658.46114	        P1	
1314.01409	 681.47042	1241.75787	        P1	
1066.84829	 167.45532	 796.43427	        P1	
 793.20044	 286.13021	 471.06486	        P1	
 703.66589	 640.69870	 349.56614	        P1	
 233.29425	 803.05754	 413.40448	        P1	
  90.79560	 634.87413	1204.17566	        P1	
 175.28595	 817.61890	 942.64453	        P1	
 546.03464	1228.24851	1029.13513	        P1	
1253.48369	1160.53831	 286.24267	        P1	
 707.44904	 942.84634	1011.11629	        P1	
 528.37994	 340.00713	 153.93269	        P1	
1244.65634	 657.44421	 512.76569	        P1	
 844.90349	 100.47320	 854.09465	        P1	
 636.83024	 650.16353	 326.91389	        P1	
  37.83150	 908.62722	 112.74667	        P1	
 440.10645	1220.96783	1095.03275	        P1	
1013.88419	 560.61133	 697.58788	        P1	
 635.56919	 978.52162	1112.02197	        P1	
 915.52229	 719.32990	1151.14865	        P1	
 448.93379	 211.13932	 764.00030	        P1	
 708.71009	 658.17230	 670.81694	        P1	
 528.37994	  66.25408	  20.59298	        P1	
 208.07325	1142.33663	 403.10796	        P1	
1012.62314	 405.53313	 547.77381	        P1	
 268.60365	 714.23342	 982.28607	        P1	
 928.13279	1012.01270	1015.23485	        P1	
1160.16599	1256.64311	1219.10555	        P1	
 430.01805	1072.44222	1181.52334	        P1	
 467.84954	 517.65541	1132.10015	        P1	
1175.29859	1191.11711	 168.86258	        P1	
 175.28595	1114.67011	 632.20506	        P1	
1288.79309	 808.15402	  86.49060	        P1	
 786.89519	1224.60815	 734.65528	        P1	
 124.84395	 842.37314	  47.36392	        P1	
 297.60780	 652.34773	 319.19151	        P1	
 184.11330	 816.89082	 901.97338	        P1	
 843.64244	 685.11073	 807.24560	        P1	
 325.35090	 518.38349	 485.47994	        P1	
1189.17014	 931.19730	 806.73073	        P1	
1134.94499	 364.03333	 696.04340	        P1	
1012.62314	 143.42912	 709.94368	        P1	
1132.42289	 350.92813	1079.07319	        P1	
1023.97259	1016.38110	 527.18077	        P1	
 628.00289	 484.89241	 308.89499	        P1	
1056.75989	 864.94322	 829.38305	        P1	
1189.17014	 118.67488	  63.83828	        P1	
  22.69890	1163.45054	 882.92487	        P1	
   8.82735	1065.16154	 584.84121	        P1	
1243.39529	 755.73322	 471.06486	        P1	
 712.49324	 992.35490	 293.96505	        P1	
  51.70305	 721.51410	 683.17274	        P1	
1141.25024	 133.23620	 384.57426	        P1	
 558.64514	 562.79553	1179.46406	        P1	
 897.86759	1135.78403	 965.29685	        P1	
 755.36894	 120.13100	 698.10268	        P1	
  45.39780	 538.76933	1160.93037	        P1	
 364.44345	1245.72211	 885.49896	        P1	
 283.73625	 781.21554	 683.68760	        P1	
