2019.00000	   0.00000	   0.00000	   0.00000	
 585.12719	1277.02895	1043.55027	        P1	
 911.73914	 325.44581	 291.90577	        P1	
  11.34945	 411.35769	 125.61728	        P1	
 823.46564	 437.56809	1280.88455	        P1	
1300.14254	 690.93530	  88.54988	        P1	
  47.91990	 594.10241	1057.96535	        P1	
1081.98089	 832.90830	 392.81144	        P1	
 837.33719	 594.10241	1298.90344	        P1	
1196.73644	 265.74432	 450.47188	        P1	
 577.56089	 691.66333	 598.74148	        P1	
 883.99604	1317.07263	1217.04627	        P1	
  55.48620	 103.38548	 454.59044	        P1	
 245.90475	 267.20049	 242.99737	        P1	
1171.51544	   8.00872	 300.65781	        P1	
 348.04980	1135.78403	1056.42087	        P1	
 113.49450	 754.27710	 663.09456	        P1	
 778.06784	 261.37592	 294.47991	        P1	
 658.26809	1127.04723	  20.07817	        P1	
 779.32889	1083.36322	 920.50708	        P1	
 562.42829	 350.92813	 969.41547	        P1	
1269.87734	 967.60062	 285.72787	        P1	
  71.87985	 609.39181	 656.40186	        P1	
1219.43534	 249.72689	1307.14062	        P1	
1187.90909	  99.01708	 751.12963	        P1	
 688.53329	 915.90790	 131.79518	        P1	
 394.70865	1270.47635	 523.06221	        P1	
 247.16580	 856.20642	 852.55018	        P1	
 112.23345	 990.89874	1091.42899	        P1	
 128.62710	1093.55614	 672.87628	        P1	
 858.77504	1172.91543	 457.16459	        P1	
 771.76259	 917.36402	 580.72258	        P1	
  52.96410	 182.01669	 971.98955	        P1	
1182.86489	 764.47002	 458.70906	        P1	
 103.40610	1271.20443	1210.86837	        P1	
 577.56089	 971.24094	 685.23208	        P1	
1141.25024	 433.19969	 539.53657	        P1	
 794.46149	 764.47002	   7.72237	        P1	
 493.07054	 200.21832	 635.80888	        P1	
1137.46709	 343.64749	  28.31535	        P1	
 880.21289	 952.31122	 481.87619	        P1	
 755.36894	1298.14291	 571.97054	        P1	
 848.68664	1031.67050	 323.31007	        P1	
 571.25564	 312.34061	 817.02725	        P1	
 698.62169	1192.57323	1229.40207	        P1	
 862.55819	1115.39814	 652.79810	        P1	
 423.71280	 668.36521	1161.44517	        P1	
 156.37020	1278.48511	 224.46367	        P1	
  66.83565	 383.69113	 740.83318	        P1	
  94.57875	 412.81381	1088.85485	        P1	
1000.01264	1148.16114	 845.85747	        P1	
  92.05665	 893.33782	1235.57997	        P1	
 563.68934	 377.86661	 871.08388	        P1	
 370.74870	 905.71494	1315.37786	        P1	
 392.18655	 833.63634	 574.02988	        P1	
 728.88689	 139.78880	 712.00296	        P1	
 286.25835	 838.00474	 135.39899	        P1	
1119.81239	 707.68082	 846.37228	        P1	
 290.04150	 304.33189	 942.64453	        P1	
 726.36479	 157.26240	1285.00317	        P1	
 322.82880	 516.92733	  85.97579	        P1	
 788.15624	 507.46249	  71.56065	        P1	
 363.18240	 461.59429	1288.60692	        P1	
1282.48784	1257.37115	 368.61471	        P1	
1307.70884	 823.44342	 990.00845	        P1	
1002.53474	1315.61651	 392.81144	        P1	
 488.02634	 655.98810	1146.51522	        P1	
 145.02075	 213.32352	 339.26969	        P1	
1209.34694	 379.32273	1159.38589	        P1	
1030.27784	 966.14450	 195.11865	        P1	
 691.05539	1201.31003	1136.73357	        P1	
 636.83024	 938.47794	 784.07847	        P1	
 175.28595	 238.07781	1210.86837	        P1	
 923.08859	1249.36243	 539.02176	        P1	
1157.64389	 933.38150	1300.96272	        P1	
1119.81239	 429.55933	 425.76028	        P1	
  27.74310	 580.99721	 446.35326	        P1	
1237.09004	1002.54782	 475.69829	        P1	
  27.74310	 327.63001	 308.89499	        P1	
 190.41855	 773.93490	 280.06477	        P1	
 770.50154	 236.62169	 860.78736	        P1	
 424.97385	 408.44541	   6.17790	        P1	
  22.69890	 414.99801	 366.04057	        P1	
 699.88274	1049.14410	1090.91413	        P1	
1314.01409	 742.62802	1260.29157	        P1	
 955.87589	 516.92733	 739.28870	        P1	
1263.57209	1306.15163	 724.35876	        P1	
 529.64099	  49.50852	 418.03791	        P1	
1128.63974	 680.74233	1123.86297	        P1	
 121.06080	 886.78522	 438.63089	        P1	
 701.14379	 610.11989	1064.65805	        P1	
 479.19899	 793.59270	 164.22915	        P1	
 530.90204	1130.68754	 907.63647	        P1	
 286.25835	1002.54782	 193.05937	        P1	
 837.33719	 530.03253	 455.10531	        P1	
 197.98485	 185.65700	 370.67399	        P1	
 474.15479	 815.43470	 100.90568	        P1	
 152.58705	 794.32074	 238.87881	        P1	
 151.32600	 912.99562	 705.82506	        P1	
 219.42270	1301.78323	1229.40207	        P1	
 258.51525	 741.89994	 203.35589	        P1	
 247.16580	 269.38469	 522.54734	        P1	
 225.72795	 763.74194	1282.94389	        P1	
 948.30959	 490.71693	 790.25637	        P1	
 842.38139	 955.22350	 553.43684	        P1	
 453.97799	  96.10480	1224.76864	        P1	
  32.78730	 135.42040	 384.57426	        P1	
 504.41999	1275.57283	 915.87365	        P1	
 103.40610	 151.43788	 936.46663	        P1	
 675.92279	1173.64351	 300.14295	        P1	
 417.40755	 479.79593	1227.34279	        P1	
  16.39365	 674.91781	 216.22649	        P1	
 621.69764	 654.53193	 306.83571	        P1	
 167.71965	 597.74273	 555.49618	        P1	
1200.51959	 334.91069	 689.35064	        P1	
 355.61610	1247.90631	1280.88455	        P1	
  63.05250	 560.61133	 339.26969	        P1	
 679.70594	 165.27112	 363.98129	        P1	
 177.80805	1151.07343	 230.12677	        P1	
  73.14090	1020.74950	 978.16745	        P1	
 368.22660	 757.18934	 152.38822	        P1	
 767.97944	 551.14649	 218.28577	        P1	
 532.16309	 205.31480	 557.55546	        P1	
 462.80534	1129.23143	1057.96535	        P1	
 282.47520	 880.96070	 578.14844	        P1	
 923.08859	 969.78482	 475.69829	        P1	
 317.78460	 744.08414	 467.46111	        P1	
1027.75574	 651.61970	 955.00033	        P1	
 662.05124	  82.27152	1123.86297	        P1	
 762.93524	 511.83089	1287.06245	        P1	
 314.00145	 973.42514	 591.01911	        P1	
 488.02634	 366.21753	 790.25637	        P1	
 344.26665	 411.35769	 378.91117	        P1	
 117.27765	 249.72689	  57.66038	        P1	
 302.65200	  69.89440	 407.74139	        P1	
 374.53185	 264.28821	1064.14325	        P1	
  13.87155	 185.65700	1088.85485	        P1	
 346.78875	 374.95433	 739.28870	        P1	
 346.78875	 996.72330	 102.45015	        P1	
 290.04150	 534.40093	 961.69310	        P1	
 844.90349	 532.94481	 483.42066	        P1	
  74.40195	 168.18340	 197.69279	        P1	
1240.87319	 247.54269	 100.90568	        P1	
 200.50695	 622.49701	 481.87619	        P1	
1073.15354	 884.60102	 345.96239	        P1	
  78.18510	1009.10042	 403.10796	        P1	
 896.60654	 954.49542	 778.41538	        P1	
 718.79849	1068.80191	 224.46367	        P1	
 132.41025	  51.69272	1011.11629	        P1	
 514.50839	1169.27511	 145.69545	        P1	
 137.45445	 564.25169	 417.52304	        P1	
1107.20189	 139.78880	 562.18889	        P1	
1064.32619	 905.71494	 641.98678	        P1	
 809.59409	  61.15760	 681.11346	        P1	
1298.88149	 592.64629	 366.55537	        P1	
1221.95744	 568.62009	  53.02695	        P1	
 663.31229	 896.97814	 238.87881	        P1	
1205.56379	 562.06749	1151.14865	        P1	
1281.22679	1070.25802	1309.71477	        P1	
1010.10104	 826.35570	1189.76052	        P1	
 225.72795	 976.33742	1057.96535	        P1	
 114.75555	 862.75902	 594.62286	        P1	
1182.86489	  81.54348	1257.71742	        P1	
 197.98485	 459.41009	1243.81715	        P1	
 738.97529	 642.15481	 557.55546	        P1	
1118.55134	 424.46289	 854.60946	        P1	
1264.83314	 653.07581	  30.88950	        P1	
 233.29425	 750.63674	1074.43977	        P1	
 876.42974	1215.14331	1029.13513	        P1	
1013.88419	 846.01350	 922.56636	        P1	
 692.31644	 133.23620	 433.99746	        P1	
 934.43804	 689.47913	 164.74402	        P1	
1195.47539	1212.95911	  65.38275	        P1	
1055.49884	 753.54902	1230.94654	        P1	
  52.96410	 787.76814	 214.16722	        P1	
 382.09815	1006.91622	1217.04627	        P1	
 216.90060	  42.22788	 182.76285	        P1	
 472.89374	 904.98690	 675.45036	        P1	
 659.52914	 130.32392	 831.95720	        P1	
 411.10230	1294.50255	 658.97600	        P1	
1127.37869	 460.13813	 158.56612	        P1	
 390.92550	 832.90830	 466.94624	        P1	
 503.15894	 683.65462	 798.49355	        P1	
  87.01245	 485.62049	 156.50678	        P1	
 659.52914	 117.21872	 703.76578	        P1	
1108.46294	 845.28542	 977.65265	        P1	
  65.57460	 746.99642	 883.43968	        P1	
  98.36190	1074.62642	  12.35580	        P1	
 368.22660	 592.64629	   2.05928	        P1	
1056.75989	 892.60974	1085.25109	        P1	
 880.21289	 926.10082	 766.05958	        P1	
 828.50984	 204.58672	1060.53949	        P1	
1243.39529	1314.88843	 821.66068	        P1	
 123.58290	 880.96070	1002.87905	        P1	
1195.47539	 818.34694	 164.74402	        P1	
 348.04980	1243.53791	 360.37747	        P1	
 232.03320	 850.38190	 707.88434	        P1	
 350.57190	  99.01708	1035.31303	        P1	
1307.70884	1066.61770	1138.79285	        P1	
 857.51399	 234.43749	 842.25366	        P1	
 581.34404	  56.06112	 419.58238	        P1	
1032.79994	 283.21792	 339.26969	        P1	
 522.07469	 717.87373	1210.35356	        P1	
1287.53204	1017.10914	 487.53928	        P1	
 421.19070	   2.91228	 442.23464	        P1	
 321.56775	1066.61770	1132.61495	        P1	
 136.19340	1314.88843	 712.00296	        P1	
1298.88149	1012.01270	 392.81144	        P1	
 187.89645	 589.00593	 751.64450	        P1	
 720.05954	 283.21792	1241.24306	        P1	
 277.43100	 697.48790	 337.21035	        P1	
 153.84810	 221.33229	 133.33965	        P1	
 720.05954	 682.19850	 448.41254	        P1	
 786.89519	  64.06988	 108.62805	        P1	
1240.87319	   7.28068	 378.91117	        P1	
1092.06929	 946.48670	 466.94624	        P1	
 147.54285	  28.39460	 957.57447	        P1	
 459.02219	 956.67962	 866.45045	        P1	
1027.75574	  19.65780	 531.29939	        P1	
 184.11330	 870.76774	 380.97051	        P1	
 875.16869	 158.71852	1179.46406	        P1	
 538.46834	   5.09648	 607.49346	        P1	
  71.87985	 621.04089	 681.62826	        P1	
  21.43785	 872.95194	 523.06221	        P1	
 385.88130	 288.31441	 982.28607	        P1	
1180.34279	1016.38110	1041.49093	        P1	
 952.09274	 543.86581	1112.02197	        P1	
 875.16869	 388.78761	1193.87914	        P1	
 628.00289	 243.17429	 553.43684	        P1	
1087.02509	 746.99642	 983.83055	        P1	
1031.53889	1303.23935	 252.77909	        P1	
 672.13964	 230.79712	 899.91410	        P1	
 406.05810	 493.62921	 897.33995	        P1	
1228.26269	 222.78840	1200.05704	        P1	
 856.25294	 757.91742	 617.78998	        P1	
 877.69079	 327.63001	 186.88147	        P1	
 442.62855	 985.07422	1266.46947	        P1	
1027.75574	 642.88290	 354.19957	        P1	
 740.23634	1194.75743	 637.86816	        P1	
 972.26954	 213.32352	1253.59886	        P1	
1176.55964	 274.48112	1154.75247	        P1	
 989.92424	 836.54862	 551.37756	        P1	
 894.08444	 210.41129	 911.75503	        P1	
 151.32600	 505.27829	 868.50973	        P1	
 321.56775	1069.52994	 191.00009	        P1	
 194.20170	  78.63120	 804.67145	        P1	
1190.43119	 465.96269	 261.53107	        P1	
 397.23075	 312.34061	 308.89499	        P1	
 928.13279	 463.05041	 922.05155	        P1	
 132.41025	 899.16234	  72.07552	        P1	
  70.61880	 467.41881	 945.21868	        P1	
 871.38554	 255.55141	1261.83604	        P1	
  29.00415	1063.70542	1235.57997	        P1	
 269.86470	 979.97774	  53.54182	        P1	
1252.22264	 533.67289	1307.14062	        P1	
 572.51669	1134.32791	 133.33965	        P1	
1011.36209	1282.85351	 584.32634	        P1	
 989.92424	 149.25368	 199.75207	        P1	
 587.64929	 200.94640	 852.55018	        P1	
 341.74455	 648.70741	 691.92478	        P1	
 486.76529	 224.24452	 257.41251	        P1	
1040.36624	 539.49741	 662.57976	        P1	
 933.17699	 283.94601	 440.17536	        P1	
 958.39799	 697.48790	 955.00033	        P1	
1152.59969	 620.31281	 383.02979	        P1	
 718.79849	 521.29573	 141.57689	        P1	
 361.92135	 322.53353	 764.00030	        P1	
 648.17969	 147.06948	1256.17295	        P1	
 461.54429	1151.80151	 930.28873	        P1	
 582.60509	 103.38548	 156.50678	        P1	
1307.70884	 663.26873	 516.88431	        P1	
 953.35379	 840.18894	1303.02206	        P1	
1064.32619	 934.83762	 712.00296	        P1	
  15.13260	 302.87573	1315.37786	        P1	
 755.36894	 171.09569	 102.45015	        P1	
 905.43389	 802.32950	 743.40726	        P1	
 221.94480	 534.40093	 450.47188	        P1	
 989.92424	 803.05754	  28.83022	        P1	
 992.44634	1196.21355	 609.55280	        P1	
 544.77359	1301.78323	 463.34249	        P1	
 578.82194	 425.91901	 792.31565	        P1	
1264.83314	 967.60062	  80.31270	        P1	
  40.35360	  58.24532	 481.36138	        P1	
 253.47105	 443.39261	   6.17790	        P1	
 677.18384	 628.32153	 584.84121	        P1	
 253.47105	 782.67170	1158.87102	        P1	
 765.45734	 722.97022	 271.82759	        P1	
 511.98629	 730.97894	1309.19996	        P1	
 395.96970	1081.90711	 378.91117	        P1	
 331.65615	 181.28860	 884.98415	        P1	
1152.59969	1125.59111	1157.32655	        P1	
 858.77504	1242.80983	 401.56349	        P1	
 462.80534	 781.21554	 370.15919	        P1	
 940.74329	 824.17150	1078.55833	        P1	
1307.70884	  73.53472	  16.47442	        P1	
1145.03339	1269.74831	 490.11337	        P1	
1171.51544	 996.72330	 650.73876	        P1	
 601.52084	 543.86581	1070.32115	        P1	
 147.54285	1038.95114	  47.36392	        P1	
 907.95599	 666.90910	1010.60143	        P1	
 337.96140	 396.06829	1274.70665	        P1	
 302.65200	1163.45054	 320.73599	        P1	
 365.70450	 827.08374	1011.11629	        P1	
 976.05269	 454.31361	 965.29685	        P1	
 451.45589	 709.13693	  11.84100	        P1	
1250.96159	1272.66055	 339.26969	        P1	
 611.60924	  89.55220	1082.67695	        P1	
 931.91594	  61.88568	 317.13217	        P1	
 377.05395	1081.17902	 926.68498	        P1	
   7.56630	 886.78522	 489.59856	        P1	
 672.13964	1075.35451	 842.25366	        P1	
 472.89374	 906.44302	  32.43397	        P1	
  71.87985	 316.70901	 829.38305	        P1	
 479.19899	 257.73561	 444.80879	        P1	
 776.80679	 605.75149	1226.82792	        P1	
 515.76944	 779.75942	 421.64166	        P1	
  64.31355	1238.44143	 390.75216	        P1	
 293.82465	 345.83169	 261.53107	        P1	
 171.50280	 257.73561	 600.80076	        P1	
  23.95995	 717.14570	 724.87356	        P1	
 711.23219	 899.89042	1056.42087	        P1	
 953.35379	 382.96309	1089.36965	        P1	
 732.67004	1129.23143	 205.41517	        P1	
 327.87300	 642.15481	 971.47475	        P1	
 255.99315	 594.83049	1053.84673	        P1	
  35.30940	 518.38349	 849.97603	        P1	
  49.18095	 223.51649	1243.81715	        P1	
 696.09959	 840.18894	1210.35356	        P1	
 945.78749	 505.27829	 428.33437	        P1	
 751.58579	 848.92574	 591.01911	        P1	
 546.03464	 827.81182	 389.20769	        P1	
 643.13549	 713.50533	 623.45308	        P1	
 870.12449	 950.85510	  63.83828	        P1	
 253.47105	1263.19571	 978.16745	        P1	
 160.15335	  22.57008	1245.36162	        P1	
   5.04420	1230.43271	 244.54185	        P1	
1179.08174	 849.65382	 333.60659	        P1	
 298.86885	1187.47674	 936.98150	        P1	
 315.26250	 627.59350	  34.49325	        P1	
 268.60365	1111.75782	 667.21318	        P1	
1181.60384	 992.35490	 761.94096	        P1	
 302.65200	 131.05200	 699.64716	        P1	
 828.50984	 163.81500	1107.38855	        P1	
 166.45860	 666.90910	 551.89236	        P1	
1160.16599	 802.32950	1047.66883	        P1	
 861.29714	1056.42474	 640.44230	        P1	
 679.70594	1229.70463	 322.79527	        P1	
 311.47935	 105.56968	  45.30458	        P1	
  23.95995	  50.23660	 179.15910	        P1	
 192.94065	 156.53432	 350.08101	        P1	
 704.92694	1002.54782	 642.50158	        P1	
 170.24175	1100.10874	 467.46111	        P1	
  35.30940	 465.96269	1288.60692	        P1	
1146.29444	 932.65342	 172.98120	        P1	
 397.23075	 455.04169	 681.62826	        P1	
 936.96014	 144.88528	 744.95173	        P1	
 930.65489	 681.47042	1033.25375	        P1	
 486.76529	 502.36601	 223.94887	        P1	
 196.72380	 864.94322	1056.42087	        P1	
 126.10500	1164.90671	 127.16175	        P1	
 365.70450	1116.85431	1058.48015	        P1	
 670.87859	  37.85948	 799.00836	        P1	
 658.26809	 786.31202	1068.77667	        P1	
 802.02779	1006.18814	 512.25088	        P1	
 760.41314	 227.88489	  53.02695	        P1	
 807.07199	 397.52441	 903.51785	        P1	
1206.82484	 124.49940	 545.19966	        P1	
1243.39529	1124.13494	 289.84649	        P1	
1201.78064	 708.40890	 675.45036	        P1	
1257.26684	 596.28661	 977.65265	        P1	
 121.06080	 282.48989	 856.15393	        P1	
 364.44345	 979.24970	1231.46135	        P1	
 464.06639	1038.22310	 460.76834	        P1	
1093.33034	 715.68953	 728.47738	        P1	
 654.48494	  41.49980	 778.41538	        P1	
 225.72795	1269.02023	1268.01394	        P1	
1054.23779	 985.80230	 609.03794	        P1	
 904.17284	 118.67488	1194.39395	        P1	
 190.41855	1092.82811	 842.25366	        P1	
 321.56775	 342.91941	 662.57976	        P1	
 358.13820	 530.03253	1235.06516	        P1	
 573.77774	1287.94995	 862.84670	        P1	
 387.14235	 688.02302	1105.84407	        P1	
 576.29984	  24.02620	 705.82506	        P1	
 340.48350	1220.23975	1123.86297	        P1	
 404.79705	 406.98929	 761.94096	        P1	
1026.49469	 148.52560	1037.88717	        P1	
 398.49180	1161.99443	 135.91380	        P1	
1078.19774	 204.58672	 950.88177	        P1	
 127.36605	1202.03811	 263.07555	        P1	
1085.76404	 195.84992	 411.86001	        P1	
 548.55674	  35.67528	 158.05125	        P1	
 600.25979	 215.50772	 345.44759	        P1	
 422.45175	1120.49462	 531.29939	        P1	
  99.62295	 766.65422	 191.51489	        P1	
1123.59554	1056.42474	  48.90839	        P1	
1279.96574	 275.93729	 267.70897	        P1	
 286.25835	1270.47635	1313.83339	        P1	
 769.24049	 831.45214	 424.21581	        P1	
1137.46709	1240.62563	 531.29939	        P1	
1292.57624	 220.60420	 563.73336	        P1	
1308.96989	1195.48551	 182.76285	        P1	
 320.30670	 576.62881	 254.83837	        P1	
 137.45445	  77.90312	 380.97051	        P1	
 358.13820	 812.52242	 642.50158	        P1	
1224.47954	1183.10834	 987.94917	        P1	
 257.25420	1242.08175	1111.50717	        P1	
  68.09670	1259.55535	 838.13510	        P1	
 375.79290	 859.11870	 256.89765	        P1	
1310.23094	 645.79513	 333.09179	        P1	
 407.31915	 730.25090	 578.14844	        P1	
1301.40359	  82.99960	 259.47179	        P1	
 523.33574	1172.91543	 333.60659	        P1	
 973.53059	1054.24054	 370.15919	        P1	
1219.43534	 455.04169	1077.01385	        P1	
1230.78479	 212.59549	  63.83828	        P1	
 459.02219	 553.33069	 917.93293	        P1	
1224.47954	 258.46369	1144.97075	        P1	
 392.18655	 123.04328	 139.51755	        P1	
1099.63559	 851.83802	 969.93027	        P1	
1090.80824	 880.23262	 481.87619	        P1	
  31.52625	1148.16114	 560.12961	        P1	
 736.45319	 977.06550	 261.53107	        P1	
 837.33719	 650.89161	 383.02979	        P1	
 524.59679	 183.47280	 563.73336	        P1	
 994.96844	1043.31954	 759.36688	        P1	
 630.52499	  29.12268	 361.92194	        P1	
  65.57460	 505.27829	1251.53952	        P1	
 717.53744	 755.00514	 207.98932	        P1	
 839.85929	1077.53871	1114.08125	        P1	
 624.21974	 411.35769	1243.81715	        P1	
 397.23075	 893.33782	1006.99767	        P1	
 417.40755	 338.55101	 654.85738	        P1	
1254.74474	1073.89834	 998.76049	        P1	
 363.18240	 251.91109	 361.92194	        P1	
1138.72814	 257.00752	1159.38589	        P1	
 269.86470	1093.55614	 549.31828	        P1	
 331.65615	 989.44262	 736.71456	        P1	
 581.34404	 219.14809	 114.80595	        P1	
 693.57749	 467.41881	1095.03275	        P1	
1244.65634	1241.35371	 405.16724	        P1	
1197.99749	 442.66453	 226.52302	        P1	
 123.58290	 538.76933	 207.98932	        P1	
  98.36190	 559.15521	 891.16205	        P1	
 240.86055	 973.42514	 246.60119	        P1	
1153.86074	 653.07581	 302.71709	        P1	
 741.49739	 832.90830	 910.21056	        P1	
 592.69349	 601.38309	 125.61728	        P1	
 822.20459	 110.66612	 506.07298	        P1	
1095.85244	 310.88449	 799.00836	        P1	
 614.13134	 498.72569	  90.09435	        P1	
 143.75970	 391.69989	 687.80616	        P1	
 785.63414	1034.58274	1092.97347	        P1	
1242.13424	1298.14291	 250.71975	        P1	
 312.74040	 212.59549	 527.18077	        P1	
 820.94354	1172.91543	 661.03528	        P1	
 121.06080	1172.18734	 566.30751	        P1	
 813.37724	1028.75822	 501.95436	        P1	
 823.46564	 833.63634	 498.35061	        P1	
 464.06639	 305.78801	1254.11367	        P1	
 291.30255	1156.89794	 764.00030	        P1	
 319.04565	 357.48073	1313.83339	        P1	
 248.42685	 686.56690	 576.60396	        P1	
 928.13279	 136.87652	 975.59337	        P1	
 537.20729	 333.45453	 720.75500	        P1	
 264.82050	1041.13534	  59.71972	        P1	
1103.41874	   6.55260	 432.45299	        P1	
1240.87319	 605.75149	1165.04892	        P1	
 622.95869	 337.82293	 296.02439	        P1	
 641.87444	 985.07422	 347.50687	        P1	
  92.05665	 728.79473	 498.35061	        P1	
 264.82050	  45.14012	 257.41251	        P1	
1276.18259	1202.76615	1029.64999	        P1	
 330.39510	1159.08214	 679.05418	        P1	
 963.44219	  91.73640	 926.68498	        P1	
 828.50984	 190.02540	 508.13226	        P1	
1242.13424	 455.04169	  32.94878	        P1	
 114.75555	1114.67011	1090.91413	        P1	
 997.49054	 686.56690	1251.53952	        P1	
1099.63559	 230.06909	1256.17295	        P1	
 629.26394	   9.46488	 761.94096	        P1	
1277.44364	 242.44621	 792.31565	        P1	
  20.17680	 875.13614	   4.11862	        P1	
 717.53744	1282.12543	  80.31270	        P1	
 179.06910	 340.73521	 396.93006	        P1	
 833.55404	 491.44501	 420.09719	        P1	
 962.18114	1078.26674	 399.50421	        P1	
 900.38969	  99.01708	1058.48015	        P1	
 760.41314	  10.92100	1019.35347	        P1	
1129.90079	 109.21000	  92.66850	        P1	
 741.49739	1249.36243	 186.88147	        P1	
1281.22679	1166.36283	 335.15107	        P1	
 341.74455	 418.63833	 499.89508	        P1	
 137.45445	 194.39380	 265.64969	        P1	
 684.75014	1285.03771	 805.18626	        P1	
1113.50714	 373.49821	 526.66596	        P1	
 353.09400	 202.40252	 277.49069	        P1	
 100.88400	 564.97973	 331.54731	        P1	
 762.93524	 571.53233	1258.23229	        P1	
 875.16869	 776.11910	 724.87356	        P1	
 851.20874	 597.74273	1252.05439	        P1	
  36.57045	1248.63435	 998.76049	        P1	
1254.74474	 974.88130	1206.74975	        P1	
 141.23760	 190.75349	 601.31556	        P1	
 615.39239	  49.50852	 609.55280	        P1	
1204.30274	  69.16632	 764.00030	        P1	
1269.87734	  72.07860	1254.11367	        P1	
  34.04835	 399.70861	 897.33995	        P1	
 535.94624	 934.10954	1072.89529	        P1	
1290.05414	 843.82930	 905.57713	        P1	
 213.11745	 587.54981	1297.35897	        P1	
 992.44634	 755.00514	  48.90839	        P1	
 234.55530	 241.71812	1241.24306	        P1	
1221.95744	 810.33822	 654.85738	        P1	
1107.20189	 202.40252	  61.26419	        P1	
 935.69909	1131.41563	1081.13247	        P1	
1273.66049	1214.41523	 908.15128	        P1	
 354.35505	1303.96743	1187.70124	        P1	
  97.10085	 372.04209	 669.27246	        P1	
 137.45445	 808.88210	 646.10534	        P1	
 754.10789	 511.10281	1088.85485	        P1	
 500.63684	1188.93291	 973.53403	        P1	
  36.57045	1095.74034	1190.27539	        P1	
1259.78894	 851.10994	1109.96269	        P1	
 873.90764	 987.98650	1202.11632	        P1	
 528.37994	 698.21593	 214.16722	        P1	
 314.00145	 556.97101	 823.20515	        P1	
 726.36479	 665.45293	 889.10277	        P1	
   7.56630	 428.10321	  55.60110	        P1	
 432.54015	 958.86382	 803.12698	        P1	
1003.79579	 649.43550	1195.93842	        P1	
 205.55115	 354.56849	 545.71447	        P1	
 252.21000	 647.97933	  35.00812	        P1	
 968.48639	  29.12268	 516.36944	        P1	
 150.06495	 351.65621	  57.14557	        P1	
 515.76944	 584.63753	 586.38568	        P1	
 625.48079	 403.34893	1062.08397	        P1	
 116.01660	 783.39974	 827.32377	        P1	
 438.84540	1182.38031	  14.41508	        P1	
 742.75844	 689.47913	1060.53949	        P1	
1165.21019	 417.91029	 405.16724	        P1	
1286.27099	 706.22470	 417.52304	        P1	
 606.56504	 337.09489	 460.76834	        P1	
  83.22930	 963.96030	 527.18077	        P1	
 682.22804	 316.70901	 162.16987	        P1	
 363.18240	 120.85908	 904.03266	        P1	
1092.06929	1191.11711	 879.32106	        P1	
 470.37164	 124.49940	 155.99197	        P1	
 423.71280	 511.10281	  12.35580	        P1	
 846.16454	 200.21832	 696.04340	        P1	
 899.12864	 319.62129	 368.09984	        P1	
 780.58994	  91.00832	 802.61217	        P1	
1127.37869	 313.06869	 502.46917	        P1	
 533.42414	  79.35928	 971.98955	        P1	
 718.79849	 995.99522	 321.25079	        P1	
 243.38265	 616.67249	  96.27225	        P1	
 340.48350	1134.32791	 114.80595	        P1	
  88.27350	1157.62603	 372.21847	        P1	
  32.78730	1215.87135	1276.76599	        P1	
1195.47539	 630.50573	 862.84670	        P1	
 933.17699	 847.46962	 878.80625	        P1	
1112.24609	 761.55774	1258.23229	        P1	
 293.82465	1060.79314	1290.66626	        P1	
 798.24464	 638.51450	 582.78186	        P1	
  83.22930	1035.31082	  43.24530	        P1	
1094.59139	 843.10122	 236.30467	        P1	
1016.40629	  32.03492	1012.66077	        P1	
1214.39114	1170.00314	 116.86529	        P1	
 952.09274	 642.88290	 280.06477	        P1	
 179.06910	 937.74990	 514.82497	        P1	
 740.23634	 275.93729	1021.41275	        P1	
 963.44219	 570.80429	 242.99737	        P1	
 619.17554	1121.95074	 672.87628	        P1	
 877.69079	 192.20960	 271.82759	        P1	
 750.32474	 501.63793	 518.42878	        P1	
 373.27080	 177.64829	 139.51755	        P1	
 238.33845	 963.23222	1155.26727	        P1	
1234.56794	 522.02381	 693.46926	        P1	
 598.99874	 832.18022	 123.55800	        P1	
1182.86489	1183.83643	 636.32368	        P1	
 482.98214	 421.55061	 413.91929	        P1	
 733.93109	  68.43828	 812.90863	        P1	
  85.75140	 580.99721	 341.32897	        P1	
  13.87155	 296.32313	 221.88959	        P1	
 892.82339	 832.90830	 639.92744	        P1	
1035.32204	 747.72450	 731.05146	        P1	
1225.74059	 901.34654	 961.69310	        P1	
 380.83710	 800.87334	 121.49872	        P1	
 558.64514	 666.18101	 884.98415	        P1	
 311.47935	 584.63753	 949.33730	        P1	
 192.94065	 510.37473	 518.42878	        P1	
1039.10519	 707.68082	 106.56877	        P1	
 419.92965	  56.06112	1190.27539	        P1	
 699.88274	 473.97141	 137.45827	        P1	
 355.61610	 956.67962	 648.67948	        P1	
 854.99189	 176.19212	 314.55809	        P1	
 406.05810	1182.38031	  70.01618	        P1	
1274.92154	 909.35530	 491.65784	        P1	
1258.52789	1041.13534	 784.07847	        P1	
1050.45464	 642.88290	1089.36965	        P1	
 165.19755	 753.54902	 699.64716	        P1	
 731.40899	1309.06391	1002.87905	        P1	
 919.30544	  24.02620	 370.67399	        P1	
 456.50009	 248.99881	1107.38855	        P1	
 322.82880	 538.76933	 485.99481	        P1	
 914.26124	 939.93410	 837.62023	        P1	
 991.18529	1160.53831	1177.40472	        P1	
 264.82050	1138.69631	 873.14316	        P1	
 257.25420	 831.45214	1247.42096	        P1	
1305.18674	 522.02381	 532.84386	        P1	
 203.02905	 800.14530	 275.43135	        P1	
 157.63125	 125.95552	  79.79789	        P1	
1134.94499	1025.11790	1305.59615	        P1	
 205.55115	 107.02580	 798.49355	        P1	
 417.40755	1031.67050	 817.54206	        P1	
1143.77234	 826.35570	 466.94624	        P1	
1214.39114	1194.75743	 327.42869	        P1	
 633.04709	 815.43470	 331.03245	        P1	
 339.22245	 731.70702	 179.15910	        P1	
 752.84684	 551.14649	 743.40726	        P1	
 601.52084	 944.30250	 644.56086	        P1	
  65.57460	1217.32751	 244.54185	        P1	
 282.47520	  46.59628	 873.14316	        P1	
 504.41999	  68.43828	  20.59298	        P1	
 225.72795	 203.13060	 705.82506	        P1	
 208.07325	1231.16075	1185.64196	        P1	
 174.02490	1199.85391	 236.81947	        P1	
 461.54429	 675.64590	 114.80595	        P1	
1076.93669	 305.78801	 526.66596	        P1	
 863.81924	  93.92060	1309.71477	        P1	
 546.03464	1207.86263	 265.64969	        P1	
 363.18240	 729.52282	 623.96788	        P1	
 707.44904	 712.77730	 885.49896	        P1	
  66.83565	1167.09091	  70.01618	        P1	
 262.29840	 853.29414	 733.11080	        P1	
 402.27495	1229.70463	 500.40989	        P1	
 488.02634	 261.37592	1202.63119	        P1	
 926.87174	 114.30648	1183.58262	        P1	
 813.37724	 105.56968	 409.80067	        P1	
 506.94209	 888.24134	 652.79810	        P1	
 789.41729	1185.29255	1037.37237	        P1	
1109.72399	 752.82094	 195.63352	        P1	
1298.88149	 723.69830	 601.31556	        P1	
 779.32889	 588.27789	 768.11886	        P1	
 404.79705	  19.65780	 588.44496	        P1	
 423.71280	 751.36482	 395.38559	        P1	
 924.34964	 794.32074	 399.50421	        P1	
 913.00019	 519.83961	1249.48024	        P1	
1218.17429	  88.82412	  30.37469	        P1	
 240.86055	 318.16513	  55.08629	        P1	
1139.98919	1159.08214	 320.73599	        P1	
 596.47664	1305.42355	 257.41251	        P1	
 875.16869	 646.52321	  81.85717	        P1	
 969.74744	 803.05754	 944.70387	        P1	
 581.34404	 172.55180	 432.45299	        P1	
 100.88400	  62.61372	 709.94368	        P1	
 528.37994	1050.60022	 488.05409	        P1	
 764.19629	1295.95871	 193.57417	        P1	
1300.14254	 935.56570	 825.26443	        P1	
 421.19070	1160.53831	1058.48015	        P1	
 964.70324	 418.63833	1092.97347	        P1	
 530.90204	1314.16035	 580.20778	        P1	
 276.16995	 233.70941	 895.79548	        P1	
1237.09004	   2.18420	  74.13480	        P1	
 297.60780	 458.68201	 897.33995	        P1	
1235.82899	 307.24413	 370.15919	        P1	
1210.60799	  96.10480	 296.53919	        P1	
 899.12864	  98.28900	 148.26960	        P1	
 559.90619	1262.46763	 952.94105	        P1	
1254.74474	 666.18101	 617.78998	        P1	
 457.76114	 955.95154	 801.06770	        P1	
 967.22534	 265.74432	 129.22109	        P1	
 677.18384	1117.58234	 808.79007	        P1	
1194.21434	  66.25408	 255.35317	        P1	
 897.86759	 400.43669	 232.18605	        P1	
  69.35775	 434.65581	 642.50158	        P1	
 771.76259	 364.03333	1117.68507	        P1	
 670.87859	 532.94481	 494.23199	        P1	
 590.17139	 576.62881	1217.04627	        P1	
1094.59139	  21.84200	1025.53137	        P1	
1160.16599	1017.83722	 265.64969	        P1	
 619.17554	 773.93490	 596.68214	        P1	
 181.59120	1271.20443	 747.52588	        P1	
  39.09255	1276.30091	 545.71447	        P1	
 465.32744	 479.79593	 739.28870	        P1	
 372.00975	 778.30330	 230.64157	        P1	
 624.21974	 827.81182	1278.82527	        P1	
  27.74310	 623.22510	 360.37747	        P1	
1242.13424	1279.21315	1204.17566	        P1	
 638.09129	1223.15203	 840.19438	        P1	
 849.94769	  61.15760	 242.48257	        P1	
1134.94499	1313.43231	 187.39627	        P1	
 398.49180	 409.17349	 829.89786	        P1	
 150.06495	 648.70741	 359.86267	        P1	
1253.48369	 260.64789	1313.31852	        P1	
 139.97655	 819.07502	 965.29685	        P1	
 838.59824	1133.59983	  63.32347	        P1	
1023.97259	 668.36521	1088.85485	        P1	
1267.35524	1299.59903	 469.52039	        P1	
1018.92839	   4.36840	 884.98415	        P1	
 900.38969	 945.03054	 123.04319	        P1	
 189.15750	 294.13893	1049.72817	        P1	
1122.33449	 847.46962	 994.64187	        P1	
 804.54989	 165.99920	1229.40207	        P1	
1108.46294	1301.05515	1079.07319	        P1	
 295.08570	 780.48750	 755.76306	        P1	
1095.85244	 743.35610	 477.75757	        P1	
 116.01660	 736.80350	1127.98152	        P1	
 435.06225	 112.85032	1265.95466	        P1	
 996.22949	 187.84120	 471.06486	        P1	
 977.31374	 602.11113	 850.49090	        P1	
1155.12179	 729.52282	 403.10796	        P1	
 588.91034	 672.00553	 116.86529	        P1	
  27.74310	 180.56052	 955.51520	        P1	
 814.63829	1108.11751	1274.70665	        P1	
 694.83854	 377.86661	 464.88696	        P1	
 717.53744	1292.31835	  42.73049	        P1	
1219.43534	 619.58473	1049.72817	        P1	
 875.16869	1297.41483	1192.33467	        P1	
1021.45049	  85.91188	 582.78186	        P1	
 477.93794	  51.69272	 714.57710	        P1	
 110.97240	 825.62762	 234.76019	        P1	
 219.42270	 480.52401	 858.72808	        P1	
1145.03339	1108.11751	 885.49896	        P1	
 401.01390	 914.45174	 269.76831	        P1	
 245.90475	 452.12941	 217.77097	        P1	
1021.45049	 720.78602	 333.60659	        P1	
 887.77919	1227.52043	 308.89499	        P1	
 485.50424	1052.05634	 116.86529	        P1	
 124.84395	 277.39341	 934.40735	        P1	
 424.97385	1181.65223	1297.35897	        P1	
 408.58020	 886.78522	 174.52567	        P1	
 272.38680	1065.88962	 532.84386	        P1	
1314.01409	1102.29294	  42.73049	        P1	
 208.07325	1050.60022	 370.67399	        P1	
 324.08985	1159.81023	1020.89795	        P1	
 494.33159	 853.29414	 629.63098	        P1	
 424.97385	 827.81182	  44.78977	        P1	
 858.77504	 261.37592	 356.25891	        P1	
 581.34404	 217.69192	 387.14841	        P1	
1225.74059	 843.10122	1099.66617	        P1	
 498.11474	 845.28542	 520.48806	        P1	
 187.89645	1232.61691	 366.55537	        P1	
1243.39529	 894.06590	 656.91666	        P1	
1087.02509	  48.05240	1173.80097	        P1	
1103.41874	 734.61930	1126.43705	        P1	
 749.06369	 920.27630	 922.56636	        P1	
 345.52770	 439.75229	 255.35317	        P1	
 600.25979	1218.78363	 298.08367	        P1	
 805.81094	 520.56769	 934.92215	        P1	
 329.13405	 171.09569	 751.12963	        P1	
 586.38824	 738.98770	  59.20485	        P1	
 418.66860	 840.18894	1116.14059	        P1	
 369.48765	 737.53153	1103.78479	        P1	
 524.59679	 420.82253	 998.76049	        P1	
  34.04835	 685.11073	1048.18369	        P1	
 314.00145	1062.24930	 207.47445	        P1	
 527.11889	 742.62802	1119.74435	        P1	
 355.61610	 419.36641	 716.63638	        P1	
 867.60239	 200.94640	 438.63089	        P1	
 332.91720	 601.38309	  15.95955	        P1	
 452.71694	 688.02302	  44.78977	        P1	
 587.64929	1272.66055	1140.85219	        P1	
 997.49054	1226.79235	 913.81437	        P1	
1261.04999	 263.56012	  53.54182	        P1	
 660.79019	1064.43351	 230.64157	        P1	
 940.74329	 294.13893	 930.80360	        P1	
 190.41855	1191.84514	 814.96797	        P1	
  37.83150	 391.69989	1058.48015	        P1	
1007.57894	 753.54902	 142.09170	        P1	
1061.80409	 189.29732	 936.98150	        P1	
1235.82899	 856.20642	 784.59328	        P1	
1044.14939	 846.01350	 669.27246	        P1	
 875.16869	  33.49108	 602.86004	        P1	
  41.61465	  10.92100	1292.72554	        P1	
 300.12990	1166.36283	 284.18339	        P1	
 218.16165	 718.60182	 142.09170	        P1	
 863.81924	1005.46010	 280.06477	        P1	
 715.01534	 766.65422	 569.91126	        P1	
1061.80409	 112.12228	 448.41254	        P1	
 677.18384	 489.98889	1231.46135	        P1	
 981.09689	1007.64430	 955.00033	        P1	
1213.13009	 717.87373	 858.21327	        P1	
1100.89664	 262.83209	 707.88434	        P1	
 471.63269	1106.66134	1241.24306	        P1	
 496.85369	 959.59190	1138.79285	        P1	
1225.74059	 658.17230	 768.11886	        P1	
 780.58994	 867.12742	 661.03528	        P1	
1197.99749	 819.80310	1066.20253	        P1	
1167.73229	 366.94561	1020.89795	        P1	
 563.68934	 358.93689	1165.04892	        P1	
  13.87155	 313.79673	 357.80339	        P1	
 225.72795	 425.91901	 415.46376	        P1	
 626.74184	 967.60062	 747.52588	        P1	
 544.77359	 872.22390	  26.77088	        P1	
1285.00994	1049.14410	1146.51522	        P1	
 103.40610	 892.60974	 808.79007	        P1	
1060.54304	  74.99088	 417.52304	        P1	
 102.14505	 677.83010	 615.21584	        P1	
1310.23094	 672.00553	 907.63647	        P1	
  27.74310	 486.34853	 714.57710	        P1	
 249.68790	1099.38071	 522.54734	        P1	
 644.39654	1273.38863	 131.28037	        P1	
 960.92009	 165.99920	 759.88168	        P1	
 274.90890	 955.22350	 454.59044	        P1	
 552.33989	 281.03373	 777.90058	        P1	
 491.80949	1221.69591	 256.89765	        P1	
 868.86344	 229.34101	 735.17008	        P1	
 279.95310	1023.66174	 288.30201	        P1	
 675.92279	 824.17150	 701.70644	        P1	
 981.09689	 311.61253	 566.30751	        P1	
 699.88274	  93.92060	1230.94654	        P1	
 543.51254	1053.51250	 460.76834	        P1	
 530.90204	 475.42753	 671.33180	        P1	
1098.37454	1085.54742	 174.52567	        P1	
 272.38680	 403.34893	 926.17017	        P1	
  90.79560	 377.13853	 485.99481	        P1	
 274.90890	 797.96110	 466.94624	        P1	
1099.63559	 445.57681	 240.93809	        P1	
1293.83729	 878.04842	1149.08937	        P1	
 412.36335	 452.12941	 903.51785	        P1	
 431.27910	 886.78522	1037.88717	        P1	
 162.67545	1280.66931	  71.56065	        P1	
 856.25294	 896.25010	 930.28873	        P1	
 769.24049	 559.15521	 623.96788	        P1	
1317.79724	 870.03970	1288.60692	        P1	
 635.56919	 924.64470	1126.43705	        P1	
1103.41874	 436.11193	 234.24539	        P1	
 953.35379	 170.36760	 735.17008	        P1	
 655.74599	 923.18854	1313.83339	        P1	
 670.87859	 572.26041	 432.45299	        P1	
 616.65344	1126.31914	1295.29969	        P1	
 948.30959	 610.11989	 731.05146	        P1	
 288.78045	 583.18141	 928.22945	        P1	
1147.55549	 398.98053	 282.12411	        P1	
 960.92009	1093.55614	 541.59591	        P1	
1196.73644	1254.45891	 961.17823	        P1	
 693.57749	 278.12149	  46.84905	        P1	
  89.53455	 816.16274	1042.00579	        P1	
 641.87444	 823.44342	 834.01648	        P1	
 723.84269	  66.98212	1123.86297	        P1	
 911.73914	 197.30609	 354.19957	        P1	
 254.73210	 768.83842	 254.83837	        P1	
 312.74040	 455.76973	 790.25637	        P1	
 520.81364	 720.05793	1068.26187	        P1	
 373.27080	1169.27511	 318.67665	        P1	
 476.67689	1013.46882	1119.74435	        P1	
1215.65219	 237.34972	 424.21581	        P1	
  27.74310	 358.20881	1217.04627	        P1	
1176.55964	 551.14649	 792.83046	        P1	
1074.41459	 869.31162	   1.54447	        P1	
 689.79434	1004.00394	 498.35061	        P1	
 537.20729	 467.41881	 982.28607	        P1	
 844.90349	 671.27750	 786.65256	        P1	
1141.25024	 137.60460	1266.46947	        P1	
 446.41170	 524.20801	1074.95457	        P1	
 340.48350	 601.38309	 873.14316	        P1	
 901.65074	 309.42833	 648.16468	        P1	
 881.47394	 730.25090	 466.94624	        P1	
1235.82899	 912.99562	 415.46376	        P1	
1026.49469	 870.76774	1136.21877	        P1	
 423.71280	 829.99602	 735.17008	        P1	
  99.62295	 586.09369	 483.93547	        P1	
 614.13134	   0.72808	1046.12435	        P1	
 216.90060	 645.06710	 726.41804	        P1	
 925.61069	 592.64629	 137.97308	        P1	
 814.63829	1025.11790	1083.19175	        P1	
 987.40214	 144.88528	 281.60925	        P1	
 131.14920	 736.80350	 652.28324	        P1	
 677.18384	 832.18022	1099.66617	        P1	
 551.07884	 495.81341	 693.46926	        P1	
 847.42559	  74.26280	 901.97338	        P1	
  64.31355	 498.72569	   9.78165	        P1	
 604.04294	 918.09210	 724.87356	        P1	
 461.54429	 115.03452	1202.63119	        P1	
1001.27369	1007.64430	 508.64707	        P1	
 725.10374	 303.60381	  49.42320	        P1	
1264.83314	 462.32233	 574.02988	        P1	
  76.92405	 240.99009	 848.43156	        P1	
 687.27224	1271.93251	 947.27795	        P1	
 981.09689	 342.19133	1290.66626	        P1	
 177.80805	 409.90153	 382.51499	        P1	
 218.16165	1318.52875	 487.53928	        P1	
1219.43534	 736.07542	1081.13247	        P1	
 697.36064	  26.93848	 639.92744	        P1	
 604.04294	 888.96942	1144.45594	        P1	
  21.43785	1280.66931	1294.78482	        P1	
 441.36750	 132.50812	 591.01911	        P1	
1316.53619	 681.47042	 389.20769	        P1	
 337.96140	 115.03452	 555.49618	        P1	
 860.03609	 353.84041	 261.01627	        P1	
 462.80534	 449.21713	 634.26440	        P1	
 369.48765	1273.38863	1162.98964	        P1	
 881.47394	 894.79394	1054.36159	        P1	
 445.15065	 171.09569	 306.32085	        P1	
 742.75844	1098.65262	 562.18889	        P1	
 868.86344	 404.07701	 858.72808	        P1	
1296.35939	 975.60934	 652.79810	        P1	
1249.70054	 125.95552	1284.48836	        P1	
 668.35649	 349.47201	 903.51785	        P1	
 262.29840	1004.73202	 735.17008	        P1	
 556.12304	 484.16433	1179.46406	        P1	
 942.00434	 207.49900	 784.59328	        P1	
 369.48765	 484.16433	 363.98129	        P1	
1064.32619	1105.20522	 464.88696	        P1	
 320.30670	  56.78920	 203.87069	        P1	
 361.92135	1121.95074	1167.10826	        P1	
1228.26269	 886.78522	 932.86288	        P1	
 679.70594	 457.95393	1185.64196	        P1	
 778.06784	  91.00832	 870.56907	        P1	
1065.58724	  19.65780	 458.70906	        P1	
 885.25709	 864.94322	 105.02430	        P1	
 470.37164	 868.58354	  35.00812	        P1	
  16.39365	1136.51211	 286.24267	        P1	
 176.54700	  96.10480	 106.56877	        P1	
 831.03194	  82.27152	1190.27539	        P1	
1239.61214	 382.23501	1039.43165	        P1	
 372.00975	1081.17902	 648.67948	        P1	
 818.42144	 728.79473	 734.65528	        P1	
 109.71135	1158.35411	 150.32888	        P1	
1151.33864	 993.81102	 500.40989	        P1	
  10.08840	 963.96030	 391.26697	        P1	
1064.32619	1256.64311	  57.66038	        P1	
 196.72380	 682.92653	 277.49069	        P1	
 851.20874	 245.35849	1189.76052	        P1	
 326.61195	 115.76260	 291.90577	        P1	
 107.18925	 214.77969	 219.83025	        P1	
  88.27350	 956.67962	 834.01648	        P1	
 453.97799	1199.85391	 948.82243	        P1	
 348.04980	  48.05240	 366.04057	        P1	
1227.00164	 704.04050	1263.89532	        P1	
1279.96574	 206.04289	 621.39374	        P1	
 848.68664	1121.95074	 881.38040	        P1	
1273.66049	 936.29374	1222.70936	        P1	
 530.90204	 498.72569	 304.77637	        P1	
 430.01805	 265.74432	 671.33180	        P1	
1190.43119	1071.71414	 232.70091	        P1	
 818.42144	 708.40890	  26.77088	        P1	
 653.22389	 988.71454	 407.22658	        P1	
 843.64244	  60.42952	1079.07319	        P1	
  11.34945	 286.13021	 248.66047	        P1	
  11.34945	1289.40611	  59.20485	        P1	
 934.43804	 181.28860	 755.24826	        P1	
 959.65904	 811.79434	 296.02439	        P1	
1074.41459	 272.29692	 831.95720	        P1	
 764.19629	 142.70108	 236.81947	        P1	
1283.74889	 302.87573	 967.87100	        P1	
 707.44904	 900.61850	 922.56636	        P1	
1005.05684	 290.49861	 267.19417	        P1	
1059.28199	  74.26280	 372.21847	        P1	
 573.77774	 373.49821	 914.32918	        P1	
1034.06099	 717.87373	 388.69289	        P1	
 124.84395	 433.19969	 646.10534	        P1	
 272.38680	 851.83802	 543.65519	        P1	
1104.67979	 215.50772	 740.83318	        P1	
 477.93794	 249.72689	1064.65805	        P1	
 253.47105	 564.25169	1231.46135	        P1	
 177.80805	 431.74353	 584.84121	        P1	
 916.78334	 910.81142	 630.14578	        P1	
1187.90909	 423.73481	  92.66850	        P1	
 122.32185	 666.18101	1212.41284	        P1	
1137.46709	 821.25922	  98.84640	        P1	
 351.83295	 961.77610	1066.20253	        P1	
 901.65074	 510.37473	 455.10531	        P1	
 165.19755	 162.35888	 533.35867	        P1	
 145.02075	 160.90272	 133.85452	        P1	
1001.27369	 509.64669	1175.86025	        P1	
 438.84540	 643.61093	  96.78712	        P1	
 715.01534	 139.06072	1029.64999	        P1	
 269.86470	 757.18934	  16.47442	        P1	
 427.49595	 104.11352	1035.82789	        P1	
1029.01679	 155.80628	 800.55283	        P1	
1006.31789	 369.85789	 226.00815	        P1	
  27.74310	 846.01350	1016.77933	        P1	
 344.26665	1286.49383	 847.91675	        P1	
1153.86074	 788.49622	 959.11895	        P1	
 116.01660	 406.26121	1217.04627	        P1	
 252.21000	 816.89082	 636.32368	        P1	
 157.63125	  56.06112	 566.30751	        P1	
 669.61754	 340.00713	 516.88431	        P1	
 537.20729	 744.08414	 584.84121	        P1	
 640.61339	1119.76654	 442.74951	        P1	
 654.48494	 559.88329	 718.69566	        P1	
  73.14090	 981.43390	 823.71996	        P1	
1117.29029	 716.41762	 321.25079	        P1	
  69.35775	 411.35769	1300.96272	        P1	
1196.73644	 775.39102	 957.57447	        P1	
 938.22119	 104.84160	1081.13247	        P1	
 569.99459	 138.33268	 403.62277	        P1	
  21.43785	1197.66971	 615.21584	        P1	
 419.92965	 937.02182	 699.64716	        P1	
 842.38139	 736.80350	   9.78165	        P1	
 417.40755	 555.51489	 479.30204	        P1	
1219.43534	1234.07303	  37.06740	        P1	
 438.84540	 783.39974	1085.25109	        P1	
 540.99044	 147.79752	1167.10826	        P1	
 443.88960	 697.48790	 564.24816	        P1	
1295.09834	  41.49980	 951.39657	        P1	
 904.17284	 880.23262	 308.89499	        P1	
 625.48079	 659.62841	 358.31819	        P1	
1098.37454	 591.91821	1101.21065	        P1	
 920.56649	 869.31162	  30.88950	        P1	
 651.96284	 561.33941	 211.59307	        P1	
 810.85514	 621.04089	 930.28873	        P1	
 938.22119	1173.64351	 965.81165	        P1	
 563.68934	 423.00673	1147.03009	        P1	
 505.68104	 149.25368	 207.47445	        P1	
 435.06225	  83.72768	 558.07026	        P1	
 213.11745	 195.84992	 146.21032	        P1	
1272.39944	 931.19730	 331.03245	        P1	
  25.22100	  56.78920	 112.74667	        P1	
 828.50984	1186.02063	 118.92457	        P1	
1249.70054	 197.30609	 829.89786	        P1	
 158.89230	 917.36402	 321.25079	        P1	
1303.92569	1100.83682	 860.27255	        P1	
1131.16184	 874.40810	 817.54206	        P1	
 744.01949	1003.27590	 386.63354	        P1	
1107.20189	 534.40093	 930.80360	        P1	
 958.39799	 129.59588	1066.20253	        P1	
1017.66734	 471.05913	 109.14292	        P1	
 191.67960	 942.11830	1138.79285	        P1	
 998.75159	1224.60815	 325.36941	        P1	
  26.48205	1287.94995	  48.90839	        P1	
 421.19070	 214.05160	 969.93027	        P1	
1147.55549	 732.43510	  71.56065	        P1	
 302.65200	 719.32990	 224.46367	        P1	
 413.62440	 138.33268	1140.33732	        P1	
 767.97944	 785.58394	1309.19996	        P1	
 296.34675	  95.37672	 164.74402	        P1	
1186.64804	 328.35809	 187.39627	        P1	
 860.03609	1046.95990	 670.81694	        P1	
 249.68790	 878.04842	 100.39087	        P1	
1245.91739	1041.13534	1272.13256	        P1	
 247.16580	 154.35012	1072.89529	        P1	
 905.43389	1278.48511	 788.19703	        P1	
  88.27350	 460.13813	 957.05967	        P1	
1066.84829	 768.83842	  57.14557	        P1	
1060.54304	 759.37354	 152.38822	        P1	
1085.76404	1270.47635	 850.49090	        P1	
  27.74310	 643.61093	1042.00579	        P1	
1258.52789	 647.97933	 462.82768	        P1	
 484.24319	 579.54109	1165.04892	        P1	
 258.51525	 179.83249	 273.88687	        P1	
1283.74889	 279.57761	1303.53687	        P1	
 538.46834	 287.58632	 881.38040	        P1	
 404.79705	 980.70582	 539.02176	        P1	
1081.98089	 671.27750	 885.49896	        P1	
  16.39365	  95.37672	 325.36941	        P1	
 839.85929	 458.68201	 489.59856	        P1	
1061.80409	1303.23935	1239.69859	        P1	
 680.96699	1020.74950	 613.67136	        P1	
 968.48639	 400.43669	 287.78715	        P1	
 293.82465	 191.48152	 887.55830	        P1	
 707.44904	  44.41208	 887.04343	        P1	
1317.79724	 478.33981	 779.95985	        P1	
1179.08174	 827.81182	 321.25079	        P1	
 669.61754	 787.04010	 218.28577	        P1	
 479.19899	 917.36402	1193.87914	        P1	
 244.64370	1314.88843	 495.77646	        P1	
  47.91990	 931.92534	 141.57689	        P1	
 267.34260	 499.45373	 345.44759	        P1	
 459.02219	 562.06749	 714.06224	        P1	
 791.93939	 580.99721	 722.81428	        P1	
 102.14505	 897.70622	  30.88950	        P1	
 348.04980	 263.56012	 924.62570	        P1	
1175.29859	 768.83842	 784.59328	        P1	
 998.75159	 295.59509	1182.03815	        P1	
 375.79290	 393.15601	 291.90577	        P1	
 892.82339	 624.68121	 884.98415	        P1	
 783.11204	 195.84992	 430.39371	        P1	
 539.72939	 152.89400	  49.42320	        P1	
 625.48079	1092.10002	 829.38305	        P1	
1081.98089	 639.24253	 393.32631	        P1	
1230.78479	 594.10241	1050.24297	        P1	
 781.85099	 551.87453	1202.63119	        P1	
 936.96014	 899.16234	 672.87628	        P1	
1061.80409	1185.29255	 640.44230	        P1	
 934.43804	 967.60062	 753.70378	        P1	
 817.16039	 765.92614	1184.09749	        P1	
 754.10789	 761.55774	 716.12158	        P1	
 935.69909	1311.97615	 739.28870	        P1	
 489.28739	1125.59111	1183.58262	        P1	
  52.96410	 834.36442	 779.95985	        P1	
 529.64099	1214.41523	 625.51236	        P1	
1302.66464	 664.72490	1202.11632	        P1	
 185.37435	 297.77929	 162.68468	        P1	
 263.55945	 980.70582	 248.66047	        P1	
 667.09544	 931.19730	 434.51227	        P1	
 696.09959	 315.98093	  42.73049	        P1	
 619.17554	 526.39221	1124.37777	        P1	
 345.52770	 949.39894	 802.61217	        P1	
 413.62440	 515.47121	1198.51257	        P1	
 343.00560	 570.80429	1151.14865	        P1	
1298.88149	 722.24213	 702.22130	        P1	
  40.35360	1221.69591	 712.51776	        P1	
 803.28884	1234.07303	 471.06486	        P1	
 105.92820	1141.60854	 825.77930	        P1	
 939.48224	1292.31835	 609.55280	        P1	
 833.55404	  74.99088	 897.85476	        P1	
 774.28469	 730.97894	 765.54478	        P1	
  26.48205	 262.83209	 558.07026	        P1	
1230.78479	 414.99801	1173.80097	        P1	
 387.14235	  29.85072	 374.79261	        P1	
 141.23760	 923.18854	1202.63119	        P1	
1017.66734	1005.46010	  77.73855	        P1	
 261.03735	 393.88409	 417.52304	        P1	
 204.29010	 276.66532	 269.76831	        P1	
 790.67834	 648.70741	1254.11367	        P1	
 284.99730	 994.53910	1097.09203	        P1	
 506.94209	1189.66095	 141.57689	        P1	
  74.40195	 795.77690	 763.48543	        P1	
 542.25149	 746.99642	1155.26727	        P1	
 982.35794	 141.97300	  98.84640	        P1	
1065.58724	1030.21434	  16.47442	        P1	
 919.30544	 970.51290	 650.73876	        P1	
 247.16580	 799.41722	 100.39087	        P1	
1312.75304	 415.72609	1035.31303	        P1	
 143.75970	  85.91188	 570.42606	        P1	
 182.85225	 305.05993	1079.07319	        P1	
 190.41855	 487.07661	 155.99197	        P1	
 230.77215	 214.77969	 255.35317	        P1	
 155.10915	1143.79274	 487.53928	        P1	
 617.91449	 690.20722	 736.71456	        P1	
 369.48765	 632.68993	1301.47759	        P1	
1087.02509	 465.96269	 199.75207	        P1	
1027.75574	 797.23302	 977.65265	        P1	
 136.19340	 768.83842	 483.42066	        P1	
  51.70305	 766.65422	 648.67948	        P1	
1041.62729	 167.45532	 147.75479	        P1	
 669.61754	 871.49582	1105.84407	        P1	
 370.74870	1010.55654	 950.88177	        P1	
1148.81654	 817.61890	  40.67115	        P1	
 581.34404	1260.28343	  80.31270	        P1	
 687.27224	 399.70861	 934.40735	        P1	
 698.62169	1023.66174	1270.58809	        P1	
1272.39944	1250.09051	 547.25894	        P1	
 537.20729	 805.24174	 887.55830	        P1	
1252.22264	  85.18380	 265.64969	        P1	
1182.86489	   7.28068	 212.10787	        P1	
 913.00019	 364.03333	  53.54182	        P1	
  35.30940	  62.61372	1216.53146	        P1	
 296.34675	 655.98810	 150.32888	        P1	
 424.97385	 439.02421	1298.90344	        P1	
 654.48494	 157.99048	 226.00815	        P1	
 184.11330	1129.95951	 732.59593	        P1	
 327.87300	 544.59389	 836.07576	        P1	
 157.63125	 289.04249	1276.25112	        P1	
 167.71965	 249.72689	 792.83046	        P1	
 929.39384	 331.27033	 121.49872	        P1	
 390.92550	1132.87174	1289.12179	        P1	
 237.07740	1252.27471	 181.21837	        P1	
 456.50009	1224.60815	1313.83339	        P1	
 263.55945	 532.21673	 115.32082	        P1	
 976.05269	 765.92614	 456.64978	        P1	
1228.26269	 757.18934	 214.16722	        P1	
1237.09004	 819.07502	 345.96239	        P1	
1121.07344	 596.28661	 556.01099	        P1	
 448.93379	 126.68360	 111.20220	        P1	
 924.34964	 878.77650	  57.66038	        P1	
 152.58705	 150.70980	 747.52588	        P1	
  49.18095	 708.40890	1078.55833	        P1	
1022.71154	1108.84554	 720.75500	        P1	
 882.73499	 423.73481	1002.36425	        P1	
 906.69494	 302.14769	 300.14295	        P1	
 277.43100	1274.11671	 324.85455	        P1	
 843.64244	1008.37234	 635.80888	        P1	
  95.83980	1090.64391	 928.74426	        P1	
1308.96989	1298.87095	  98.33159	        P1	
 382.09815	1172.91543	 236.30467	        P1	
1300.14254	 555.51489	1194.39395	        P1	
 375.79290	 464.50653	 648.16468	        P1	
1208.08589	1058.60894	1259.77676	        P1	
 858.77504	 689.47913	 265.13489	        P1	
 761.67419	 133.96428	 967.35613	        P1	
1286.27099	  27.66652	 660.52048	        P1	
 185.37435	 204.58672	 875.20250	        P1	
 759.15209	 605.75149	 249.17527	        P1	
 221.94480	 968.32870	 218.28577	        P1	
 488.02634	 750.63674	 844.31300	        P1	
 544.77359	 882.41682	 971.47475	        P1	
 138.71550	 461.59429	 726.41804	        P1	
 726.36479	  43.68400	 285.72787	        P1	
 641.87444	 331.27033	 912.26990	        P1	
 481.72109	 352.38429	 856.15393	        P1	
 573.77774	 238.07781	 291.90577	        P1	
 709.97114	 813.25050	 652.28324	        P1	
1039.10519	 934.83762	1175.34544	        P1	
1189.17014	 721.51410	 998.24563	        P1	
 194.20170	 101.92932	 115.32082	        P1	
  35.30940	 629.04961	 557.55546	        P1	
 303.91305	  19.65780	 897.33995	        P1	
 789.41729	 763.01390	 689.35064	        P1	
1102.15769	 377.13853	 887.55830	        P1	
 583.86614	 971.96902	1112.02197	        P1	
1054.23779	 448.48909	  46.84905	        P1	
1155.12179	 387.33149	 212.10787	        P1	
1240.87319	 988.71454	1099.15137	        P1	
1083.24194	  15.28940	 661.03528	        P1	
 993.70739	 991.62682	 761.42615	        P1	
 809.59409	 589.73401	  20.07817	        P1	
 630.52499	 417.91029	 724.87356	        P1	
1079.45879	1070.25802	1249.48024	        P1	
 162.67545	1266.10795	1208.80909	        P1	
 407.31915	1255.91503	   6.17790	        P1	
 407.31915	1258.82731	 534.90314	        P1	
 373.27080	 828.53990	 349.56614	        P1	
 896.60654	 664.72490	 626.02716	        P1	
 413.62440	1250.81855	 536.96248	        P1	
  27.74310	 765.92614	 331.54731	        P1	
 967.22534	 810.33822	1206.23494	        P1	
1316.53619	 929.01310	 879.32106	        P1	
1137.46709	 435.38389	1022.95723	        P1	
 326.61195	 460.86621	 364.49609	        P1	
 317.78460	1272.66055	 493.71718	        P1	
1080.71984	1203.49423	 193.05937	        P1	
1075.67564	 382.23501	 298.08367	        P1	
 967.22534	 819.07502	1132.10015	        P1	
  12.61050	 588.27789	1009.05695	        P1	
 472.89374	1280.66931	 527.18077	        P1	
1213.13009	1062.97734	 407.22658	        P1	
 153.84810	 784.85590	   9.78165	        P1	
1001.27369	 154.35012	 102.96502	        P1	
  61.79145	 409.90153	 919.99227	        P1	
 118.53870	 656.71613	  73.61999	        P1	
 143.75970	 508.19053	 807.24560	        P1	
 321.56775	 909.35530	 261.53107	        P1	
 257.25420	   5.82452	 757.82240	        P1	
1015.14524	1066.61770	1021.41275	        P1	
 161.41440	 129.59588	 817.54206	        P1	
 731.40899	 548.96229	 866.96526	        P1	
1036.58309	 611.57601	1099.66617	        P1	
1279.96574	 990.89874	 430.39371	        P1	
  27.74310	 945.03054	1159.38589	        P1	
 221.94480	 365.48949	 133.33965	        P1	
 258.51525	 572.98849	1225.28345	        P1	
 944.52644	1174.37154	  35.00812	        P1	
 916.78334	 817.61890	  96.27225	        P1	
 907.95599	 879.50454	 944.70387	        P1	
 397.23075	   0.72808	1226.82792	        P1	
 655.74599	 171.82372	 584.84121	        P1	
1219.43534	1068.07382	 475.69829	        P1	
 344.26665	 702.58433	1117.68507	        P1	
1247.17844	1164.17863	 302.71709	        P1	
 762.93524	 399.70861	 137.45827	        P1	
 699.88274	  15.28940	 162.16987	        P1	
1145.03339	 151.43788	 534.90314	        P1	
 818.42144	1170.00314	1142.39667	        P1	
 856.25294	 157.99048	 527.18077	        P1	
1094.59139	 426.64709	1233.00582	        P1	
 316.52355	 344.37553	 938.52597	        P1	
 987.40214	 540.95353	1210.35356	        P1	
1002.53474	 108.48192	 265.13489	        P1	
 863.81924	 399.70861	1101.21065	        P1	
 491.80949	 857.66254	  72.07552	        P1	
1242.13424	1104.47714	 553.95171	        P1	
1142.51129	 728.06670	 343.38825	        P1	
 520.81364	 265.74432	 876.74697	        P1	
1311.49199	 819.80310	 714.06224	        P1	
 395.96970	1134.32791	 337.21035	        P1	
 382.09815	 430.28741	 915.87365	        P1	
 543.51254	 784.12782	 823.20515	        P1	
1259.78894	1229.70463	 939.04078	        P1	
 363.18240	 358.20881	 359.86267	        P1	
 971.00849	 812.52242	 545.19966	        P1	
1163.94914	1082.63514	 214.16722	        P1	
 271.12575	 540.95353	 271.31279	        P1	
 155.10915	 540.95353	 469.00558	        P1	
  64.31355	 958.86382	  24.71160	        P1	
1132.42289	 189.29732	 788.71190	        P1	
 136.19340	1006.18814	 907.63647	        P1	
 393.44760	 640.69870	 718.69566	        P1	
 595.21559	 212.59549	1226.82792	        P1	
1046.67149	1205.67843	 926.68498	        P1	
 196.72380	1258.09923	 191.51489	        P1	
1191.69224	1034.58274	1074.43977	        P1	
 109.71135	 390.97181	 951.39657	        P1	
 602.78189	1258.09923	 483.42066	        P1	
 267.34260	 819.80310	1313.31852	        P1	
 593.95454	 760.82970	 843.79813	        P1	
 538.46834	 673.46170	 941.10005	        P1	
 634.30814	1191.84514	  73.61999	        P1	
1151.33864	1261.73955	 790.25637	        P1	
1110.98504	1088.45971	1299.41825	        P1	
 406.05810	 372.77013	  36.55259	        P1	
1187.90909	  85.91188	 917.93293	        P1	
 672.13964	 670.54941	 889.61758	        P1	
1228.26269	 697.48790	 911.75503	        P1	
1163.94914	 526.39221	 661.03528	        P1	
  12.61050	 757.18934	1142.39667	        P1	
 722.58164	 821.98730	 275.43135	        P1	
 781.85099	 186.38509	  76.19408	        P1	
 795.72254	1210.77491	 744.95173	        P1	
 133.67130	 975.60934	 195.63352	        P1	
1088.28614	1269.02023	 111.20220	        P1	
 486.76529	 866.39934	 807.24560	        P1	
 969.74744	 926.82890	 829.89786	        P1	
1116.02924	 460.86621	 619.33446	        P1	
1084.50299	 824.17150	 107.08358	        P1	
 989.92424	  89.55220	1173.80097	        P1	
 399.75285	 131.78008	1214.47212	        P1	
1308.96989	 902.80270	 718.69566	        P1	
1078.19774	 840.91702	 735.17008	        P1	
1290.05414	 497.26953	 351.62549	        P1	
 511.98629	1111.02974	 308.38019	        P1	
 814.63829	1062.97734	1197.99776	        P1	
 925.61069	 754.27710	1047.66883	        P1	
1274.92154	 792.86462	1241.75787	        P1	
 203.02905	 916.63594	 370.15919	        P1	
 887.77919	 265.01629	 366.55537	        P1	
1006.31789	 800.87334	 350.08101	        P1	
 351.83295	 283.21792	1011.11629	        P1	
 928.13279	  52.42080	  24.71160	        P1	
 682.22804	1143.79274	 691.40998	        P1	
 702.40484	1097.19651	1039.94645	        P1	
 488.02634	 425.91901	1000.81977	        P1	
 882.73499	 933.38150	1083.19175	        P1	
 394.70865	 300.69153	  84.43132	        P1	
 235.81635	 878.77650	 967.35613	        P1	
 590.17139	 477.61173	 141.57689	        P1	
 398.49180	 959.59190	 644.56086	        P1	
  32.78730	1220.23975	 201.81142	        P1	
 407.31915	 731.70702	 568.36679	        P1	
1143.77234	 855.47834	 733.11080	        P1	
 573.77774	1253.00275	 282.12411	        P1	
 720.05954	 702.58433	 326.91389	        P1	
 779.32889	 492.17309	 887.04343	        P1	
 200.50695	1001.09170	 527.18077	        P1	
 583.86614	 935.56570	1115.62572	        P1	
1189.17014	  56.06112	 189.45562	        P1	
 432.54015	1156.89794	1179.46406	        P1	
 626.74184	 787.04010	 607.49346	        P1	
 201.76800	 527.12029	 769.66333	        P1	
 770.50154	 128.86780	 712.00296	        P1	
 177.80805	1014.19690	  34.49325	        P1	
  84.49035	 746.26834	 615.73070	        P1	
1156.38284	 763.74194	1196.45329	        P1	
 887.77919	 866.39934	 240.42329	        P1	
 784.37309	1195.48551	 596.68214	        P1	
1190.43119	 365.48949	 230.64157	        P1	
 533.42414	1073.89834	  78.25342	        P1	
1257.26684	 749.18062	1186.15677	        P1	
 854.99189	 710.59310	 323.31007	        P1	
1122.33449	 765.92614	 450.47188	        P1	
 952.09274	 824.89954	 660.52048	        P1	
 320.30670	 905.71494	 251.23461	        P1	
 505.68104	 501.63793	  65.89762	        P1	
1191.69224	1232.61691	1010.60143	        P1	
1076.93669	 400.43669	1231.46135	        P1	
1290.05414	1267.56411	 317.13217	        P1	
 766.71839	 931.92534	 770.17820	        P1	
1262.31104	 685.11073	1278.31046	        P1	
1267.35524	1305.42355	1128.49639	        P1	
 540.99044	 125.95552	1258.23229	        P1	
  63.05250	1100.83682	1217.04627	        P1	
 566.21144	 484.16433	 716.12158	        P1	
 459.02219	 538.76933	1276.76599	        P1	
1261.04999	 515.47121	1082.67695	        P1	
 860.03609	 767.38230	  88.54988	        P1	
1315.27514	 909.35530	 761.94096	        P1	
 269.86470	 410.62961	 271.82759	        P1	
 163.93650	1151.80151	 144.15098	        P1	
 665.83439	 343.64749	1115.62572	        P1	
 261.03735	1238.44143	 106.56877	        P1	
  44.13675	 958.86382	1167.62307	        P1	
1008.83999	 489.26081	 982.28607	        P1	
 641.87444	 156.53432	1035.82789	        P1	
1286.27099	 816.89082	 606.97866	        P1	
1107.20189	1243.53791	 990.52325	        P1	
1160.16599	1157.62603	 617.78998	        P1	
 601.52084	 484.16433	 685.23208	        P1	
  63.05250	  33.49108	 663.09456	        P1	
 605.30399	 594.10241	 772.23748	        P1	
 373.27080	1121.22271	   3.60375	        P1	
1239.61214	 805.96982	1260.29157	        P1	
 201.76800	1224.60815	 862.84670	        P1	
1186.64804	 204.58672	 283.66859	        P1	
 965.96429	 168.91149	 880.86553	        P1	
1190.43119	 289.77053	 170.92192	        P1	
1233.30689	 749.90870	 201.29655	        P1	
 138.71550	 382.96309	 125.61728	        P1	
 934.43804	  64.79792	1017.29419	        P1	
   5.04420	 691.66333	 442.74951	        P1	
  22.69890	1159.08214	1191.81986	        P1	
1047.93254	 393.88409	 368.09984	        P1	
 281.21415	 492.90113	1202.63119	        P1	
 702.40484	1066.61770	1144.97075	        P1	
 271.12575	1311.24811	   2.05928	        P1	
 117.27765	  13.83328	 947.27795	        P1	
  44.13675	1171.45931	 565.79264	        P1	
 292.56360	 481.98013	1140.85219	        P1	
1089.54719	1062.97734	 566.30751	        P1	
  75.66300	1262.46763	 594.62286	        P1	
1018.92839	 773.20682	1280.36974	        P1	
1050.45464	 791.40850	 287.78715	        P1	
 883.99604	   5.09648	 553.43684	        P1	
1071.89249	1288.67803	 798.49355	        P1	
1205.56379	  39.31560	 396.93006	        P1	
 321.56775	 489.98889	 887.04343	        P1	
1041.62729	  64.06988	 936.46663	        P1	
 452.71694	 938.47794	  55.08629	        P1	
 189.15750	 323.26161	1241.75787	        P1	
1312.75304	   8.00872	 932.34807	        P1	
  55.48620	 454.31361	 433.99746	        P1	
1288.79309	1272.66055	 442.74951	        P1	
 419.92965	 434.65581	1210.86837	        P1	
 572.51669	 627.59350	 436.05674	        P1	
 957.13694	 725.88250	 714.06224	        P1	
 725.10374	  58.97340	 185.33700	        P1	
1269.87734	 439.02421	 656.40186	        P1	
 957.13694	1203.49423	 691.92478	        P1	
 952.09274	 921.00434	 177.09982	        P1	
  75.66300	 390.24373	 592.56358	        P1	
 528.37994	1152.52954	 461.28321	        P1	
 365.70450	 963.96030	 724.87356	        P1	
 423.71280	 404.80509	1053.84673	        P1	
 501.89789	 246.08652	 932.34807	        P1	
 461.54429	1208.59071	 242.99737	        P1	
 104.66715	1130.68754	 535.41801	        P1	
 658.26809	 355.29653	  79.79789	        P1	
 688.53329	   0.00000	 316.61737	        P1	
 249.68790	1141.60854	 424.21581	        P1	
 471.63269	 222.78840	 421.64166	        P1	
 651.96284	1178.73994	 438.11608	        P1	
 529.64099	 905.71494	 882.92487	        P1	
 679.70594	 319.62129	 323.31007	        P1	
 284.99730	1249.36243	  18.53370	        P1	
1271.13839	 412.08573	 226.52302	        P1	
  97.10085	1206.40651	 162.68468	        P1	
 147.54285	 376.41049	1138.79285	        P1	
 559.90619	 745.54030	 459.22387	        P1	
 747.80264	 457.95393	 784.07847	        P1	
1297.62044	 128.86780	1039.43165	        P1	
1307.70884	 417.18221	  61.77900	        P1	
 330.39510	 733.89122	 446.35326	        P1	
 176.54700	  52.42080	1230.94654	        P1	
 513.24734	 533.67289	1256.17295	        P1	
1070.63144	1066.61770	 609.03794	        P1	
1191.69224	 772.47874	 110.68739	        P1	
 683.48909	 990.17070	 355.74404	        P1	
 660.79019	 991.62682	 617.78998	        P1	
1100.89664	 941.39022	1175.34544	        P1	
 890.30129	  58.24532	 319.19151	        P1	
 438.84540	 697.48790	1300.96272	        P1	
 702.40484	 206.04289	1132.61495	        P1	
 702.40484	 364.76141	 370.67399	        P1	
 253.47105	 506.00633	 172.46639	        P1	
1172.77649	 487.80469	 199.75207	        P1	
1007.57894	 631.23381	 804.67145	        P1	
 899.12864	 832.18022	 543.65519	        P1	
  26.48205	 937.02182	 623.96788	        P1	
 254.73210	 663.99681	 328.97317	        P1	
 421.19070	 780.48750	 497.83574	        P1	
 220.68375	 313.79673	 351.62549	        P1	
 897.86759	 321.80549	1002.87905	        P1	
 312.74040	1001.81974	 166.28849	        P1	
 103.40610	1148.88923	  20.07817	        P1	
1162.68809	  61.15760	1124.37777	        P1	
 687.27224	 182.74472	 294.47991	        P1	
 148.80390	 481.98013	 930.80360	        P1	
1102.15769	 317.43709	 639.92744	        P1	
 717.53744	 842.37314	 345.44759	        P1	
1127.37869	 767.38230	 533.35867	        P1	
 477.93794	  31.30688	 751.12963	        P1	
 276.16995	 236.62169	 355.74404	        P1	
 680.96699	1135.78403	1223.22417	        P1	
 762.93524	 494.35729	 380.45564	        P1	
 339.22245	  15.28940	 895.79548	        P1	
 117.27765	1180.19611	 959.63375	        P1	
 675.92279	 786.31202	1255.65814	        P1	
 807.07199	 573.71653	 926.17017	        P1	
1110.98504	1236.98531	 670.81694	        P1	
 875.16869	 161.63080	1181.52334	        P1	
 697.36064	 724.42633	 728.47738	        P1	
1016.40629	  96.10480	 563.73336	        P1	
 634.30814	 663.26873	1123.86297	        P1	
 525.85784	 136.14848	  20.59298	        P1	
 392.18655	 354.56849	 985.88983	        P1	
 147.54285	 561.33941	 205.41517	        P1	
 744.01949	  93.19252	 215.71169	        P1	
 691.05539	 878.04842	 230.12677	        P1	
1007.57894	  54.60500	1087.31037	        P1	
 118.53870	1081.90711	1300.96272	        P1	
 204.29010	 946.48670	1097.09203	        P1	
1272.39944	 286.13021	 438.63089	        P1	
1147.55549	 500.90989	 782.01913	        P1	
 228.25005	 577.35689	 743.40726	        P1	
 875.16869	 355.29653	 808.79007	        P1	
 440.10645	1146.70503	 957.57447	        P1	
1105.94084	1226.79235	1122.31849	        P1	
 993.70739	1220.23975	 887.55830	        P1	
 899.12864	1028.75822	 143.63617	        P1	
 819.68249	  13.10520	 210.04859	        P1	
 606.56504	 446.30489	 737.22936	        P1	
 969.74744	 804.51370	 854.60946	        P1	
1103.41874	 741.89994	 473.63901	        P1	
1109.72399	 286.85829	 707.88434	        P1	
 900.38969	  84.45572	 356.25891	        P1	
 335.43930	 416.45413	  35.00812	        P1	
 741.49739	  14.56132	 801.06770	        P1	
 456.50009	1028.03014	 288.30201	        P1	
 215.63955	 166.72728	1016.77933	        P1	
  85.75140	1284.30963	 755.24826	        P1	
 751.58579	 645.06710	 749.58516	        P1	
 199.24590	1263.92375	1177.91959	        P1	
 384.62025	 377.86661	 922.05155	        P1	
 523.33574	 600.65501	 518.94359	        P1	
 725.10374	 629.77770	 595.13766	        P1	
 515.76944	 238.07781	 679.56898	        P1	
 279.95310	 499.45373	 912.26990	        P1	
1040.36624	 104.11352	 567.85198	        P1	
 238.33845	1132.14371	 250.71975	        P1	
 934.43804	 267.20049	 131.79518	        P1	
 446.41170	 770.29454	 214.16722	        P1	
 906.69494	 538.04129	1305.59615	        P1	
1214.39114	1005.46010	 113.26148	        P1	
 940.74329	 694.57562	1064.14325	        P1	
 965.96429	 425.19093	1043.55027	        P1	
1220.69639	  10.19292	 875.20250	        P1	
  29.00415	 992.35490	1293.24035	        P1	
 812.11619	 413.54189	 768.11886	        P1	
 523.33574	 826.35570	 805.18626	        P1	
 114.75555	1020.02142	1167.62307	        P1	
  60.53040	 243.17429	 917.93293	        P1	
 820.94354	 919.54822	 464.88696	        P1	
 124.84395	 824.89954	 919.99227	        P1	
 427.49595	1260.28343	 600.80076	        P1	
1175.29859	 179.10440	 125.10247	        P1	
  68.09670	 974.15322	 593.07838	        P1	
 707.44904	 120.13100	 228.58229	        P1	
 158.89230	 403.34893	 901.45857	        P1	
 124.84395	 641.42673	 407.22658	        P1	
 657.00704	1123.40691	 403.62277	        P1	
 293.82465	 338.55101	 452.53116	        P1	
 650.70179	 677.10202	 105.02430	        P1	
1006.31789	 859.11870	 409.80067	        P1	
1209.34694	1028.75822	1161.44517	        P1	
 461.54429	 406.26121	 440.17536	        P1	
 433.80120	 107.75388	 916.38846	        P1	
 567.47249	 984.34614	 228.06749	        P1	
1070.63144	 536.58513	1276.76599	        P1	
 534.68519	 985.80230	 533.35867	        P1	
 899.12864	  79.35928	1016.77933	        P1	
 578.82194	 985.07422	 149.81407	        P1	
 819.68249	 866.39934	 881.38040	        P1	
 361.92135	 615.21633	1252.05439	        P1	
1078.19774	1236.98531	 799.00836	        P1	
 216.90060	1243.53791	1233.00582	        P1	
 935.69909	1268.29215	 617.27518	        P1	
 465.32744	  72.07860	1155.26727	        P1	
 820.94354	 677.83010	1158.87102	        P1	
  93.31770	 237.34972	 994.12707	        P1	
 633.04709	 138.33268	 372.73327	        P1	
 287.51940	 122.31520	 909.69575	        P1	
  68.09670	1081.90711	 799.00836	        P1	
 965.96429	 920.27630	1208.29422	        P1	
 883.99604	  50.23660	 580.72258	        P1	
1219.43534	 139.06072	  47.36392	        P1	
 482.98214	 108.48192	 382.51499	        P1	
1108.46294	 883.14490	 212.10787	        P1	
1179.08174	 468.14689	 454.59044	        P1	
 673.40069	1298.87095	  59.71972	        P1	
 582.60509	 760.10162	 747.52588	        P1	
1087.02509	 321.80549	 436.05674	        P1	
 857.51399	 889.69750	  76.19408	        P1	
 940.74329	 334.91069	 707.88434	        P1	
 281.21415	 539.49741	1119.74435	        P1	
 153.84810	1127.04723	 932.86288	        P1	
 709.97114	1008.37234	 238.87881	        P1	
 378.31500	1144.52083	 691.92478	        P1	
1258.52789	1156.16991	 848.43156	        P1	
 687.27224	 590.46209	 860.78736	        P1	
  16.39365	 781.21554	1054.36159	        P1	
 248.42685	 361.84913	 319.19151	        P1	
 620.43659	1195.48551	  32.94878	        P1	
1103.41874	 462.32233	 876.74697	        P1	
1132.42289	 313.06869	 386.63354	        P1	
 466.58849	 455.76973	1017.29419	        P1	
1000.01264	 229.34101	 494.23199	        P1	
1177.82069	 586.82173	 319.19151	        P1	
 863.81924	 310.88449	1046.12435	        P1	
1258.52789	 193.66572	 844.31300	        P1	
1184.12594	 565.70781	 827.83858	        P1	
 596.47664	 840.91702	 963.75237	        P1	
 292.56360	 487.80469	 596.68214	        P1	
   1.26105	1261.73955	 845.85747	        P1	
 930.65489	 100.47320	 125.10247	        P1	
 298.86885	 683.65462	1200.05704	        P1	
1145.03339	 432.47161	 642.50158	        P1	
 453.97799	1310.52003	 551.37756	        P1	
1047.93254	 235.16552	1185.64196	        P1	
 784.37309	1182.38031	 831.44233	        P1	
 747.80264	 500.18181	 413.91929	        P1	
1103.41874	1126.31914	  30.37469	        P1	
1240.87319	 468.87493	 220.34512	        P1	
   8.82735	 702.58433	 716.12158	        P1	
 254.73210	 193.66572	1072.89529	        P1	
1185.38699	1140.15243	 267.19417	        P1	
 152.58705	 162.35888	 985.88983	        P1	
  26.48205	 112.85032	 782.53400	        P1	
 214.37850	  68.43828	 782.01913	        P1	
1295.09834	 156.53432	  41.18602	        P1	
1148.81654	 587.54981	 932.86288	        P1	
1166.47124	1274.84475	 899.91410	        P1	
 628.00289	 768.83842	  88.03507	        P1	
1071.89249	 417.91029	1171.22682	        P1	
 760.41314	1273.38863	 742.89246	        P1	
 250.94895	 669.09330	1233.00582	        P1	
  56.74725	 990.89874	  30.37469	        P1	
1316.53619	 340.73521	  50.96767	        P1	
 692.31644	 108.48192	 802.61217	        P1	
 936.96014	 524.93609	 670.81694	        P1	
1046.67149	 519.83961	 932.86288	        P1	
 689.79434	 197.30609	 700.16196	        P1	
 559.90619	1087.73162	 681.11346	        P1	
 896.60654	 354.56849	 934.92215	        P1	
1264.83314	 262.83209	 453.04597	        P1	
 989.92424	1200.58195	1185.64196	        P1	
1089.54719	 355.29653	 677.50970	        P1	
1021.45049	 793.59270	1274.70665	        P1	
 866.34134	 890.42554	1259.77676	        P1	
1102.15769	 575.17269	1313.31852	        P1	
 157.63125	1266.10795	 543.14038	        P1	
 121.06080	1137.24014	 177.09982	        P1	
 240.86055	 267.20049	 930.28873	        P1	
 820.94354	1242.80983	1179.97887	        P1	
 467.84954	 593.37433	 640.44230	        P1	
 974.79164	1140.88051	 269.25345	        P1	
 873.90764	 398.25249	 331.03245	        P1	
1314.01409	1071.71414	1097.60689	        P1	
 590.17139	 448.48909	  28.31535	        P1	
 339.22245	1287.94995	 584.84121	        P1	
 392.18655	 264.28821	  44.78977	        P1	
 548.55674	 485.62049	 378.91117	        P1	
 902.91179	1214.41523	 253.29389	        P1	
 199.24590	 487.80469	 232.18605	        P1	
 211.85640	 132.50812	 919.99227	        P1	
 331.65615	1298.14291	 887.04343	        P1	
   6.30525	 763.74194	 839.67957	        P1	
 160.15335	 144.88528	 621.39374	        P1	
 649.44074	 870.03970	 102.45015	        P1	
1305.18674	1253.00275	1165.56379	        P1	
 892.82339	   8.73680	 871.08388	        P1	
 151.32600	 627.59350	 829.89786	        P1	
 883.99604	 559.88329	 256.89765	        P1	
 959.65904	 513.28701	 815.48278	        P1	
 335.43930	 115.03452	 407.22658	        P1	
  98.36190	   7.28068	 627.57164	        P1	
 360.66030	 531.48869	 528.72524	        P1	
 781.85099	1211.50295	 913.81437	        P1	
 780.58994	 718.60182	1206.23494	        P1	
 822.20459	 649.43550	 817.54206	        P1	
1211.86904	1152.52954	1290.66626	        P1	
 692.31644	 274.48112	 232.70091	        P1	
 138.71550	 391.69989	 310.95427	        P1	
 643.13549	 262.10401	 191.51489	        P1	
 537.20729	 800.87334	 764.00030	        P1	
 176.54700	  43.68400	1162.98964	        P1	
1291.31519	 384.41921	1230.94654	        P1	
1204.30274	  35.67528	 508.64707	        P1	
  44.13675	  29.85072	 277.49069	        P1	
  17.65470	 744.08414	 207.98932	        P1	
 614.13134	 795.77690	1313.31852	        P1	
1031.53889	1230.43271	 261.53107	        P1	
 184.11330	 331.99841	 779.95985	        P1	
 977.31374	1097.19651	 354.19957	        P1	
 876.42974	 133.23620	 112.74667	        P1	
 992.44634	 689.47913	 629.63098	        P1	
 279.95310	1176.55574	  48.90839	        P1	
 817.16039	 247.54269	1256.17295	        P1	
1315.27514	 409.90153	1140.85219	        P1	
 919.30544	 618.12861	1013.17557	        P1	
 853.73084	 842.37314	 170.92192	        P1	
  36.57045	  41.49980	  37.06740	        P1	
 372.00975	 280.30569	 819.08653	        P1	
1278.70469	 851.83802	 866.45045	        P1	
 576.29984	 540.95353	 722.29948	        P1	
 812.11619	 508.19053	 269.76831	        P1	
 702.40484	 821.98730	  28.31535	        P1	
 482.98214	 299.23541	 662.57976	        P1	
1201.78064	 797.23302	 556.01099	        P1	
 210.59535	 111.39420	1303.53687	        P1	
1046.67149	1044.04762	 100.39087	        P1	
 692.31644	  50.23660	 401.56349	        P1	
 997.49054	 290.49861	  98.84640	        P1	
 461.54429	 381.50693	  53.54182	        P1	
1036.58309	 666.90910	 930.28873	        P1	
 747.80264	 479.79593	 728.47738	        P1	
  42.87570	  68.43828	 477.75757	        P1	
 944.52644	 677.83010	 879.32106	        P1	
1290.05414	1238.44143	 230.12677	        P1	
1196.73644	1267.56411	1194.39395	        P1	
 910.47809	 693.11950	 786.65256	        P1	
 544.77359	 767.38230	1021.41275	        P1	
 709.97114	 755.00514	 135.39899	        P1	
 267.34260	 774.66294	 660.52048	        P1	
1214.39114	1139.42434	 821.14587	        P1	
1195.47539	1001.81974	 413.40448	        P1	
 196.72380	 410.62961	1125.92225	        P1	
 636.83024	 618.12861	1020.89795	        P1	
 314.00145	  86.63992	 424.21581	        P1	
  60.53040	  49.50852	1252.05439	        P1	
1211.86904	  28.39460	  88.03507	        P1	
 520.81364	 236.62169	1078.55833	        P1	
 646.91864	 153.62208	1163.50445	        P1	
 242.12160	 452.85749	 874.68763	        P1	
 880.21289	 525.66413	 794.88980	        P1	
 962.18114	1225.33623	 495.77646	        P1	
   5.04420	 409.17349	  51.48248	        P1	
 185.37435	 246.81461	1193.87914	        P1	
 128.62710	 617.40053	 306.83571	        P1	
 745.28054	 102.65740	 526.66596	        P1	
 582.60509	1026.57402	 278.00549	        P1	
 664.57334	 366.21753	 560.12961	        P1	
 882.73499	 780.48750	 837.62023	        P1	
 436.32330	1252.27471	1257.71742	        P1	
1287.53204	 590.46209	 632.20506	        P1	
 157.63125	1172.91543	 302.71709	        P1	
 759.15209	 940.66214	1197.99776	        P1	
 664.57334	 494.35729	 102.45015	        P1	
 131.14920	 729.52282	1142.91147	        P1	
1041.62729	 824.17150	 669.27246	        P1	
 989.92424	1305.42355	 621.90860	        P1	
 292.56360	1028.03014	 609.55280	        P1	
 437.58435	 808.88210	 639.92744	        P1	
 959.65904	  77.90312	 714.57710	        P1	
 868.86344	 104.11352	1109.96269	        P1	
 339.22245	1031.67050	 199.75207	        P1	
 480.46004	  89.55220	 396.93006	        P1	
1040.36624	  10.92100	 450.98669	        P1	
 983.61899	 452.85749	 119.43938	        P1	
 697.36064	1197.66971	 652.28324	        P1	
1040.36624	 913.72370	1132.61495	        P1	
 291.30255	 625.40930	 731.05146	        P1	
 296.34675	1155.44183	1087.31037	        P1	
  10.08840	 653.80390	 318.67665	        P1	
 697.36064	  92.46448	 545.71447	        P1	
1139.98919	 218.42000	 852.55018	        P1	
 658.26809	 856.20642	1169.16754	        P1	
 785.63414	 107.02580	 827.83858	        P1	
 239.59950	 875.13614	 401.04869	        P1	
 351.83295	1219.51171	 324.85455	        P1	
 963.44219	 761.55774	1303.02206	        P1	
 939.48224	 910.81142	1311.25924	        P1	
1205.56379	 719.32990	 232.18605	        P1	
 820.94354	 738.98770	 453.04597	        P1	
 184.11330	 813.97854	 146.21032	        P1	
 359.39925	 715.68953	 963.23757	        P1	
 824.72669	 576.62881	 637.86816	        P1	
1242.13424	1136.51211	 187.39627	        P1	
1100.89664	 120.13100	 420.09719	        P1	
1078.19774	1285.03771	 275.43135	        P1	
  90.79560	 311.61253	 265.13489	        P1	
 669.61754	1136.51211	  77.73855	        P1	
1278.70469	 184.92892	 728.47738	        P1	
1316.53619	 765.92614	  11.84100	        P1	
 924.34964	1242.80983	 321.25079	        P1	
 424.97385	 610.84793	 543.14038	        P1	
 199.24590	 253.36721	 644.04606	        P1	
  97.10085	1222.42395	 858.21327	        P1	
 977.31374	 240.99009	 331.03245	        P1	
1203.04169	 133.96428	 632.20506	        P1	
 462.80534	 443.39261	 427.81956	        P1	
 282.47520	1263.92375	 207.98932	        P1	
 547.29569	 947.94282	 123.55800	        P1	
 443.88960	 918.82014	 986.40470	        P1	
 430.01805	 743.35610	 366.55537	        P1	
 404.79705	 481.25209	 873.14316	        P1	
 230.77215	1030.21434	1289.12179	        P1	
 455.23904	1219.51171	1039.94645	        P1	
 298.86885	 538.04129	 942.64453	        P1	
 506.94209	1221.69591	 775.84123	        P1	
 707.44904	1062.24930	 156.50678	        P1	
 639.35234	  18.20168	1175.86025	        P1	
 488.02634	1113.21394	 170.92192	        P1	
 264.82050	 420.82253	 652.79810	        P1	
  10.08840	  82.99960	 154.44750	        P1	
 390.92550	1083.36322	 810.84935	        P1	
 933.17699	  43.68400	1161.44517	        P1	
 634.30814	1193.30131	 961.17823	        P1	
  20.17680	1045.50374	 899.91410	        P1	
 264.82050	1112.48591	 942.64453	        P1	
 919.30544	 963.23222	 512.76569	        P1	
1301.40359	 189.29732	 889.10277	        P1	
 847.42559	 489.26081	 364.49609	        P1	
1240.87319	 490.71693	 955.51520	        P1	
 848.68664	 967.60062	1286.54764	        P1	
 525.85784	 469.60301	 543.65519	        P1	
 112.23345	 297.77929	1214.47212	        P1	
1220.69639	 723.69830	 317.13217	        P1	
 915.52229	1279.94123	 580.72258	        P1	
1268.61629	1201.31003	1206.23494	        P1	
 737.71424	 977.79354	 882.92487	        P1	
   8.82735	 580.26913	1079.07319	        P1	
1158.90494	 524.93609	1022.95723	        P1	
 321.56775	 338.55101	 637.86816	        P1	
 788.15624	 527.84833	1006.48287	        P1	
 673.40069	 530.03253	  53.54182	        P1	
 698.62169	 723.69830	1072.38043	        P1	
 438.84540	1261.01151	 238.36395	        P1	
 122.32185	 701.12822	  24.71160	        P1	
 311.47935	 660.35650	 936.46663	        P1	
 428.75700	1068.80191	 162.68468	        P1	
1192.95329	 647.97933	 604.91938	        P1	
 442.62855	1041.86342	1298.90344	        P1	
  25.22100	 738.25962	 248.66047	        P1	
 513.24734	 583.18141	 796.94908	        P1	
 363.18240	 792.13654	 487.53928	        P1	
1282.48784	 609.39181	1237.12444	        P1	
 933.17699	 470.33109	 712.51776	        P1	
 517.03049	1208.59071	 829.89786	        P1	
1133.68394	  12.37712	1214.98699	        P1	
1167.73229	1246.45015	1103.78479	        P1	
 914.26124	 169.63952	 498.35061	        P1	
1276.18259	 101.92932	 944.70387	        P1	
 315.26250	1071.71414	1179.46406	        P1	
 542.25149	  75.71892	 228.06749	        P1	
  29.00415	 481.25209	 885.49896	        P1	
 370.74870	 905.71494	  92.15369	        P1	
 426.23490	  71.35052	 172.46639	        P1	
 269.86470	 320.34933	 584.84121	        P1	
  40.35360	 907.17110	1280.88455	        P1	
 257.25420	 758.64550	 885.49896	        P1	
1073.15354	 712.77730	 849.97603	        P1	
1235.82899	1291.59031	 137.97308	        P1	
  18.91575	 915.17982	 728.99218	        P1	
  55.48620	 390.24373	 949.33730	        P1	
 918.04439	 950.85510	1077.01385	        P1	
 126.10500	 257.73561	 452.53116	        P1	
 634.30814	1105.93331	 349.56614	        P1	
1146.29444	1200.58195	 648.16468	        P1	
1095.85244	 261.37592	 770.17820	        P1	
 928.13279	1000.36362	 279.54997	        P1	
 320.30670	 387.33149	 905.57713	        P1	
 466.58849	 806.69790	 502.46917	        P1	
1233.30689	 701.85630	 522.54734	        P1	
 950.83169	 945.03054	 919.99227	        P1	
 756.62999	1041.13534	 975.59337	        P1	
 648.17969	 623.22510	 757.30753	        P1	
 501.89789	 643.61093	 425.76028	        P1	
  90.79560	1211.50295	1035.82789	        P1	
 614.13134	 351.65621	 977.65265	        P1	
 582.60509	 630.50573	 831.95720	        P1	
1025.23364	 629.77770	 267.70897	        P1	
 402.27495	 433.19969	 613.67136	        P1	
 319.04565	 427.37513	 498.35061	        P1	
 784.37309	 336.36681	  20.07817	        P1	
 925.61069	 793.59270	1095.54755	        P1	
1242.13424	 223.51649	  63.83828	        P1	
 639.35234	 811.79434	 930.80360	        P1	
 776.80679	 637.78641	1243.30234	        P1	
 456.50009	 729.52282	  98.84640	        P1	
1244.65634	 507.46249	 300.14295	        P1	
1139.98919	 646.52321	1254.11367	        P1	
 883.99604	1239.89755	 232.70091	        P1	
1155.12179	1207.13455	 833.50167	        P1	
 575.03879	 425.19093	 553.95171	        P1	
  61.79145	 958.86382	 810.84935	        P1	
 575.03879	 326.17389	 934.92215	        P1	
  20.17680	 161.63080	  80.31270	        P1	
 412.36335	1079.72291	 343.38825	        P1	
 901.65074	 676.37393	1167.10826	        P1	
 650.70179	 381.50693	 899.91410	        P1	
 254.73210	 720.78602	 475.69829	        P1	
 281.21415	 677.83010	1300.96272	        P1	
 749.06369	 327.63001	 613.15656	        P1	
1204.30274	 131.78008	 979.71193	        P1	
 973.53059	1290.13415	 796.43427	        P1	
1269.87734	1235.52915	 677.50970	        P1	
  36.57045	 248.27072	   4.11862	        P1	
1249.70054	 670.54941	 366.04057	        P1	
 960.92009	 958.13574	1085.25109	        P1	
 566.21144	 992.35490	  34.49325	        P1	
 606.56504	 259.91981	 722.81428	        P1	
1045.41044	 824.89954	 140.03242	        P1	
 218.16165	 139.06072	  42.73049	        P1	
 902.91179	  14.56132	 561.67408	        P1	
 786.89519	1227.52043	 617.78998	        P1	
 455.23904	 618.12861	 304.26157	        P1	
 585.12719	 730.97894	 765.54478	        P1	
 354.35505	 489.98889	 856.15393	        P1	
 465.32744	 302.14769	 843.79813	        P1	
 543.51254	 118.67488	 973.53403	        P1	
 548.55674	1005.46010	1103.26993	        P1	
1041.62729	 821.25922	 815.48278	        P1	
 372.00975	 388.05953	 733.11080	        P1	
 773.02364	 983.61810	 848.43156	        P1	
1132.42289	 819.80310	 879.32106	        P1	
   5.04420	  42.22788	 144.15098	        P1	
 600.25979	 149.98172	 419.58238	        P1	
 885.25709	 374.22629	  26.77088	        P1	
 974.79164	 893.33782	 129.73590	        P1	
 350.57190	 779.03134	 368.61471	        P1	
 479.19899	 342.19133	 170.92192	        P1	
 813.37724	 931.19730	1294.78482	        P1	
1068.10934	 597.74273	 635.80888	        P1	
1047.93254	1315.61651	 199.75207	        P1	
 731.40899	1182.38031	 910.21056	        P1	
1312.75304	 564.25169	1195.93842	        P1	
 457.76114	 708.40890	 911.75503	        P1	
1037.84414	 147.79752	 518.42878	        P1	
 931.91594	 294.86701	 792.31565	        P1	
1110.98504	 501.63793	  55.08629	        P1	
 950.83169	  40.77172	 702.22130	        P1	
 349.31085	 532.21673	 801.06770	        P1	
 216.90060	 605.75149	 984.34535	        P1	
 688.53329	 422.27869	 848.43156	        P1	
 459.02219	 288.31441	1206.23494	        P1	
1259.78894	 535.12901	 125.10247	        P1	
 876.42974	 141.97300	1088.85485	        P1	
  37.83150	 186.38509	 310.95427	        P1	
 166.45860	 728.06670	 570.42606	        P1	
 817.16039	  74.26280	 501.95436	        P1	
 692.31644	1057.88090	 139.51755	        P1	
1023.97259	 914.45174	 331.54731	        P1	
 166.45860	 487.80469	1072.38043	        P1	
 938.22119	1249.36243	1268.01394	        P1	
 862.55819	 451.40133	 912.26990	        P1	
 717.53744	 267.20049	1274.70665	        P1	
1145.03339	 285.40213	1060.53949	        P1	
 817.16039	 860.57482	 142.09170	        P1	
 337.96140	 701.85630	 843.79813	        P1	
 583.86614	 919.54822	 149.81407	        P1	
  55.48620	 464.50653	1265.95466	        P1	
 329.13405	 880.23262	 131.28037	        P1	
1074.41459	 629.04961	 531.29939	        P1	
 890.30129	 952.31122	 712.00296	        P1	
 465.32744	 720.05793	 207.98932	        P1	
 881.47394	 686.56690	1249.99505	        P1	
1157.64389	1212.95911	   3.60375	        P1	
 707.44904	 591.91821	 197.69279	        P1	
1006.31789	1078.99482	 815.48278	        P1	
 722.58164	 551.14649	 887.04343	        P1	
 266.08155	 305.05993	1006.48287	        P1	
 875.16869	 489.26081	1305.08134	        P1	
 324.08985	1254.45891	 516.36944	        P1	
1175.29859	 133.96428	1233.00582	        P1	
 435.06225	1190.38903	 990.00845	        P1	
  25.22100	 795.04882	1274.19184	        P1	
 614.13134	 503.09409	 609.03794	        P1	
 640.61339	 613.03213	 498.35061	        P1	
 651.96284	 894.79394	 654.34258	        P1	
  10.08840	1036.76694	 506.07298	        P1	
 308.95725	 176.92020	 637.86816	        P1	
1074.41459	 902.80270	 460.76834	        P1	
 708.71009	1316.34455	 135.39899	        P1	
 633.04709	 910.08334	 918.44780	        P1	
1155.12179	 301.41961	 168.34777	        P1	
 157.63125	1314.16035	 153.93269	        P1	
 145.02075	 242.44621	 308.89499	        P1	
 412.36335	1152.52954	 543.14038	        P1	
 200.50695	 720.05793	 875.20250	        P1	
 532.16309	1169.27511	 973.53403	        P1	
  89.53455	 803.05754	 356.25891	        P1	
 315.26250	1049.87214	 436.57161	        P1	
 239.59950	 416.45413	 845.85747	        P1	
1184.12594	 516.19929	 317.13217	        P1	
 295.08570	 646.52321	 617.78998	        P1	
 930.65489	 267.92852	 164.74402	        P1	
 953.35379	 908.62722	 383.02979	        P1	
1252.22264	1104.47714	 234.24539	        P1	
 628.00289	1062.97734	 646.62020	        P1	
1205.56379	 812.52242	 562.18889	        P1	
 684.75014	1204.95035	 609.55280	        P1	
 936.96014	 986.53034	 356.25891	        P1	
1240.87319	1172.18734	 201.81142	        P1	
1278.70469	 576.62881	 278.00549	        P1	
 457.76114	 708.40890	 261.53107	        P1	
1229.52374	 733.16313	   4.11862	        P1	
 944.52644	 446.30489	  76.19408	        P1	
 766.71839	 979.97774	 350.08101	        P1	
1257.26684	1196.21355	 345.44759	        P1	
 799.50569	1268.29215	 201.81142	        P1	
 539.72939	 200.94640	 477.24276	        P1	
1109.72399	 439.75229	 942.64453	        P1	
 327.87300	1100.83682	  67.95690	        P1	
 823.46564	1044.77570	 922.56636	        P1	
 726.36479	  37.85948	 181.21837	        P1	
 248.42685	 309.42833	1185.64196	        P1	
 300.12990	 977.06550	 317.13217	        P1	
1248.43949	1198.39775	 899.91410	        P1	
 881.47394	 606.47953	 728.47738	        P1	
 201.76800	 361.12109	1072.38043	        P1	
 216.90060	1019.29334	 337.72521	        P1	
 334.17825	 444.84873	 739.28870	        P1	
 590.17139	1083.36322	 205.41517	        P1	
 475.41584	  56.06112	 438.11608	        P1	
 197.98485	 210.41129	 922.56636	        P1	
 417.40755	1215.14331	1078.55833	        P1	
 349.31085	 737.53153	 313.01361	        P1	
 761.67419	1188.20483	 969.93027	        P1	
 235.81635	 973.42514	 864.39117	        P1	
 326.61195	  74.99088	 811.36416	        P1	
 446.41170	1215.87135	 987.94917	        P1	
 442.62855	 501.63793	 617.27518	        P1	
 482.98214	1049.14410	1175.86025	        P1	
   0.00000	 425.19093	 240.42329	        P1	
 537.20729	 364.03333	 240.42329	        P1	
 303.91305	 299.23541	1237.12444	        P1	
 728.88689	 899.89042	 230.12677	        P1	
 390.92550	 617.40053	 345.44759	        P1	
 403.53600	 806.69790	 805.18626	        P1	
 402.27495	1132.14371	 516.36944	        P1	
 103.40610	  40.77172	 992.58259	        P1	
1224.47954	1261.73955	 566.30751	        P1	
 325.35090	 147.06948	1033.76855	        P1	
 858.77504	 987.98650	 263.07555	        P1	
 934.43804	 848.19770	 479.30204	        P1	
 456.50009	  42.22788	 570.42606	        P1	
 732.67004	 112.85032	1123.86297	        P1	
 104.66715	 144.88528	 602.86004	        P1	
1041.62729	 506.73441	 877.26178	        P1	
  23.95995	 181.28860	 247.11599	        P1	
 930.65489	1109.57362	 421.64166	        P1	
 300.12990	1116.85431	1268.52875	        P1	
 158.89230	 358.20881	 273.37207	        P1	
 383.35920	 870.76774	 666.69838	        P1	
1148.81654	1069.52994	1171.74169	        P1	
 616.65344	 353.11233	 296.02439	        P1	
1179.08174	 326.90193	1117.68507	        P1	
