2019.00000	   0.00000	   0.00000	   0.00000	
1063.06514	 318.16513	 294.47991	        P1	
 600.25979	 659.62841	 829.38305	        P1	
 450.19484	 918.09210	 485.47994	        P1	
1142.51129	 350.92813	1216.53146	        P1	
 998.75159	 562.06749	 663.09456	        P1	
 808.33304	 356.02461	1255.65814	        P1	
 148.80390	 859.11870	 565.79264	        P1	
 923.08859	 199.49029	 805.18626	        P1	
 754.10789	 802.32950	1270.07322	        P1	
1262.31104	 923.91662	1206.23494	        P1	
 876.42974	1075.35451	 893.22133	        P1	
 184.11330	 180.56052	 152.38822	        P1	
 423.71280	 297.05121	 580.72258	        P1	
 644.39654	  54.60500	1125.92225	        P1	
 442.62855	 602.11113	 716.12158	        P1	
 766.71839	 406.26121	1008.54215	        P1	
  84.49035	  93.92060	1309.71477	        P1	
 501.89789	1077.53871	 706.33986	        P1	
 791.93939	 773.20682	  18.53370	        P1	
 519.55259	1147.43311	 188.94075	        P1	
1025.23364	 305.05993	1165.56379	        P1	
 890.30129	  82.99960	 254.83837	        P1	
1257.26684	1274.84475	 689.86550	        P1	
 682.22804	 766.65422	 809.30488	        P1	
1206.82484	1174.37154	1167.10826	        P1	
 416.14650	 953.76734	 240.42329	        P1	
1257.26684	 383.69113	1296.84416	        P1	
 508.20314	  82.27152	 487.53928	        P1	
 984.88004	  40.04368	  53.02695	        P1	
 257.25420	 209.68320	 569.91126	        P1	
  78.18510	 500.90989	 607.49346	        P1	
 389.66445	  57.51728	 460.76834	        P1	
 548.55674	1167.09091	 545.71447	        P1	
 408.58020	  43.68400	 934.40735	        P1	
  49.18095	 436.11193	 197.17799	        P1	
 549.81779	 375.68241	1162.98964	        P1	
1104.67979	1147.43311	1200.57185	        P1	
 456.50009	1169.27511	 293.96505	        P1	
1071.89249	  59.70148	 181.21837	        P1	
1256.00579	 208.22709	1300.96272	        P1	
 783.11204	1068.07382	  32.43397	        P1	
1162.68809	 582.45333	 745.46660	        P1	
1042.88834	 992.35490	  90.09435	        P1	
 229.51110	 930.46922	 475.69829	        P1	
  18.91575	1036.03890	1226.82792	        P1	
  80.70720	 262.10401	 784.59328	        P1	
 387.14235	 497.26953	 796.43427	        P1	
  26.48205	 307.97221	1241.75787	        P1	
 171.50280	 371.31401	 977.65265	        P1	
 171.50280	 235.89361	  55.60110	        P1	
 537.20729	 139.78880	 420.09719	        P1	
 757.89104	 725.88250	 256.89765	        P1	
 432.54015	 971.96902	 829.38305	        P1	
1206.82484	1119.03851	 607.49346	        P1	
 399.75285	1315.61651	1268.52875	        P1	
 655.74599	 961.04802	1008.54215	        P1	
 592.69349	 907.17110	 374.27774	        P1	
 733.93109	  91.73640	 322.79527	        P1	
1114.76819	 735.34734	 720.75500	        P1	
 511.98629	   1.45612	 302.20229	        P1	
1128.63974	 488.53273	 869.02460	        P1	
 269.86470	 377.13853	 110.68739	        P1	
 123.58290	 368.40173	1276.76599	        P1	
1153.86074	 666.18101	 755.24826	        P1	
 558.64514	 833.63634	 566.30751	        P1	
1252.22264	 396.79633	 623.45308	        P1	
 846.16454	 233.70941	1144.45594	        P1	
 728.88689	  90.28028	 133.33965	        P1	
1142.51129	 978.52162	1217.04627	        P1	
 860.03609	 349.47201	 847.91675	        P1	
 564.95039	  11.64908	 434.51227	        P1	
1089.54719	 899.89042	 990.00845	        P1	
 336.70035	 870.03970	1047.66883	        P1	
 525.85784	 404.07701	1105.84407	        P1	
 960.92009	 563.52361	1297.35897	        P1	
 580.08299	1253.73083	 364.49609	        P1	
 373.27080	 393.15601	 549.83309	        P1	
 397.23075	1267.56411	 403.62277	        P1	
 326.61195	 878.77650	 633.74954	        P1	
 788.15624	1172.91543	 223.94887	        P1	
 868.86344	1277.75703	 518.94359	        P1	
 622.95869	 426.64709	 663.09456	        P1	
 388.40340	  23.29812	 652.79810	        P1	
 619.17554	  92.46448	 473.12414	        P1	
 673.40069	 409.17349	1208.29422	        P1	
1127.37869	 304.33189	 267.70897	        P1	
1092.06929	 639.24253	1068.26187	        P1	
   7.56630	 639.24253	 228.06749	        P1	
 453.97799	 716.41762	1278.82527	        P1	
 628.00289	 152.89400	 366.04057	        P1	
 687.27224	1068.07382	 477.24276	        P1	
 800.76674	 730.25090	 378.91117	        P1	
1261.04999	1007.64430	  83.91645	        P1	
  66.83565	 465.23461	1173.80097	        P1	
 709.97114	 804.51370	1152.69312	        P1	
  59.26935	 453.58553	 492.17271	        P1	
 843.64244	1257.37115	 833.50167	        P1	
 569.99459	1013.46882	  88.03507	        P1	
1075.67564	1172.91543	1247.93577	        P1	
 788.15624	1213.68715	1278.31046	        P1	
1142.51129	 821.25922	 767.60405	        P1	
 237.07740	 562.06749	 541.08104	        P1	
 749.06369	 219.87612	 234.24539	        P1	
 968.48639	 917.36402	 520.48806	        P1	
 732.67004	 921.00434	1097.60689	        P1	
 944.52644	 961.77610	 341.84377	        P1	
 943.26539	 270.84081	 526.66596	        P1	
 902.91179	 728.06670	 959.63375	        P1	
 520.81364	 704.04050	 626.02716	        P1	
 224.46690	  62.61372	 269.76831	        P1	
 628.00289	 953.76734	 306.83571	        P1	
1133.68394	 619.58473	 702.22130	        P1	
 220.68375	 344.37553	 747.01108	        P1	
 428.75700	 837.27670	1064.65805	        P1	
  37.83150	  58.24532	 838.13510	        P1	
 535.94624	 651.61970	 168.86258	        P1	
 735.19214	1171.45931	 442.23464	        P1	
1307.70884	  61.88568	  82.37198	        P1	
1092.06929	 100.47320	  49.42320	        P1	
 668.35649	 294.13893	 238.87881	        P1	
 765.45734	 168.18340	 364.49609	        P1	
1283.74889	1316.34455	 485.99481	        P1	
 663.31229	 163.08692	1159.38589	        P1	
1005.05684	 357.48073	 955.51520	        P1	
 219.42270	1218.78363	1093.48827	        P1	
 877.69079	 650.89161	 376.85189	        P1	
 607.82609	 451.40133	 394.87079	        P1	
1155.12179	 246.08652	 499.89508	        P1	
 913.00019	 157.26240	 996.18635	        P1	
 417.40755	1184.56451	 670.81694	        P1	
  90.79560	1044.04762	 884.98415	        P1	
  50.44200	1249.36243	1179.97887	        P1	
1203.04169	 144.15720	 112.74667	        P1	
1237.09004	1105.93331	1305.59615	        P1	
 617.91449	 269.38469	 800.55283	        P1	
 807.07199	 652.34773	 876.74697	        P1	
 417.40755	 935.56570	 601.31556	        P1	
1248.43949	 301.41961	 736.71456	        P1	
 283.73625	 670.54941	 673.39108	        P1	
 798.24464	 415.72609	 811.36416	        P1	
 645.65759	  46.59628	 397.44487	        P1	
 150.06495	1092.82811	   8.23718	        P1	
 848.68664	 776.84714	1303.02206	        P1	
 334.17825	   9.46488	   3.60375	        P1	
1071.89249	 372.77013	1258.23229	        P1	
1109.72399	 813.97854	 479.81691	        P1	
 493.07054	 181.28860	1002.36425	        P1	
 784.37309	 696.03173	 438.11608	        P1	
 326.61195	1024.38982	 642.50158	        P1	
 504.41999	1192.57323	 217.77097	        P1	
1030.27784	 386.60341	1064.14325	        P1	
 732.67004	 412.81381	1241.75787	        P1	
  37.83150	 333.45453	  61.26419	        P1	
 920.56649	1014.92494	 852.03537	        P1	
 896.60654	 772.47874	1085.25109	        P1	
 132.41025	 990.89874	 135.39899	        P1	
1268.61629	 811.06630	1101.72545	        P1	
 132.41025	 870.03970	 454.59044	        P1	
 190.41855	 824.89954	 326.91389	        P1	
 948.30959	 182.01669	1084.73623	        P1	
1288.79309	1188.20483	 804.67145	        P1	
1172.77649	 160.17469	1202.11632	        P1	
  63.05250	1057.15282	1000.81977	        P1	
 740.23634	 236.62169	1138.79285	        P1	
 470.37164	 607.93569	 880.86553	        P1	
1150.07759	  20.38588	 298.59847	        P1	
 791.93939	1148.88923	 532.84386	        P1	
 527.11889	 417.91029	1046.12435	        P1	
1171.51544	 431.74353	 166.28849	        P1	
 858.77504	1299.59903	 897.33995	        P1	
 726.36479	 816.89082	 537.47729	        P1	
1250.96159	1208.59071	 175.04047	        P1	
 378.31500	 949.39894	 530.78458	        P1	
 674.66174	1028.75822	  24.71160	        P1	
 839.85929	 262.10401	1002.36425	        P1	
 634.30814	 412.81381	 990.00845	        P1	
 340.48350	 700.40013	  35.00812	        P1	
1180.34279	 771.75070	 440.69017	        P1	
  94.57875	  38.58752	 140.03242	        P1	
 295.08570	 929.01310	1132.61495	        P1	
 522.07469	1172.18734	 901.45857	        P1	
 876.42974	 168.18340	1119.74435	        P1	
1108.46294	 533.67289	 714.06224	        P1	
 752.84684	 141.97300	 710.45848	        P1	
 755.36894	  34.21912	 757.82240	        P1	
1081.98089	  81.54348	1175.86025	        P1	
1316.53619	1237.71335	 757.82240	        P1	
 543.51254	 712.77730	 571.97054	        P1	
 442.62855	 721.51410	1220.65002	        P1	
 638.09129	 490.71693	 164.74402	        P1	
 751.58579	 991.62682	 722.81428	        P1	
1146.29444	1103.02102	1200.05704	        P1	
1113.50714	 479.79593	1128.49639	        P1	
 474.15479	 851.83802	 926.68498	        P1	
 380.83710	1035.31082	 166.80330	        P1	
 842.38139	 253.36721	1031.70927	        P1	
 923.08859	 962.50414	 172.46639	        P1	
 776.80679	 926.10082	 463.34249	        P1	
 596.47664	 565.70781	  92.66850	        P1	
 510.72524	 160.90272	1191.81986	        P1	
1170.25439	 135.42040	 210.04859	        P1	
 841.12034	1137.96823	 495.77646	        P1	
 448.93379	 754.27710	 823.71996	        P1	
 426.23490	 345.10361	 841.73885	        P1	
 925.61069	1192.57323	1309.71477	        P1	
1208.08589	 104.84160	 606.97866	        P1	
 923.08859	 901.34654	1191.81986	        P1	
 143.75970	 961.04802	  63.32347	        P1	
 635.56919	 350.92813	 258.95699	        P1	
1074.41459	 680.01430	 193.57417	        P1	
 283.73625	1040.40730	 477.75757	        P1	
1315.27514	 286.13021	 883.43968	        P1	
 707.44904	 382.23501	1006.99767	        P1	
 910.47809	 439.75229	 718.69566	        P1	
 907.95599	 901.34654	 277.49069	        P1	
1182.86489	 477.61173	 401.04869	        P1	
 264.82050	 404.80509	 533.35867	        P1	
1192.95329	1054.24054	 733.11080	        P1	
 895.34549	 870.76774	1074.43977	        P1	
 578.82194	 912.26754	 615.73070	        P1	
 923.08859	1071.71414	 924.62570	        P1	
1276.18259	 677.10202	 464.88696	        P1	
 189.15750	 765.92614	 450.47188	        P1	
 518.29154	  82.27152	 306.83571	        P1	
1008.83999	  52.42080	 790.77118	        P1	
  89.53455	1143.79274	 597.19701	        P1	
 438.84540	1046.95990	 145.69545	        P1	
1208.08589	 828.53990	1300.96272	        P1	
 503.15894	 331.27033	1165.56379	        P1	
 108.45030	1191.11711	 856.15393	        P1	
 484.24319	 680.01430	1256.17295	        P1	
 488.02634	 753.54902	 648.67948	        P1	
 450.19484	 503.09409	 917.93293	        P1	
 150.06495	 465.23461	1162.98964	        P1	
 457.76114	1126.31914	1043.55027	        P1	
  69.35775	 223.51649	1225.28345	        P1	
 546.03464	1143.79274	 110.68739	        P1	
1277.44364	 798.68914	1239.69859	        P1	
 370.74870	 856.20642	 798.49355	        P1	
 471.63269	 321.80549	 819.08653	        P1	
 122.32185	 913.72370	   3.60375	        P1	
 264.82050	1246.45015	 689.86550	        P1	
1075.67564	 270.11272	 858.21327	        P1	
1189.17014	 277.39341	 662.57976	        P1	
 581.34404	 393.88409	 916.38846	        P1	
1266.09419	 483.43629	1226.82792	        P1	
 249.68790	  36.40332	 665.15390	        P1	
 793.20044	1266.10795	 238.87881	        P1	
 659.52914	1110.30171	 553.43684	        P1	
1087.02509	 161.63080	 858.72808	        P1	
 452.71694	 995.26714	1196.45329	        P1	
1160.16599	 688.75110	1294.78482	        P1	
 291.30255	1199.12583	 946.76315	        P1	
 953.35379	  17.47360	 630.14578	        P1	
 848.68664	 785.58394	 265.13489	        P1	
 520.81364	 361.84913	1313.83339	        P1	
 511.98629	 414.99801	 525.12149	        P1	
1285.00994	 674.91781	 105.02430	        P1	
 394.70865	 958.86382	1311.25924	        P1	
1060.54304	1036.03890	 689.35064	        P1	
 305.17410	 174.73600	 302.71709	        P1	
1078.19774	1171.45931	 738.77383	        P1	
 576.29984	 756.46130	  65.38275	        P1	
  17.65470	 615.94441	 321.25079	        P1	
1264.83314	 377.86661	 630.14578	        P1	
 575.03879	 315.98093	 184.82219	        P1	
 353.09400	 420.82253	  92.15369	        P1	
 368.22660	1145.97694	  24.19679	        P1	
1253.48369	 473.24333	  98.33159	        P1	
 356.87715	1229.70463	 438.63089	        P1	
 211.85640	 471.78721	 932.86288	        P1	
1175.29859	 878.04842	  44.78977	        P1	
 620.43659	 209.68320	 378.39637	        P1	
1261.04999	1178.01191	 249.17527	        P1	
 475.41584	 971.96902	1142.91147	        P1	
 557.38409	1167.81894	 141.57689	        P1	
 382.09815	  63.34180	 415.46376	        P1	
 562.42829	 149.98172	1116.14059	        P1	
1158.90494	1033.12662	1050.24297	        P1	
1047.93254	 795.77690	 137.97308	        P1	
1069.37039	 592.64629	 213.65235	        P1	
 971.00849	1096.46842	  32.43397	        P1	
 433.80120	  82.99960	 353.68477	        P1	
 235.81635	1121.95074	 302.20229	        P1	
1301.40359	 403.34893	 696.04340	        P1	
 918.04439	 905.71494	 524.60668	        P1	
 197.98485	1202.03811	 273.88687	        P1	
 145.02075	 109.93808	 361.92194	        P1	
 479.19899	 211.13932	 665.15390	        P1	
 699.88274	 551.14649	 170.40705	        P1	
 152.58705	 406.98929	 564.24816	        P1	
1092.06929	 837.27670	  46.84905	        P1	
 292.56360	 339.27909	1157.32655	        P1	
1200.51959	 413.54189	 726.41804	        P1	
 597.73769	1006.18814	 980.22680	        P1	
 920.56649	 480.52401	 203.87069	        P1	
 900.38969	 649.43550	 385.08907	        P1	
1083.24194	  50.23660	1019.35347	        P1	
 204.29010	 537.31321	1050.24297	        P1	
 433.80120	 706.22470	 780.47466	        P1	
 765.45734	 708.40890	  46.84905	        P1	
 116.01660	 661.08453	 485.99481	        P1	
 805.81094	1269.02023	  94.21297	        P1	
 587.64929	1176.55574	1111.50717	        P1	
 206.81220	 988.71454	 969.41547	        P1	
 194.20170	 637.78641	1082.67695	        P1	
 522.07469	 457.22589	 812.90863	        P1	
 460.28324	1095.74034	 759.36688	        P1	
1016.40629	  72.80668	 615.21584	        P1	
 633.04709	 512.55893	 733.11080	        P1	
 283.73625	 733.16313	 418.03791	        P1	
 933.17699	1112.48591	 170.40705	        P1	
 732.67004	 664.72490	 337.21035	        P1	
1123.59554	 986.53034	 819.60140	        P1	
 766.71839	1090.64391	 656.91666	        P1	
 350.57190	 474.69949	1052.30225	        P1	
 301.39095	 695.30370	 385.08907	        P1	
1103.41874	 318.16513	 430.39371	        P1	
 667.09544	  29.85072	 313.01361	        P1	
 475.41584	 670.54941	1193.87914	        P1	
 527.11889	 978.52162	 728.99218	        P1	
 215.63955	1098.65262	 384.57426	        P1	
  51.70305	 549.69033	1303.02206	        P1	
 361.92135	1047.68794	 195.63352	        P1	
 484.24319	1282.85351	 386.63354	        P1	
 105.92820	 749.90870	 998.24563	        P1	
 398.49180	 224.24452	1252.05439	        P1	
 351.83295	 216.23580	 815.48278	        P1	
1150.07759	 688.75110	 904.03266	        P1	
1179.08174	1175.82771	 133.33965	        P1	
1276.18259	 154.35012	 362.43681	        P1	
 379.57605	 513.28701	  61.77900	        P1	
 726.36479	 487.80469	 293.96505	        P1	
1039.10519	 183.47280	 242.48257	        P1	
1134.94499	 675.64590	 349.56614	        P1	
 232.03320	 583.90949	1237.63925	        P1	
 687.27224	  58.97340	 698.10268	        P1	
 735.19214	 871.49582	 335.15107	        P1	
1189.17014	1165.63474	 844.31300	        P1	
 825.98774	  67.71020	 339.78449	        P1	
 273.64785	 584.63753	 320.73599	        P1	
 857.51399	 866.39934	  65.89762	        P1	
   1.26105	1056.42474	  92.15369	        P1	
 138.71550	 340.73521	 767.60405	        P1	
1180.34279	  37.85948	 613.67136	        P1	
  90.79560	1001.81974	1099.15137	        P1	
 171.50280	1272.66055	 598.74148	        P1	
 220.68375	  13.83328	 683.17274	        P1	
 107.18925	1098.65262	 866.45045	        P1	
 341.74455	 935.56570	1027.59065	        P1	
 109.71135	 670.54941	 593.07838	        P1	
 746.54159	 403.34893	 191.00009	        P1	
 712.49324	1105.93331	 731.05146	        P1	
 698.62169	1250.81855	 714.57710	        P1	
  95.83980	 693.11950	 385.08907	        P1	
 868.86344	 357.48073	  16.47442	        P1	
1034.06099	1243.53791	1097.09203	        P1	
 573.77774	 757.91742	 488.05409	        P1	
 732.67004	 690.93530	 979.71193	        P1	
 899.12864	 545.32193	 739.28870	        P1	
 591.43244	  76.44700	 654.85738	        P1	
 902.91179	1061.52122	 452.53116	        P1	
 540.99044	 380.77889	 701.70644	        P1	
 740.23634	 423.00673	 986.40470	        P1	
 307.69620	 573.71653	 475.18348	        P1	
  22.69890	 808.15402	 699.64716	        P1	
 836.07614	1177.28383	1019.35347	        P1	
 708.71009	 265.01629	 224.46367	        P1	
 479.19899	 547.50613	 333.09179	        P1	
 784.37309	 160.17469	 199.75207	        P1	
  47.91990	 636.33030	 514.82497	        P1	
 976.05269	1060.06510	 737.22936	        P1	
 736.45319	 700.40013	1079.07319	        P1	
  61.79145	 915.17982	1305.08134	        P1	
 341.74455	1121.95074	  41.18602	        P1	
1218.17429	1000.36362	 976.10817	        P1	
 672.13964	 705.49662	 273.37207	        P1	
 477.93794	 725.88250	 879.32106	        P1	
 254.73210	 435.38389	 250.71975	        P1	
 383.35920	 525.66413	1086.79557	        P1	
  25.22100	 864.94322	 704.28058	        P1	
 846.16454	1011.28462	1008.54215	        P1	
1295.09834	 262.83209	 990.52325	        P1	
 708.71009	1065.88962	1297.35897	        P1	
 849.94769	1012.01270	  22.13745	        P1	
1073.15354	 406.98929	 354.19957	        P1	
 930.65489	 962.50414	1247.42096	        P1	
1256.00579	 149.98172	 133.85452	        P1	
 954.61484	1063.70542	 878.80625	        P1	
 528.37994	1114.67011	 856.15393	        P1	
1210.60799	1274.11671	1214.47212	        P1	
 591.43244	 197.30609	 930.28873	        P1	
 931.91594	 725.88250	1169.68235	        P1	
 761.67419	1019.29334	  78.25342	        P1	
 651.96284	 574.44461	 432.45299	        P1	
 232.03320	1277.02895	  35.00812	        P1	
 717.53744	 508.91861	1062.59877	        P1	
 373.27080	 315.98093	 326.91389	        P1	
 694.83854	1030.21434	 549.31828	        P1	
 883.99604	 915.17982	1033.25375	        P1	
1165.21019	1089.18774	 492.17271	        P1	
 862.55819	1307.60775	 516.88431	        P1	
 936.96014	1043.31954	1147.03009	        P1	
1181.60384	1037.49502	 568.36679	        P1	
 330.39510	 825.62762	1175.34544	        P1	
1225.74059	 374.22629	  45.30458	        P1	
1229.52374	 291.95473	 666.69838	        P1	
 427.49595	 239.53392	 992.58259	        P1	
 378.31500	 155.80628	 349.56614	        P1	
 190.41855	 405.53313	 986.40470	        P1	
  26.48205	  77.90312	 376.33709	        P1	
 885.25709	  72.80668	 242.99737	        P1	
 298.86885	 893.33782	 580.72258	        P1	
  50.44200	 805.24174	 127.67662	        P1	
1073.15354	 621.04089	 910.21056	        P1	
 755.36894	1242.80983	 656.40186	        P1	
 532.16309	 208.22709	  26.77088	        P1	
 430.01805	 179.83249	1146.51522	        P1	
 615.39239	 246.08652	1072.89529	        P1	
1293.83729	1074.62642	 891.16205	        P1	
 745.28054	1136.51211	 899.39923	        P1	
 674.66174	 501.63793	 919.99227	        P1	
1073.15354	 725.88250	 360.37747	        P1	
 789.41729	 356.75269	 150.32888	        P1	
 853.73084	 963.23222	 940.58525	        P1	
 218.16165	 902.07462	 242.48257	        P1	
 703.66589	1080.45094	1080.61767	        P1	
 809.59409	 490.71693	 856.66880	        P1	
 278.69205	 574.44461	 335.15107	        P1	
 735.19214	 409.90153	 232.70091	        P1	
  32.78730	 783.39974	1259.77676	        P1	
 896.60654	1244.26595	 918.44780	        P1	
 203.02905	 147.79752	1000.30497	        P1	
  32.78730	 822.71534	 672.87628	        P1	
1124.85659	1055.69670	1016.77933	        P1	
 836.07614	 118.67488	   8.23718	        P1	
1142.51129	 793.59270	 866.96526	        P1	
 168.98070	1314.88843	1224.76864	        P1	
1059.28199	 684.38270	 158.05125	        P1	
1065.58724	  95.37672	 258.95699	        P1	
1310.23094	 204.58672	 801.06770	        P1	
 158.89230	 786.31202	 883.43968	        P1	
 365.70450	 639.24253	 160.11059	        P1	
 157.63125	1212.23103	 290.36129	        P1	
1136.20604	1162.72251	 718.69566	        P1	
 361.92135	1283.58155	 288.30201	        P1	
 510.72524	1153.98571	 738.77383	        P1	
 882.73499	 904.25882	1278.82527	        P1	
 166.45860	1009.10042	 613.15656	        P1	
1010.10104	1031.67050	 453.04597	        P1	
 503.15894	1072.44222	 895.79548	        P1	
 798.24464	1223.88011	 144.15098	        P1	
 974.79164	 255.55141	 735.17008	        P1	
 398.49180	 321.80549	 434.51227	        P1	
 761.67419	1134.32791	 718.69566	        P1	
 897.86759	1236.25723	 860.27255	        P1	
1191.69224	 356.02461	1062.59877	        P1	
  58.00830	 808.15402	 253.29389	        P1	
 600.25979	 145.61332	1247.42096	        P1	
  35.30940	 282.48989	 361.92194	        P1	
1205.56379	 426.64709	 113.26148	        P1	
 156.37020	1092.10002	 996.18635	        P1	
  26.48205	 657.44421	 631.69026	        P1	
 767.97944	 414.26993	 899.91410	        P1	
1267.35524	 284.67409	 131.79518	        P1	
 459.02219	 155.80628	 193.57417	        P1	
 836.07614	 309.42833	1208.80909	        P1	
 896.60654	1234.07303	1093.48827	        P1	
  93.31770	 879.50454	1301.47759	        P1	
1113.50714	  44.41208	 700.16196	        P1	
 794.46149	 149.98172	 869.02460	        P1	
 987.40214	 773.93490	 985.88983	        P1	
 649.44074	 264.28821	 792.31565	        P1	
 866.34134	1063.70542	 358.31819	        P1	
 882.73499	1189.66095	1086.79557	        P1	
 486.76529	 209.68320	 704.28058	        P1	
1247.17844	 730.25090	 434.51227	        P1	
 331.65615	1037.49502	 815.48278	        P1	
1273.66049	 327.63001	 741.34798	        P1	
 875.16869	1013.46882	 976.10817	        P1	
 639.35234	 589.00593	 807.24560	        P1	
 182.85225	 192.93769	 459.22387	        P1	
1081.98089	 821.25922	   0.00000	        P1	
  98.36190	1279.94123	 401.56349	        P1	
1268.61629	1199.85391	 144.15098	        P1	
   1.26105	1232.61691	 571.97054	        P1	
1085.76404	 676.37393	1055.90607	        P1	
 732.67004	 388.05953	 561.67408	        P1	
 355.61610	1137.24014	1214.98699	        P1	
 282.47520	 687.29493	 770.17820	        P1	
 421.19070	 499.45373	 876.74697	        P1	
1243.39529	  75.71892	1264.41019	        P1	
1242.13424	 494.35729	  70.01618	        P1	
 156.37020	 177.64829	 318.67665	        P1	
 129.88815	 986.53034	 141.57689	        P1	
 316.52355	 278.84952	1214.98699	        P1	
1066.84829	 234.43749	1120.25915	        P1	
  78.18510	1148.88923	 481.87619	        P1	
1005.05684	  40.04368	 145.69545	        P1	
 926.87174	 334.18261	 834.01648	        P1	
1167.73229	 968.32870	 391.26697	        P1	
 744.01949	 620.31281	1045.60955	        P1	
   0.00000	 163.08692	 943.15940	        P1	
  41.61465	 842.37314	 765.54478	        P1	
 616.65344	 907.89914	 784.07847	        P1	
1192.95329	 883.87294	 987.94917	        P1	
   2.52210	 272.29692	 740.83318	        P1	
 392.18655	1015.65302	 983.83055	        P1	
 418.66860	 832.90830	1280.88455	        P1	
 691.05539	1119.76654	 967.87100	        P1	
 577.56089	 809.61014	1097.60689	        P1	
 354.35505	 172.55180	1124.37777	        P1	
 474.15479	1137.24014	 376.33709	        P1	
 819.68249	 164.54309	1307.14062	        P1	
1093.33034	 243.90232	 265.13489	        P1	
 727.62584	1219.51171	1090.91413	        P1	
 138.71550	1154.71374	1265.95466	        P1	
 902.91179	 885.32910	 916.38846	        P1	
1124.85659	1199.85391	 576.60396	        P1	
 239.59950	 294.13893	 856.66880	        P1	
 728.88689	  55.33308	  39.12668	        P1	
 791.93939	1134.32791	1287.06245	        P1	
 440.10645	1187.47674	  24.19679	        P1	
1126.11764	 669.09330	 712.51776	        P1	
 229.51110	  36.40332	 535.41801	        P1	
 783.11204	  96.83288	 615.21584	        P1	
 298.86885	 539.49741	 240.93809	        P1	
 892.82339	 674.18973	1259.77676	        P1	
 738.97529	1138.69631	 442.23464	        P1	
1020.18944	1108.84554	 777.90058	        P1	
1253.48369	 687.29493	 722.29948	        P1	
 464.06639	 815.43470	 656.91666	        P1	
 315.26250	 100.47320	  94.21297	        P1	
  54.22515	1245.72211	 774.29676	        P1	
 699.88274	 389.51569	 613.67136	        P1	
 387.14235	 133.23620	 172.98120	        P1	
 686.01119	  91.73640	 593.07838	        P1	
1079.45879	 575.17269	 738.77383	        P1	
 181.59120	1147.43311	1066.20253	        P1	
 308.95725	1271.93251	 650.73876	        P1	
 361.92135	 230.79712	 998.76049	        P1	
 717.53744	1151.07343	 872.62835	        P1	
 431.27910	 331.99841	1074.95457	        P1	
 123.58290	 495.08533	 561.67408	        P1	
 156.37020	 464.50653	 635.80888	        P1	
 650.70179	 243.17429	 349.56614	        P1	
1210.60799	  82.99960	1210.86837	        P1	
 511.98629	 640.69870	1243.81715	        P1	
  63.05250	1106.66134	 147.75479	        P1	
1277.44364	 290.49861	1206.23494	        P1	
 590.17139	 981.43390	 979.71193	        P1	
 194.20170	 786.31202	 971.47475	        P1	
1153.86074	   2.18420	 901.97338	        P1	
 218.16165	 976.33742	 693.46926	        P1	
1256.00579	 631.96190	 621.39374	        P1	
 520.81364	 366.21753	 994.12707	        P1	
 364.44345	 147.79752	 864.39117	        P1	
 315.26250	 406.26121	1285.00317	        P1	
 421.19070	 832.90830	 193.57417	        P1	
 831.03194	 781.21554	1159.38589	        P1	
1316.53619	 838.73282	 333.60659	        P1	
 123.58290	 471.78721	  13.90027	        P1	
1166.47124	 415.72609	 849.97603	        P1	
 291.30255	1273.38863	 148.26960	        P1	
1292.57624	  35.67528	  46.84905	        P1	
 727.62584	 623.95313	 889.10277	        P1	
 428.75700	 209.68320	 199.23727	        P1	
 121.06080	 355.29653	1142.39667	        P1	
 799.50569	 875.13614	 980.22680	        P1	
 278.69205	 356.02461	1064.14325	        P1	
 186.63540	 196.57800	 370.67399	        P1	
 566.21144	1228.24851	 175.04047	        P1	
1259.78894	 746.26834	 629.63098	        P1	
 276.16995	1165.63474	 510.70641	        P1	
1225.74059	 713.50533	 363.98129	        P1	
1071.89249	1301.78323	1261.83604	        P1	
 123.58290	1161.99443	 278.00549	        P1	
 235.81635	1274.84475	 901.45857	        P1	
 853.73084	1311.24811	 992.06773	        P1	
 369.48765	 752.09290	1171.22682	        P1	
1239.61214	 626.86541	1101.21065	        P1	
 885.25709	 157.26240	1031.70927	        P1	
 320.30670	   2.91228	1134.15942	        P1	
 430.01805	 931.19730	 669.27246	        P1	
 530.90204	  91.00832	1054.36159	        P1	
1126.11764	1139.42434	1210.35356	        P1	
 737.71424	  67.71020	  50.96767	        P1	
 331.65615	 527.84833	 115.32082	        P1	
 152.58705	 821.98730	  51.48248	        P1	
1310.23094	  57.51728	 446.86807	        P1	
 175.28595	1305.42355	 172.46639	        P1	
 210.59535	 836.54862	 389.20769	        P1	
  39.09255	 294.86701	 586.90048	        P1	
  42.87570	1154.71374	 833.50167	        P1	
1221.95744	  64.79792	 282.12411	        P1	
 390.92550	1103.74911	 712.51776	        P1	
 229.51110	 308.70029	 683.17274	        P1	
 408.58020	 107.75388	 378.91117	        P1	
 366.96555	 322.53353	1128.49639	        P1	
 889.04024	 226.42872	 251.23461	        P1	
1211.86904	 937.02182	 736.71456	        P1	
 881.47394	 765.19810	 502.46917	        P1	
 209.33430	 784.85590	 615.21584	        P1	
 112.23345	 655.98810	 792.83046	        P1	
  10.08840	 901.34654	 479.81691	        P1	
 392.18655	 756.46130	 755.76306	        P1	
 482.98214	 476.88369	1274.70665	        P1	
 146.28180	1032.39854	 771.72268	        P1	
 547.29569	 147.06948	 133.33965	        P1	
 355.61610	1295.95871	1095.54755	        P1	
1272.39944	 168.18340	 691.92478	        P1	
1121.07344	 746.26834	  48.90839	        P1	
 249.68790	 604.29533	 751.64450	        P1	
 774.28469	1153.25763	 630.14578	        P1	
 767.97944	 919.54822	  50.96767	        P1	
 711.23219	1183.83643	  57.14557	        P1	
 755.36894	 104.11352	 770.17820	        P1	
 387.14235	1161.26634	1091.42899	        P1	
 878.95184	1206.40651	 397.44487	        P1	
 659.52914	 651.61970	 164.22915	        P1	
 102.14505	 663.26873	1171.74169	        P1	
 340.48350	 966.87254	 739.28870	        P1	
 493.07054	1239.89755	  61.26419	        P1	
 100.88400	 170.36760	  43.24530	        P1	
 728.88689	1060.06510	1070.83595	        P1	
 876.42974	 870.03970	 409.80067	        P1	
1141.25024	1124.86302	 796.94908	        P1	
1168.99334	 198.76220	1223.22417	        P1	
 413.62440	1285.76575	 930.80360	        P1	
 462.80534	1070.98610	 409.80067	        P1	
1076.93669	 490.71693	1222.70936	        P1	
 215.63955	 835.09250	 341.84377	        P1	
 105.92820	 340.73521	 247.11599	        P1	
  75.66300	 630.50573	1130.04087	        P1	
1235.82899	1093.55614	1117.68507	        P1	
 704.92694	 200.21832	 611.09728	        P1	
1269.87734	 337.09489	 879.32106	        P1	
 253.47105	 667.63713	 308.38019	        P1	
 305.17410	 499.45373	 646.62020	        P1	
1303.92569	  90.28028	  28.31535	        P1	
1288.79309	 599.92693	1228.88726	        P1	
 316.52355	 575.90073	1204.17566	        P1	
1087.02509	 473.24333	 110.68739	        P1	
 247.16580	1013.46882	 593.07838	        P1	
 877.69079	   0.00000	 877.26178	        P1	
 527.11889	 281.03373	 382.51499	        P1	
1070.63144	 434.65581	 211.59307	        P1	
 930.65489	1001.81974	 733.11080	        P1	
 428.75700	1154.71374	1035.82789	        P1	
 989.92424	1065.16154	 796.43427	        P1	
 914.26124	 907.89914	 893.73620	        P1	
 374.53185	 907.89914	1208.80909	        P1	
 395.96970	 337.82293	 844.31300	        P1	
 902.91179	 538.76933	 516.88431	        P1	
1242.13424	 619.58473	 788.71190	        P1	
 515.76944	 511.83089	 695.52854	        P1	
 344.26665	 708.40890	 922.56636	        P1	
 566.21144	   0.72808	 786.65256	        P1	
 153.84810	  52.42080	  63.32347	        P1	
 145.02075	1043.31954	  79.79789	        P1	
 571.25564	 302.14769	 693.98406	        P1	
 200.50695	1302.51131	 403.62277	        P1	
 767.97944	 503.09409	 496.29127	        P1	
 677.18384	 363.30529	 477.75757	        P1	
 476.67689	  87.36800	 328.97317	        P1	
 760.41314	 473.97141	1268.01394	        P1	
 568.73354	 254.09529	 996.70115	        P1	
 601.52084	1030.21434	 734.65528	        P1	
  29.00415	 923.91662	 427.81956	        P1	
1150.07759	1116.85431	 843.79813	        P1	
 139.97655	1015.65302	 796.94908	        P1	
1002.53474	 522.02381	1149.08937	        P1	
 185.37435	 232.25329	 596.68214	        P1	
 562.42829	 615.94441	 945.21868	        P1	
 969.74744	 235.16552	 950.88177	        P1	
 896.60654	  72.07860	 253.29389	        P1	
 910.47809	 966.87254	  16.47442	        P1	
 218.16165	 651.61970	1109.44782	        P1	
1045.41044	1270.47635	1272.13256	        P1	
 947.04854	1005.46010	 769.66333	        P1	
 336.70035	  42.95592	 987.94917	        P1	
 380.83710	 965.41642	 421.64166	        P1	
  97.10085	 679.28622	 668.75766	        P1	
 877.69079	 297.05121	1074.95457	        P1	
 645.65759	1231.88883	 174.52567	        P1	
 255.99315	  34.21912	 232.70091	        P1	
 897.86759	 621.76893	 777.90058	        P1	
 257.25420	 933.38150	1214.47212	        P1	
 438.84540	 934.83762	 389.20769	        P1	
 479.19899	 981.43390	1058.48015	        P1	
 660.79019	1052.78442	 798.49355	        P1	
 943.26539	 147.06948	 434.51227	        P1	
 370.74870	  58.24532	 350.08101	        P1	
1300.14254	 717.14570	 737.22936	        P1	
  92.05665	1073.89834	 864.39117	        P1	
 583.86614	 648.70741	 265.64969	        P1	
 944.52644	1041.86342	 236.30467	        P1	
1000.01264	1052.05634	 234.24539	        P1	
 813.37724	  50.23660	1050.24297	        P1	
 978.57479	1194.02935	  61.26419	        P1	
 798.24464	1299.59903	 168.34777	        P1	
1002.53474	1315.61651	1163.50445	        P1	
 422.45175	 316.70901	1155.26727	        P1	
 974.79164	1296.68675	 363.98129	        P1	
1203.04169	 401.89281	 884.98415	        P1	
1158.90494	 323.98969	 751.12963	        P1	
 281.21415	1287.94995	1136.21877	        P1	
 146.28180	1042.59150	 496.29127	        P1	
 419.92965	1318.52875	 591.01911	        P1	
 372.00975	 750.63674	 263.59041	        P1	
 617.91449	 336.36681	1144.45594	        P1	
 171.50280	 192.20960	 469.52039	        P1	
 602.78189	1182.38031	 207.47445	        P1	
1020.18944	 794.32074	1148.57457	        P1	
 208.07325	 639.97061	 698.10268	        P1	
1254.74474	 340.00713	 485.99481	        P1	
 839.85929	 783.39974	1282.94389	        P1	
 687.27224	1270.47635	 807.24560	        P1	
 443.88960	  40.77172	1241.24306	        P1	
 186.63540	 112.12228	 837.62023	        P1	
 355.61610	 206.77092	 467.46111	        P1	
 688.53329	 234.43749	  59.20485	        P1	
 421.19070	 959.59190	 386.63354	        P1	
 414.88545	 757.91742	1218.59074	        P1	
 548.55674	  80.81540	1243.30234	        P1	
 831.03194	1245.72211	 800.55283	        P1	
1088.28614	1085.54742	1186.15677	        P1	
1269.87734	 836.54862	 705.82506	        P1	
 728.88689	 445.57681	 716.63638	        P1	
 993.70739	1000.36362	1125.92225	        P1	
 959.65904	 637.05833	 166.28849	        P1	
 124.84395	 322.53353	 104.50949	        P1	
1127.37869	1013.46882	1119.74435	        P1	
1288.79309	1295.95871	  39.12668	        P1	
 567.47249	 214.05160	1130.55567	        P1	
 228.25005	1250.09051	 176.58495	        P1	
1243.39529	 615.94441	 939.04078	        P1	
 939.48224	1148.16114	 697.58788	        P1	
1078.19774	 350.20009	 514.82497	        P1	
 567.47249	1317.80071	 429.87884	        P1	
 842.38139	 109.21000	 871.08388	        P1	
1224.47954	 174.00792	 907.63647	        P1	
  47.91990	 388.78761	 242.48257	        P1	
 562.42829	 895.52202	 481.87619	        P1	
  37.83150	1236.25723	 501.95436	        P1	
1187.90909	 672.73361	 203.87069	        P1	
 128.62710	 457.22589	 108.62805	        P1	
 708.71009	 551.87453	 641.98678	        P1	
1021.45049	  59.70148	1022.95723	        P1	
 486.76529	1129.95951	1157.32655	        P1	
1005.05684	 443.39261	1027.07585	        P1	
1016.40629	 260.64789	 825.26443	        P1	
 455.23904	1229.70463	   6.17790	        P1	
 582.60509	 380.05081	 759.88168	        P1	
 539.72939	1020.74950	  59.20485	        P1	
 668.35649	 457.22589	1134.15942	        P1	
1223.21849	1297.41483	 401.56349	        P1	
 181.59120	   8.73680	 172.98120	        P1	
1216.91324	 307.97221	 747.52588	        P1	
 340.48350	 176.19212	 388.69289	        P1	
 559.90619	1223.15203	 963.75237	        P1	
 355.61610	 832.90830	 304.77637	        P1	
 683.48909	1259.55535	 331.54731	        P1	
1297.62044	  53.14888	 800.55283	        P1	
 838.59824	 369.12981	 433.99746	        P1	
 213.11745	 973.42514	 485.99481	        P1	
 841.12034	 720.05793	1054.36159	        P1	
 750.32474	 176.92020	 693.46926	        P1	
 133.67130	 639.24253	 615.73070	        P1	
 341.74455	 600.65501	1082.67695	        P1	
1102.15769	 442.66453	   4.11862	        P1	
1121.07344	1254.45891	1177.40472	        P1	
 121.06080	 318.89321	 463.34249	        P1	
 224.46690	 382.96309	1287.06245	        P1	
 735.19214	  91.00832	 475.18348	        P1	
 389.66445	 405.53313	1097.60689	        P1	
 622.95869	1316.34455	 889.10277	        P1	
1092.06929	1199.85391	 318.67665	        P1	
 876.42974	 771.02262	  69.50137	        P1	
 411.10230	  91.73640	1229.40207	        P1	
 779.32889	 630.50573	 949.33730	        P1	
 960.92009	1026.57402	 576.08916	        P1	
 517.03049	 835.82054	 498.35061	        P1	
 813.37724	 669.09330	  32.94878	        P1	
 896.60654	 568.62009	 774.29676	        P1	
 369.48765	 522.02381	 846.37228	        P1	
  74.40195	1053.51250	 238.36395	        P1	
 146.28180	 617.40053	 652.79810	        P1	
1291.31519	 694.57562	 685.74688	        P1	
 506.94209	 634.87413	 393.32631	        P1	
 374.53185	  70.62248	 775.84123	        P1	
 931.91594	 689.47913	 628.08650	        P1	
 353.09400	1249.36243	1150.63384	        P1	
 844.90349	1287.22191	 681.62826	        P1	
 984.88004	 580.26913	1159.38589	        P1	
  44.13675	1156.89794	 635.80888	        P1	
 431.27910	 768.83842	 934.40735	        P1	
 303.91305	1089.91582	 415.46376	        P1	
1127.37869	 420.82253	 535.41801	        P1	
 868.86344	 689.47913	 685.23208	        P1	
1128.63974	 380.77889	1233.00582	        P1	
1092.06929	 611.57601	1064.14325	        P1	
 924.34964	1273.38863	 928.22945	        P1	
 934.43804	1164.17863	1019.35347	        P1	
1031.53889	 483.43629	 405.16724	        P1	
 426.23490	 248.99881	 786.13775	        P1	
 466.58849	 768.83842	 372.21847	        P1	
 436.32330	 663.99681	 759.88168	        P1	
1137.46709	 650.89161	1192.33467	        P1	
 684.75014	1103.02102	 705.82506	        P1	
 964.70324	1308.33583	 518.94359	        P1	
1056.75989	 779.03134	 319.19151	        P1	
 139.97655	 835.09250	 738.77383	        P1	
 793.20044	 663.26873	 992.58259	        P1	
  41.61465	 966.14450	  82.37198	        P1	
 624.21974	 909.35530	 837.62023	        P1	
 722.58164	1079.72291	 718.69566	        P1	
  71.87985	 698.21593	  24.19679	        P1	
1187.90909	 433.92773	 578.66331	        P1	
 994.96844	 621.04089	 755.76306	        P1	
 775.54574	 826.35570	 304.77637	        P1	
 945.78749	1313.43231	1140.33732	        P1	
 919.30544	  29.85072	 251.23461	        P1	
1090.80824	 787.04010	 788.19703	        P1	
1017.66734	 489.98889	 436.05674	        P1	
 880.21289	 288.31441	 722.81428	        P1	
 987.40214	 307.97221	 753.70378	        P1	
 820.94354	 507.46249	  65.38275	        P1	
1242.13424	 907.89914	 609.55280	        P1	
1191.69224	1254.45891	 732.59593	        P1	
 314.00145	   6.55260	1206.23494	        P1	
 546.03464	 345.83169	 874.68763	        P1	
 542.25149	 864.94322	 160.62540	        P1	
 373.27080	1300.32711	1004.42353	        P1	
1201.78064	 784.12782	 489.59856	        P1	
 872.64659	 591.19013	 306.83571	        P1	
1065.58724	 465.23461	 928.22945	        P1	
  23.95995	 120.13100	 982.28607	        P1	
  70.61880	  17.47360	 267.19417	        P1	
1150.07759	 358.20881	 409.28586	        P1	
 931.91594	 948.67090	 842.25366	        P1	
 379.57605	 705.49662	 155.99197	        P1	
  40.35360	 250.45492	 345.44759	        P1	
1061.80409	 735.34734	 413.40448	        P1	
 943.26539	1288.67803	 111.20220	        P1	
 819.68249	1253.73083	 922.05155	        P1	
 650.70179	1025.11790	1103.26993	        P1	
 307.69620	 157.26240	1027.07585	        P1	
 268.60365	 711.32113	1252.05439	        P1	
 242.12160	1095.01231	 366.55537	        P1	
 238.33845	 267.20049	 646.10534	        P1	
  87.01245	1175.82771	 879.32106	        P1	
1248.43949	 770.29454	 388.69289	        P1	
 151.32600	 819.80310	1004.42353	        P1	
 332.91720	1201.31003	  86.49060	        P1	
1133.68394	1178.73994	 617.27518	        P1	
 866.34134	 635.60221	 248.66047	        P1	
 302.65200	  23.29812	1208.80909	        P1	
1197.99749	 321.80549	1115.62572	        P1	
 862.55819	 886.78522	  13.90027	        P1	
 431.27910	 144.15720	 940.58525	        P1	
 890.30129	 286.85829	 409.80067	        P1	
 244.64370	 299.96349	1165.04892	        P1	
1103.41874	 906.44302	  24.71160	        P1	
1201.78064	1296.68675	 801.06770	        P1	
  21.43785	  73.53472	 177.09982	        P1	
 448.93379	 403.34893	 703.76578	        P1	
1128.63974	 672.00553	 405.68211	        P1	
 891.56234	  64.79792	 512.25088	        P1	
 611.60924	 459.41009	 261.53107	        P1	
 928.13279	1189.66095	 282.12411	        P1	
  89.53455	1296.68675	1048.18369	        P1	
 114.75555	1213.68715	 265.13489	        P1	
 438.84540	 631.96190	  71.56065	        P1	
 722.58164	 450.67329	1237.63925	        P1	
 160.15335	 356.02461	 965.29685	        P1	
 307.69620	 463.05041	 803.12698	        P1	
 977.31374	 980.70582	 568.36679	        P1	
1203.04169	1182.38031	1245.36162	        P1	
 474.15479	1300.32711	1090.91413	        P1	
 250.94895	 724.42633	 697.58788	        P1	
1056.75989	 276.66532	 343.90311	        P1	
 237.07740	 330.54229	 947.27795	        P1	
1133.68394	 568.62009	 959.63375	        P1	
 268.60365	 865.67130	 571.97054	        P1	
  16.39365	1191.84514	1042.00579	        P1	
1143.77234	 152.16592	1062.08397	        P1	
1259.78894	  54.60500	 945.21868	        P1	
 996.22949	1230.43271	1202.11632	        P1	
 704.92694	 530.76061	 273.37207	        P1	
 103.40610	 840.18894	 152.38822	        P1	
 331.65615	 893.33782	 279.54997	        P1	
 131.14920	 173.27989	 836.07576	        P1	
  66.83565	 366.21753	 257.41251	        P1	
 552.33989	 136.87652	1185.64196	        P1	
 459.02219	 583.90949	1157.32655	        P1	
  74.40195	 747.72450	1039.94645	        P1	
  80.70720	 765.92614	 234.24539	        P1	
1095.85244	 529.30449	  15.95955	        P1	
 421.19070	 668.36521	 358.31819	        P1	
 480.46004	1219.51171	 242.99737	        P1	
 235.81635	 267.20049	 811.36416	        P1	
 664.57334	 182.74472	 697.58788	        P1	
 575.03879	 991.62682	  26.25607	        P1	
 542.25149	1314.88843	1056.42087	        P1	
 969.74744	1183.10834	 473.63901	        P1	
 725.10374	 191.48152	  24.19679	        P1	
 393.44760	 939.20602	1081.13247	        P1	
 605.30399	  36.40332	 413.40448	        P1	
 204.29010	 867.85550	 953.45585	        P1	
 920.56649	 417.91029	1195.93842	        P1	
 767.97944	 411.35769	 570.42606	        P1	
 905.43389	  10.19292	 438.11608	        P1	
1081.98089	1182.38031	 788.19703	        P1	
 535.94624	 513.28701	 920.50708	        P1	
1261.04999	1112.48591	1243.81715	        P1	
 823.46564	 222.06032	 751.64450	        P1	
 665.83439	 926.10082	  13.90027	        P1	
 213.11745	 290.49861	 593.07838	        P1	
 909.21704	 310.88449	1041.49093	        P1	
1201.78064	1298.14291	 113.26148	        P1	
 650.70179	1185.29255	1239.69859	        P1	
 803.28884	 332.72649	 675.45036	        P1	
 255.99315	 779.75942	 432.45299	        P1	
 839.85929	1249.36243	 106.56877	        P1	
 692.31644	1186.02063	 600.80076	        P1	
 562.42829	1314.88843	1051.78745	        P1	
 868.86344	 278.84952	1086.79557	        P1	
 880.21289	 454.31361	 903.51785	        P1	
 475.41584	 233.70941	 155.99197	        P1	
1079.45879	 784.85590	 565.79264	        P1	
 290.04150	 677.10202	 240.93809	        P1	
 796.98359	 659.62841	 877.26178	        P1	
1035.32204	1277.75703	 199.23727	        P1	
 426.23490	 211.13932	1037.37237	        P1	
 872.64659	 313.06869	 504.01364	        P1	
1232.04584	1079.72291	   8.23718	        P1	
 897.86759	 215.50772	 592.56358	        P1	
 780.58994	 334.18261	1081.13247	        P1	
 542.25149	 659.62841	 335.15107	        P1	
 247.16580	 688.75110	1313.31852	        P1	
  34.04835	  56.06112	 844.31300	        P1	
 302.65200	1051.32830	1060.02463	        P1	
1308.96989	 730.97894	  85.97579	        P1	
 766.71839	 451.40133	 912.26990	        P1	
 638.09129	 564.97973	 444.29398	        P1	
 243.38265	 516.19929	 737.22936	        P1	
 354.35505	 109.93808	 782.01913	        P1	
 370.74870	 431.01549	 275.43135	        P1	
 854.99189	 991.62682	1162.98964	        P1	
1252.22264	1207.86263	1161.44517	        P1	
 513.24734	  80.81540	 197.69279	        P1	
 938.22119	1076.08254	 300.65781	        P1	
 678.44489	 377.13853	 541.59591	        P1	
 262.29840	 179.10440	 710.45848	        P1	
 641.87444	1041.86342	  61.77900	        P1	
 224.46690	 487.80469	 621.39374	        P1	
 326.61195	 340.00713	 870.56907	        P1	
  25.22100	 431.01549	 385.08907	        P1	
 435.06225	1234.07303	 211.59307	        P1	
 997.49054	 197.30609	 428.33437	        P1	
1308.96989	 556.24293	 831.95720	        P1	
1050.45464	 878.77650	 768.11886	        P1	
  17.65470	 684.38270	 619.84926	        P1	
 836.07614	1135.05594	1214.98699	        P1	
 117.27765	 523.47993	1270.58809	        P1	
 727.62584	 302.14769	  26.77088	        P1	
1287.53204	 233.70941	 718.18086	        P1	
   8.82735	 369.12981	  88.03507	        P1	
 384.62025	1142.33663	 878.80625	        P1	
 993.70739	 803.78562	1223.22417	        P1	
1160.16599	 803.78562	1169.16754	        P1	
 216.90060	 799.41722	 154.44750	        P1	
 418.66860	1205.67843	 401.56349	        P1	
 223.20585	1024.38982	 525.12149	        P1	
 549.81779	 795.04882	1002.36425	        P1	
 515.76944	 104.11352	 980.22680	        P1	
 947.04854	 706.95273	 677.50970	        P1	
 788.15624	 159.44660	 741.34798	        P1	
 107.18925	1155.44183	 679.56898	        P1	
 615.39239	 601.38309	  46.84905	        P1	
 228.25005	  73.53472	1171.74169	        P1	
 959.65904	 861.30290	1200.57185	        P1	
  39.09255	 973.42514	 734.65528	        P1	
 132.41025	 948.67090	 638.38296	        P1	
  71.87985	1220.96783	 438.63089	        P1	
 718.79849	 713.50533	 282.12411	        P1	
 612.87029	 984.34614	 739.28870	        P1	
 875.16869	1191.11711	1120.25915	        P1	
 867.60239	 225.70069	 164.22915	        P1	
 510.72524	 475.42753	1025.01657	        P1	
 654.48494	 172.55180	 718.18086	        P1	
 716.27639	1239.16951	 866.96526	        P1	
 369.48765	 642.88290	  82.37198	        P1	
 784.37309	 878.04842	 322.79527	        P1	
 749.06369	 749.90870	1158.87102	        P1	
 472.89374	 894.79394	1148.57457	        P1	
 184.11330	1058.60894	1097.60689	        P1	
 663.31229	 991.62682	 883.43968	        P1	
 453.97799	 251.91109	 639.92744	        P1	
 824.72669	  13.10520	1169.16754	        P1	
 117.27765	 638.51450	 854.60946	        P1	
 998.75159	 693.11950	 751.12963	        P1	
 100.88400	 275.20921	 965.29685	        P1	
 331.65615	1216.59943	1173.80097	        P1	
1133.68394	 373.49821	1223.22417	        P1	
1069.37039	 155.80628	 615.21584	        P1	
1094.59139	 671.27750	 738.77383	        P1	
 175.28595	 165.27112	 665.15390	        P1	
 244.64370	 441.20841	 531.29939	        P1	
 983.61899	 873.68002	1033.25375	        P1	
 696.09959	 864.94322	 778.41538	        P1	
 914.26124	  70.62248	 675.45036	        P1	
   7.56630	 904.25882	1087.31037	        P1	
 213.11745	 996.72330	 670.81694	        P1	
 913.00019	1112.48591	1249.99505	        P1	
 868.86344	 373.49821	 333.60659	        P1	
 282.47520	 936.29374	 726.93290	        P1	
 780.58994	 217.69192	 580.20778	        P1	
1171.51544	 265.74432	 362.43681	        P1	
1049.19359	 551.87453	1012.66077	        P1	
  99.62295	 188.56929	 737.22936	        P1	
 791.93939	1131.41563	 728.99218	        P1	
1161.42704	 762.28582	1002.36425	        P1	
 543.51254	 955.95154	 191.00009	        P1	
1261.04999	 176.19212	 672.87628	        P1	
 942.00434	   3.64032	  84.43132	        P1	
 167.71965	 472.51529	 948.82243	        P1	
 172.76385	 766.65422	1101.21065	        P1	
 881.47394	 409.90153	 469.00558	        P1	
 404.79705	 983.61810	1245.36162	        P1	
 432.54015	 291.95473	 831.95720	        P1	
 147.54285	 752.09290	 318.67665	        P1	
 374.53185	 306.51609	 812.90863	        P1	
 408.58020	 965.41642	 920.50708	        P1	
1017.66734	 787.04010	 837.62023	        P1	
1303.92569	1255.18695	 974.04890	        P1	
 998.75159	 773.20682	 261.01627	        P1	
 875.16869	 560.61133	1204.17566	        P1	
 547.29569	 428.10321	 117.38010	        P1	
 598.99874	 514.74313	 697.58788	        P1	
  95.83980	 672.73361	 668.75766	        P1	
  79.44615	 139.06072	 833.50167	        P1	
 664.57334	 155.07820	 464.88696	        P1	
1122.33449	1032.39854	 109.14292	        P1	
1272.39944	 139.06072	 263.59041	        P1	
 418.66860	 406.26121	 284.18339	        P1	
 161.41440	  21.84200	1249.48024	        P1	
 491.80949	 230.06909	1177.40472	        P1	
 696.09959	1131.41563	 877.26178	        P1	
 820.94354	1245.72211	 757.30753	        P1	
1171.51544	 395.34021	 759.88168	        P1	
 170.24175	 174.00792	 901.45857	        P1	
1311.49199	1306.15163	 982.28607	        P1	
 522.07469	 489.26081	 112.74667	        P1	
 118.53870	 905.71494	 110.68739	        P1	
 506.94209	1288.67803	 254.83837	        P1	
 273.64785	1164.17863	 352.14029	        P1	
1029.01679	 921.73242	 100.39087	        P1	
 392.18655	  70.62248	 806.73073	        P1	
 132.41025	 852.56610	 843.79813	        P1	
1237.09004	 485.62049	 731.05146	        P1	
  27.74310	 780.48750	 595.13766	        P1	
 261.03735	1072.44222	1254.11367	        P1	
 533.42414	1260.28343	1212.41284	        P1	
  44.13675	1235.52915	 658.97600	        P1	
 397.23075	 468.14689	 854.60946	        P1	
1110.98504	 682.19850	1027.59065	        P1	
 596.47664	1110.30171	 298.59847	        P1	
 450.19484	1116.12622	 518.94359	        P1	
1170.25439	1244.99403	1039.43165	        P1	
 804.54989	  80.08732	1258.23229	        P1	
 369.48765	 762.28582	1206.23494	        P1	
 789.41729	 310.15641	1167.62307	        P1	
 249.68790	 232.98132	  10.29652	        P1	
 505.68104	 465.23461	 123.55800	        P1	
1131.16184	1162.72251	 300.14295	        P1	
 247.16580	1314.88843	 823.20515	        P1	
  44.13675	 192.93769	 862.33183	        P1	
1155.12179	 273.75309	1243.81715	        P1	
  37.83150	 240.26201	 576.08916	        P1	
 174.02490	1102.29294	1184.09749	        P1	
1027.75574	 344.37553	 770.17820	        P1	
 172.76385	1314.16035	 376.33709	        P1	
1147.55549	 294.13893	 308.38019	        P1	
 146.28180	1001.81974	1222.70936	        P1	
1084.50299	 733.89122	 815.48278	        P1	
1256.00579	 998.90750	 263.07555	        P1	
 455.23904	1279.21315	1259.77676	        P1	
 706.18799	 401.89281	1278.82527	        P1	
 322.82880	 704.76853	 401.04869	        P1	
 383.35920	  56.78920	1081.13247	        P1	
1292.57624	1031.67050	 547.25894	        P1	
 383.35920	 107.75388	 491.65784	        P1	
 648.17969	1217.32751	 868.50973	        P1	
 243.38265	 773.93490	 514.82497	        P1	
 427.49595	 596.28661	 582.26706	        P1	
 409.84125	1295.23063	 205.41517	        P1	
1191.69224	1215.14331	  90.09435	        P1	
 397.23075	1137.96823	 637.86816	        P1	
 343.00560	 567.89201	 736.71456	        P1	
   2.52210	 154.35012	 821.14587	        P1	
1150.07759	 141.24492	 634.26440	        P1	
 279.95310	 527.12029	 490.11337	        P1	
 882.73499	 237.34972	 263.59041	        P1	
 781.85099	 977.06550	 842.25366	        P1	
1081.98089	 107.75388	 348.02167	        P1	
 825.98774	 618.12861	 786.13775	        P1	
1224.47954	 318.16513	 271.31279	        P1	
 201.76800	 969.78482	 778.41538	        P1	
 814.63829	 414.99801	  74.13480	        P1	
 324.08985	1017.10914	 388.69289	        P1	
 216.90060	 270.84081	 469.52039	        P1	
1061.80409	 476.15561	 353.68477	        P1	
 713.75429	1020.74950	 360.37747	        P1	
1023.97259	 978.52162	  37.06740	        P1	
 510.72524	 388.05953	1245.87649	        P1	
 491.80949	  80.08732	 677.50970	        P1	
1148.81654	 459.41009	 676.99484	        P1	
1211.86904	 823.44342	 704.28058	        P1	
 862.55819	 100.47320	 821.66068	        P1	
 117.27765	 287.58632	 436.57161	        P1	
 894.08444	 348.74393	1153.20799	        P1	
  21.43785	1107.38942	 829.38305	        P1	
1282.48784	 191.48152	 895.28067	        P1	
 604.04294	 871.49582	 403.10796	        P1	
 989.92424	  54.60500	 545.19966	        P1	
 525.85784	 296.32313	 380.97051	        P1	
1058.02094	 951.58314	 536.96248	        P1	
 968.48639	 809.61014	 586.38568	        P1	
 788.15624	 759.37354	 529.24011	        P1	
 177.80805	 824.89954	 530.78458	        P1	
 365.70450	 844.55734	 232.70091	        P1	
1002.53474	 711.32113	 164.74402	        P1	
1267.35524	 344.37553	 325.36941	        P1	
 428.75700	 176.19212	 702.22130	        P1	
 959.65904	 411.35769	 862.33183	        P1	
 817.16039	   0.00000	1099.66617	        P1	
 213.11745	1087.00354	 938.52597	        P1	
 243.38265	1101.56491	 948.82243	        P1	
 728.88689	 668.36521	1303.53687	        P1	
1080.71984	 428.83129	 477.75757	        P1	
 156.37020	 812.52242	 203.87069	        P1	
 965.96429	1317.80071	 100.90568	        P1	
 387.14235	 428.83129	   9.78165	        P1	
 871.38554	 871.49582	 352.14029	        P1	
 624.21974	1049.14410	  22.13745	        P1	
 696.09959	 949.39894	1147.03009	        P1	
 829.77089	  71.35052	 456.64978	        P1	
 688.53329	 359.66493	1160.93037	        P1	
 435.06225	  18.20168	 596.68214	        P1	
1093.33034	 152.16592	1315.37786	        P1	
 163.93650	1033.85470	  53.02695	        P1	
 852.46979	1208.59071	 905.57713	        P1	
 324.08985	1049.14410	 516.36944	        P1	
 378.31500	1295.95871	 391.26697	        P1	
 262.29840	 339.27909	 411.34514	        P1	
1124.85659	 448.48909	1035.31303	        P1	
 286.25835	 922.46050	 854.60946	        P1	
 480.46004	1235.52915	 160.11059	        P1	
 936.96014	 390.97181	 341.32897	        P1	
  79.44615	1117.58234	 864.39117	        P1	
 414.88545	 210.41129	 922.56636	        P1	
 881.47394	 257.00752	  53.54182	        P1	
 218.16165	  98.28900	 773.78195	        P1	
1203.04169	 230.06909	 768.11886	        P1	
 754.10789	 257.73561	 186.88147	        P1	
 900.38969	 767.38230	 218.28577	        P1	
 742.75844	1031.67050	1033.76855	        P1	
 800.76674	 179.83249	1097.09203	        P1	
1052.97674	1277.75703	 488.05409	        P1	
 822.20459	 334.91069	1175.86025	        P1	
1292.57624	 872.95194	 197.17799	        P1	
 145.02075	 565.70781	 747.52588	        P1	
 392.18655	1119.03851	 584.32634	        P1	
1267.35524	 918.09210	1165.04892	        P1	
 242.12160	 294.13893	 827.32377	        P1	
1230.78479	 103.38548	 792.83046	        P1	
 897.86759	1030.94242	 959.11895	        P1	
 593.95454	 944.30250	 761.94096	        P1	
 426.23490	 617.40053	 164.74402	        P1	
  25.22100	 805.24174	1092.97347	        P1	
 464.06639	  85.91188	 701.70644	        P1	
 153.84810	1228.97655	1092.97347	        P1	
 477.93794	 941.39022	 475.69829	        P1	
 558.64514	 568.62009	 483.93547	        P1	
 989.92424	 379.32273	 726.93290	        P1	
  81.96825	 867.12742	 563.73336	        P1	
 968.48639	 502.36601	 298.08367	        P1	
 219.42270	 800.87334	 814.96797	        P1	
1263.57209	 375.68241	1272.64737	        P1	
 544.77359	1173.64351	1171.22682	        P1	
 525.85784	 309.42833	 269.76831	        P1	
 409.84125	  13.83328	 860.78736	        P1	
 563.68934	 476.88369	 516.36944	        P1	
 374.53185	1027.30210	1127.98152	        P1	
 870.12449	 107.75388	1276.25112	        P1	
 740.23634	 918.09210	 170.40705	        P1	
 987.40214	1253.00275	 418.03791	        P1	
 276.16995	 711.32113	 844.31300	        P1	
 395.96970	 259.19172	 492.17271	        P1	
  90.79560	1115.39814	 512.25088	        P1	
1059.28199	 281.03373	 819.60140	        P1	
 282.47520	 763.01390	 887.04343	        P1	
 145.02075	 172.55180	  67.95690	        P1	
1155.12179	 694.57562	 846.37228	        P1	
 653.22389	 532.94481	  61.77900	        P1	
1297.62044	 498.72569	1243.81715	        P1	
 469.11059	 251.91109	 794.37493	        P1	
 344.26665	 118.67488	 473.12414	        P1	
1165.21019	 977.06550	1214.47212	        P1	
1307.70884	1196.21355	 759.36688	        P1	
 803.28884	1130.68754	1068.26187	        P1	
1214.39114	 431.74353	 370.15919	        P1	
1271.13839	1108.11751	 823.71996	        P1	
 433.80120	 732.43510	 799.00836	        P1	
1186.64804	1052.05634	 782.53400	        P1	
  21.43785	 396.79633	 802.61217	        P1	
 814.63829	 416.45413	 110.68739	        P1	
 899.12864	 845.28542	   0.00000	        P1	
 476.67689	1317.80071	 868.50973	        P1	
 504.41999	 270.84081	 166.80330	        P1	
 428.75700	 790.68042	1070.32115	        P1	
1006.31789	 164.54309	 219.83025	        P1	
 872.64659	 382.96309	 910.21056	        P1	
1155.12179	 128.13972	 485.99481	        P1	
 733.93109	 321.80549	 693.98406	        P1	
 824.72669	 888.24134	 444.29398	        P1	
1068.10934	 883.14490	1060.02463	        P1	
  87.01245	 597.74273	 912.26990	        P1	
 764.19629	 995.99522	 452.53116	        P1	
 475.41584	 475.42753	 228.06749	        P1	
1293.83729	1074.62642	1200.05704	        P1	
 662.05124	1184.56451	 341.84377	        P1	
 414.88545	 957.40770	 201.29655	        P1	
 276.16995	 118.67488	 175.04047	        P1	
 414.88545	 596.28661	 864.90598	        P1	
 402.27495	1298.14291	1233.00582	        P1	
  66.83565	1001.09170	1021.41275	        P1	
1097.11349	 100.47320	 772.23748	        P1	
1100.89664	 428.83129	  96.27225	        P1	
 336.70035	1017.10914	 271.31279	        P1	
 194.20170	  13.10520	 248.66047	        P1	
1194.21434	 303.60381	 908.15128	        P1	
1238.35109	 432.47161	 963.75237	        P1	
1259.78894	 172.55180	1037.88717	        P1	
 992.44634	 795.77690	 145.69545	        P1	
  29.00415	 390.97181	 946.76315	        P1	
 427.49595	  63.34180	1212.41284	        P1	
1015.14524	 489.98889	  28.31535	        P1	
 114.75555	 673.46170	 805.18626	        P1	
 783.11204	1318.52875	1080.61767	        P1	
 404.79705	 789.95234	 296.02439	        P1	
1137.46709	 974.15322	 193.05937	        P1	
 968.48639	 420.82253	 623.45308	        P1	
1210.60799	 597.01469	 417.52304	        P1	
1292.57624	 510.37473	1017.29419	        P1	
 244.64370	1198.39775	 252.77909	        P1	
  92.05665	 210.41129	1021.41275	        P1	
 776.80679	 431.01549	1120.25915	        P1	
 771.76259	 512.55893	1289.12179	        P1	
 165.19755	 631.23381	  81.85717	        P1	
 765.45734	  66.25408	  51.48248	        P1	
 366.96555	 450.67329	  96.27225	        P1	
 867.60239	  59.70148	 880.86553	        P1	
  42.87570	 991.62682	 532.84386	        P1	
1071.89249	1087.73162	 112.74667	        P1	
1114.76819	1291.59031	 998.24563	        P1	
1310.23094	 763.74194	 475.18348	        P1	
 609.08714	 779.75942	1291.18107	        P1	
 129.88815	 492.90113	 901.45857	        P1	
 790.67834	 766.65422	1247.93577	        P1	
 945.78749	 423.73481	1192.33467	        P1	
 612.87029	1236.25723	 969.93027	        P1	
 823.46564	 159.44660	 223.94887	        P1	
 378.31500	1208.59071	 547.25894	        P1	
 928.13279	 860.57482	1107.38855	        P1	
 276.16995	 603.56729	1127.98152	        P1	
 203.02905	1254.45891	 133.33965	        P1	
1138.72814	 575.90073	  98.33159	        P1	
 803.28884	 752.09290	 904.03266	        P1	
1218.17429	 665.45293	 258.95699	        P1	
 255.99315	 916.63594	 967.87100	        P1	
  26.48205	 961.77610	 547.25894	        P1	
 174.02490	 420.82253	  42.73049	        P1	
1158.90494	1276.30091	1189.76052	        P1	
 534.68519	 949.39894	 560.12961	        P1	
 245.90475	 714.23342	 118.92457	        P1	
 302.65200	 142.70108	1182.03815	        P1	
1228.26269	1291.59031	 782.01913	        P1	
 764.19629	 969.78482	 965.29685	        P1	
 511.98629	1028.03014	 961.69310	        P1	
 177.80805	 572.98849	 145.69545	        P1	
1191.69224	 473.97141	 450.98669	        P1	
 131.14920	 659.62841	 796.94908	        P1	
 863.81924	 286.13021	1088.85485	        P1	
 649.44074	 198.76220	1112.02197	        P1	
 668.35649	 119.40292	 214.16722	        P1	
 577.56089	 398.98053	 807.24560	        P1	
  90.79560	 329.08613	 634.26440	        P1	
 973.53059	  97.56092	1035.82789	        P1	
 854.99189	1045.50374	1173.28616	        P1	
 490.54844	1226.79235	1153.20799	        P1	
 211.85640	1242.08175	  24.19679	        P1	
 374.53185	 248.27072	1301.47759	        P1	
1182.86489	1266.83603	 118.92457	        P1	
 242.12160	 380.05081	 674.93556	        P1	
 757.89104	 648.70741	 747.52588	        P1	
 181.59120	 355.29653	1265.95466	        P1	
 938.22119	 783.39974	 252.77909	        P1	
1185.38699	 183.47280	 506.58779	        P1	
 335.43930	 800.87334	 654.34258	        P1	
 158.89230	 158.71852	 516.88431	        P1	
 543.51254	 338.55101	1278.82527	        P1	
1012.62314	 286.13021	 877.26178	        P1	
1104.67979	 974.15322	 611.61208	        P1	
 293.82465	  96.83288	 726.41804	        P1	
1000.01264	 603.56729	 423.70094	        P1	
1143.77234	 894.79394	 963.23757	        P1	
  65.57460	1198.39775	 189.45562	        P1	
1023.97259	 643.61093	 487.53928	        P1	
 846.16454	 535.12901	 291.90577	        P1	
 191.67960	1132.87174	 325.36941	        P1	
 186.63540	1033.85470	  82.37198	        P1	
 411.10230	1090.64391	1103.26993	        P1	
 977.31374	 321.07741	 736.71456	        P1	
 239.59950	 267.92852	 560.12961	        P1	
 877.69079	 627.59350	  83.91645	        P1	
1218.17429	 212.59549	 792.83046	        P1	
 866.34134	 469.60301	1247.93577	        P1	
 254.73210	1255.18695	1103.78479	        P1	
 923.08859	1006.18814	 765.54478	        P1	
1286.27099	 371.31401	 557.55546	        P1	
1066.84829	 579.54109	 936.46663	        P1	
 317.78460	 819.80310	 514.82497	        P1	
1128.63974	1287.94995	  79.79789	        P1	
1060.54304	 245.35849	 799.00836	        P1	
1244.65634	 484.16433	 906.09200	        P1	
 153.84810	 575.17269	 947.27795	        P1	
 506.94209	 824.17150	 731.05146	        P1	
 984.88004	 996.72330	  45.30458	        P1	
 186.63540	 585.36561	 483.42066	        P1	
1094.59139	 875.13614	 455.10531	        P1	
 435.06225	1231.16075	 801.06770	        P1	
 597.73769	 777.57522	 829.38305	        P1	
1133.68394	 514.74313	 333.09179	        P1	
 832.29299	 540.22549	 337.21035	        P1	
 157.63125	1305.42355	  48.90839	        P1	
1002.53474	1299.59903	  30.88950	        P1	
 901.65074	 248.27072	   4.11862	        P1	
  80.70720	 308.70029	  76.19408	        P1	
 549.81779	 240.26201	  43.24530	        P1	
 464.06639	 464.50653	 549.31828	        P1	
 649.44074	1120.49462	 433.99746	        P1	
 384.62025	 469.60301	 395.38559	        P1	
 495.59264	 706.95273	 147.75479	        P1	
 673.40069	 879.50454	1315.37786	        P1	
 305.17410	 560.61133	 584.84121	        P1	
1297.62044	 921.00434	 641.98678	        P1	
1042.88834	 625.40930	1268.52875	        P1	
1287.53204	 491.44501	  57.14557	        P1	
 297.60780	1071.71414	 319.19151	        P1	
 614.13134	 517.65541	 563.73336	        P1	
1137.46709	1041.13534	 852.03537	        P1	
 368.22660	1134.32791	 120.98385	        P1	
 346.78875	 645.79513	1086.79557	        P1	
  27.74310	 665.45293	 234.24539	        P1	
 351.83295	 680.74233	 728.47738	        P1	
 216.90060	 837.27670	 269.25345	        P1	
 803.28884	 162.35888	 607.49346	        P1	
 403.53600	 505.27829	 565.79264	        P1	
1147.55549	  30.57880	 741.34798	        P1	
1030.27784	 289.04249	 403.62277	        P1	
  39.09255	 743.35610	 638.38296	        P1	
 412.36335	1167.09091	 588.95976	        P1	
1099.63559	 234.43749	 150.32888	        P1	
1010.10104	1290.86223	1254.11367	        P1	
 817.16039	 481.98013	  11.84100	        P1	
1100.89664	 293.41089	 693.98406	        P1	
 774.28469	  39.31560	 815.48278	        P1	
 380.83710	 173.27989	 879.32106	        P1	
 992.44634	1072.44222	 932.86288	        P1	
1237.09004	1277.75703	 712.00296	        P1	
 588.91034	 315.25289	1220.65002	        P1	
  15.13260	 349.47201	 328.97317	        P1	
 511.98629	 658.17230	 775.84123	        P1	
  64.31355	 575.90073	 648.16468	        P1	
  13.87155	  91.00832	1109.96269	        P1	
 865.08029	1012.01270	 720.24014	        P1	
 498.11474	 479.79593	 461.28321	        P1	
1037.84414	1258.82731	 595.13766	        P1	
 479.19899	 292.68281	  88.03507	        P1	
1051.71569	 391.69989	 108.62805	        P1	
1239.61214	 939.93410	 533.35867	        P1	
 416.14650	 975.60934	 765.54478	        P1	
 624.21974	 274.48112	 388.69289	        P1	
 471.63269	 649.43550	 899.39923	        P1	
 249.68790	 961.04802	 372.21847	        P1	
 127.36605	1290.86223	 594.62286	        P1	
 129.88815	 494.35729	 310.95427	        P1	
 234.55530	 720.78602	 804.67145	        P1	
  78.18510	 965.41642	 994.64187	        P1	
1203.04169	 971.24094	 319.19151	        P1	
 760.41314	1245.72211	  26.77088	        P1	
 617.91449	1285.76575	 547.77381	        P1	
 551.07884	  60.42952	1245.87649	        P1	
 213.11745	1257.37115	 858.21327	        P1	
1242.13424	 951.58314	1117.68507	        P1	
 979.83584	 187.11312	 652.79810	        P1	
 498.11474	 938.47794	 788.71190	        P1	
 851.20874	 568.62009	 100.90568	        P1	
 952.09274	 395.34021	 796.94908	        P1	
1049.19359	 190.75349	1256.17295	        P1	
 383.35920	1212.95911	 236.81947	        P1	
1142.51129	 359.66493	1272.13256	        P1	
1223.21849	1141.60854	 825.77930	        P1	
 349.31085	 159.44660	  37.06740	        P1	
 868.86344	 182.74472	 720.75500	        P1	
 831.03194	1202.03811	1182.03815	        P1	
   0.00000	 353.84041	 679.56898	        P1	
1042.88834	 718.60182	   0.00000	        P1	
 320.30670	 725.15442	 790.77118	        P1	
 442.62855	 520.56769	  34.49325	        P1	
1315.27514	 159.44660	 681.11346	        P1	
 181.59120	 834.36442	 180.70357	        P1	
 715.01534	 323.98969	 873.14316	        P1	
1064.32619	1170.73123	 172.98120	        P1	
1196.73644	1261.73955	1221.16489	        P1	
 945.78749	1029.48630	 831.44233	        P1	
  76.92405	 198.76220	1255.65814	        P1	
 993.70739	 495.08533	 949.33730	        P1	
1293.83729	 410.62961	1272.64737	        P1	
 540.99044	 101.20128	 701.70644	        P1	
 534.68519	 122.31520	 154.44750	        P1	
 359.39925	1308.33583	  98.84640	        P1	
1114.76819	1227.52043	1142.91147	        P1	
 312.74040	 537.31321	1297.35897	        P1	
1263.57209	1023.66174	  73.61999	        P1	
1283.74889	  91.73640	 259.47179	        P1	
 147.54285	 639.97061	  92.66850	        P1	
 530.90204	1062.24930	1027.59065	        P1	
1098.37454	1148.16114	 351.62549	        P1	
 414.88545	 661.81261	 821.66068	        P1	
1196.73644	 948.67090	 695.52854	        P1	
1092.06929	 170.36760	  67.95690	        P1	
 501.89789	1256.64311	1276.25112	        P1	
1007.57894	 971.96902	 390.75216	        P1	
 679.70594	 596.28661	 174.52567	        P1	
 936.96014	 554.05873	1239.69859	        P1	
1234.56794	 460.86621	 804.67145	        P1	
 707.44904	 409.90153	 289.84649	        P1	
 530.90204	 765.19810	1095.54755	        P1	
 938.22119	 509.64669	 558.07026	        P1	
 433.80120	 168.91149	 782.01913	        P1	
 129.88815	1254.45891	 761.94096	        P1	
1247.17844	 785.58394	 419.58238	        P1	
 138.71550	1078.99482	 117.38010	        P1	
 641.87444	 296.32313	 116.86529	        P1	
 716.27639	 356.75269	 829.89786	        P1	
 803.28884	 641.42673	 572.48541	        P1	
 537.20729	1087.73162	 240.93809	        P1	
 349.31085	1298.14291	 732.59593	        P1	
 219.42270	 438.29613	 356.25891	        P1	
1279.96574	 667.63713	 845.85747	        P1	
1136.20604	 194.39380	 934.40735	        P1	
1302.66464	 358.93689	 459.22387	        P1	
1240.87319	  11.64908	1089.36965	        P1	
1126.11764	 246.81461	 100.39087	        P1	
 843.64244	  63.34180	  98.84640	        P1	
 890.30129	 273.75309	 726.41804	        P1	
 609.08714	 315.25289	 564.24816	        P1	
 926.87174	1114.67011	 792.83046	        P1	
 288.78045	 907.89914	 938.52597	        P1	
 993.70739	 116.49068	  26.77088	        P1	
1119.81239	 879.50454	 258.95699	        P1	
 631.78604	 856.93450	 755.76306	        P1	
 780.58994	 689.47913	 374.79261	        P1	
 573.77774	 736.07542	 118.92457	        P1	
  94.57875	 277.39341	 827.83858	        P1	
 211.85640	 489.26081	1254.11367	        P1	
1011.36209	 582.45333	 529.24011	        P1	
 774.28469	1071.71414	 801.06770	        P1	
 601.52084	 963.23222	1019.35347	        P1	
1139.98919	 294.13893	1042.00579	        P1	
 476.67689	 824.17150	 473.12414	        P1	
 194.20170	  99.01708	 454.59044	        P1	
1317.79724	 280.30569	 483.93547	        P1	
 264.82050	 394.61213	  78.25342	        P1	
 655.74599	 920.27630	 366.55537	        P1	
1114.76819	1201.31003	1138.27805	        P1	
 301.39095	 904.98690	 119.43938	        P1	
 491.80949	 824.17150	 355.74404	        P1	
 691.05539	1121.22271	 720.24014	        P1	
1271.13839	 958.13574	 604.91938	        P1	
 259.77630	 187.84120	 827.83858	        P1	
 672.13964	1181.65223	 370.67399	        P1	
 983.61899	1134.32791	 897.85476	        P1	
 614.13134	 322.53353	1272.13256	        P1	
  64.31355	1024.38982	1280.36974	        P1	
 274.90890	 543.13773	 475.18348	        P1	
1080.71984	  32.76300	1268.01394	        P1	
  10.08840	  90.28028	 646.10534	        P1	
 974.79164	1311.24811	1157.32655	        P1	
1186.64804	  31.30688	 201.29655	        P1	
 412.36335	 823.44342	1162.98964	        P1	
 950.83169	 154.35012	1049.72817	        P1	
 499.37579	1227.52043	 383.02979	        P1	
 199.24590	1182.38031	 256.89765	        P1	
  81.96825	 120.13100	 796.94908	        P1	
1233.30689	 998.90750	 306.32085	        P1	
 720.05954	 556.97101	 137.45827	        P1	
 679.70594	 771.02262	 186.88147	        P1	
  50.44200	1068.80191	 527.18077	        P1	
 761.67419	 630.50573	 331.54731	        P1	
 259.77630	1095.01231	 150.32888	        P1	
 814.63829	  17.47360	 705.82506	        P1	
 469.11059	 117.94680	 322.79527	        P1	
 686.01119	 618.85670	 619.84926	        P1	
  90.79560	1090.64391	 516.36944	        P1	
1267.35524	 179.83249	1171.22682	        P1	
 343.00560	 346.55973	 788.71190	        P1	
 938.22119	  65.52600	 742.89246	        P1	
 896.60654	1255.91503	 650.22396	        P1	
 810.85514	1213.68715	 234.24539	        P1	
   2.52210	 848.92574	 957.05967	        P1	
 707.44904	 415.72609	1060.02463	        P1	
1305.18674	 893.33782	 446.35326	        P1	
 954.61484	1111.75782	  37.06740	        P1	
 147.54285	 281.76181	 321.25079	        P1	
 707.44904	 296.32313	 671.33180	        P1	
 827.24879	  46.59628	  96.27225	        P1	
 635.56919	 225.70069	1268.52875	        P1	
 844.90349	 557.69909	 973.53403	        P1	
1172.77649	1099.38071	 744.95173	        P1	
 833.55404	 380.77889	1243.81715	        P1	
 575.03879	 212.59549	 199.75207	        P1	
 702.40484	1031.67050	 466.94624	        P1	
 138.71550	 978.52162	1142.91147	        P1	
 687.27224	 219.14809	1200.57185	        P1	
1013.88419	 295.59509	 650.73876	        P1	
 390.92550	1223.15203	1280.36974	        P1	
1050.45464	1054.96862	 501.95436	        P1	
 629.26394	 165.27112	1074.43977	        P1	
1116.02924	 647.25130	 385.08907	        P1	
 186.63540	  40.77172	 294.47991	        P1	
 389.66445	 600.65501	 242.48257	        P1	
 967.22534	 344.37553	 850.49090	        P1	
 572.51669	 624.68121	 539.02176	        P1	
 915.52229	 401.89281	1107.38855	        P1	
 604.04294	 504.55021	 106.56877	        P1	
1250.96159	 104.84160	 611.61208	        P1	
 779.32889	 943.57442	  50.96767	        P1	
1030.27784	  44.41208	1307.14062	        P1	
 843.64244	1012.74074	 728.47738	        P1	
 223.20585	 112.85032	1097.60689	        P1	
 692.31644	 849.65382	1266.46947	        P1	
 398.49180	1138.69631	 613.67136	        P1	
 510.72524	 907.89914	 277.49069	        P1	
 958.39799	1274.11671	 360.37747	        P1	
1296.35939	 851.83802	 568.36679	        P1	
 943.26539	 171.82372	 320.73599	        P1	
 568.73354	 925.37274	1079.07319	        P1	
 303.91305	  73.53472	 215.71169	        P1	
  12.61050	1298.87095	  11.84100	        P1	
1210.60799	 359.66493	1204.17566	        P1	
1034.06099	 286.85829	 836.07576	        P1	
 132.41025	1088.45971	1212.92765	        P1	
1122.33449	1301.78323	1002.36425	        P1	
  64.31355	 565.70781	 242.48257	        P1	
1112.24609	 509.64669	 724.87356	        P1	
 890.30129	 298.50733	 158.56612	        P1	
 583.86614	 663.26873	 689.86550	        P1	
 770.50154	 428.83129	1182.03815	        P1	
 716.27639	 435.38389	 403.62277	        P1	
 709.97114	 508.91861	 611.61208	        P1	
 426.23490	1211.50295	 191.00009	        P1	
 484.24319	 726.61053	 158.56612	        P1	
 934.43804	 131.78008	 256.89765	        P1	
 208.07325	 466.69073	 374.79261	        P1	
 553.60094	1140.88051	 823.71996	        P1	
 663.31229	 631.96190	 491.65784	        P1	
 609.08714	 951.58314	 932.34807	        P1	
 284.99730	 630.50573	 263.59041	        P1	
 112.23345	 993.81102	 735.17008	        P1	
 553.60094	 489.98889	 794.37493	        P1	
 878.95184	1231.16075	 709.94368	        P1	
1015.14524	 843.82930	 446.86807	        P1	
1119.81239	 905.71494	 530.78458	        P1	
 771.76259	  11.64908	 979.71193	        P1	
 373.27080	 400.43669	 953.45585	        P1	
 472.89374	  19.65780	 364.49609	        P1	
 723.84269	  80.08732	 215.71169	        P1	
 406.05810	 706.22470	 391.26697	        P1	
 281.21415	 823.44342	 407.74139	        P1	
 687.27224	 120.13100	1212.41284	        P1	
 394.70865	 440.48033	 535.41801	        P1	
1243.39529	 978.52162	1298.90344	        P1	
 578.82194	  28.39460	 508.13226	        P1	
 194.20170	1054.24054	  16.47442	        P1	
1220.69639	 719.32990	 992.06773	        P1	
 278.69205	 762.28582	 611.61208	        P1	
 185.37435	1060.79314	 121.49872	        P1	
  30.26520	  10.19292	 751.64450	        P1	
 293.82465	1033.12662	1249.48024	        P1	
1201.78064	 985.07422	1136.73357	        P1	
 118.53870	 594.10241	 512.76569	        P1	
 286.25835	 420.09449	 473.12414	        P1	
 156.37020	 554.78681	 483.42066	        P1	
  11.34945	1022.93370	1171.22682	        P1	
 443.88960	 393.15601	  81.85717	        P1	
1205.56379	 828.53990	 547.25894	        P1	
  47.91990	 412.08573	 702.22130	        P1	
 581.34404	 826.35570	 584.32634	        P1	
 910.47809	 827.08374	 357.80339	        P1	
 785.63414	 543.86581	 691.92478	        P1	
1060.54304	 469.60301	1132.10015	        P1	
   1.26105	 466.69073	 611.09728	        P1	
 873.90764	1069.52994	 115.32082	        P1	
1208.08589	  32.03492	 864.39117	        P1	
 998.75159	 961.04802	 767.60405	        P1	
  85.75140	 682.92653	1184.09749	        P1	
1036.58309	 180.56052	 308.38019	        P1	
 696.09959	1169.27511	 170.40705	        P1	
 476.67689	 308.70029	1009.05695	        P1	
 310.21830	 818.34694	 424.21581	        P1	
1291.31519	1176.55574	 275.94621	        P1	
 707.44904	1213.68715	  67.44209	        P1	
 721.32059	  59.70148	 831.44233	        P1	
 176.54700	1084.81934	1185.64196	        P1	
 662.05124	 731.70702	 143.63617	        P1	
1227.00164	1046.23182	 568.36679	        P1	
 738.97529	 784.85590	 355.74404	        P1	
1211.86904	 318.16513	1140.85219	        P1	
1302.66464	1172.91543	 946.76315	        P1	
 800.76674	  64.79792	1049.72817	        P1	
1055.49884	 229.34101	1019.35347	        P1	
 804.54989	 956.67962	 197.69279	        P1	
 662.05124	  42.95592	 214.16722	        P1	
 839.85929	1306.15163	 543.65519	        P1	
1259.78894	1159.81023	1243.30234	        P1	
 688.53329	1023.66174	1184.09749	        P1	
 875.16869	1246.45015	 658.97600	        P1	
 730.14794	 775.39102	 520.48806	        P1	
1297.62044	1212.23103	 427.81956	        P1	
 679.70594	 489.98889	 329.48797	        P1	
 988.66319	 350.92813	 455.10531	        P1	
 813.37724	 178.37632	 214.16722	        P1	
 958.39799	1067.34574	 919.99227	        P1	
1029.01679	 947.94282	 129.73590	        P1	
 866.34134	 522.02381	1218.59074	        P1	
1283.74889	  18.92972	  98.33159	        P1	
1213.13009	1073.17031	 930.28873	        P1	
 457.76114	 589.00593	 611.09728	        P1	
1081.98089	 184.92892	 201.81142	        P1	
1116.02924	 508.91861	 901.97338	        P1	
 707.44904	1222.42395	1289.12179	        P1	
 128.62710	 128.13972	1012.66077	        P1	
 211.85640	 998.90750	 547.25894	        P1	
 406.05810	 551.87453	1012.66077	        P1	
1056.75989	 816.89082	 285.72787	        P1	
 215.63955	 130.32392	 665.15390	        P1	
1113.50714	  74.99088	 403.62277	        P1	
 477.93794	 411.35769	 953.45585	        P1	
 138.71550	 827.08374	1018.83867	        P1	
 619.17554	1085.54742	1014.72005	        P1	
 568.73354	1222.42395	1228.88726	        P1	
1013.88419	 882.41682	 242.48257	        P1	
 983.61899	1076.08254	  48.90839	        P1	
1109.72399	  14.56132	 164.74402	        P1	
 380.83710	  66.98212	   4.11862	        P1	
 611.60924	1171.45931	 763.48543	        P1	
 108.45030	 550.41841	 982.28607	        P1	
 226.98900	 429.55933	 189.45562	        P1	
 509.46419	 685.83882	 532.84386	        P1	
 535.94624	 618.12861	 242.48257	        P1	
 585.12719	 614.48830	 397.44487	        P1	
 337.96140	 841.64510	 162.68468	        P1	
  63.05250	1028.03014	 821.14587	        P1	
 831.03194	1062.24930	 533.35867	        P1	
 385.88130	 477.61173	1282.94389	        P1	
 728.88689	 227.15681	 728.99218	        P1	
 132.41025	 539.49741	 606.97866	        P1	
 773.02364	 567.16393	 543.14038	        P1	
 462.80534	 725.88250	1206.74975	        P1	
 873.90764	1266.10795	 591.01911	        P1	
  26.48205	  57.51728	 465.40177	        P1	
 742.75844	1270.47635	  28.83022	        P1	
1209.34694	 937.02182	1278.82527	        P1	
 567.47249	 787.76814	1265.95466	        P1	
 997.49054	 157.99048	1033.76855	        P1	
1052.97674	 722.97022	 710.45848	        P1	
1122.33449	 486.34853	1048.18369	        P1	
1034.06099	  39.31560	1218.59074	        P1	
 610.34819	  36.40332	 858.21327	        P1	
 435.06225	 278.84952	 560.12961	        P1	
 268.60365	 452.12941	 475.69829	        P1	
 147.54285	 406.98929	 181.21837	        P1	
 631.78604	   3.64032	  84.43132	        P1	
 757.89104	 851.10994	 850.49090	        P1	
 842.38139	1295.95871	 701.70644	        P1	
 778.06784	 112.85032	 516.88431	        P1	
  15.13260	 645.06710	 720.24014	        P1	
1165.21019	1042.59150	1072.38043	        P1	
 327.87300	 237.34972	 850.49090	        P1	
 871.38554	 191.48152	  30.37469	        P1	
 471.63269	1057.15282	 864.90598	        P1	
 332.91720	 904.25882	 143.63617	        P1	
 564.95039	 291.22669	 212.10787	        P1	
 370.74870	 318.89321	1025.53137	        P1	
 891.56234	 937.02182	 871.08388	        P1	
 162.67545	 278.84952	1000.30497	        P1	
 165.19755	 399.70861	1181.52334	        P1	
  32.78730	  33.49108	1177.40472	        P1	
 281.21415	 660.35650	 349.56614	        P1	
 451.45589	 165.99920	1204.69047	        P1	
 281.21415	 932.65342	1014.72005	        P1	
 210.59535	 450.67329	1046.12435	        P1	
1215.65219	1314.88843	 648.67948	        P1	
 373.27080	 444.12069	 127.16175	        P1	
 533.42414	1129.23143	1039.43165	        P1	
1210.60799	 990.17070	 941.10005	        P1	
1129.90079	 267.92852	1191.81986	        P1	
 421.19070	  77.17508	 337.21035	        P1	
1245.91739	1310.52003	 854.09465	        P1	
 334.17825	 814.70662	 304.26157	        P1	
 479.19899	 385.87533	 516.88431	        P1	
 445.15065	1017.10914	 665.15390	        P1	
 128.62710	1183.83643	1002.36425	        P1	
 428.75700	 407.71733	 567.85198	        P1	
 339.22245	1050.60022	1156.81174	        P1	
 534.68519	1095.01231	 893.22133	        P1	
 841.12034	 137.60460	 926.68498	        P1	
 441.36750	1230.43271	 720.24014	        P1	
1020.18944	1025.84594	 677.50970	        P1	
 287.51940	 404.80509	 125.61728	        P1	
  69.35775	1270.47635	 654.34258	        P1	
 716.27639	 461.59429	 100.90568	        P1	
 248.42685	 436.11193	  24.19679	        P1	
 411.10230	 800.87334	 164.74402	        P1	
1179.08174	  42.95592	1177.91959	        P1	
1215.65219	1108.11751	 971.98955	        P1	
1065.58724	 722.97022	 749.07036	        P1	
 409.84125	1286.49383	 100.39087	        P1	
 733.93109	 991.62682	 302.71709	        P1	
 208.07325	1089.91582	 586.90048	        P1	
 131.14920	 540.22549	 162.68468	        P1	
1013.88419	1300.32711	   2.05928	        P1	
 998.75159	 671.27750	 391.26697	        P1	
1094.59139	  93.19252	1202.63119	        P1	
1092.06929	1291.59031	 168.86258	        P1	
 989.92424	 104.11352	 899.91410	        P1	
 910.47809	 892.60974	 275.94621	        P1	
 807.07199	 981.43390	 732.59593	        P1	
 436.32330	 615.94441	 420.09719	        P1	
1092.06929	1121.22271	1095.54755	        P1	
1100.89664	1120.49462	1230.94654	        P1	
 863.81924	 446.30489	 207.47445	        P1	
 638.09129	 898.43430	 910.21056	        P1	
 569.99459	  11.64908	 360.37747	        P1	
 803.28884	 848.19770	1293.24035	        P1	
  45.39780	 496.54149	 434.51227	        P1	
 192.94065	 217.69192	 399.50421	        P1	
 756.62999	 634.87413	 191.00009	        P1	
 847.42559	 969.78482	 976.10817	        P1	
 472.89374	 360.39301	 401.56349	        P1	
 831.03194	1049.14410	 849.97603	        P1	
 286.25835	 249.72689	 737.22936	        P1	
 573.77774	 197.30609	 626.02716	        P1	
1073.15354	 755.00514	1185.64196	        P1	
1166.47124	 219.14809	1208.29422	        P1	
1301.40359	 799.41722	 654.85738	        P1	
 179.06910	 764.47002	  94.21297	        P1	
 158.89230	 135.42040	1179.97887	        P1	
 894.08444	1097.19651	 720.24014	        P1	
 562.42829	 113.57840	 932.86288	        P1	
1290.05414	 870.03970	 644.56086	        P1	
 384.62025	 350.20009	 242.99737	        P1	
 369.48765	 653.07581	  32.43397	        P1	
 646.91864	 926.82890	 558.07026	        P1	
 899.12864	 396.79633	 932.34807	        P1	
1132.42289	1293.04643	 222.40439	        P1	
 459.02219	 100.47320	 796.94908	        P1	
 885.25709	 578.08493	1313.83339	        P1	
 789.41729	 921.73242	 267.19417	        P1	
 482.98214	 887.51330	1268.52875	        P1	
 803.28884	 762.28582	 926.68498	        P1	
 354.35505	 211.86740	 846.37228	        P1	
 658.26809	  32.03492	 777.90058	        P1	
 606.56504	 239.53392	1043.55027	        P1	
 600.25979	 398.98053	1054.36159	        P1	
 678.44489	 222.78840	 228.58229	        P1	
 873.90764	 867.12742	1045.60955	        P1	
 944.52644	 736.07542	1179.97887	        P1	
 329.13405	  88.09608	 164.22915	        P1	
 773.02364	 360.39301	 909.69575	        P1	
 634.30814	 219.14809	1183.58262	        P1	
1232.04584	 302.14769	 644.56086	        P1	
 938.22119	 336.36681	1274.19184	        P1	
 790.67834	 740.44382	  80.31270	        P1	
1108.46294	  70.62248	 961.17823	        P1	
 602.78189	1220.23975	1066.71739	        P1	
1085.76404	 651.61970	   8.23718	        P1	
1002.53474	 689.47913	1147.03009	        P1	
 660.79019	 412.08573	 438.11608	        P1	
  68.09670	 404.80509	1140.33732	        P1	
1263.57209	1189.66095	 115.32082	        P1	
 378.31500	  34.94720	1181.52334	        P1	
 712.49324	 149.25368	1305.59615	        P1	
 633.04709	 681.47042	  12.35580	        P1	
 601.52084	1091.37194	1290.66626	        P1	
 358.13820	 377.13853	 648.16468	        P1	
1177.82069	 624.68121	1198.51257	        P1	
 436.32330	 110.66612	  41.18602	        P1	
 910.47809	 128.13972	1301.47759	        P1	
 836.07614	1210.77491	 255.35317	        P1	
1310.23094	 942.84634	 598.74148	        P1	
 322.82880	 961.04802	 457.16459	        P1	
  26.48205	1018.56530	1114.08125	        P1	
 780.58994	 900.61850	 775.84123	        P1	
1293.83729	 283.94601	 957.57447	        P1	
1010.10104	 463.77849	1126.43705	        P1	
 785.63414	1296.68675	1004.93839	        P1	
 339.22245	 655.98810	1225.28345	        P1	
 679.70594	1124.86302	 835.56095	        P1	
 398.49180	 965.41642	 137.45827	        P1	
1071.89249	  17.47360	1132.10015	        P1	
 245.90475	 166.72728	 862.33183	        P1	
 756.62999	 512.55893	 646.62020	        P1	
1113.50714	 565.70781	 166.80330	        P1	
 799.50569	 304.33189	 176.58495	        P1	
1238.35109	1266.83603	1130.55567	        P1	
1165.21019	 569.34813	 487.53928	        P1	
 377.05395	 203.13060	 409.28586	        P1	
 761.67419	1151.80151	 911.75503	        P1	
 600.25979	  48.05240	 174.52567	        P1	
  87.01245	  41.49980	1142.91147	        P1	
 940.74329	1279.94123	1076.49905	        P1	
 498.11474	 704.04050	1022.95723	        P1	
1248.43949	 578.08493	 308.38019	        P1	
 495.59264	 252.63912	1270.58809	        P1	
 897.86759	 487.80469	1097.09203	        P1	
 737.71424	 907.89914	 424.21581	        P1	
 167.71965	 980.70582	 939.04078	        P1	
1099.63559	 894.06590	 743.40726	        P1	
 577.56089	1061.52122	 673.39108	        P1	
  88.27350	 422.27869	1115.62572	        P1	
 301.39095	 366.21753	1017.29419	        P1	
1269.87734	 255.55141	  24.71160	        P1	
 611.60924	  41.49980	 539.02176	        P1	
1163.94914	 318.16513	 794.88980	        P1	
 699.88274	 571.53233	 487.53928	        P1	
 133.67130	 809.61014	1296.84416	        P1	
 532.16309	 652.34773	  78.25342	        P1	
1292.57624	 431.74353	1086.79557	        P1	
 409.84125	 441.93649	  45.30458	        P1	
1015.14524	 147.79752	 444.29398	        P1	
 520.81364	1162.72251	 508.64707	        P1	
 851.20874	 508.91861	 551.37756	        P1	
 836.07614	 188.56929	 911.75503	        P1	
 407.31915	 891.88170	 281.60925	        P1	
 520.81364	 787.04010	 879.32106	        P1	
 247.16580	 993.08294	 728.47738	        P1	
 742.75844	1299.59903	 401.56349	        P1	
 297.60780	  85.91188	 423.70094	        P1	
 776.80679	 353.84041	 877.26178	        P1	
 543.51254	 417.18221	 463.34249	        P1	
 773.02364	 779.75942	1027.07585	        P1	
 944.52644	 398.25249	1257.71742	        P1	
 704.92694	1132.14371	  51.48248	        P1	
 920.56649	 592.64629	 440.69017	        P1	
 327.87300	 939.20602	 712.00296	        P1	
 926.87174	  53.14888	 329.48797	        P1	
 316.52355	   2.18420	  69.50137	        P1	
 489.28739	 684.38270	 998.24563	        P1	
 528.37994	  67.71020	 211.59307	        P1	
 791.93939	 420.82253	 510.70641	        P1	
 711.23219	 956.67962	 308.89499	        P1	
 365.70450	 515.47121	 648.67948	        P1	
 846.16454	 804.51370	  70.01618	        P1	
1172.77649	 946.48670	 368.09984	        P1	
1139.98919	 458.68201	 908.15128	        P1	
 916.78334	 958.86382	 821.66068	        P1	
   8.82735	 674.91781	 125.10247	        P1	
1256.00579	1313.43231	 707.88434	        P1	
1184.12594	1229.70463	1062.59877	        P1	
 513.24734	 406.98929	 312.49875	        P1	
   0.00000	 556.24293	 506.07298	        P1	
 151.32600	 480.52401	 773.78195	        P1	
 726.36479	 904.25882	1057.96535	        P1	
 790.67834	   6.55260	1218.59074	        P1	
 205.55115	1254.45891	1090.91413	        P1	
 677.18384	 686.56690	 632.20506	        P1	
  42.87570	  94.64868	 473.12414	        P1	
 861.29714	1315.61651	 812.90863	        P1	
 341.74455	 945.75862	  32.43397	        P1	
 455.23904	 386.60341	 106.56877	        P1	
 741.49739	 218.42000	  43.24530	        P1	
 277.43100	1078.99482	1230.94654	        P1	
 590.17139	 677.10202	 117.38010	        P1	
 959.65904	1168.54703	 242.48257	        P1	
 649.44074	1269.02023	 438.63089	        P1	
 267.34260	 862.03094	1085.25109	        P1	
1013.88419	 289.77053	  92.15369	        P1	
1156.38284	 618.12861	 111.20220	        P1	
 336.70035	 395.34021	 790.77118	        P1	
 722.58164	 171.09569	1237.63925	        P1	
1189.17014	 411.35769	  57.66038	        P1	
 358.13820	 463.05041	 143.63617	        P1	
1180.34279	  94.64868	 897.85476	        P1	
 770.50154	 607.93569	  96.27225	        P1	
 470.37164	 226.42872	 313.01361	        P1	
 929.39384	1269.02023	 489.59856	        P1	
 514.50839	1307.60775	 994.12707	        P1	
 972.26954	 463.77849	 409.80067	        P1	
1158.90494	 468.14689	1313.31852	        P1	
 511.98629	 920.27630	  20.59298	        P1	
 686.01119	1007.64430	 473.12414	        P1	
1293.83729	 129.59588	 465.40177	        P1	
 184.11330	 835.82054	 716.12158	        P1	
 535.94624	 128.86780	1025.53137	        P1	
1271.13839	 553.33069	1058.48015	        P1	
1192.95329	 958.13574	1315.37786	        P1	
 315.26250	 739.71574	 566.30751	        P1	
 351.83295	 340.00713	1000.30497	        P1	
 474.15479	1215.87135	1313.83339	        P1	
 335.43930	 968.32870	1152.69312	        P1	
 284.99730	1255.18695	 757.82240	        P1	
 385.88130	1252.27471	 953.45585	        P1	
 442.62855	1306.87971	1274.70665	        P1	
 588.91034	 134.69232	 411.86001	        P1	
 746.54159	 961.04802	 569.91126	        P1	
 139.97655	 699.67210	1299.41825	        P1	
 793.20044	 513.28701	 679.56898	        P1	
1036.58309	1128.50334	 943.15940	        P1	
1258.52789	 853.29414	1185.64196	        P1	
 343.00560	1199.85391	   3.60375	        P1	
1085.76404	 794.32074	 370.15919	        P1	
1200.51959	 879.50454	 615.73070	        P1	
 682.22804	 152.16592	 467.46111	        P1	
1015.14524	1152.52954	 275.94621	        P1	
1170.25439	 237.34972	 512.25088	        P1	
 944.52644	 725.88250	 582.78186	        P1	
1036.58309	1012.01270	 897.85476	        P1	
 602.78189	1078.99482	 296.53919	        P1	
 774.28469	 562.06749	 547.25894	        P1	
 195.46275	1069.52994	1004.93839	        P1	
 503.15894	 118.67488	 996.70115	        P1	
  16.39365	 123.04328	 588.95976	        P1	
1032.79994	 510.37473	 209.53379	        P1	
 817.16039	 182.01669	 125.61728	        P1	
1233.30689	 714.96150	1226.82792	        P1	
1027.75574	 829.26794	 530.78458	        P1	
1141.25024	 784.12782	1088.85485	        P1	
1168.99334	 197.30609	 521.00287	        P1	
1076.93669	 147.06948	 650.73876	        P1	
 805.81094	 503.09409	  26.77088	        P1	
 416.14650	 289.77053	1160.93037	        P1	
 230.77215	  83.72768	 137.97308	        P1	
1109.72399	 218.42000	1149.08937	        P1	
 640.61339	 573.71653	 129.22109	        P1	
 129.88815	1263.19571	 539.53657	        P1	
1002.53474	 813.25050	  94.72778	        P1	
 524.59679	 449.94521	 698.10268	        P1	
  84.49035	 688.02302	 976.10817	        P1	
 660.79019	 850.38190	1239.18372	        P1	
  29.00415	1184.56451	1060.02463	        P1	
 490.54844	 230.79712	 215.71169	        P1	
1221.95744	 964.68834	 728.47738	        P1	
 296.34675	1251.54663	1241.75787	        P1	
 320.30670	1252.27471	1239.18372	        P1	
 771.76259	 511.10281	 687.29136	        P1	
 585.12719	 483.43629	 961.17823	        P1	
1215.65219	 589.73401	1149.08937	        P1	
 394.70865	 460.86621	1224.76864	        P1	
1142.51129	 880.96070	 788.19703	        P1	
 788.15624	  63.34180	 630.14578	        P1	
 745.28054	1309.79195	1303.02206	        P1	
 596.47664	 967.60062	 508.13226	        P1	
 485.50424	 389.51569	  63.83828	        P1	
 940.74329	 752.82094	 757.82240	        P1	
1301.40359	  97.56092	 628.08650	        P1	
 467.84954	 191.48152	 164.74402	        P1	
 947.04854	1120.49462	 185.33700	        P1	
 356.87715	1194.75743	 681.11346	        P1	
 953.35379	 738.25962	 205.41517	        P1	
 517.03049	 811.06630	 145.69545	        P1	
 441.36750	 907.17110	 626.02716	        P1	
 380.83710	 406.26121	  86.49060	        P1	
  70.61880	 318.89321	  12.35580	        P1	
 876.42974	1117.58234	 394.87079	        P1	
 522.07469	1001.81974	1035.82789	        P1	
1314.01409	1186.74871	 706.33986	        P1	
 224.46690	 144.15720	 216.22649	        P1	
 481.72109	  65.52600	1280.36974	        P1	
  13.87155	 929.74114	 844.31300	        P1	
 682.22804	 169.63952	 969.41547	        P1	
1257.26684	 820.53114	 654.34258	        P1	
 664.57334	 577.35689	 590.50424	        P1	
 128.62710	 732.43510	 280.06477	        P1	
1307.70884	  77.90312	 714.57710	        P1	
 693.57749	 243.17429	 201.29655	        P1	
1166.47124	 307.97221	 125.10247	        P1	
 519.55259	 765.92614	 152.38822	        P1	
1114.76819	1170.73123	 778.41538	        P1	
 126.10500	 314.52481	 376.85189	        P1	
 308.95725	 455.04169	  94.72778	        P1	
 793.20044	1216.59943	1187.70124	        P1	
 669.61754	 500.18181	 611.61208	        P1	
 511.98629	 716.41762	 211.59307	        P1	
 674.66174	1273.38863	 149.81407	        P1	
 331.65615	 249.72689	 595.13766	        P1	
 220.68375	 354.56849	1280.88455	        P1	
 617.91449	 161.63080	 871.08388	        P1	
1080.71984	 356.02461	 279.54997	        P1	
 962.18114	 979.24970	 213.65235	        P1	
 822.20459	 305.78801	 179.15910	        P1	
 284.99730	  65.52600	 730.53666	        P1	
 807.07199	1284.30963	 724.35876	        P1	
