2019.00000	   0.00000	   0.00000	   0.00000	
 110.97240	 145.61332	 160.11059	        P1	
 809.59409	 515.47121	 488.05409	        P1	
 911.73914	 667.63713	1031.19447	        P1	
 389.66445	1290.86223	 267.19417	        P1	
 901.65074	 778.30330	 744.95173	        P1	
 356.87715	 283.21792	 448.92741	        P1	
  79.44615	1124.86302	 366.04057	        P1	
 542.25149	1000.36362	 228.58229	        P1	
1238.35109	 953.76734	 487.53928	        P1	
 452.71694	1072.44222	 766.05958	        P1	
 488.02634	 740.44382	  44.78977	        P1	
 630.52499	  21.84200	  38.61187	        P1	
1242.13424	 990.89874	 109.14292	        P1	
1290.05414	 801.60142	 779.95985	        P1	
  88.27350	 965.41642	1187.70124	        P1	
 122.32185	 934.10954	 535.41801	        P1	
 527.11889	 949.39894	  24.19679	        P1	
 882.73499	 310.15641	 557.55546	        P1	
1000.01264	 354.56849	1120.25915	        P1	
1055.49884	 187.11312	 875.20250	        P1	
  94.57875	1092.82811	 601.31556	        P1	
 800.76674	 577.35689	 584.32634	        P1	
 308.95725	1017.10914	1221.16489	        P1	
 745.28054	  45.86820	 384.57426	        P1	
1259.78894	 287.58632	 146.21032	        P1	
  90.79560	 247.54269	 990.52325	        P1	
 799.50569	1033.85470	  90.09435	        P1	
 998.75159	1128.50334	 740.83318	        P1	
 843.64244	 805.96982	 142.09170	        P1	
1247.17844	 888.96942	 642.50158	        P1	
 825.98774	 852.56610	 633.74954	        P1	
 621.69764	 935.56570	1237.63925	        P1	
  31.52625	 507.46249	 837.62023	        P1	
 812.11619	 741.17190	1070.83595	        P1	
 330.39510	 892.60974	 709.94368	        P1	
 745.28054	 781.21554	 801.06770	        P1	
 940.74329	  40.77172	 288.30201	        P1	
 668.35649	 540.22549	 411.34514	        P1	
  41.61465	 222.06032	 586.38568	        P1	
 319.04565	 634.14610	1189.76052	        P1	
 709.97114	1250.09051	 792.83046	        P1	
 308.95725	 290.49861	 600.80076	        P1	
 789.41729	 346.55973	 133.85452	        P1	
 940.74329	 179.10440	 347.50687	        P1	
 581.34404	  63.34180	 284.18339	        P1	
 501.89789	 145.61332	 153.93269	        P1	
 295.08570	 452.85749	1307.14062	        P1	
 538.46834	1236.98531	 541.08104	        P1	
 426.23490	 653.80390	  71.56065	        P1	
1109.72399	 850.38190	1282.42902	        P1	
 435.06225	1266.10795	 228.06749	        P1	
 899.12864	 696.75982	 469.52039	        P1	
 906.69494	 424.46289	 763.48543	        P1	
 214.37850	 966.87254	 864.39117	        P1	
 317.78460	1083.36322	 444.80879	        P1	
 259.77630	 509.64669	1263.89532	        P1	
1218.17429	 497.99761	  32.43397	        P1	
 704.92694	 655.98810	  34.49325	        P1	
 824.72669	1173.64351	 922.56636	        P1	
 963.44219	1111.02974	1117.68507	        P1	
 437.58435	 289.04249	 411.34514	        P1	
  71.87985	1282.12543	 100.39087	        P1	
 361.92135	 724.42633	  53.54182	        P1	
1052.97674	 855.47834	1029.64999	        P1	
  40.35360	 313.06869	1015.23485	        P1	
1076.93669	1055.69670	 213.65235	        P1	
1122.33449	 403.34893	 418.03791	        P1	
 873.90764	 759.37354	 382.51499	        P1	
 852.46979	 244.63041	 483.42066	        P1	
 446.41170	 487.80469	 485.47994	        P1	
 558.64514	 852.56610	 409.80067	        P1	
 291.30255	1287.94995	 183.27772	        P1	
  61.79145	 316.70901	 846.37228	        P1	
 310.21830	 677.10202	 605.43418	        P1	
1257.26684	1148.16114	 617.27518	        P1	
 517.03049	 771.75070	 187.39627	        P1	
1132.42289	 176.19212	 722.29948	        P1	
  17.65470	1156.16991	1039.94645	        P1	
1137.46709	 846.01350	 429.87884	        P1	
 152.58705	  58.97340	 920.50708	        P1	
1058.02094	 510.37473	 981.77127	        P1	
 942.00434	 185.65700	 835.56095	        P1	
 104.66715	1255.91503	1093.48827	        P1	
 586.38824	 533.67289	 588.95976	        P1	
 387.14235	1219.51171	1004.42353	        P1	
 689.79434	1188.93291	1287.06245	        P1	
 889.04024	1143.79274	 994.12707	        P1	
1205.56379	 832.90830	 879.32106	        P1	
1018.92839	 875.13614	 183.27772	        P1	
1268.61629	 397.52441	 946.76315	        P1	
 839.85929	1077.53871	 613.67136	        P1	
1282.48784	 508.91861	 341.32897	        P1	
1022.71154	 379.32273	 623.45308	        P1	
 680.96699	 636.33030	 181.21837	        P1	
1136.20604	 417.18221	1044.06507	        P1	
 428.75700	 254.82332	1134.67429	        P1	
1252.22264	  34.21912	 646.62020	        P1	
1203.04169	 969.78482	 316.61737	        P1	
 557.38409	 496.54149	  83.91645	        P1	
 994.96844	  19.65780	 753.70378	        P1	
1132.42289	 237.34972	 345.44759	        P1	
 706.18799	1169.27511	1249.99505	        P1	
 757.89104	1188.93291	  28.31535	        P1	
 355.61610	1246.45015	 906.09200	        P1	
 184.11330	 987.25842	 234.76019	        P1	
1138.72814	 621.04089	 403.62277	        P1	
 157.63125	  29.85072	 967.87100	        P1	
 993.70739	 993.08294	  48.90839	        P1	
1197.99749	1122.67882	 959.11895	        P1	
 967.22534	1305.42355	 777.90058	        P1	
1147.55549	 777.57522	 803.12698	        P1	
1279.96574	  41.49980	 495.77646	        P1	
 595.21559	 582.45333	 252.77909	        P1	
1263.57209	 534.40093	 634.26440	        P1	
 113.49450	  94.64868	 638.38296	        P1	
 258.51525	 639.97061	1062.59877	        P1	
 205.55115	 922.46050	 483.93547	        P1	
1148.81654	 623.95313	1074.43977	        P1	
1182.86489	 569.34813	 133.85452	        P1	
1279.96574	1084.09131	 731.05146	        P1	
 301.39095	1231.16075	 936.98150	        P1	
 703.66589	 599.92693	 740.83318	        P1	
1206.82484	 238.07781	 328.97317	        P1	
 839.85929	 161.63080	 741.34798	        P1	
1215.65219	 569.34813	 938.52597	        P1	
 373.27080	1202.76615	 160.11059	        P1	
 147.54285	 127.41168	 936.46663	        P1	
  56.74725	 270.11272	 337.72521	        P1	
 165.19755	1204.95035	1068.26187	        P1	
 543.51254	 305.05993	 615.73070	        P1	
1253.48369	 406.26121	 372.21847	        P1	
 442.62855	 824.89954	 201.81142	        P1	
 116.01660	1121.22271	 731.05146	        P1	
1064.32619	1122.67882	 217.77097	        P1	
1128.63974	 358.93689	 329.48797	        P1	
 380.83710	 275.20921	 562.18889	        P1	
 718.79849	 530.03253	 518.42878	        P1	
 693.57749	1153.25763	1039.43165	        P1	
 814.63829	1221.69591	 689.35064	        P1	
 839.85929	 582.45333	1049.72817	        P1	
 290.04150	1151.80151	 108.62805	        P1	
 689.79434	 813.25050	 263.07555	        P1	
1029.01679	 643.61093	1154.75247	        P1	
 669.61754	 867.12742	  24.71160	        P1	
1253.48369	 739.71574	 648.16468	        P1	
 155.10915	 798.68914	1085.25109	        P1	
  60.53040	 183.47280	 223.94887	        P1	
 158.89230	 659.62841	 976.10817	        P1	
 470.37164	 195.84992	  84.43132	        P1	
 563.68934	 271.56889	 343.38825	        P1	
 954.61484	1155.44183	 364.49609	        P1	
1001.27369	1183.83643	1057.96535	        P1	
 319.04565	 749.18062	 384.57426	        P1	
 686.01119	1205.67843	 203.87069	        P1	
 437.58435	 909.35530	 312.49875	        P1	
 532.16309	 186.38509	 615.21584	        P1	
 163.93650	  39.31560	 712.00296	        P1	
 269.86470	1157.62603	1112.02197	        P1	
 889.04024	 191.48152	 535.41801	        P1	
 148.80390	1313.43231	 693.98406	        P1	
 510.72524	1114.67011	 341.84377	        P1	
  84.49035	 816.16274	1235.06516	        P1	
 547.29569	1090.64391	 448.41254	        P1	
  66.83565	1302.51131	  34.49325	        P1	
 770.50154	 736.07542	 687.29136	        P1	
 788.15624	 699.67210	 831.44233	        P1	
1005.05684	  70.62248	1158.87102	        P1	
1051.71569	1253.73083	 526.66596	        P1	
1166.47124	1220.96783	 588.44496	        P1	
 297.60780	 779.03134	  98.33159	        P1	
 370.74870	1065.88962	 549.83309	        P1	
 543.51254	 178.37632	1011.11629	        P1	
1050.45464	1098.65262	1260.29157	        P1	
1056.75989	 221.33229	 471.57967	        P1	
 973.53059	 297.05121	 662.57976	        P1	
  50.44200	 530.03253	 543.14038	        P1	
1230.78479	 502.36601	 508.13226	        P1	
 646.91864	 268.65661	 106.56877	        P1	
1124.85659	 869.31162	 273.37207	        P1	
 157.63125	 532.21673	 178.64429	        P1	
 819.68249	 680.01430	 232.18605	        P1	
1267.35524	 596.28661	 809.30488	        P1	
 900.38969	 883.87294	 784.07847	        P1	
 348.04980	1255.18695	 845.85747	        P1	
 672.13964	1271.93251	 732.59593	        P1	
 706.18799	 749.90870	 273.88687	        P1	
 575.03879	 104.84160	 778.41538	        P1	
 604.04294	 498.72569	 998.24563	        P1	
1244.65634	 514.74313	1023.47209	        P1	
 943.26539	 626.13733	 753.18898	        P1	
 288.78045	 938.47794	 413.40448	        P1	
 689.79434	1127.77531	 312.49875	        P1	
1305.18674	 937.02182	 261.01627	        P1	
 918.04439	 787.76814	 127.67662	        P1	
 417.40755	 568.62009	 650.73876	        P1	
 123.58290	 786.31202	1298.90344	        P1	
 411.10230	1143.06471	 144.15098	        P1	
1042.88834	 922.46050	 689.35064	        P1	
 379.57605	  35.67528	 199.75207	        P1	
 496.85369	 869.31162	 835.56095	        P1	
 155.10915	 239.53392	1037.37237	        P1	
 754.10789	 569.34813	1116.14059	        P1	
 148.80390	 971.24094	1184.09749	        P1	
1254.74474	 797.23302	  67.95690	        P1	
  55.48620	 500.90989	 856.15393	        P1	
 905.43389	 346.55973	 529.24011	        P1	
 701.14379	 314.52481	 396.93006	        P1	
 736.45319	 278.12149	1134.15942	        P1	
 870.12449	 241.71812	 492.17271	        P1	
1206.82484	 787.04010	 621.39374	        P1	
1127.37869	1282.85351	 819.08653	        P1	
 586.38824	1298.14291	1072.38043	        P1	
 290.04150	 696.03173	 184.82219	        P1	
 393.44760	 131.05200	 531.29939	        P1	
  89.53455	1226.79235	 411.86001	        P1	
 131.14920	 687.29493	 697.58788	        P1	
1105.94084	 549.69033	 901.45857	        P1	
 210.59535	 935.56570	  63.83828	        P1	
 249.68790	 364.03333	  10.29652	        P1	
 392.18655	 166.72728	 712.51776	        P1	
 882.73499	 192.20960	1179.97887	        P1	
 697.36064	1027.30210	 510.19154	        P1	
 181.59120	 962.50414	 387.14841	        P1	
1218.17429	 227.15681	 242.48257	        P1	
 873.90764	 870.03970	 726.41804	        P1	
 548.55674	 686.56690	 582.78186	        P1	
 127.36605	 925.37274	 524.60668	        P1	
 918.04439	  11.64908	 545.71447	        P1	
 216.90060	 543.13773	1117.68507	        P1	
 628.00289	 532.94481	 617.78998	        P1	
 858.77504	 200.21832	1210.35356	        P1	
 539.72939	 285.40213	 870.56907	        P1	
 601.52084	 393.88409	1072.38043	        P1	
 165.19755	1167.09091	1033.76855	        P1	
 230.77215	 166.72728	 714.06224	        P1	
 786.89519	  82.99960	 679.56898	        P1	
 441.36750	 331.99841	 142.09170	        P1	
 867.60239	 147.06948	 409.80067	        P1	
1030.27784	 507.46249	1257.71742	        P1	
 936.96014	 264.28821	 773.78195	        P1	
1237.09004	 953.03930	 244.54185	        P1	
1242.13424	1267.56411	 454.59044	        P1	
 817.16039	 189.29732	1000.30497	        P1	
1303.92569	1030.94242	 741.34798	        P1	
  88.27350	 234.43749	1182.03815	        P1	
 875.16869	 433.92773	 875.20250	        P1	
 808.33304	 389.51569	 188.94075	        P1	
 631.78604	1153.98571	 799.00836	        P1	
1177.82069	 666.90910	 627.57164	        P1	
1277.44364	 888.96942	 576.08916	        P1	
 498.11474	 475.42753	 907.63647	        P1	
1253.48369	 112.12228	  96.27225	        P1	
 614.13134	 230.79712	 257.41251	        P1	
 395.96970	 294.13893	1278.31046	        P1	
 218.16165	 267.20049	 806.73073	        P1	
   6.30525	 894.79394	 709.94368	        P1	
1262.31104	 369.12981	1031.70927	        P1	
 745.28054	1257.37115	  42.73049	        P1	
1127.37869	 746.99642	1105.84407	        P1	
 683.48909	 288.31441	 488.05409	        P1	
 509.46419	 843.10122	 520.48806	        P1	
1087.02509	 570.80429	 429.87884	        P1	
 524.59679	 554.78681	 518.94359	        P1	
 635.56919	 618.85670	1103.26993	        P1	
 635.56919	  85.91188	 547.25894	        P1	
1277.44364	 705.49662	 395.38559	        P1	
 634.30814	1161.26634	 862.84670	        P1	
   8.82735	1235.52915	 782.53400	        P1	
 320.30670	 101.92932	  90.60922	        P1	
 747.80264	1111.75782	 446.35326	        P1	
1211.86904	 891.88170	 479.30204	        P1	
1141.25024	  85.18380	 168.34777	        P1	
 925.61069	 860.57482	1156.81174	        P1	
 544.77359	 458.68201	 846.37228	        P1	
1199.25854	1196.21355	1042.00579	        P1	
 446.41170	1284.30963	 798.49355	        P1	
1204.30274	 313.79673	  41.18602	        P1	
 182.85225	 969.05674	1068.26187	        P1	
 915.52229	 952.31122	1119.74435	        P1	
 332.91720	 994.53910	 428.33437	        P1	
 493.07054	 973.42514	 424.21581	        P1	
 878.95184	 216.23580	  61.77900	        P1	
 141.23760	1311.97615	 498.35061	        P1	
 491.80949	 837.27670	 584.32634	        P1	
1308.96989	 385.87533	 337.72521	        P1	
 760.41314	 559.88329	 806.73073	        P1	
1256.00579	1033.85470	 380.45564	        P1	
1237.09004	 319.62129	 922.56636	        P1	
 476.67689	 642.15481	1223.22417	        P1	
  95.83980	 717.87373	1042.00579	        P1	
 247.16580	1301.78323	1223.22417	        P1	
 717.53744	1212.23103	 611.61208	        P1	
 508.20314	 923.91662	 526.66596	        P1	
1065.58724	 634.14610	 422.15647	        P1	
1290.05414	 650.16353	 209.53379	        P1	
 446.41170	 451.40133	1197.99776	        P1	
1088.28614	   0.72808	 768.11886	        P1	
 849.94769	  85.91188	 275.43135	        P1	
 712.49324	 586.09369	1195.93842	        P1	
 918.04439	 950.85510	 527.18077	        P1	
 373.27080	 320.34933	 430.39371	        P1	
 232.03320	 183.47280	1062.59877	        P1	
 562.42829	1134.32791	 990.52325	        P1	
   1.26105	 648.70741	 858.72808	        P1	
 846.16454	1199.12583	 576.08916	        P1	
 107.18925	  53.14888	 329.48797	        P1	
 915.52229	 776.11910	1237.63925	        P1	
1046.67149	 597.01469	  83.91645	        P1	
1020.18944	1236.98531	 348.02167	        P1	
 257.25420	1309.06391	 528.72524	        P1	
 848.68664	 897.70622	 174.52567	        P1	
 744.01949	 681.47042	 438.63089	        P1	
 968.48639	 869.31162	 735.17008	        P1	
 924.34964	 310.88449	1060.02463	        P1	
1206.82484	 313.79673	1190.27539	        P1	
1124.85659	 101.92932	 825.77930	        P1	
1029.01679	 560.61133	1123.86297	        P1	
 170.24175	 658.90033	1241.24306	        P1	
 283.73625	  24.02620	1008.54215	        P1	
  51.70305	1033.12662	 512.76569	        P1	
  60.53040	 340.73521	1247.93577	        P1	
 595.21559	 685.83882	  63.32347	        P1	
 905.43389	 429.55933	 987.94917	        P1	
 372.00975	 275.93729	 689.35064	        P1	
 694.83854	  37.13140	 457.16459	        P1	
 132.41025	1219.51171	  77.73855	        P1	
1162.68809	 946.48670	 539.53657	        P1	
 494.33159	 131.05200	1311.25924	        P1	
1216.91324	  74.99088	  71.56065	        P1	
 829.77089	1199.85391	1089.36965	        P1	
 409.84125	 230.79712	 221.88959	        P1	
 373.27080	1221.69591	1263.89532	        P1	
 452.71694	1298.14291	 249.17527	        P1	
 303.91305	1056.42474	 456.64978	        P1	
 249.68790	 540.22549	 175.04047	        P1	
1066.84829	 936.29374	  10.29652	        P1	
 727.62584	 329.81421	 327.42869	        P1	
 172.76385	1111.75782	1044.06507	        P1	
 728.88689	 959.59190	 687.80616	        P1	
 312.74040	 103.38548	 269.25345	        P1	
1110.98504	 495.81341	 142.09170	        P1	
1083.24194	 210.41129	1288.60692	        P1	
 984.88004	1100.10874	 160.11059	        P1	
 847.42559	1013.46882	 551.37756	        P1	
 936.96014	 259.91981	 878.80625	        P1	
 448.93379	1124.13494	1023.47209	        P1	
 113.49450	1113.94202	 662.57976	        P1	
 911.73914	 128.86780	 143.63617	        P1	
 725.10374	 683.65462	1000.81977	        P1	
 448.93379	1192.57323	 926.68498	        P1	
1166.47124	 625.40930	 817.54206	        P1	
 684.75014	 752.09290	 953.45585	        P1	
 650.70179	1119.76654	1103.78479	        P1	
 771.76259	 282.48989	 453.04597	        P1	
 542.25149	1060.06510	1175.86025	        P1	
   5.04420	  84.45572	 648.16468	        P1	
1162.68809	 870.76774	1072.89529	        P1	
 976.05269	1145.97694	 438.11608	        P1	
 494.33159	 779.03134	 411.86001	        P1	
 402.27495	1178.73994	1282.94389	        P1	
 824.72669	  61.15760	 135.91380	        P1	
1093.33034	1094.28422	 105.02430	        P1	
 379.57605	 540.95353	 283.66859	        P1	
 843.64244	1040.40730	 261.53107	        P1	
 812.11619	 841.64510	 354.19957	        P1	
 221.94480	 362.57721	1020.89795	        P1	
1158.90494	 690.93530	 967.35613	        P1	
 887.77919	 131.05200	 372.21847	        P1	
 841.12034	 642.88290	1027.59065	        P1	
1152.59969	1233.34495	1136.21877	        P1	
 514.50839	  49.50852	1228.88726	        P1	
 319.04565	 778.30330	 873.14316	        P1	
 274.90890	 467.41881	 267.19417	        P1	
 319.04565	1311.24811	 398.98934	        P1	
 435.06225	 551.14649	 485.47994	        P1	
 432.54015	 178.37632	 487.53928	        P1	
 380.83710	1253.73083	 123.55800	        P1	
 678.44489	 438.29613	 380.97051	        P1	
 894.08444	  99.74512	1216.53146	        P1	
1190.43119	 752.82094	 926.17017	        P1	
   5.04420	1138.69631	 156.50678	        P1	
1018.92839	1052.78442	 841.73885	        P1	
 804.54989	 165.99920	 242.48257	        P1	
 699.88274	  66.25408	 380.45564	        P1	
1151.33864	 455.04169	 378.91117	        P1	
1177.82069	 128.13972	 481.36138	        P1	
1104.67979	 505.27829	 854.60946	        P1	
1295.09834	 258.46369	1165.04892	        P1	
 803.28884	 121.58712	 597.19701	        P1	
 848.68664	1040.40730	  83.91645	        P1	
 987.40214	  99.74512	 930.80360	        P1	
 172.76385	 980.70582	 691.92478	        P1	
 305.17410	 308.70029	 187.39627	        P1	
 147.54285	 104.11352	  73.61999	        P1	
1058.02094	 340.00713	 215.71169	        P1	
 192.94065	 303.60381	 100.39087	        P1	
1008.83999	1255.18695	1171.74169	        P1	
 249.68790	 853.29414	 578.66331	        P1	
 829.77089	1300.32711	 218.28577	        P1	
 495.59264	1212.23103	1206.23494	        P1	
 938.22119	1313.43231	 879.32106	        P1	
 220.68375	1289.40611	 201.29655	        P1	
1160.16599	 403.34893	 864.39117	        P1	
 103.40610	 712.04922	 877.26178	        P1	
 535.94624	 523.47993	 152.38822	        P1	
 196.72380	1173.64351	 187.39627	        P1	
1063.06514	 492.90113	 784.07847	        P1	
1016.40629	 958.13574	 512.25088	        P1	
  10.08840	 809.61014	  36.55259	        P1	
1007.57894	 638.51450	 409.80067	        P1	
 437.58435	 136.14848	1027.59065	        P1	
 508.20314	 127.41168	 479.30204	        P1	
 718.79849	  74.26280	  86.49060	        P1	
 500.63684	 628.32153	1142.39667	        P1	
 398.49180	 751.36482	 302.71709	        P1	
 846.16454	  72.07860	1206.23494	        P1	
 738.97529	 649.43550	 961.17823	        P1	
 774.28469	 506.73441	 656.40186	        P1	
1288.79309	 617.40053	 560.12961	        P1	
1282.48784	1290.86223	 588.44496	        P1	
 287.51940	 564.97973	 672.87628	        P1	
 136.19340	1259.55535	 821.14587	        P1	
 104.66715	  83.72768	 799.00836	        P1	
 907.95599	  99.01708	 825.26443	        P1	
1034.06099	 334.91069	 805.18626	        P1	
1306.44779	  48.05240	 895.79548	        P1	
 929.39384	 369.12981	 174.52567	        P1	
1013.88419	 454.31361	 205.41517	        P1	
  30.26520	 838.73282	1105.84407	        P1	
 427.49595	 771.02262	 495.77646	        P1	
1073.15354	 887.51330	1027.59065	        P1	
 476.67689	  72.80668	 590.50424	        P1	
 257.25420	1000.36362	 755.24826	        P1	
  39.09255	 492.90113	1197.99776	        P1	
 334.17825	1188.93291	 602.86004	        P1	
 292.56360	  59.70148	1060.02463	        P1	
 123.58290	1019.29334	 393.32631	        P1	
 291.30255	1063.70542	 197.69279	        P1	
 123.58290	 461.59429	 707.88434	        P1	
 341.74455	 280.30569	 547.25894	        P1	
1017.66734	 702.58433	 141.57689	        P1	
  49.18095	 335.63873	  48.90839	        P1	
 235.81635	 274.48112	  41.18602	        P1	
 950.83169	 180.56052	1227.34279	        P1	
 337.96140	1207.13455	  61.26419	        P1	
 509.46419	1207.13455	1080.61767	        P1	
 176.54700	1036.76694	 821.14587	        P1	
 257.25420	 414.99801	 926.68498	        P1	
 462.80534	 434.65581	 341.32897	        P1	
 707.44904	 760.82970	 774.29676	        P1	
 728.88689	 342.19133	 992.58259	        P1	
  94.57875	1207.86263	 656.40186	        P1	
 901.65074	 471.05913	 603.37491	        P1	
 680.96699	 901.34654	1197.99776	        P1	
 633.04709	1243.53791	 170.40705	        P1	
 994.96844	1301.05515	 399.50421	        P1	
1141.25024	 989.44262	 421.64166	        P1	
 273.64785	 497.26953	 899.91410	        P1	
 372.00975	1088.45971	1249.99505	        P1	
 935.69909	 901.34654	 240.42329	        P1	
1295.09834	 328.35809	 491.65784	        P1	
 609.08714	  80.81540	 125.10247	        P1	
 453.97799	 732.43510	 312.49875	        P1	
   0.00000	1220.23975	 102.96502	        P1	
 981.09689	 728.06670	  14.41508	        P1	
 809.59409	1230.43271	1009.05695	        P1	
1223.21849	1132.87174	 709.94368	        P1	
 616.65344	 264.28821	 359.86267	        P1	
  59.26935	  19.65780	 889.61758	        P1	
 407.31915	  69.16632	 679.05418	        P1	
 617.91449	 966.87254	1072.89529	        P1	
1278.70469	 717.87373	 887.55830	        P1	
 312.74040	 489.26081	1062.59877	        P1	
 394.70865	  54.60500	 767.60405	        P1	
 431.27910	 851.83802	  81.85717	        P1	
 104.66715	 641.42673	 876.74697	        P1	
 548.55674	 805.96982	 594.62286	        P1	
 215.63955	 104.11352	1173.28616	        P1	
 394.70865	1232.61691	 780.47466	        P1	
 793.20044	 379.32273	1202.63119	        P1	
 609.08714	 286.13021	 508.13226	        P1	
   7.56630	 633.41801	1002.36425	        P1	
 660.79019	 666.90910	 615.21584	        P1	
 139.97655	 983.61810	 788.19703	        P1	
1083.24194	1183.10834	 813.42350	        P1	
 197.98485	 597.74273	 862.84670	        P1	
1234.56794	 999.63554	 431.93818	        P1	
1059.28199	 771.75070	 799.00836	        P1	
 617.91449	 155.80628	1257.71742	        P1	
 573.77774	  53.14888	 368.09984	        P1	
 466.58849	 355.29653	 529.24011	        P1	
 744.01949	 595.55853	 833.50167	        P1	
 786.89519	 851.83802	 526.66596	        P1	
1252.22264	 581.72529	 639.92744	        P1	
 518.29154	 506.00633	 376.33709	        P1	
1141.25024	 262.83209	1175.86025	        P1	
 307.69620	1012.01270	1077.01385	        P1	
 354.35505	 567.16393	 784.07847	        P1	
 500.63684	 971.96902	 841.73885	        P1	
 709.97114	 388.05953	 901.45857	        P1	
1110.98504	  31.30688	 934.92215	        P1	
 223.20585	 460.86621	 290.36129	        P1	
  25.22100	 101.92932	 510.70641	        P1	
1271.13839	 505.27829	 565.79264	        P1	
 290.04150	 112.12228	 273.88687	        P1	
1177.82069	1100.83682	  38.61187	        P1	
1023.97259	 473.24333	1270.58809	        P1	
 581.34404	1114.67011	 706.33986	        P1	
  74.40195	 287.58632	 821.14587	        P1	
1056.75989	1022.20562	 796.94908	        P1	
 514.50839	 311.61253	 234.24539	        P1	
1157.64389	 620.31281	1044.06507	        P1	
 838.59824	1299.59903	 427.81956	        P1	
 718.79849	 710.59310	 188.94075	        P1	
 976.05269	 773.20682	 990.00845	        P1	
 525.85784	 267.20049	1189.76052	        P1	
1166.47124	 340.00713	 813.42350	        P1	
1079.45879	 947.94282	1125.92225	        P1	
 935.69909	 680.01430	 454.59044	        P1	
 462.80534	 800.14530	1219.10555	        P1	
 823.46564	 222.06032	 530.78458	        P1	
1147.55549	 969.78482	 617.78998	        P1	
  44.13675	 326.90193	1159.38589	        P1	
1170.25439	  55.33308	 131.79518	        P1	
  90.79560	1231.88883	1156.81174	        P1	
1285.00994	1030.21434	 166.28849	        P1	
 735.19214	1025.84594	1048.18369	        P1	
 214.37850	 521.29573	 679.05418	        P1	
1283.74889	 155.80628	1084.73623	        P1	
 699.88274	  10.92100	 860.27255	        P1	
 435.06225	1164.17863	1305.08134	        P1	
 482.98214	1277.75703	 135.91380	        P1	
 786.89519	 393.15601	  38.61187	        P1	
 203.02905	 661.81261	 605.43418	        P1	
 649.44074	 945.75862	 308.89499	        P1	
 136.19340	  88.82412	 776.35610	        P1	
 962.18114	1070.98610	 249.17527	        P1	
 119.79975	 881.68874	 648.16468	        P1	
 308.95725	 377.86661	 637.86816	        P1	
1042.88834	 964.68834	 356.25891	        P1	
1200.51959	 974.15322	1309.71477	        P1	
 788.15624	1215.14331	 868.50973	        P1	
 504.41999	 607.20761	 773.78195	        P1	
1205.56379	1215.87135	 530.78458	        P1	
  89.53455	1116.12622	 248.66047	        P1	
 433.80120	 511.10281	  32.43397	        P1	
 592.69349	 302.87573	 387.14841	        P1	
1150.07759	 700.40013	1185.64196	        P1	
1145.03339	  46.59628	 534.90314	        P1	
1055.49884	 242.44621	 240.93809	        P1	
 109.71135	 335.63873	1035.82789	        P1	
  74.40195	 771.02262	 162.16987	        P1	
1306.44779	1300.32711	 280.06477	        P1	
 799.50569	 620.31281	  69.50137	        P1	
 575.03879	 869.31162	1156.81174	        P1	
1066.84829	1144.52083	 279.54997	        P1	
 909.21704	 593.37433	  35.00812	        P1	
  50.44200	 578.08493	 424.21581	        P1	
 722.58164	 897.70622	 878.80625	        P1	
1239.61214	 497.26953	   5.66310	        P1	
 638.09129	1025.11790	 292.42057	        P1	
 166.45860	 978.52162	 959.11895	        P1	
 615.39239	 658.17230	 570.42606	        P1	
 469.11059	 891.15362	 796.94908	        P1	
 915.52229	 669.82133	  59.71972	        P1	
 518.29154	 848.19770	 113.26148	        P1	
 534.68519	1234.80111	  65.38275	        P1	
 131.14920	  94.64868	1072.38043	        P1	
1076.93669	 994.53910	1270.07322	        P1	
 384.62025	 169.63952	 980.22680	        P1	
 267.34260	 936.29374	1105.32927	        P1	
 435.06225	 709.86502	1037.88717	        P1	
 929.39384	 817.61890	1072.38043	        P1	
 754.10789	 314.52481	 471.06486	        P1	
 819.68249	1278.48511	 676.99484	        P1	
 567.47249	 164.54309	 596.68214	        P1	
  70.61880	1038.22310	 596.68214	        P1	
 122.32185	 140.51688	 837.62023	        P1	
 653.22389	  13.10520	 990.00845	        P1	
 369.48765	1130.68754	 448.92741	        P1	
 963.44219	1076.08254	 574.02988	        P1	
 807.07199	 557.69909	 102.45015	        P1	
 184.11330	 863.48710	 571.97054	        P1	
 547.29569	1084.81934	 992.58259	        P1	
 577.56089	  93.19252	 240.42329	        P1	
 488.02634	 379.32273	 387.14841	        P1	
1210.60799	 685.83882	 582.26706	        P1	
 403.53600	1183.83643	 625.51236	        P1	
  47.91990	 975.60934	  36.55259	        P1	
1008.83999	1103.74911	 755.76306	        P1	
 986.14109	 795.04882	 413.91929	        P1	
 808.33304	 118.67488	 707.88434	        P1	
1220.69639	 331.99841	 217.77097	        P1	
 131.14920	 755.73322	 376.85189	        P1	
1252.22264	1207.86263	 267.19417	        P1	
 501.89789	 848.92574	  98.33159	        P1	
1271.13839	 244.63041	 378.39637	        P1	
1205.56379	1199.85391	 732.59593	        P1	
 868.86344	 262.83209	1016.77933	        P1	
 113.49450	1284.30963	 963.75237	        P1	
 264.82050	 610.11989	 627.57164	        P1	
 150.06495	 414.26993	1301.47759	        P1	
1158.90494	1151.07343	1013.17557	        P1	
 539.72939	 725.15442	 817.02725	        P1	
 860.03609	 436.84001	 705.82506	        P1	
 336.70035	1066.61770	 601.31556	        P1	
1088.28614	 545.32193	 936.98150	        P1	
1286.27099	 946.48670	1004.42353	        P1	
1056.75989	 265.01629	 689.35064	        P1	
 610.34819	 896.97814	1216.53146	        P1	
 712.49324	1174.37154	 214.16722	        P1	
 374.53185	1170.00314	 827.32377	        P1	
 971.00849	 663.99681	1031.70927	        P1	
1049.19359	 643.61093	1208.80909	        P1	
 582.60509	1148.88923	 895.79548	        P1	
 832.29299	1285.76575	 529.24011	        P1	
 849.94769	 709.13693	1265.95466	        P1	
  65.57460	 987.25842	 284.18339	        P1	
 993.70739	1215.87135	 683.68760	        P1	
 954.61484	 446.30489	1262.35085	        P1	
 308.95725	 297.77929	 423.70094	        P1	
 684.75014	1054.96862	1167.62307	        P1	
 395.96970	 323.26161	  49.42320	        P1	
 195.46275	 262.83209	1058.48015	        P1	
 194.20170	 998.90750	 212.10787	        P1	
 128.62710	 580.99721	 433.99746	        P1	
 204.29010	 393.15601	 846.37228	        P1	
   0.00000	 315.98093	1278.31046	        P1	
 225.72795	 921.00434	 214.16722	        P1	
  30.26520	 809.61014	 751.64450	        P1	
1046.67149	 591.19013	 739.28870	        P1	
 382.09815	1117.58234	 363.98129	        P1	
 885.25709	 176.19212	 549.31828	        P1	
 694.83854	 307.97221	 532.84386	        P1	
1305.18674	1053.51250	1208.29422	        P1	
1288.79309	 818.34694	 770.17820	        P1	
 846.16454	 358.93689	1083.19175	        P1	
 278.69205	 383.69113	 214.16722	        P1	
 266.08155	 736.07542	 976.10817	        P1	
 580.08299	 231.52521	  18.53370	        P1	
 109.71135	 996.72330	 380.45564	        P1	
 895.34549	 704.76853	 609.55280	        P1	
 841.12034	 172.55180	 636.32368	        P1	
  27.74310	1194.02935	 765.54478	        P1	
 407.31915	 257.00752	 333.09179	        P1	
 378.31500	1173.64351	 386.63354	        P1	
 232.03320	 460.13813	1307.65549	        P1	
 628.00289	 780.48750	 502.46917	        P1	
 846.16454	 306.51609	 714.06224	        P1	
 928.13279	 797.96110	1029.13513	        P1	
 809.59409	 305.78801	 341.32897	        P1	
  85.75140	 432.47161	1088.85485	        P1	
 121.06080	 649.43550	  57.66038	        P1	
  64.31355	 262.83209	 961.17823	        P1	
1208.08589	 423.73481	1229.40207	        P1	
 274.90890	1089.18774	   4.11862	        P1	
 370.74870	 803.78562	 401.56349	        P1	
1137.46709	 650.89161	 359.86267	        P1	
1145.03339	  11.64908	1114.08125	        P1	
 524.59679	 361.12109	1077.01385	        P1	
 788.15624	 632.68993	 140.03242	        P1	
1041.62729	 787.76814	 913.81437	        P1	
 343.00560	 135.42040	 376.85189	        P1	
 580.08299	1083.36322	1119.74435	        P1	
 233.29425	 444.84873	 102.96502	        P1	
 911.73914	1133.59983	1249.48024	        P1	
1244.65634	1295.23063	 469.52039	        P1	
 245.90475	1119.03851	  32.94878	        P1	
 609.08714	1155.44183	 335.15107	        P1	
 877.69079	 722.24213	   4.11862	        P1	
1012.62314	 121.58712	 671.33180	        P1	
 693.57749	 247.54269	 805.18626	        P1	
 427.49595	1028.75822	 495.77646	        P1	
 321.56775	 396.79633	1042.00579	        P1	
 810.85514	 931.19730	 324.85455	        P1	
 184.11330	 540.22549	 664.63904	        P1	
 518.29154	  26.93848	1239.18372	        P1	
 958.39799	 532.94481	 457.16459	        P1	
 902.91179	 534.40093	 975.59337	        P1	
 832.29299	 454.31361	   0.00000	        P1	
1303.92569	 604.29533	 745.46660	        P1	
 383.35920	 417.91029	1138.79285	        P1	
 402.27495	 923.91662	1181.52334	        P1	
 395.96970	 889.69750	 887.04343	        P1	
 203.02905	1120.49462	1125.92225	        P1	
 663.31229	1095.01231	 331.03245	        P1	
1089.54719	  45.14012	 442.74951	        P1	
 538.46834	 294.86701	 976.10817	        P1	
 515.76944	 548.23421	  61.77900	        P1	
1104.67979	 950.85510	 355.74404	        P1	
1181.60384	1165.63474	1185.64196	        P1	
 576.29984	1239.89755	 374.79261	        P1	
 517.03049	 193.66572	  22.65232	        P1	
1109.72399	 537.31321	 216.22649	        P1	
 852.46979	1231.88883	 339.78449	        P1	
 762.93524	 523.47993	 918.44780	        P1	
  79.44615	 444.84873	 419.58238	        P1	
  61.79145	1028.75822	 310.43947	        P1	
 203.02905	 881.68874	 109.14292	        P1	
1229.52374	 752.09290	 769.66333	        P1	
 522.07469	1071.71414	1148.57457	        P1	
 982.35794	1049.14410	1083.19175	        P1	
 948.30959	1275.57283	 296.53919	        P1	
 445.15065	 743.35610	 267.70897	        P1	
 736.45319	1109.57362	1193.87914	        P1	
 982.35794	 259.91981	 679.56898	        P1	
 788.15624	 316.70901	 922.05155	        P1	
 925.61069	 419.36641	1050.24297	        P1	
 933.17699	1115.39814	 123.04319	        P1	
 808.33304	 874.40810	 743.40726	        P1	
 977.31374	 123.04328	 485.47994	        P1	
 639.35234	 210.41129	 459.22387	        P1	
1088.28614	 603.56729	 256.89765	        P1	
1075.67564	 655.98810	1015.23485	        P1	
  99.62295	 813.25050	  88.54988	        P1	
1081.98089	 777.57522	 569.91126	        P1	
 706.18799	 438.29613	 825.77930	        P1	
 882.73499	 441.20841	 321.25079	        P1	
 252.21000	1039.67922	 679.56898	        P1	
  36.57045	 958.86382	 254.83837	        P1	
 653.22389	  43.68400	1014.72005	        P1	
 213.11745	 115.76260	 823.20515	        P1	
 427.49595	1146.70503	1044.06507	        P1	
 334.17825	1312.70423	  86.49060	        P1	
 615.39239	  30.57880	 784.59328	        P1	
   1.26105	 131.78008	1274.70665	        P1	
 655.74599	1129.95951	1029.13513	        P1	
1257.26684	 372.04209	 916.38846	        P1	
 593.95454	 385.14729	 880.86553	        P1	
 640.61339	 368.40173	 788.71190	        P1	
 254.73210	1093.55614	  30.37469	        P1	
 201.76800	1115.39814	 913.81437	        P1	
 416.14650	1220.23975	 271.31279	        P1	
 320.30670	  18.92972	  53.54182	        P1	
 707.44904	 872.95194	 516.88431	        P1	
 370.74870	1097.92454	 875.20250	        P1	
 518.29154	 881.68874	 578.66331	        P1	
1121.07344	 465.23461	 106.56877	        P1	
 402.27495	1089.91582	 648.67948	        P1	
 538.46834	1247.17823	  26.25607	        P1	
 351.83295	 401.16473	 257.41251	        P1	
1132.42289	 709.13693	 425.76028	        P1	
1317.79724	 497.26953	 821.14587	        P1	
 488.02634	1139.42434	 876.74697	        P1	
1123.59554	  19.65780	 796.94908	        P1	
 229.51110	 582.45333	 790.25637	        P1	
 778.06784	 996.72330	 706.33986	        P1	
 701.14379	 219.87612	 492.17271	        P1	
1259.78894	  13.83328	 479.30204	        P1	
1186.64804	 273.02501	  44.78977	        P1	
 928.13279	 352.38429	 775.84123	        P1	
1257.26684	 817.61890	 275.43135	        P1	
 715.01534	 878.77650	 743.40726	        P1	
1040.36624	 351.65621	 557.55546	        P1	
 684.75014	1116.12622	 345.96239	        P1	
 933.17699	 224.24452	  18.01890	        P1	
1211.86904	1212.23103	1057.96535	        P1	
1138.72814	1276.30091	1095.54755	        P1	
1254.74474	 623.95313	 401.04869	        P1	
 686.01119	 795.04882	1014.72005	        P1	
1040.36624	   6.55260	 834.01648	        P1	
 960.92009	 873.68002	 242.48257	        P1	
 901.65074	 737.53153	 234.24539	        P1	
 988.66319	  58.24532	 994.12707	        P1	
1071.89249	1205.67843	1155.26727	        P1	
 133.67130	1182.38031	 483.93547	        P1	
 153.84810	  27.66652	 961.69310	        P1	
 936.96014	1318.52875	1315.37786	        P1	
 781.85099	 537.31321	 222.40439	        P1	
 918.04439	 398.98053	 524.60668	        P1	
 485.50424	 232.25329	 984.34535	        P1	
  85.75140	1271.20443	  98.84640	        P1	
 534.68519	 608.66373	 856.66880	        P1	
1037.84414	 824.89954	 881.38040	        P1	
 109.71135	 114.30648	 156.50678	        P1	
1102.15769	 436.84001	1186.15677	        P1	
 953.35379	 193.66572	1265.95466	        P1	
 455.23904	1170.00314	 895.28067	        P1	
 327.87300	1255.18695	 547.77381	        P1	
 459.02219	 710.59310	1070.83595	        P1	
1244.65634	  29.85072	 339.26969	        P1	
1056.75989	1064.43351	 819.08653	        P1	
 355.61610	 438.29613	 790.25637	        P1	
 474.15479	1134.32791	 545.71447	        P1	
 543.51254	 593.37433	 555.49618	        P1	
 356.87715	 303.60381	 753.70378	        P1	
 892.82339	 929.01310	1095.54755	        P1	
  51.70305	 597.74273	 191.00009	        P1	
 918.04439	 174.73600	1033.25375	        P1	
 378.31500	 331.99841	 174.52567	        P1	
 733.93109	 396.06829	 354.19957	        P1	
 187.89645	 942.84634	  10.29652	        P1	
 616.65344	1257.37115	 549.31828	        P1	
  16.39365	 376.41049	 263.07555	        P1	
 823.46564	 229.34101	  12.35580	        P1	
 655.74599	1095.01231	1220.65002	        P1	
 625.48079	 512.55893	1154.75247	        P1	
 552.33989	  72.80668	 571.97054	        P1	
 877.69079	 592.64629	 497.83574	        P1	
 191.67960	 208.22709	 324.85455	        P1	
 598.99874	 495.81341	 440.17536	        P1	
 986.14109	 237.34972	 411.86001	        P1	
1095.85244	1311.24811	 391.26697	        P1	
 209.33430	  20.38588	 576.60396	        P1	
  34.04835	 765.19810	 255.35317	        P1	
1160.16599	1167.81894	 116.86529	        P1	
 117.27765	 163.81500	 841.73885	        P1	
 224.46690	1285.76575	 313.01361	        P1	
 694.83854	 580.26913	1048.18369	        P1	
 243.38265	 277.39341	  50.96767	        P1	
 417.40755	 360.39301	 946.76315	        P1	
 954.61484	 312.34061	 699.64716	        P1	
1058.02094	 651.61970	1053.84673	        P1	
 654.48494	 874.40810	1058.48015	        P1	
 273.64785	1215.14331	 967.35613	        P1	
 263.55945	 564.25169	 658.46114	        P1	
 576.29984	 899.16234	 127.67662	        P1	
 804.54989	 742.62802	 333.60659	        P1	
 518.29154	 357.48073	1214.98699	        P1	
 745.28054	 861.30290	1002.87905	        P1	
 142.49865	 440.48033	1214.98699	        P1	
1230.78479	 749.90870	1064.65805	        P1	
1316.53619	1303.23935	 708.39920	        P1	
 258.51525	1247.17823	 457.16459	        P1	
 938.22119	1170.73123	 691.92478	        P1	
 823.46564	1017.10914	 178.64429	        P1	
 278.69205	 353.11233	 844.31300	        P1	
 406.05810	1095.01231	1009.05695	        P1	
  83.22930	 732.43510	 650.73876	        P1	
1129.90079	 742.62802	1144.45594	        P1	
1176.55964	 648.70741	1237.12444	        P1	
 287.51940	 537.31321	 747.52588	        P1	
1045.41044	 350.20009	 440.69017	        P1	
1254.74474	1206.40651	 873.14316	        P1	
1059.28199	1087.73162	 475.69829	        P1	
1240.87319	 636.33030	1114.08125	        P1	
1105.94084	 232.25329	1212.92765	        P1	
 911.73914	1011.28462	  50.96767	        P1	
 875.16869	 436.84001	 804.67145	        P1	
1147.55549	 557.69909	 422.15647	        P1	
1027.75574	 168.18340	 174.52567	        P1	
 273.64785	 718.60182	 625.51236	        P1	
1065.58724	 654.53193	 881.38040	        P1	
1060.54304	1103.02102	 310.43947	        P1	
 662.05124	 555.51489	1058.48015	        P1	
 883.99604	 230.79712	1111.50717	        P1	
 557.38409	 990.17070	 188.94075	        P1	
 296.34675	1063.70542	1150.63384	        P1	
  39.09255	 773.93490	1307.14062	        P1	
  65.57460	 915.90790	 930.28873	        P1	
 717.53744	 858.39062	1249.48024	        P1	
1259.78894	 468.14689	 817.54206	        P1	
1031.53889	 744.08414	 634.26440	        P1	
  47.91990	1210.04683	  61.77900	        P1	
1041.62729	1287.22191	  26.77088	        P1	
1031.53889	 576.62881	 543.65519	        P1	
 353.09400	  77.17508	 293.96505	        P1	
 976.05269	 882.41682	 983.83055	        P1	
 208.07325	 472.51529	 726.41804	        P1	
 949.57064	 875.86422	 308.89499	        P1	
 926.87174	 695.30370	  71.56065	        P1	
 399.75285	1089.91582	 772.23748	        P1	
 242.12160	1109.57362	 463.34249	        P1	
 153.84810	 515.47121	1285.00317	        P1	
 752.84684	  48.78048	 256.89765	        P1	
 406.05810	  39.31560	 650.22396	        P1	
 868.86344	1079.72291	 232.18605	        P1	
1256.00579	 658.17230	 269.25345	        P1	
  87.01245	 722.97022	 908.15128	        P1	
 547.29569	1226.06431	 496.29127	        P1	
1098.37454	 718.60182	 730.53666	        P1	
 365.70450	 224.24452	1179.46406	        P1	
 456.50009	 548.96229	 565.79264	        P1	
1083.24194	 782.67170	1132.61495	        P1	
1315.27514	 340.00713	 882.92487	        P1	
 549.81779	1194.02935	1307.65549	        P1	
1279.96574	1314.16035	1221.16489	        P1	
 519.55259	 139.78880	 475.69829	        P1	
1122.33449	1262.46763	 273.37207	        P1	
 663.31229	 723.69830	1029.13513	        P1	
1196.73644	1024.38982	 352.14029	        P1	
 290.04150	 394.61213	 382.51499	        P1	
 240.86055	1146.70503	1006.99767	        P1	
 885.25709	  68.43828	 354.19957	        P1	
 723.84269	1035.31082	  75.67927	        P1	
 742.75844	 912.26754	1179.46406	        P1	
1227.00164	 971.96902	   6.17790	        P1	
1285.00994	 985.07422	 996.18635	        P1	
 247.16580	 579.54109	1300.96272	        P1	
 470.37164	 184.20089	 145.69545	        P1	
1308.96989	1092.10002	 500.40989	        P1	
  41.61465	 591.91821	 718.18086	        P1	
 776.80679	 423.73481	 625.51236	        P1	
 384.62025	 910.81142	 841.73885	        P1	
 186.63540	 663.99681	 847.91675	        P1	
1287.53204	 772.47874	 485.99481	        P1	
1138.72814	  16.74552	1136.21877	        P1	
 737.71424	 478.33981	 279.54997	        P1	
1254.74474	 762.28582	 625.51236	        P1	
 857.51399	 346.55973	1147.03009	        P1	
 297.60780	1307.60775	1284.48836	        P1	
1127.37869	1285.76575	 683.68760	        P1	
 524.59679	 844.55734	 140.03242	        P1	
  93.31770	 659.62841	1274.19184	        P1	
 906.69494	 379.32273	 574.02988	        P1	
 168.98070	 608.66373	1160.93037	        P1	
  94.57875	 677.83010	1245.36162	        P1	
 836.07614	1066.61770	  94.72778	        P1	
1044.14939	 358.20881	 895.79548	        P1	
 694.83854	1204.95035	 850.49090	        P1	
1142.51129	 773.20682	 654.85738	        P1	
1297.62044	 357.48073	 833.50167	        P1	
 247.16580	 234.43749	 337.21035	        P1	
 337.96140	 854.75030	 522.54734	        P1	
 942.00434	1199.12583	 137.45827	        P1	
 128.62710	 417.91029	 337.21035	        P1	
 780.58994	 974.88130	 984.34535	        P1	
1119.81239	1173.64351	1208.29422	        P1	
1015.14524	 522.02381	1173.80097	        P1	
 301.39095	 268.65661	 537.47729	        P1	
 622.95869	1166.36283	 654.85738	        P1	
 245.90475	 721.51410	 842.25366	        P1	
1151.33864	 766.65422	 556.01099	        P1	
 254.73210	1214.41523	1223.22417	        P1	
 482.98214	 993.81102	 741.34798	        P1	
1119.81239	 974.15322	 940.58525	        P1	
 803.28884	1162.72251	 849.97603	        P1	
 940.74329	 528.57641	1044.06507	        P1	
1132.42289	1096.46842	 265.64969	        P1	
 634.30814	1059.33702	1076.49905	        P1	
 760.41314	 990.89874	 234.24539	        P1	
 684.75014	 830.72410	 422.15647	        P1	
 394.70865	 565.70781	1130.55567	        P1	
 281.21415	1087.00354	 184.82219	        P1	
 944.52644	 803.05754	  28.83022	        P1	
 779.32889	 851.83802	 298.08367	        P1	
 576.29984	 811.79434	  67.44209	        P1	
 375.79290	 490.71693	1196.45329	        P1	
 968.48639	1309.06391	 565.79264	        P1	
 800.76674	 632.68993	1017.29419	        P1	
 911.73914	 143.42912	1214.98699	        P1	
1083.24194	 206.04289	 632.20506	        P1	
1194.21434	1298.14291	 811.36416	        P1	
 852.46979	 646.52321	 273.37207	        P1	
 194.20170	 496.54149	 683.17274	        P1	
  66.83565	 989.44262	 871.08388	        P1	
 785.63414	1225.33623	 383.02979	        P1	
 283.73625	1139.42434	 782.53400	        P1	
 542.25149	1228.97655	 424.21581	        P1	
 590.17139	  18.92972	 129.22109	        P1	
 551.07884	  92.46448	   9.78165	        P1	
 919.30544	1264.65183	1260.29157	        P1	
 116.01660	 246.08652	 356.25891	        P1	
  55.48620	 633.41801	 722.81428	        P1	
 886.51814	 647.25130	  40.67115	        P1	
 991.18529	 978.52162	1305.08134	        P1	
 762.93524	1174.37154	 258.95699	        P1	
1269.87734	 155.07820	 790.77118	        P1	
 440.10645	 107.02580	1186.15677	        P1	
 831.03194	1215.14331	 360.37747	        P1	
 635.56919	1204.22231	 405.16724	        P1	
  42.87570	  23.29812	 183.27772	        P1	
1070.63144	1286.49383	 852.55018	        P1	
 393.44760	1007.64430	 732.59593	        P1	
 174.02490	1207.13455	 961.69310	        P1	
 559.90619	  53.87692	1173.28616	        P1	
1292.57624	1117.58234	 765.54478	        P1	
 839.85929	   8.73680	 611.61208	        P1	
 798.24464	 367.67369	 755.76306	        P1	
 793.20044	 373.49821	 278.00549	        P1	
  40.35360	 592.64629	1202.11632	        P1	
1063.06514	 482.70821	1155.26727	        P1	
 558.64514	1130.68754	 733.11080	        P1	
 306.43515	1031.67050	 226.00815	        P1	
 244.64370	 275.20921	  61.77900	        P1	
 794.46149	 765.92614	 376.33709	        P1	
 635.56919	 615.94441	 271.82759	        P1	
 825.98774	 222.06032	 269.76831	        P1	
 568.73354	  69.16632	 957.05967	        P1	
1061.80409	1290.13415	   5.66310	        P1	
 533.42414	 953.03930	 195.11865	        P1	
1184.12594	 689.47913	 158.56612	        P1	
 659.52914	 594.83049	 743.40726	        P1	
 657.00704	  82.27152	 702.22130	        P1	
 919.30544	 832.18022	 823.20515	        P1	
1314.01409	 835.82054	1276.76599	        P1	
 326.61195	 626.86541	 495.77646	        P1	
 383.35920	 950.85510	 862.33183	        P1	
 324.08985	 650.16353	1035.82789	        P1	
 482.98214	1033.12662	 753.70378	        P1	
 513.24734	1100.10874	1116.14059	        P1	
  21.43785	  76.44700	 871.08388	        P1	
 851.20874	 939.93410	  96.27225	        P1	
 174.02490	 259.19172	 844.31300	        P1	
 844.90349	 480.52401	1192.33467	        P1	
 168.98070	1288.67803	 586.90048	        P1	
  85.75140	 615.94441	 891.16205	        P1	
 766.71839	1172.18734	1117.68507	        P1	
1282.48784	   2.18420	 823.20515	        P1	
 226.98900	 463.05041	1144.45594	        P1	
 612.87029	1176.55574	 821.14587	        P1	
   1.26105	 153.62208	   9.78165	        P1	
 948.30959	1231.88883	 920.50708	        P1	
 557.38409	1057.15282	 154.44750	        P1	
  89.53455	1034.58274	  67.44209	        P1	
 302.65200	 719.32990	 613.67136	        P1	
 707.44904	 558.42713	 504.52851	        P1	
 649.44074	  31.30688	 706.33986	        P1	
 340.48350	1073.17031	 590.50424	        P1	
 176.54700	 206.77092	1259.77676	        P1	
 812.11619	 793.59270	  40.67115	        P1	
1117.29029	 343.64749	 508.64707	        P1	
 862.55819	1211.50295	 813.42350	        P1	
 191.67960	1032.39854	 739.28870	        P1	
 736.45319	 349.47201	 673.39108	        P1	
1051.71569	 733.89122	1118.19987	        P1	
 399.75285	 727.33862	 545.19966	        P1	
 175.28595	 478.33981	 636.32368	        P1	
 867.60239	1157.62603	 582.26706	        P1	
 361.92135	  98.28900	1056.42087	        P1	
 612.87029	 378.59469	1060.02463	        P1	
 895.34549	1275.57283	  81.85717	        P1	
1194.21434	1311.24811	  65.38275	        P1	
1317.79724	 644.33901	1311.25924	        P1	
 316.52355	 702.58433	1159.38589	        P1	
 630.52499	 149.98172	1184.09749	        P1	
 602.78189	1223.15203	1093.48827	        P1	
 175.28595	1022.93370	 175.04047	        P1	
 326.61195	 248.27072	 170.92192	        P1	
 634.30814	 259.91981	 339.78449	        P1	
1059.28199	1161.99443	 100.39087	        P1	
 831.03194	 185.65700	 946.76315	        P1	
 522.07469	 326.17389	 256.89765	        P1	
1021.45049	 241.71812	   5.66310	        P1	
1232.04584	1087.00354	 936.98150	        P1	
 858.77504	 897.70622	 963.75237	        P1	
 780.58994	1114.67011	 273.88687	        P1	
 249.68790	 828.53990	  20.59298	        P1	
 554.86199	1309.06391	 423.70094	        P1	
 411.10230	 848.92574	1136.21877	        P1	
 861.29714	1149.61731	 504.01364	        P1	
 769.24049	  48.05240	 463.34249	        P1	
 489.28739	 886.78522	1070.32115	        P1	
 862.55819	1215.87135	 314.55809	        P1	
 113.49450	 407.71733	 609.55280	        P1	
 611.60924	 310.88449	 293.96505	        P1	
 293.82465	 655.98810	 156.50678	        P1	
 725.10374	 705.49662	 611.61208	        P1	
 490.54844	 679.28622	 352.14029	        P1	
 477.93794	 140.51688	1066.20253	        P1	
 765.45734	 289.04249	1208.29422	        P1	
 572.51669	  68.43828	 521.00287	        P1	
 508.20314	  16.74552	 751.64450	        P1	
 576.29984	 374.95433	 387.14841	        P1	
1013.88419	 710.59310	 559.61474	        P1	
   3.78315	 427.37513	 510.70641	        P1	
 255.99315	 351.65621	 679.56898	        P1	
1129.90079	 537.31321	 525.12149	        P1	
 575.03879	1099.38071	 873.14316	        P1	
 598.99874	 840.91702	 593.07838	        P1	
 209.33430	1052.78442	 464.88696	        P1	
 880.21289	  39.31560	 996.18635	        P1	
 390.92550	1089.18774	 788.71190	        P1	
 272.38680	 500.90989	  26.77088	        P1	
 163.93650	1166.36283	 421.64166	        P1	
 515.76944	 848.19770	1115.62572	        P1	
1271.13839	 806.69790	 774.29676	        P1	
 832.29299	  68.43828	 885.49896	        P1	
 837.33719	 199.49029	 131.79518	        P1	
1054.23779	 767.38230	 504.01364	        P1	
 175.28595	1285.03771	 249.17527	        P1	
 945.78749	 512.55893	1210.35356	        P1	
1098.37454	 964.68834	 172.46639	        P1	
 427.49595	 440.48033	 294.47991	        P1	
 119.79975	 711.32113	 963.23757	        P1	
1190.43119	 550.41841	 920.50708	        P1	
 128.62710	 165.99920	 186.88147	        P1	
 447.67274	 848.19770	1243.81715	        P1	
 456.50009	 401.89281	 599.25628	        P1	
 114.75555	 673.46170	 541.08104	        P1	
 683.48909	 875.13614	 666.69838	        P1	
1145.03339	  27.66652	 794.88980	        P1	
1206.82484	1200.58195	 955.51520	        P1	
 824.72669	1014.92494	 493.71718	        P1	
 945.78749	 789.22430	 837.62023	        P1	
  41.61465	 488.53273	1303.02206	        P1	
 277.43100	 317.43709	 242.99737	        P1	
 907.95599	  64.06988	  83.91645	        P1	
 148.80390	 412.08573	1173.28616	        P1	
 891.56234	 653.07581	 551.37756	        P1	
 156.37020	 620.31281	 895.79548	        P1	
 305.17410	1202.76615	 407.22658	        P1	
1098.37454	 172.55180	 384.57426	        P1	
1314.01409	 598.47081	 712.00296	        P1	
 228.25005	 581.72529	 613.67136	        P1	
   1.26105	 870.03970	1282.42902	        P1	
 667.09544	 888.96942	1272.64737	        P1	
 312.74040	 106.29772	 251.23461	        P1	
1034.06099	  39.31560	  44.78977	        P1	
 480.46004	 370.58593	1011.11629	        P1	
  51.70305	1114.67011	 541.08104	        P1	
 596.47664	  83.72768	1245.36162	        P1	
 575.03879	 822.71534	  92.15369	        P1	
 920.56649	 675.64590	 551.89236	        P1	
 991.18529	  55.33308	 213.65235	        P1	
  26.48205	 555.51489	 348.02167	        P1	
 784.37309	 257.73561	 864.90598	        P1	
 359.39925	  53.14888	  82.37198	        P1	
 216.90060	 326.17389	 521.00287	        P1	
 266.08155	 431.74353	 326.91389	        P1	
1262.31104	  35.67528	 675.45036	        P1	
 735.19214	1014.19690	 428.33437	        P1	
 307.69620	 460.13813	1136.21877	        P1	
 934.43804	1031.67050	  39.12668	        P1	
 735.19214	 248.27072	 677.50970	        P1	
 866.34134	  12.37712	  92.15369	        P1	
 433.80120	 770.29454	1043.55027	        P1	
 771.76259	 741.17190	1200.57185	        P1	
1107.20189	 301.41961	 761.42615	        P1	
  11.34945	 224.97260	 959.11895	        P1	
 481.72109	1109.57362	 409.28586	        P1	
 983.61899	 661.08453	 331.54731	        P1	
 380.83710	 416.45413	 899.91410	        P1	
1001.27369	  16.01748	1311.77404	        P1	
 683.48909	1062.97734	 658.97600	        P1	
 223.20585	 222.06032	 666.69838	        P1	
 767.97944	 535.12901	 383.02979	        P1	
 107.18925	 970.51290	 114.80595	        P1	
 546.03464	 120.13100	 520.48806	        P1	
 934.43804	 874.40810	 786.65256	        P1	
 783.11204	1206.40651	 207.47445	        P1	
 987.40214	1002.54782	 821.66068	        P1	
  98.36190	 358.20881	 934.40735	        P1	
 691.05539	 365.48949	 607.49346	        P1	
 205.55115	 549.69033	1023.47209	        P1	
 786.89519	 506.73441	 829.38305	        P1	
 408.58020	1167.81894	1074.43977	        P1	
1049.19359	1301.78323	 983.83055	        P1	
 372.00975	1168.54703	 327.42869	        P1	
1228.26269	1279.94123	 654.85738	        P1	
 862.55819	 404.80509	 615.21584	        P1	
 180.33015	 561.33941	 446.35326	        P1	
 281.21415	 759.37354	 191.00009	        P1	
  22.69890	 722.24213	 450.47188	        P1	
1205.56379	 152.89400	 426.27509	        P1	
 971.00849	 368.40173	 543.14038	        P1	
 223.20585	 488.53273	 831.95720	        P1	
 686.01119	 195.12189	1157.32655	        P1	
 107.18925	 875.86422	 864.90598	        P1	
  70.61880	 451.40133	1086.79557	        P1	
 218.16165	 953.03930	 558.07026	        P1	
 186.63540	 378.59469	 979.71193	        P1	
 972.26954	 805.96982	 526.66596	        P1	
 235.81635	1183.10834	1037.37237	        P1	
 804.54989	 569.34813	1117.68507	        P1	
 443.88960	 278.12149	 298.59847	        P1	
 997.49054	 478.33981	1105.84407	        P1	
 675.92279	 282.48989	1239.18372	        P1	
 102.14505	 456.49781	1062.59877	        P1	
 229.51110	 631.96190	1188.21605	        P1	
 775.54574	 369.12981	1138.27805	        P1	
 122.32185	 139.06072	1031.19447	        P1	
1142.51129	 700.40013	   5.66310	        P1	
 745.28054	 275.93729	1165.04892	        P1	
 630.52499	1156.16991	 479.30204	        P1	
 784.37309	 215.50772	1177.91959	        P1	
 601.52084	  56.06112	 510.70641	        P1	
 134.93235	 922.46050	  70.01618	        P1	
  84.49035	 838.00474	1142.39667	        P1	
1061.80409	 621.76893	 536.96248	        P1	
 906.69494	1311.24811	1257.71742	        P1	
 684.75014	 846.74154	 801.06770	        P1	
 427.49595	 211.86740	 860.27255	        P1	
 109.71135	 998.17942	 407.74139	        P1	
 472.89374	  64.79792	 209.53379	        P1	
 542.25149	 168.91149	 226.00815	        P1	
 471.63269	1294.50255	 313.01361	        P1	
 176.54700	 678.55813	 591.01911	        P1	
1314.01409	 824.17150	 508.64707	        P1	
  61.79145	 880.23262	1082.67695	        P1	
1030.27784	1317.07263	 897.33995	        P1	
 137.45445	 101.20128	  46.84905	        P1	
 213.11745	  31.30688	1231.46135	        P1	
 997.49054	 737.53153	 209.53379	        P1	
1175.29859	1202.76615	 790.25637	        P1	
  66.83565	 916.63594	  30.37469	        P1	
1279.96574	 955.95154	1214.98699	        P1	
 382.09815	 581.72529	  77.73855	        P1	
 535.94624	1184.56451	1245.36162	        P1	
 877.69079	1298.87095	1309.19996	        P1	
1185.38699	1032.39854	 234.24539	        P1	
 910.47809	 550.41841	 403.10796	        P1	
 963.44219	 864.94322	1309.71477	        P1	
1295.09834	  93.92060	 341.32897	        P1	
 388.40340	 774.66294	 245.05671	        P1	
 416.14650	 691.66333	1214.98699	        P1	
 952.09274	 685.11073	1309.19996	        P1	
 401.01390	1218.78363	 222.40439	        P1	
 657.00704	 907.89914	 413.40448	        P1	
 286.25835	 562.79553	 801.06770	        P1	
1219.43534	  86.63992	 411.86001	        P1	
1068.10934	  45.86820	 278.00549	        P1	
 276.16995	 255.55141	 210.04859	        P1	
1134.94499	  75.71892	1140.85219	        P1	
1298.88149	 429.55933	 135.39899	        P1	
 171.50280	 557.69909	1293.24035	        P1	
 992.44634	 632.68993	 240.42329	        P1	
1034.06099	 662.54070	1064.65805	        P1	
 490.54844	 370.58593	1123.86297	        P1	
 920.56649	 888.24134	 518.42878	        P1	
 839.85929	 412.08573	 745.46660	        P1	
 566.21144	 655.98810	 514.82497	        P1	
 284.99730	1277.02895	 722.29948	        P1	
1248.43949	 924.64470	 800.55283	        P1	
1134.94499	 645.06710	   8.23718	        P1	
 286.25835	 701.12822	1298.90344	        P1	
 669.61754	 351.65621	 990.00845	        P1	
 334.17825	 143.42912	 967.87100	        P1	
 979.83584	 551.14649	 866.96526	        P1	
 798.24464	1021.47754	 345.44759	        P1	
 693.57749	 200.94640	  81.85717	        P1	
 896.60654	 386.60341	 248.66047	        P1	
 759.15209	 605.75149	 595.13766	        P1	
 773.02364	 484.16433	1184.09749	        P1	
 935.69909	 647.97933	 975.59337	        P1	
1257.26684	 682.19850	 504.01364	        P1	
 476.67689	 806.69790	 570.42606	        P1	
 365.70450	 714.96150	 256.89765	        P1	
 254.73210	 237.34972	 652.79810	        P1	
 485.50424	 840.91702	1006.99767	        P1	
1061.80409	 410.62961	 452.53116	        P1	
 261.03735	  56.06112	 899.91410	        P1	
 174.02490	 797.96110	1175.86025	        P1	
 921.82754	 635.60221	  94.21297	        P1	
 959.65904	  77.90312	1011.11629	        P1	
1172.77649	 589.73401	1138.27805	        P1	
 910.47809	 129.59588	 990.52325	        P1	
 659.52914	1123.40691	1249.99505	        P1	
   1.26105	 555.51489	1194.39395	        P1	
 663.31229	1179.46803	 747.52588	        P1	
1076.93669	1300.32711	 836.07576	        P1	
 311.47935	 587.54981	 798.49355	        P1	
  61.79145	1267.56411	 749.58516	        P1	
 168.98070	1122.67882	1000.81977	        P1	
 538.46834	 532.21673	1062.08397	        P1	
 858.77504	 921.00434	1197.99776	        P1	
   6.30525	1087.00354	 876.74697	        P1	
 750.32474	 562.79553	1123.86297	        P1	
1015.14524	1143.79274	 207.98932	        P1	
 243.38265	 420.09449	 755.76306	        P1	
 303.91305	1207.86263	 963.75237	        P1	
 778.06784	 105.56968	1140.33732	        P1	
1243.39529	 228.61292	 708.39920	        P1	
 767.97944	1062.24930	 483.93547	        P1	
   0.00000	1148.88923	 982.28607	        P1	
 189.15750	 680.01430	 880.86553	        P1	
1283.74889	 516.92733	 689.86550	        P1	
1005.05684	 399.70861	1020.89795	        P1	
 505.68104	 519.11153	 461.28321	        P1	
 727.62584	 769.56650	1183.58262	        P1	
  40.35360	 438.29613	 536.96248	        P1	
 973.53059	 362.57721	 642.50158	        P1	
 794.46149	 484.89241	 532.84386	        P1	
  54.22515	 449.21713	 183.27772	        P1	
 210.59535	1036.03890	 602.86004	        P1	
 863.81924	1231.16075	1105.32927	        P1	
 158.89230	 585.36561	 779.95985	        P1	
   8.82735	 104.11352	 160.11059	        P1	
 170.24175	 921.00434	 516.88431	        P1	
1301.40359	  49.50852	 456.64978	        P1	
 403.53600	 110.66612	  78.25342	        P1	
  83.22930	 978.52162	 755.24826	        P1	
  26.48205	 357.48073	  96.78712	        P1	
 334.17825	 222.06032	 475.18348	        P1	
1084.50299	 656.71613	 419.58238	        P1	
 847.42559	 429.55933	 492.17271	        P1	
 123.58290	 240.26201	 815.48278	        P1	
1257.26684	 366.21753	1245.87649	        P1	
 843.64244	  28.39460	 810.84935	        P1	
 823.46564	 322.53353	 827.32377	        P1	
 494.33159	 355.29653	 147.75479	        P1	
 177.80805	 766.65422	 296.53919	        P1	
 383.35920	 222.78840	 111.20220	        P1	
 539.72939	 203.85869	1109.44782	        P1	
 944.52644	 323.98969	 188.94075	        P1	
  99.62295	 749.18062	 125.10247	        P1	
 498.11474	1037.49502	1144.45594	        P1	
 105.92820	  90.28028	 837.62023	        P1	
  46.65885	 963.23222	 106.56877	        P1	
1257.26684	1248.63435	 245.05671	        P1	
 490.54844	 420.09449	 788.19703	        P1	
  94.57875	 813.25050	1231.46135	        P1	
 293.82465	 150.70980	 809.30488	        P1	
 114.75555	  48.78048	  46.84905	        P1	
1200.51959	 333.45453	 158.56612	        P1	
  47.91990	 901.34654	 473.63901	        P1	
1228.26269	 238.80589	 398.98934	        P1	
1273.66049	 362.57721	 483.42066	        P1	
1165.21019	 963.96030	 687.80616	        P1	
 933.17699	 570.80429	 731.05146	        P1	
 461.54429	 426.64709	 137.97308	        P1	
 442.62855	 217.69192	1191.81986	        P1	
 559.90619	 167.45532	 771.72268	        P1	
 370.74870	  20.38588	1103.26993	        P1	
 197.98485	  42.95592	  10.29652	        P1	
1291.31519	 129.59588	 959.63375	        P1	
1001.27369	 994.53910	 658.46114	        P1	
 906.69494	1290.86223	 908.15128	        P1	
1108.46294	 334.18261	 475.69829	        P1	
1288.79309	 831.45214	 265.13489	        P1	
1036.58309	1099.38071	 434.51227	        P1	
 779.32889	 186.38509	1078.55833	        P1	
 134.93235	1156.89794	 716.12158	        P1	
 292.56360	1220.23975	1092.97347	        P1	
 215.63955	1277.75703	 864.90598	        P1	
 771.76259	  45.14012	 887.55830	        P1	
 388.40340	1236.25723	 576.08916	        P1	
1157.64389	 503.82213	 127.67662	        P1	
 760.41314	 871.49582	 699.64716	        P1	
 311.47935	 906.44302	 488.05409	        P1	
 803.28884	1196.21355	1123.86297	        P1	
 388.40340	 327.63001	 401.56349	        P1	
 365.70450	 594.10241	 735.17008	        P1	
 571.25564	 804.51370	 811.36416	        P1	
 155.10915	1103.02102	 438.63089	        P1	
 413.62440	 994.53910	 348.02167	        P1	
 518.29154	 246.81461	 934.40735	        P1	
 158.89230	 171.82372	  28.83022	        P1	
 663.31229	 243.17429	 595.13766	        P1	
 424.97385	 316.70901	  50.96767	        P1	
 459.02219	 426.64709	1294.78482	        P1	
 137.45445	 522.02381	 316.61737	        P1	
 138.71550	 959.59190	 545.71447	        P1	
 240.86055	1167.09091	 508.64707	        P1	
  37.83150	 165.99920	 549.83309	        P1	
 393.44760	 840.18894	 658.97600	        P1	
 997.49054	 769.56650	   3.60375	        P1	
 822.20459	 548.96229	1165.04892	        P1	
 713.75429	 329.08613	 852.03537	        P1	
 581.34404	1153.98571	 627.57164	        P1	
 197.98485	 401.16473	 733.11080	        P1	
 868.86344	1257.37115	 536.96248	        P1	
 348.04980	 934.83762	1062.59877	        P1	
1060.54304	  38.58752	1241.24306	        P1	
 591.43244	  54.60500	  18.53370	        P1	
 307.69620	 458.68201	 364.49609	        P1	
 296.34675	 922.46050	1134.15942	        P1	
 355.61610	1154.71374	 164.74402	        P1	
 633.04709	1207.13455	 974.04890	        P1	
 904.17284	 645.79513	 407.22658	        P1	
 364.44345	 105.56968	 293.96505	        P1	
 677.18384	 644.33901	 186.88147	        P1	
 561.16724	 821.98730	 805.18626	        P1	
1098.37454	  91.00832	 597.19701	        P1	
 511.98629	 799.41722	 383.02979	        P1	
1195.47539	 301.41961	 823.20515	        P1	
1315.27514	 382.23501	 996.18635	        P1	
 388.40340	 615.94441	1309.71477	        P1	
 654.48494	 376.41049	1072.38043	        P1	
1281.22679	  56.78920	 154.44750	        P1	
 366.96555	 555.51489	  71.56065	        P1	
 437.58435	1070.98610	 366.55537	        P1	
1105.94084	 887.51330	 380.45564	        P1	
1058.02094	 724.42633	 703.76578	        P1	
 948.30959	1287.22191	 275.43135	        P1	
1150.07759	 148.52560	1112.02197	        P1	
 484.24319	 907.17110	 817.54206	        P1	
  83.22930	 490.71693	 646.62020	        P1	
 307.69620	  26.21040	 586.90048	        P1	
 243.38265	 565.70781	1223.22417	        P1	
 598.99874	 155.07820	 261.01627	        P1	
1103.41874	 910.81142	 433.99746	        P1	
 645.65759	  49.50852	 178.64429	        P1	
   8.82735	 321.07741	1119.74435	        P1	
1234.56794	 795.77690	 891.67686	        P1	
 274.90890	 888.24134	 313.01361	        P1	
 108.45030	1250.81855	 708.39920	        P1	
 598.99874	1088.45971	1041.49093	        P1	
 243.38265	 188.56929	 465.40177	        P1	
 926.87174	1001.09170	 893.22133	        P1	
 582.60509	 630.50573	1048.18369	        P1	
 779.32889	  88.82412	 481.36138	        P1	
 157.63125	 679.28622	1169.16754	        P1	
1264.83314	 373.49821	 483.42066	        P1	
 495.59264	 508.91861	1161.44517	        P1	
 524.59679	 972.69710	1033.76855	        P1	
1268.61629	 198.03412	  90.60922	        P1	
 751.58579	 551.87453	 288.30201	        P1	
1303.92569	 765.92614	  73.61999	        P1	
 540.99044	 778.30330	 856.15393	        P1	
 866.34134	 680.74233	 431.93818	        P1	
1124.85659	 164.54309	 959.63375	        P1	
 564.95039	1180.92414	 994.12707	        P1	
 235.81635	1197.66971	 905.57713	        P1	
 779.32889	 809.61014	 926.17017	        P1	
 129.88815	1155.44183	 674.93556	        P1	
 175.28595	 925.37274	  84.43132	        P1	
 578.82194	  58.97340	 242.48257	        P1	
 242.12160	 832.90830	 446.86807	        P1	
 675.92279	 206.77092	 510.70641	        P1	
 762.93524	 593.37433	 944.70387	        P1	
1274.92154	 261.37592	  30.37469	        P1	
 336.70035	  45.86820	 384.57426	        P1	
 525.85784	 787.04010	 955.00033	        P1	
 810.85514	 147.79752	 924.62570	        P1	
1204.30274	 398.25249	 298.59847	        P1	
 404.79705	 999.63554	 263.59041	        P1	
 233.29425	1052.05634	 994.12707	        P1	
 815.89934	 259.91981	 359.86267	        P1	
 455.23904	 883.14490	 368.09984	        P1	
 913.00019	  34.94720	 254.83837	        P1	
1073.15354	 568.62009	 911.75503	        P1	
1224.47954	 677.83010	 899.39923	        P1	
 346.78875	1098.65262	1186.15677	        P1	
 979.83584	 824.89954	 790.25637	        P1	
1274.92154	1116.12622	  61.77900	        P1	
 755.36894	 219.14809	1047.66883	        P1	
1176.55964	  85.18380	 298.08367	        P1	
 195.46275	 937.02182	 673.39108	        P1	
 346.78875	 658.90033	 320.73599	        P1	
 495.59264	 112.85032	 357.80339	        P1	
 558.64514	1242.80983	 809.30488	        P1	
 861.29714	 832.18022	1064.14325	        P1	
 997.49054	 977.79354	 438.11608	        P1	
 997.49054	 396.79633	 665.15390	        P1	
 450.19484	 399.70861	 749.07036	        P1	
 868.86344	 169.63952	  35.00812	        P1	
 123.58290	 870.76774	1128.49639	        P1	
  65.57460	 704.76853	 164.74402	        P1	
 370.74870	1049.87214	 345.44759	        P1	
 876.42974	 722.97022	 489.59856	        P1	
 340.48350	 895.52202	 123.55800	        P1	
 764.19629	1145.97694	1006.48287	        P1	
1311.49199	 241.71812	 734.65528	        P1	
 839.85929	 666.90910	 391.26697	        P1	
 641.87444	 970.51290	 170.40705	        P1	
 715.01534	 791.40850	 724.87356	        P1	
1011.36209	 330.54229	   8.23718	        P1	
 124.84395	 912.26754	1210.35356	        P1	
  98.36190	 781.94362	 730.53666	        P1	
 943.26539	 147.06948	 670.81694	        P1	
 363.18240	 988.71454	 164.74402	        P1	
 466.58849	 432.47161	 568.36679	        P1	
 576.29984	 441.93649	1206.74975	        P1	
 761.67419	 289.77053	1197.99776	        P1	
 186.63540	 227.15681	 302.71709	        P1	
 914.26124	 133.23620	 951.39657	        P1	
 177.80805	 603.56729	1084.73623	        P1	
 113.49450	1129.95951	  82.37198	        P1	
 788.15624	1044.77570	 663.09456	        P1	
 708.71009	 987.25842	1087.31037	        P1	
 756.62999	1064.43351	 261.53107	        P1	
 248.42685	1068.07382	 728.99218	        P1	
1032.79994	 708.40890	 905.57713	        P1	
 693.57749	 458.68201	1082.67695	        P1	
 876.42974	 539.49741	  32.43397	        P1	
1179.08174	  61.88568	 392.81144	        P1	
 360.66030	 445.57681	 549.83309	        P1	
 583.86614	 460.86621	 685.74688	        P1	
 664.57334	  21.11392	 788.71190	        P1	
 726.36479	 698.94402	 390.75216	        P1	
 566.21144	 335.63873	 814.96797	        P1	
 317.78460	 771.75070	1251.53952	        P1	
  37.83150	 135.42040	 718.18086	        P1	
1064.32619	   0.00000	 123.55800	        P1	
 602.78189	 464.50653	 621.90860	        P1	
 812.11619	 649.43550	 256.89765	        P1	
 356.87715	 772.47874	  59.71972	        P1	
 305.17410	1314.88843	 403.10796	        P1	
 665.83439	 687.29493	 116.86529	        P1	
 988.66319	 448.48909	 911.75503	        P1	
 701.14379	1223.15203	1175.34544	        P1	
 491.80949	 471.78721	 488.05409	        P1	
1107.20189	 735.34734	 598.74148	        P1	
 653.22389	 576.62881	 922.05155	        P1	
1150.07759	 200.94640	1249.48024	        P1	
1153.86074	 373.49821	 148.26960	        P1	
 360.66030	 177.64829	1083.19175	        P1	
 842.38139	 853.29414	  28.83022	        P1	
 500.63684	 128.86780	 557.55546	        P1	
 187.89645	 328.35809	 139.51755	        P1	
  87.01245	 971.96902	  13.90027	        P1	
 339.22245	 540.95353	 518.42878	        P1	
1025.23364	 140.51688	 590.50424	        P1	
 422.45175	 986.53034	 141.57689	        P1	
 809.59409	1071.71414	 666.69838	        P1	
 904.17284	1318.52875	 852.03537	        P1	
 697.36064	1276.30091	1200.57185	        P1	
 238.33845	  99.74512	1160.93037	        P1	
 766.71839	 141.24492	 845.85747	        P1	
 419.92965	1127.77531	1097.09203	        P1	
 672.13964	1062.24930	  96.27225	        P1	
 346.78875	1162.72251	 676.99484	        P1	
 437.58435	 635.60221	1212.41284	        P1	
 577.56089	 481.98013	 524.60668	        P1	
 568.73354	 922.46050	 646.10534	        P1	
 218.16165	 883.14490	 880.86553	        P1	
 901.65074	 302.14769	 459.22387	        P1	
 958.39799	1259.55535	 821.14587	        P1	
 701.14379	 795.04882	 180.70357	        P1	
 274.90890	 604.29533	 604.91938	        P1	
 411.10230	1224.60815	 133.85452	        P1	
  22.69890	 688.75110	 232.18605	        P1	
 549.81779	 283.94601	 273.37207	        P1	
 225.72795	1140.88051	  45.30458	        P1	
1064.32619	 821.25922	1200.05704	        P1	
 993.70739	 658.17230	  96.27225	        P1	
 312.74040	 895.52202	   6.17790	        P1	
 218.16165	 476.88369	 170.40705	        P1	
 480.46004	 628.32153	 560.12961	        P1	
 586.38824	 195.84992	 584.84121	        P1	
 525.85784	  86.63992	   4.11862	        P1	
1134.94499	  36.40332	1147.03009	        P1	
 195.46275	 990.89874	 709.94368	        P1	
 767.97944	 492.90113	 696.04340	        P1	
1296.35939	 894.06590	 213.65235	        P1	
 588.91034	1172.91543	1169.16754	        P1	
 389.66445	1001.09170	 936.46663	        P1	
 484.24319	 779.03134	 974.04890	        P1	
 486.76529	 624.68121	1297.35897	        P1	
 344.26665	 123.04328	1010.60143	        P1	
 786.89519	1141.60854	 862.84670	        P1	
 945.78749	 870.76774	 518.42878	        P1	
  21.43785	 139.06072	1252.05439	        P1	
 630.52499	 537.31321	 755.24826	        P1	
 582.60509	 278.12149	 181.21837	        P1	
1162.68809	 385.87533	 615.73070	        P1	
 847.42559	 815.43470	1009.05695	        P1	
1220.69639	 588.27789	  71.56065	        P1	
 810.85514	 475.42753	1000.30497	        P1	
 775.54574	1238.44143	 600.80076	        P1	
1075.67564	  89.55220	 500.40989	        P1	
1242.13424	 124.49940	  81.85717	        P1	
 604.04294	 628.32153	 177.09982	        P1	
 365.70450	 391.69989	 899.39923	        P1	
 984.88004	 823.44342	1309.71477	        P1	
1191.69224	 203.13060	 772.23748	        P1	
1031.53889	  33.49108	  65.38275	        P1	
 915.52229	 863.48710	 860.78736	        P1	
1094.59139	 631.96190	  77.73855	        P1	
 448.93379	 441.20841	 117.38010	        P1	
   0.00000	 317.43709	1033.76855	        P1	
 984.88004	1117.58234	 339.26969	        P1	
 726.36479	 982.89002	 766.05958	        P1	
 756.62999	 200.94640	 718.18086	        P1	
 486.76529	 585.36561	1169.16754	        P1	
1296.35939	 112.12228	 491.65784	        P1	
 317.78460	 816.89082	 106.56877	        P1	
  31.52625	 821.98730	 508.64707	        P1	
1042.88834	 855.47834	 283.66859	        P1	
 142.49865	1151.07343	 952.94105	        P1	
 887.77919	 927.55694	 258.95699	        P1	
 150.06495	 520.56769	 405.16724	        P1	
 581.34404	1274.84475	1245.87649	        P1	
 523.33574	 344.37553	 560.12961	        P1	
1005.05684	 714.23342	 112.74667	        P1	
 952.09274	 538.04129	 354.19957	        P1	
1228.26269	 219.87612	 584.84121	        P1	
  27.74310	1218.78363	 951.39657	        P1	
 308.95725	1105.93331	 150.32888	        P1	
1098.37454	 439.02421	1093.48827	        P1	
 889.04024	 813.25050	 539.53657	        P1	
 754.10789	 410.62961	1261.83604	        P1	
1105.94084	 313.79673	 220.34512	        P1	
 522.07469	1115.39814	1165.56379	        P1	
1179.08174	1031.67050	 337.21035	        P1	
1153.86074	  57.51728	1212.92765	        P1	
 674.66174	 459.41009	1219.10555	        P1	
 355.61610	 302.87573	1109.96269	        P1	
 471.63269	 454.31361	 370.67399	        P1	
   7.56630	 994.53910	 862.33183	        P1	
  29.00415	 211.86740	 883.43968	        P1	
1012.62314	 131.78008	 403.62277	        P1	
 942.00434	 772.47874	 586.38568	        P1	
 832.29299	 235.89361	 990.00845	        P1	
1181.60384	1303.96743	 674.93556	        P1	
 660.79019	1135.78403	 562.18889	        P1	
 397.23075	1021.47754	 319.19151	        P1	
1094.59139	  65.52600	 945.21868	        P1	
1317.79724	 706.95273	1147.03009	        P1	
1136.20604	 255.55141	 982.28607	        P1	
1010.10104	 369.12981	 827.83858	        P1	
  12.61050	 518.38349	 934.92215	        P1	
 569.99459	  48.05240	 829.38305	        P1	
 591.43244	 878.77650	 100.90568	        P1	
 255.99315	 833.63634	 864.39117	        P1	
1018.92839	1246.45015	 147.75479	        P1	
 503.15894	 123.04328	 522.54734	        P1	
1176.55964	 427.37513	 370.15919	        P1	
 659.52914	 963.23222	1309.71477	        P1	
 121.06080	 602.83921	1149.08937	        P1	
1064.32619	1153.25763	1132.10015	        P1	
1245.91739	 966.87254	 702.22130	        P1	
 891.56234	1085.54742	 298.08367	        P1	
 890.30129	 800.87334	1253.59886	        P1	
1121.07344	 615.21633	  48.90839	        P1	
 867.60239	  40.77172	 906.09200	        P1	
 707.44904	 281.76181	 186.88147	        P1	
 494.33159	  94.64868	 361.92194	        P1	
1129.90079	 876.59230	 941.10005	        P1	
1087.02509	 375.68241	 586.90048	        P1	
 848.68664	  18.20168	1225.28345	        P1	
1153.86074	 489.98889	 348.02167	        P1	
 986.14109	 468.87493	 135.39899	        P1	
 491.80949	1244.99403	1175.34544	        P1	
 121.06080	 231.52521	 854.09465	        P1	
 397.23075	 762.28582	 160.62540	        P1	
 419.92965	 163.81500	 341.32897	        P1	
  73.14090	 598.47081	 582.26706	        P1	
 766.71839	1010.55654	 116.86529	        P1	
1215.65219	 878.04842	 852.55018	        P1	
 229.51110	 253.36721	 501.95436	        P1	
 901.65074	 605.02341	 557.55546	        P1	
 611.60924	1282.12543	 625.51236	        P1	
  32.78730	1131.41563	1088.85485	        P1	
1081.98089	   5.82452	  35.00812	        P1	
1051.71569	 582.45333	 875.20250	        P1	
 377.05395	 140.51688	 392.81144	        P1	
1296.35939	 174.73600	 809.30488	        P1	
 171.50280	 154.35012	 584.84121	        P1	
1249.70054	 738.98770	 584.32634	        P1	
 527.11889	 730.97894	 747.01108	        P1	
 416.14650	 627.59350	  22.13745	        P1	
 349.31085	1040.40730	 386.63354	        P1	
 851.20874	 484.16433	 166.28849	        P1	
 920.56649	1000.36362	 965.29685	        P1	
 832.29299	 165.99920	  12.35580	        P1	
 818.42144	 163.81500	 370.67399	        P1	
 385.88130	 282.48989	 959.63375	        P1	
 225.72795	 211.86740	 594.62286	        P1	
 881.47394	 163.81500	1218.59074	        P1	
 530.90204	1103.02102	 735.17008	        P1	
 186.63540	  46.59628	 224.46367	        P1	
1303.92569	 435.38389	 514.82497	        P1	
 155.10915	  24.02620	1132.10015	        P1	
1306.44779	 879.50454	1037.37237	        P1	
 166.45860	1191.11711	 911.75503	        P1	
 706.18799	 972.69710	  76.19408	        P1	
   7.56630	 744.08414	 430.39371	        P1	
 712.49324	  92.46448	 831.44233	        P1	
 901.65074	 307.97221	 123.55800	        P1	
 703.66589	 783.39974	 411.86001	        P1	
  85.75140	 358.20881	 142.09170	        P1	
 165.19755	 133.23620	 759.88168	        P1	
 100.88400	1281.39735	 308.38019	        P1	
 602.78189	 499.45373	 388.69289	        P1	
  64.31355	 931.19730	1015.23485	        P1	
 931.91594	 922.46050	 978.16745	        P1	
 267.34260	1089.18774	 845.85747	        P1	
 655.74599	   1.45612	 450.47188	        P1	
 385.88130	 781.94362	1237.12444	        P1	
 166.45860	  66.98212	 399.50421	        P1	
 525.85784	 689.47913	 331.54731	        P1	
 561.16724	 810.33822	 648.67948	        P1	
1160.16599	 170.36760	1237.12444	        P1	
1261.04999	 895.52202	 359.86267	        P1	
 837.33719	1067.34574	 473.63901	        P1	
 431.27910	 955.22350	 726.41804	        P1	
 145.02075	1137.96823	 895.79548	        P1	
 688.53329	 362.57721	 444.80879	        P1	
1200.51959	 821.25922	1249.48024	        P1	
 662.05124	  98.28900	1149.08937	        P1	
 921.82754	1004.00394	  96.78712	        P1	
1242.13424	1253.00275	1080.61767	        P1	
 216.90060	 800.87334	  78.25342	        P1	
 949.57064	 722.97022	1105.84407	        P1	
 441.36750	 401.89281	 884.98415	        P1	
1315.27514	 810.33822	 543.65519	        P1	
1263.57209	 684.38270	 590.50424	        P1	
 368.22660	 647.97933	 257.41251	        P1	
1205.56379	1135.78403	1291.18107	        P1	
 982.35794	 776.84714	1235.06516	        P1	
 423.71280	 634.87413	 913.81437	        P1	
1179.08174	 805.96982	 135.91380	        P1	
 151.32600	  99.01708	1188.21605	        P1	
 377.05395	 482.70821	1002.36425	        P1	
 920.56649	 682.92653	 374.79261	        P1	
 247.16580	   5.82452	 357.80339	        P1	
 804.54989	  69.89440	 432.45299	        P1	
1171.51544	 128.86780	1200.05704	        P1	
1006.31789	1205.67843	 864.90598	        P1	
 611.60924	 284.67409	1256.17295	        P1	
1117.29029	1055.69670	 119.43938	        P1	
 862.55819	 875.13614	1018.83867	        P1	
 385.88130	1186.74871	  34.49325	        P1	
1071.89249	 630.50573	1202.63119	        P1	
 392.18655	 248.27072	1142.39667	        P1	
 915.52229	 428.10321	 210.04859	        P1	
 165.19755	 900.61850	 170.40705	        P1	
1116.02924	1041.86342	1198.51257	        P1	
1168.99334	1124.86302	1088.85485	        P1	
 904.17284	 907.89914	 913.81437	        P1	
 697.36064	1146.70503	1057.96535	        P1	
1025.23364	1248.63435	 455.10531	        P1	
1215.65219	 398.98053	 759.36688	        P1	
1316.53619	1212.95911	 263.07555	        P1	
 447.67274	   2.18420	 990.00845	        P1	
  41.61465	 795.77690	 219.83025	        P1	
 815.89934	 380.77889	 212.10787	        P1	
1121.07344	 808.88210	 446.86807	        P1	
 725.10374	 280.30569	 263.07555	        P1	
1052.97674	  15.28940	1192.33467	        P1	
1263.57209	1073.17031	1200.57185	        P1	
1229.52374	 785.58394	 844.31300	        P1	
 978.57479	  32.03492	 246.60119	        P1	
 561.16724	1156.89794	1196.45329	        P1	
 452.71694	  10.92100	 568.36679	        P1	
  84.49035	 832.18022	 710.45848	        P1	
 114.75555	 109.93808	1280.88455	        P1	
1199.25854	1043.31954	 611.09728	        P1	
 919.30544	 581.72529	 312.49875	        P1	
  21.43785	1181.65223	 971.47475	        P1	
 166.45860	 843.10122	 901.97338	        P1	
1075.67564	 954.49542	 525.12149	        P1	
1128.63974	  38.58752	 722.29948	        P1	
1065.58724	 817.61890	 720.24014	        P1	
1235.82899	  82.99960	 926.68498	        P1	
 989.92424	  86.63992	1239.69859	        P1	
 204.29010	 167.45532	 115.32082	        P1	
 732.67004	 236.62169	1231.46135	        P1	
  27.74310	  18.92972	1272.13256	        P1	
1112.24609	  32.03492	 726.93290	        P1	
  94.57875	 318.16513	 141.57689	        P1	
 517.03049	 945.03054	1130.04087	        P1	
1081.98089	 623.22510	 100.90568	        P1	
 390.92550	 521.29573	 226.52302	        P1	
1006.31789	1055.69670	 916.38846	        P1	
 998.75159	1134.32791	1282.42902	        P1	
 356.87715	 101.20128	 454.59044	        P1	
 524.59679	1239.16951	1157.32655	        P1	
 723.84269	   7.28068	1249.99505	        P1	
 960.92009	  26.21040	 261.01627	        P1	
 481.72109	 805.24174	 351.62549	        P1	
 170.24175	1146.70503	 673.39108	        P1	
 522.07469	 895.52202	 926.68498	        P1	
 827.24879	 279.57761	 674.93556	        P1	
 358.13820	 891.15362	 611.61208	        P1	
 553.60094	 168.18340	  61.77900	        P1	
 500.63684	1222.42395	 955.51520	        P1	
 774.28469	 211.13932	 339.26969	        P1	
 573.77774	 492.90113	 115.32082	        P1	
1139.98919	1303.23935	 938.52597	        P1	
 174.02490	 541.68161	 637.86816	        P1	
 842.38139	   7.28068	 584.32634	        P1	
1119.81239	 614.48830	 547.25894	        P1	
 262.29840	1102.29294	 319.19151	        P1	
 795.72254	 810.33822	 180.70357	        P1	
 832.29299	 869.31162	 322.79527	        P1	
 427.49595	 773.93490	 547.25894	        P1	
1205.56379	 477.61173	 671.33180	        P1	
 907.95599	1134.32791	 806.73073	        P1	
1221.95744	 733.16313	 906.09200	        P1	
1254.74474	1232.61691	 836.07576	        P1	
1163.94914	   6.55260	 959.11895	        P1	
 220.68375	1011.28462	 969.93027	        P1	
  34.04835	 683.65462	 413.91929	        P1	
 393.44760	 251.91109	1257.71742	        P1	
1061.80409	 496.54149	 127.16175	        P1	
1122.33449	 677.10202	 327.42869	        P1	
 626.74184	 510.37473	 444.29398	        P1	
 921.82754	 326.90193	 172.46639	        P1	
1186.64804	 902.07462	 908.15128	        P1	
 366.96555	1191.84514	 858.21327	        P1	
 646.91864	 907.89914	 889.10277	        P1	
  41.61465	 118.67488	 607.49346	        P1	
 837.33719	  81.54348	1083.19175	        P1	
1219.43534	 249.72689	1226.82792	        P1	
1286.27099	1095.01231	1194.39395	        P1	
 549.81779	1220.23975	1006.48287	        P1	
1167.73229	1268.29215	1018.83867	        P1	
 370.74870	 263.56012	1006.48287	        P1	
 520.81364	1279.21315	1079.07319	        P1	
 955.87589	 387.33149	 639.92744	        P1	
 722.58164	 360.39301	 580.72258	        P1	
 883.99604	 974.88130	  65.38275	        P1	
 800.76674	 340.00713	 481.36138	        P1	
 914.26124	 140.51688	 453.04597	        P1	
  76.92405	 392.42793	 506.07298	        P1	
 704.92694	 520.56769	 664.63904	        P1	
1307.70884	 814.70662	 945.21868	        P1	
 261.03735	 906.44302	 359.86267	        P1	
 201.76800	1310.52003	1175.34544	        P1	
 769.24049	1194.02935	1190.27539	        P1	
 727.62584	 257.00752	 425.76028	        P1	
 808.33304	 561.33941	 568.36679	        P1	
 346.78875	  99.74512	 232.70091	        P1	
 945.78749	 993.08294	 158.56612	        P1	
 911.73914	 466.69073	   5.66310	        P1	
 176.54700	  62.61372	1099.15137	        P1	
 317.78460	 101.92932	1035.82789	        P1	
 383.35920	 112.12228	 331.03245	        P1	
1206.82484	1002.54782	 926.68498	        P1	
 564.95039	1172.18734	1079.07319	        P1	
 867.60239	  26.21040	 971.47475	        P1	
 942.00434	1164.17863	1033.25375	        P1	
  85.75140	 393.15601	 234.76019	        P1	
1292.57624	1075.35451	 961.17823	        P1	
 519.55259	 413.54189	1288.60692	        P1	
  76.92405	1103.02102	 203.87069	        P1	
 833.55404	  89.55220	 605.43418	        P1	
1098.37454	 660.35650	1219.10555	        P1	
1059.28199	 910.08334	1097.60689	        P1	
 416.14650	 675.64590	 226.00815	        P1	
 530.90204	 235.16552	1153.20799	        P1	
 150.06495	 976.33742	 712.00296	        P1	
 496.85369	  93.19252	 339.26969	        P1	
 588.91034	1244.26595	 109.14292	        P1	
 991.18529	 621.76893	 228.06749	        P1	
   8.82735	 807.42594	  48.90839	        P1	
 297.60780	  82.99960	1088.85485	        P1	
 673.40069	 378.59469	1121.80362	        P1	
 626.74184	 715.68953	1054.36159	        P1	
 630.52499	1262.46763	1112.02197	        P1	
 659.52914	  47.32432	1042.00579	        P1	
   8.82735	1024.38982	 403.10796	        P1	
 556.12304	 683.65462	 532.84386	        P1	
  49.18095	 104.11352	 560.12961	        P1	
 197.98485	 417.18221	1099.66617	        P1	
 808.33304	 899.16234	 228.06749	        P1	
1146.29444	 571.53233	 901.45857	        P1	
 706.18799	 985.80230	 755.76306	        P1	
 369.48765	  85.18380	 860.27255	        P1	
1160.16599	 933.38150	 533.35867	        P1	
 194.20170	 170.36760	 654.85738	        P1	
 981.09689	 364.03333	 263.59041	        P1	
 817.16039	1036.76694	 603.37491	        P1	
 686.01119	1062.97734	 147.75479	        P1	
1051.71569	 768.83842	 168.34777	        P1	
 546.03464	 353.11233	 215.71169	        P1	
  15.13260	  90.28028	 738.77383	        P1	
 375.79290	 819.80310	 551.89236	        P1	
 878.95184	1257.37115	 598.74148	        P1	
 456.50009	 495.08533	 493.71718	        P1	
1029.01679	 192.20960	1008.54215	        P1	
   1.26105	1011.28462	 112.74667	        P1	
1045.41044	 894.79394	 473.63901	        P1	
 237.07740	 493.62921	 983.83055	        P1	
 615.39239	 291.22669	 213.65235	        P1	
 673.40069	 452.85749	 596.68214	        P1	
 571.25564	1097.19651	1194.39395	        P1	
 626.74184	  80.81540	 932.86288	        P1	
1224.47954	 383.69113	 794.88980	        P1	
 261.03735	 551.14649	 565.79264	        P1	
 131.14920	  23.29812	 765.54478	        P1	
 132.41025	 133.23620	1150.63384	        P1	
 132.41025	 414.26993	  85.97579	        P1	
1253.48369	 490.71693	1235.06516	        P1	
 963.44219	 816.89082	 118.92457	        P1	
 274.90890	1006.18814	 784.07847	        P1	
 696.09959	 231.52521	1062.59877	        P1	
1081.98089	 719.32990	 250.71975	        P1	
 278.69205	 188.56929	1200.57185	        P1	
  37.83150	 582.45333	1289.12179	        P1	
 568.73354	1277.75703	1142.91147	        P1	
 476.67689	1067.34574	 300.65781	        P1	
 902.91179	 468.87493	  16.47442	        P1	
  70.61880	1250.81855	1011.11629	        P1	
1244.65634	 439.02421	 735.17008	        P1	
 137.45445	 654.53193	 492.17271	        P1	
 892.82339	1223.15203	1200.05704	        P1	
 619.17554	  82.27152	1111.50717	        P1	
1155.12179	 112.12228	 195.11865	        P1	
 191.67960	 428.10321	1051.78745	        P1	
 467.84954	 915.17982	 939.04078	        P1	
 166.45860	 624.68121	 489.59856	        P1	
1235.82899	1244.99403	1200.05704	        P1	
 572.51669	1205.67843	  86.49060	        P1	
1238.35109	1099.38071	1009.05695	        P1	
 401.01390	1243.53791	 831.44233	        P1	
 331.65615	 160.90272	1147.03009	        P1	
  55.48620	 449.94521	 143.63617	        P1	
 281.21415	1001.09170	 256.89765	        P1	
 737.71424	 258.46369	 757.30753	        P1	
 332.91720	1295.95871	1127.98152	        P1	
  63.05250	 182.01669	1175.86025	        P1	
 607.82609	 317.43709	 609.03794	        P1	
 629.26394	 538.04129	1293.24035	        P1	
1021.45049	 940.66214	1204.17566	        P1	
 365.70450	  48.05240	 105.02430	        P1	
 969.74744	1244.26595	 615.73070	        P1	
1041.62729	 867.85550	 275.43135	        P1	
 819.68249	 802.32950	 782.01913	        P1	
 940.74329	 588.27789	 349.56614	        P1	
 234.55530	 958.13574	1160.93037	        P1	
 727.62584	 712.77730	  51.48248	        P1	
1165.21019	 353.84041	 586.90048	        P1	
 472.89374	 233.70941	1044.06507	        P1	
1303.92569	 298.50733	 967.87100	        P1	
 427.49595	 191.48152	1091.42899	        P1	
1208.08589	 787.76814	 492.17271	        P1	
1147.55549	 742.62802	 174.52567	        P1	
 590.17139	1313.43231	 491.65784	        P1	
 104.66715	 120.13100	 345.96239	        P1	
 674.66174	1283.58155	1060.53949	        P1	
 151.32600	 154.35012	 603.37491	        P1	
 796.98359	  69.89440	 982.28607	        P1	
1315.27514	 639.97061	 556.01099	        P1	
 119.79975	1142.33663	 815.48278	        P1	
 958.39799	1172.18734	 275.94621	        P1	
 127.36605	 157.99048	 205.92997	        P1	
 716.27639	 663.99681	1056.42087	        P1	
 566.21144	 629.77770	 689.35064	        P1	
 428.75700	 148.52560	 358.31819	        P1	
 177.80805	1015.65302	  94.21297	        P1	
 808.33304	 146.34140	 897.33995	        P1	
 432.54015	 734.61930	 916.38846	        P1	
 587.64929	 607.20761	1006.99767	        P1	
1285.00994	 558.42713	 584.84121	        P1	
 379.57605	1085.54742	1298.90344	        P1	
 385.88130	1067.34574	 257.41251	        P1	
 620.43659	  94.64868	 842.25366	        P1	
 897.86759	   7.28068	 775.84123	        P1	
1283.74889	 113.57840	 240.93809	        P1	
 807.07199	 327.63001	 710.45848	        P1	
 117.27765	 133.23620	1186.15677	        P1	
 455.23904	 351.65621	1027.07585	        P1	
 604.04294	1257.37115	 121.49872	        P1	
 981.09689	 149.98172	 740.83318	        P1	
1235.82899	1112.48591	 806.73073	        P1	
 910.47809	 557.69909	 429.87884	        P1	
 151.32600	 481.98013	 240.42329	        P1	
 765.45734	 229.34101	 174.52567	        P1	
 784.37309	  13.10520	 667.21318	        P1	
 822.20459	 853.29414	 191.00009	        P1	
 871.38554	 165.27112	 807.24560	        P1	
 523.33574	 373.49821	 543.65519	        P1	
 131.14920	 776.11910	 293.96505	        P1	
  17.65470	 767.38230	1313.31852	        P1	
 234.55530	1074.62642	1039.43165	        P1	
 388.40340	 559.15521	 909.69575	        P1	
1061.80409	 894.06590	 749.58516	        P1	
 580.08299	 142.70108	 212.10787	        P1	
  90.79560	1201.31003	 897.33995	        P1	
1127.37869	1211.50295	1079.07319	        P1	
 741.49739	 193.66572	1153.20799	        P1	
1074.41459	 940.66214	 393.32631	        P1	
 866.34134	 951.58314	1134.67429	        P1	
 706.18799	 222.78840	1179.97887	        P1	
 261.03735	1088.45971	 466.94624	        P1	
 356.87715	  85.18380	 693.46926	        P1	
 131.14920	 458.68201	 316.61737	        P1	
 369.48765	 194.39380	1260.29157	        P1	
 955.87589	 806.69790	 442.23464	        P1	
 573.77774	 963.23222	 636.32368	        P1	
 320.30670	 227.15681	 728.99218	        P1	
 993.70739	 171.82372	 658.97600	        P1	
 635.56919	 375.68241	1260.29157	        P1	
 976.05269	 333.45453	 654.34258	        P1	
 446.41170	1256.64311	 504.01364	        P1	
 273.64785	  32.76300	1008.54215	        P1	
 462.80534	  92.46448	 930.28873	        P1	
 759.15209	 926.10082	 691.92478	        P1	
1220.69639	 378.59469	 434.51227	        P1	
1295.09834	 540.95353	 899.91410	        P1	
 151.32600	1076.08254	1252.05439	        P1	
 404.79705	 744.81222	 606.97866	        P1	
 307.69620	1154.71374	 572.48541	        P1	
 662.05124	 590.46209	 788.19703	        P1	
 446.41170	1137.24014	1284.48836	        P1	
 635.56919	 853.29414	 944.70387	        P1	
 875.16869	 211.13932	1272.13256	        P1	
1035.32204	 109.93808	 761.94096	        P1	
 297.60780	1001.81974	 646.62020	        P1	
 387.14235	 163.81500	1186.15677	        P1	
1018.92839	 749.90870	 113.26148	        P1	
 424.97385	 328.35809	1004.42353	        P1	
1213.13009	 423.73481	1243.30234	        P1	
 902.91179	1038.22310	 885.49896	        P1	
  17.65470	 828.53990	 378.91117	        P1	
1301.40359	1306.15163	 829.38305	        P1	
1281.22679	 726.61053	 869.02460	        P1	
1243.39529	1298.87095	  72.07552	        P1	
1039.10519	 410.62961	 279.54997	        P1	
 525.85784	 960.31994	 541.59591	        P1	
 419.92965	 351.65621	1198.51257	        P1	
1056.75989	 783.39974	1202.63119	        P1	
 477.93794	 441.93649	1165.04892	        P1	
 924.34964	 736.07542	 915.87365	        P1	
 861.29714	 337.09489	 125.61728	        P1	
 644.39654	  10.92100	 160.62540	        P1	
 268.60365	 960.31994	 623.45308	        P1	
 732.67004	 418.63833	 283.66859	        P1	
 827.24879	  14.56132	 584.84121	        P1	
 406.05810	 471.78721	1045.60955	        P1	
  78.18510	 752.82094	 109.14292	        P1	
 403.53600	1311.97615	1247.42096	        P1	
 572.51669	1093.55614	1130.04087	        P1	
 773.02364	 596.28661	 254.83837	        P1	
 445.15065	 695.30370	 187.39627	        P1	
 448.93379	 556.24293	  73.61999	        P1	
 375.79290	 215.50772	1222.70936	        P1	
 147.54285	 581.72529	1282.42902	        P1	
1229.52374	1171.45931	 726.41804	        P1	
 562.42829	1035.31082	 648.67948	        P1	
1273.66049	 784.85590	 961.17823	        P1	
 928.13279	 713.50533	 813.42350	        P1	
  94.57875	 782.67170	 718.69566	        P1	
 648.17969	 253.36721	 353.68477	        P1	
 146.28180	1118.31042	 172.98120	        P1	
  40.35360	1272.66055	 980.22680	        P1	
 827.24879	1153.25763	 304.26157	        P1	
 426.23490	 984.34614	1154.75247	        P1	
 506.94209	 645.06710	1120.25915	        P1	
 576.29984	 558.42713	 580.20778	        P1	
 686.01119	 580.99721	1020.89795	        P1	
  75.66300	 617.40053	1018.83867	        P1	
 654.48494	1049.14410	 644.56086	        P1	
1244.65634	 948.67090	1022.95723	        P1	
 883.99604	1043.31954	 357.80339	        P1	
1060.54304	 342.91941	 747.52588	        P1	
 876.42974	 348.74393	1313.83339	        P1	
 356.87715	1129.23143	 784.59328	        P1	
 943.26539	1134.32791	1015.23485	        P1	
 419.92965	 855.47834	  79.79789	        P1	
 165.19755	  35.67528	1053.84673	        P1	
 382.09815	 623.95313	1289.12179	        P1	
 282.47520	 905.71494	1214.98699	        P1	
 254.73210	 950.85510	1114.08125	        P1	
