2167.00000	   0.00000	   0.00000	   0.00000	
 176.54700	 361.12109	 188.94075	        P1	
 345.52770	 106.29772	  92.15369	        P1	
  42.87570	 106.29772	 300.65781	        P1	
  31.52625	  74.99088	  96.27225	        P1	
  40.35360	 387.33149	 269.25345	        P1	
  15.13260	 310.15641	 370.67399	        P1	
 220.68375	  61.88568	 119.43938	        P1	
 158.89230	  56.78920	 463.34249	        P1	
  18.91575	 356.02461	 148.26960	        P1	
 190.41855	 258.46369	 242.99737	        P1	
 146.28180	 358.20881	 185.33700	        P1	
  51.70305	 230.79712	 215.71169	        P1	
 349.31085	 385.14729	 368.09984	        P1	
  11.34945	 344.37553	  65.89762	        P1	
 136.19340	 364.03333	 313.01361	        P1	
 467.84954	 261.37592	  35.00812	        P1	
 126.10500	 131.05200	 403.10796	        P1	
  74.40195	 291.95473	 331.54731	        P1	
  95.83980	 419.36641	 403.10796	        P1	
 102.14505	 393.88409	 100.90568	        P1	
 373.27080	 313.06869	 195.11865	        P1	
 477.93794	 420.09449	 428.33437	        P1	
   3.78315	 353.11233	 294.47991	        P1	
 298.86885	 184.20089	 429.87884	        P1	
 250.94895	 417.18221	 247.11599	        P1	
  68.09670	 267.92852	 363.98129	        P1	
 441.36750	 281.03373	 393.32631	        P1	
 495.59264	 293.41089	 137.97308	        P1	
 114.75555	 265.74432	 102.96502	        P1	
 472.89374	  77.90312	 251.23461	        P1	
 471.63269	   0.00000	  13.90027	        P1	
 369.48765	  58.97340	 290.36129	        P1	
 245.90475	 392.42793	 263.59041	        P1	
 221.94480	 179.10440	 105.02430	        P1	
 224.46690	 439.75229	 144.15098	        P1	
 345.52770	 480.52401	 279.54997	        P1	
 197.98485	  44.41208	  83.91645	        P1	
  51.70305	 382.23501	  37.06740	        P1	
  71.87985	 303.60381	 475.69829	        P1	
 474.15479	 361.12109	 479.30204	        P1	
 196.72380	 458.68201	  44.78977	        P1	
 348.04980	 285.40213	 152.38822	        P1	
 461.54429	  61.15760	 143.63617	        P1	
  87.01245	  32.76300	 426.27509	        P1	
 137.45445	  96.83288	 175.04047	        P1	
 433.80120	 409.17349	 261.53107	        P1	
 372.00975	 382.23501	 191.51489	        P1	
  21.43785	 395.34021	  88.03507	        P1	
 102.14505	  67.71020	   1.54447	        P1	
 284.99730	  55.33308	 269.25345	        P1	
  45.39780	 209.68320	 471.06486	        P1	
  55.48620	 149.98172	 448.92741	        P1	
 119.79975	 217.69192	 399.50421	        P1	
 315.26250	 317.43709	 360.37747	        P1	
 462.80534	 283.21792	 339.26969	        P1	
   5.04420	 193.66572	 462.82768	        P1	
 302.65200	 200.94640	 298.08367	        P1	
 384.62025	  99.74512	  85.97579	        P1	
  52.96410	 419.36641	 407.74139	        P1	
 378.31500	 212.59549	 318.67665	        P1	
 320.30670	 182.01669	 411.34514	        P1	
 286.25835	  63.34180	 216.22649	        P1	
 481.72109	 484.89241	 469.52039	        P1	
 167.71965	  51.69272	 339.26969	        P1	
 273.64785	 345.83169	 417.52304	        P1	
 137.45445	  89.55220	 322.79527	        P1	
 363.18240	 176.19212	 251.23461	        P1	
 474.15479	 202.40252	 283.66859	        P1	
  13.87155	 386.60341	 148.26960	        P1	
  76.92405	 444.84873	 374.79261	        P1	
 291.30255	 482.70821	 191.51489	        P1	
 269.86470	 177.64829	  15.95955	        P1	
 375.79290	 477.61173	  61.26419	        P1	
 166.45860	 460.13813	 153.93269	        P1	
 340.48350	 308.70029	 244.54185	        P1	
 451.45589	 295.59509	 293.96505	        P1	
 170.24175	 316.70901	 475.69829	        P1	
 184.11330	  59.70148	 343.38825	        P1	
 268.60365	 364.76141	 488.05409	        P1	
 156.37020	 266.47241	 118.92457	        P1	
 132.41025	  25.48232	 294.47991	        P1	
 388.40340	 184.92892	 333.09179	        P1	
 467.84954	 169.63952	 306.83571	        P1	
 219.42270	 311.61253	 350.08101	        P1	
 196.72380	 361.12109	 213.65235	        P1	
 166.45860	 248.99881	 242.48257	        P1	
 234.55530	 470.33109	 298.59847	        P1	
  41.61465	   2.18420	 328.97317	        P1	
 245.90475	 188.56929	 113.26148	        P1	
 126.10500	  14.56132	 351.62549	        P1	
 152.58705	 428.83129	 368.09984	        P1	
 308.95725	 497.26953	 277.49069	        P1	
 219.42270	  45.14012	 424.21581	        P1	
   8.82735	 242.44621	 463.34249	        P1	
 139.97655	  76.44700	  30.88950	        P1	
 122.32185	 156.53432	 430.39371	        P1	
 471.63269	  91.73640	 458.70906	        P1	
 436.32330	  20.38588	 397.44487	        P1	
 110.97240	  32.03492	 184.82219	        P1	
 394.70865	 293.41089	 273.88687	        P1	
 150.06495	 340.00713	 370.15919	        P1	
  40.35360	 362.57721	 143.63617	        P1	
 137.45445	 287.58632	 444.29398	        P1	
 341.74455	 236.62169	 139.51755	        P1	
  89.53455	  70.62248	 224.46367	        P1	
 197.98485	 441.93649	  46.84905	        P1	
 255.99315	 446.30489	 372.73327	        P1	
  42.87570	 266.47241	 322.79527	        P1	
 121.06080	 177.64829	 236.81947	        P1	
 322.82880	  20.38588	 385.08907	        P1	
 494.33159	 476.15561	 149.81407	        P1	
  32.78730	 407.71733	 411.86001	        P1	
  92.05665	 124.49940	 162.16987	        P1	
 244.64370	  16.01748	 182.76285	        P1	
 475.41584	 459.41009	 107.08358	        P1	
 129.88815	 303.60381	  57.14557	        P1	
 408.58020	 248.99881	 135.91380	        P1	
 408.58020	 190.75349	 286.24267	        P1	
 321.56775	 123.04328	 312.49875	        P1	
 476.67689	  55.33308	 434.51227	        P1	
 253.47105	 412.81381	 471.06486	        P1	
 418.66860	  46.59628	 440.69017	        P1	
 314.00145	 443.39261	 240.93809	        P1	
 263.55945	 111.39420	 475.69829	        P1	
 127.36605	 379.32273	 110.68739	        P1	
 414.88545	 204.58672	 275.94621	        P1	
 119.79975	 424.46289	  32.94878	        P1	
  68.09670	 189.29732	 269.76831	        P1	
 127.36605	  56.06112	 184.82219	        P1	
  51.70305	 318.16513	 331.54731	        P1	
 137.45445	  31.30688	 125.61728	        P1	
 488.02634	 492.90113	 407.22658	        P1	
 170.24175	  67.71020	 149.81407	        P1	
 460.28324	  34.21912	 177.09982	        P1	
  65.57460	 393.15601	  86.49060	        P1	
 196.72380	 327.63001	 155.99197	        P1	
 204.29010	 297.05121	 168.34777	        P1	
  37.83150	   5.82452	  36.55259	        P1	
 339.22245	 286.13021	 211.59307	        P1	
 329.13405	  13.83328	  32.94878	        P1	
  93.31770	 107.75388	 187.39627	        P1	
 369.48765	  66.25408	 145.69545	        P1	
 298.86885	 217.69192	 411.86001	        P1	
 201.76800	 439.75229	 386.63354	        P1	
 269.86470	 436.84001	 247.11599	        P1	
 221.94480	 113.57840	  74.13480	        P1	
 210.59535	 389.51569	  76.19408	        P1	
  84.49035	 323.98969	  76.19408	        P1	
 240.86055	 390.97181	 216.22649	        P1	
 361.92135	 130.32392	 455.10531	        P1	
  66.83565	 366.21753	 430.39371	        P1	
 100.88400	  71.35052	 393.32631	        P1	
 163.93650	 272.29692	 320.73599	        P1	
  50.44200	 413.54189	  94.72778	        P1	
 118.53870	 195.12189	  40.67115	        P1	
 190.41855	 431.74353	   4.11862	        P1	
  39.09255	 428.83129	  83.91645	        P1	
 102.14505	 380.77889	 380.45564	        P1	
 351.83295	 417.18221	 131.28037	        P1	
 185.37435	  57.51728	 398.98934	        P1	
 276.16995	 366.21753	 153.93269	        P1	
 411.10230	  56.78920	 100.39087	        P1	
 114.75555	 296.32313	 214.16722	        P1	
 477.93794	  73.53472	  22.65232	        P1	
 182.85225	 254.09529	 108.62805	        P1	
 452.71694	 160.90272	 135.39899	        P1	
 248.42685	 149.25368	 236.81947	        P1	
 486.76529	 329.08613	 411.86001	        P1	
 485.50424	  57.51728	 318.67665	        P1	
 433.80120	 310.15641	 248.66047	        P1	
 158.89230	 449.94521	 389.20769	        P1	
 459.02219	 311.61253	 263.59041	        P1	
 403.53600	 211.13932	 257.41251	        P1	
 145.02075	 465.23461	 284.18339	        P1	
 279.95310	 224.24452	 306.83571	        P1	
  78.18510	 413.54189	 436.05674	        P1	
 433.80120	 342.19133	  65.89762	        P1	
 378.31500	 260.64789	 341.84377	        P1	
 416.14650	 266.47241	 210.04859	        P1	
 108.45030	 141.24492	  65.89762	        P1	
 327.87300	 291.22669	  32.94878	        P1	
  49.18095	   0.72808	   3.60375	        P1	
  46.65885	 358.93689	 275.43135	        P1	
 232.03320	  91.73640	  12.35580	        P1	
 226.98900	 423.73481	 483.42066	        P1	
 356.87715	  24.02620	 211.59307	        P1	
  45.39780	 202.40252	 370.15919	        P1	
 476.67689	 246.08652	 221.88959	        P1	
 107.18925	  99.74512	 110.68739	        P1	
 137.45445	  54.60500	 390.75216	        P1	
 162.67545	 361.84913	 258.95699	        P1	
 375.79290	 141.24492	 425.76028	        P1	
 145.02075	 357.48073	 473.63901	        P1	
 155.10915	 440.48033	 283.66859	        P1	
  99.62295	 191.48152	  59.71972	        P1	
   7.56630	 106.29772	 492.17271	        P1	
 398.49180	 324.71773	 234.24539	        P1	
 121.06080	 189.29732	 431.93818	        P1	
 331.65615	 163.81500	 426.27509	        P1	
 378.31500	 493.62921	 137.45827	        P1	
 141.23760	  59.70148	 331.03245	        P1	
 409.84125	 385.14729	 127.16175	        P1	
 432.54015	 350.20009	 343.38825	        P1	
 447.67274	 479.79593	 350.08101	        P1	
 475.41584	  22.57008	 261.53107	        P1	
 461.54429	   7.28068	 397.44487	        P1	
 114.75555	 182.74472	   5.66310	        P1	
 165.19755	 307.97221	  38.61187	        P1	
 308.95725	 157.99048	 195.11865	        P1	
 220.68375	 143.42912	  78.25342	        P1	
 206.81220	 454.31361	 284.18339	        P1	
  98.36190	 262.10401	 464.88696	        P1	
 195.46275	 399.70861	 427.81956	        P1	
 170.24175	 165.27112	  47.36392	        P1	
 255.99315	 466.69073	 265.13489	        P1	
 329.13405	  93.92060	 112.74667	        P1	
  41.61465	 487.07661	 489.59856	        P1	
 331.65615	  24.02620	 284.18339	        P1	
  47.91990	 349.47201	  32.43397	        P1	
 368.22660	 433.92773	 320.73599	        P1	
 146.28180	  93.19252	 245.05671	        P1	
 441.36750	  77.17508	 176.58495	        P1	
 147.54285	 200.21832	 325.36941	        P1	
 171.50280	  23.29812	  73.61999	        P1	
 255.99315	 415.72609	 459.22387	        P1	
 433.80120	 208.22709	 460.76834	        P1	
 185.37435	  93.92060	 155.99197	        P1	
  30.26520	 262.10401	 304.26157	        P1	
 116.01660	 272.29692	 401.04869	        P1	
  88.27350	 419.36641	 111.20220	        P1	
 171.50280	 447.03293	 127.67662	        P1	
 360.66030	 168.91149	  90.09435	        P1	
  55.48620	 369.85789	 113.26148	        P1	
  66.83565	 149.25368	 244.54185	        P1	
  17.65470	 246.08652	 399.50421	        P1	
  37.83150	 241.71812	 115.32082	        P1	
  55.48620	 356.75269	 428.33437	        P1	
 218.16165	  34.21912	 436.57161	        P1	
 216.90060	 275.20921	 321.25079	        P1	
 132.41025	  63.34180	 180.70357	        P1	
 287.51940	 291.22669	 218.28577	        P1	
   8.82735	 289.04249	   2.05928	        P1	
 354.35505	  83.72768	 329.48797	        P1	
 203.02905	 414.26993	 308.38019	        P1	
 258.51525	 227.88489	  70.01618	        P1	
 145.02075	   0.72808	 471.57967	        P1	
  32.78730	 154.35012	  59.71972	        P1	
 314.00145	 390.97181	 168.34777	        P1	
 393.44760	 281.03373	 382.51499	        P1	
 305.17410	  43.68400	 390.75216	        P1	
 257.25420	 259.19172	 251.23461	        P1	
 436.32330	 410.62961	 409.28586	        P1	
 432.54015	 310.88449	 429.87884	        P1	
 426.23490	 364.03333	 228.06749	        P1	
 141.23760	 433.92773	  18.01890	        P1	
 482.98214	 274.48112	 357.80339	        P1	
 345.52770	 397.52441	 372.21847	        P1	
 201.76800	 283.94601	 488.05409	        P1	
 447.67274	  67.71020	 322.79527	        P1	
  76.92405	  16.74552	 401.04869	        P1	
 225.72795	 494.35729	 293.96505	        P1	
 430.01805	 446.30489	 156.50678	        P1	
  69.35775	 149.25368	 440.69017	        P1	
 365.70450	  74.26280	 310.43947	        P1	
 153.84810	 313.06869	  46.84905	        P1	
 445.15065	 150.70980	 335.15107	        P1	
  92.05665	 160.90272	 325.36941	        P1	
 441.36750	  85.91188	 354.19957	        P1	
  92.05665	  21.11392	 232.70091	        P1	
 122.32185	 245.35849	 355.74404	        P1	
 209.33430	  58.24532	  78.25342	        P1	
 261.03735	 302.14769	   2.05928	        P1	
 479.19899	 164.54309	  32.94878	        P1	
 118.53870	  90.28028	 304.77637	        P1	
 147.54285	 224.97260	  43.24530	        P1	
 489.28739	 365.48949	 298.59847	        P1	
 148.80390	 342.19133	 177.09982	        P1	
 209.33430	 214.05160	 216.22649	        P1	
  12.61050	 452.85749	 405.16724	        P1	
 137.45445	 393.88409	 312.49875	        P1	
 484.24319	 113.57840	 148.26960	        P1	
 254.73210	 317.43709	 195.11865	        P1	
 426.23490	  32.03492	 376.33709	        P1	
  34.04835	  63.34180	 230.12677	        P1	
 335.43930	  46.59628	 176.58495	        P1	
 466.58849	 393.15601	 364.49609	        P1	
  68.09670	 228.61292	 189.45562	        P1	
 215.63955	 286.13021	  18.53370	        P1	
 374.53185	 281.76181	 376.85189	        P1	
 192.94065	 340.00713	  30.37469	        P1	
 316.52355	 278.84952	 226.52302	        P1	
 161.41440	 212.59549	 349.56614	        P1	
 233.29425	 300.69153	 178.64429	        P1	
  89.53455	 471.05913	 438.11608	        P1	
 221.94480	  11.64908	 293.96505	        P1	
   2.52210	 470.33109	 176.58495	        P1	
 263.55945	 230.79712	 102.96502	        P1	
 211.85640	 334.91069	 397.44487	        P1	
  29.00415	  48.78048	 156.50678	        P1	
 489.28739	 177.64829	 158.05125	        P1	
 278.69205	 291.95473	 430.39371	        P1	
 475.41584	 240.99009	 372.73327	        P1	
 145.02075	 293.41089	 337.21035	        P1	
  49.18095	  29.85072	 362.43681	        P1	
 494.33159	 492.17309	 490.11337	        P1	
 213.11745	  61.88568	 175.04047	        P1	
  10.08840	  71.35052	 374.79261	        P1	
 283.73625	 236.62169	  34.49325	        P1	
  20.17680	 100.47320	 438.63089	        P1	
 481.72109	 329.08613	 319.19151	        P1	
  34.04835	 468.14689	 298.59847	        P1	
  80.70720	 122.31520	 409.28586	        P1	
  26.48205	 340.00713	 424.21581	        P1	
 452.71694	  57.51728	 125.61728	        P1	
  71.87985	 444.84873	 282.12411	        P1	
 305.17410	 355.29653	 141.57689	        P1	
  29.00415	  93.92060	 415.46376	        P1	
 365.70450	 141.24492	 425.76028	        P1	
 177.80805	 267.20049	  51.48248	        P1	
 330.39510	  50.96468	 120.98385	        P1	
  34.04835	 369.12981	 328.97317	        P1	
 291.30255	  44.41208	 195.11865	        P1	
 476.67689	 294.13893	 326.91389	        P1	
  26.48205	 125.95552	 184.82219	        P1	
 283.73625	  53.14888	 236.81947	        P1	
 403.53600	 439.75229	  94.72778	        P1	
 394.70865	 348.74393	 234.24539	        P1	
 414.88545	 398.25249	 125.61728	        P1	
 127.36605	 273.02501	 458.70906	        P1	
 127.36605	 172.55180	  13.90027	        P1	
  50.44200	 320.34933	  79.79789	        P1	
 481.72109	 307.24413	 405.68211	        P1	
 451.45589	 104.84160	 440.17536	        P1	
 472.89374	 169.63952	 252.77909	        P1	
 393.44760	  84.45572	 337.72521	        P1	
 142.49865	 233.70941	 471.06486	        P1	
  56.74725	 310.88449	 275.43135	        P1	
  68.09670	 208.22709	 378.91117	        P1	
 186.63540	 463.05041	 296.53919	        P1	
 248.42685	 297.77929	 176.58495	        P1	
 170.24175	 473.97141	 162.16987	        P1	
 446.41170	 452.85749	   8.23718	        P1	
 388.40340	 294.13893	 191.00009	        P1	
  23.95995	 450.67329	 269.25345	        P1	
  21.43785	 449.21713	 209.53379	        P1	
 127.36605	 287.58632	 456.64978	        P1	
 253.47105	 248.27072	 387.14841	        P1	
  99.62295	 455.04169	 454.59044	        P1	
  29.00415	  12.37712	 170.92192	        P1	
 426.23490	 215.50772	 487.53928	        P1	
 427.49595	 463.77849	 119.43938	        P1	
 480.46004	 127.41168	 306.32085	        P1	
 150.06495	  69.16632	 430.39371	        P1	
 192.94065	 369.12981	 261.01627	        P1	
 350.57190	 222.78840	 407.74139	        P1	
 426.23490	 355.29653	 133.85452	        P1	
 390.92550	 371.31401	 341.32897	        P1	
 457.76114	 305.05993	 492.17271	        P1	
 288.78045	  66.25408	  90.09435	        P1	
 100.88400	  88.82412	 425.76028	        P1	
 133.67130	 182.01669	 139.51755	        P1	
 349.31085	 351.65621	 290.36129	        P1	
 316.52355	 337.09489	  26.77088	        P1	
 108.45030	 167.45532	 374.79261	        P1	
  17.65470	 154.35012	 129.22109	        P1	
  74.40195	 404.07701	  74.13480	        P1	
 406.05810	   4.36840	 199.23727	        P1	
  17.65470	 474.69949	  15.95955	        P1	
 363.18240	 348.01589	 164.22915	        P1	
   7.56630	 103.38548	 312.49875	        P1	
 248.42685	 418.63833	 319.19151	        P1	
 263.55945	  16.74552	 411.86001	        P1	
 460.28324	 181.28860	 389.20769	        P1	
 385.88130	  58.24532	 382.51499	        P1	
  49.18095	 245.35849	 170.40705	        P1	
 238.33845	 172.55180	 341.32897	        P1	
 411.10230	  85.91188	 244.54185	        P1	
 403.53600	  68.43828	 318.67665	        P1	
 167.71965	 479.79593	 135.39899	        P1	
 204.29010	 431.01549	 150.32888	        P1	
 282.47520	 301.41961	  94.21297	        P1	
 325.35090	 484.89241	 396.93006	        P1	
 409.84125	 101.20128	 287.78715	        P1	
 475.41584	 357.48073	 374.79261	        P1	
  99.62295	 208.95512	  73.61999	        P1	
 349.31085	 420.09449	 479.30204	        P1	
 442.62855	  61.88568	 114.80595	        P1	
 464.06639	  72.80668	 386.63354	        P1	
  59.26935	 376.41049	 335.66587	        P1	
  51.70305	 224.97260	 376.85189	        P1	
 143.75970	 129.59588	 193.57417	        P1	
 438.84540	 167.45532	 462.82768	        P1	
 324.08985	  32.76300	 352.14029	        P1	
 332.91720	 307.24413	 172.46639	        P1	
 243.38265	 374.95433	 183.27772	        P1	
 355.61610	 317.43709	 348.02167	        P1	
 124.84395	 315.25289	  71.56065	        P1	
 266.08155	 396.79633	 195.63352	        P1	
 298.86885	 214.77969	  88.54988	        P1	
 339.22245	 401.16473	 271.31279	        P1	
  79.44615	 348.74393	 234.24539	        P1	
 264.82050	 265.01629	 226.00815	        P1	
 350.57190	 326.17389	  88.54988	        P1	
  84.49035	 293.41089	  45.30458	        P1	
   3.78315	 497.26953	  47.36392	        P1	
 243.38265	 240.99009	 380.45564	        P1	
 442.62855	  13.83328	 448.41254	        P1	
 358.13820	 401.89281	 111.20220	        P1	
 182.85225	  67.71020	 162.16987	        P1	
 302.65200	 298.50733	 158.56612	        P1	
  85.75140	 471.78721	 230.12677	        P1	
  54.22515	 405.53313	 444.29398	        P1	
 475.41584	 356.02461	 223.94887	        P1	
 366.96555	 353.11233	 431.93818	        P1	
 277.43100	 157.26240	 352.14029	        P1	
 335.43930	  94.64868	 306.32085	        P1	
 190.41855	 191.48152	  59.71972	        P1	
  99.62295	 316.70901	  74.13480	        P1	
  27.74310	 431.01549	 269.25345	        P1	
 221.94480	 126.68360	 415.46376	        P1	
 422.45175	  21.11392	 325.36941	        P1	
  73.14090	 455.76973	 357.80339	        P1	
 321.56775	 251.18301	 352.14029	        P1	
 124.84395	 307.97221	 304.26157	        P1	
 389.66445	 150.70980	 415.46376	        P1	
 146.28180	 465.96269	 310.95427	        P1	
 437.58435	   9.46488	 205.92997	        P1	
 146.28180	 321.80549	 280.06477	        P1	
 317.78460	 417.91029	 119.43938	        P1	
 431.27910	 203.85869	 127.16175	        P1	
 259.77630	 400.43669	 429.87884	        P1	
  41.61465	 254.09529	 238.36395	        P1	
 329.13405	 404.07701	 327.42869	        P1	
 430.01805	  88.09608	 460.76834	        P1	
 480.46004	 344.37553	  92.15369	        P1	
   7.56630	 465.96269	  22.13745	        P1	
 465.32744	 340.00713	 382.51499	        P1	
 112.23345	 242.44621	  26.25607	        P1	
 471.63269	  50.96468	 355.74404	        P1	
 158.89230	 467.41881	  75.67927	        P1	
 161.41440	 375.68241	 284.18339	        P1	
 118.53870	 174.73600	 240.93809	        P1	
 263.55945	 367.67369	 411.34514	        P1	
 132.41025	  70.62248	 108.62805	        P1	
 369.48765	  98.28900	 426.27509	        P1	
 365.70450	 176.19212	 374.79261	        P1	
 327.87300	  29.12268	 398.98934	        P1	
 409.84125	 380.77889	 139.51755	        P1	
 403.53600	 323.26161	  92.66850	        P1	
 370.74870	 112.12228	 113.26148	        P1	
 191.67960	 200.94640	 395.38559	        P1	
 215.63955	 389.51569	 453.04597	        P1	
 428.75700	 409.17349	 473.12414	        P1	
 359.39925	 335.63873	 115.32082	        P1	
 237.07740	 218.42000	 321.25079	        P1	
 330.39510	  16.01748	 490.11337	        P1	
 382.09815	 239.53392	 135.39899	        P1	
 132.41025	 141.97300	 407.74139	        P1	
 348.04980	 353.84041	  57.14557	        P1	
 185.37435	 185.65700	 390.75216	        P1	
  44.13675	 176.92020	 407.74139	        P1	
 271.12575	  34.21912	 461.28321	        P1	
 262.29840	 401.89281	   6.17790	        P1	
  44.13675	 389.51569	 144.15098	        P1	
  16.39365	 471.05913	 215.71169	        P1	
 375.79290	 244.63041	 290.36129	        P1	
 435.06225	 267.20049	 199.75207	        P1	
 267.34260	 464.50653	 263.59041	        P1	
 372.00975	 443.39261	 415.46376	        P1	
 441.36750	 406.26121	 143.63617	        P1	
 326.61195	 421.55061	 197.69279	        P1	
 489.28739	 431.01549	 218.28577	        P1	
 132.41025	 476.88369	 107.08358	        P1	
 288.78045	 262.83209	 428.33437	        P1	
 414.88545	 392.42793	  96.78712	        P1	
 266.08155	 366.21753	 240.42329	        P1	
 491.80949	 168.91149	 193.57417	        P1	
 341.74455	 342.91941	 162.16987	        P1	
 382.09815	 287.58632	 183.27772	        P1	
  75.66300	 177.64829	 207.47445	        P1	
  50.44200	  11.64908	  57.66038	        P1	
 242.12160	 158.71852	 380.97051	        P1	
 442.62855	 310.88449	  26.77088	        P1	
 440.10645	 405.53313	 320.73599	        P1	
 343.00560	 231.52521	 335.15107	        P1	
 152.58705	 436.11193	 455.10531	        P1	
  88.27350	 417.91029	  65.38275	        P1	
  99.62295	 109.93808	  45.30458	        P1	
 343.00560	 467.41881	 168.34777	        P1	
 200.50695	 479.79593	 425.76028	        P1	
  63.05250	 279.57761	  94.21297	        P1	
 448.93379	 329.08613	 493.71718	        P1	
 138.71550	 410.62961	 407.74139	        P1	
 417.40755	 128.86780	 321.25079	        P1	
  71.87985	 203.13060	 253.29389	        P1	
 176.54700	 248.99881	 438.63089	        P1	
 160.15335	 380.77889	  70.01618	        P1	
 201.76800	 451.40133	 289.84649	        P1	
 374.53185	 473.97141	 316.61737	        P1	
 129.88815	  16.74552	 195.63352	        P1	
 467.84954	 190.02540	 148.26960	        P1	
 450.19484	 389.51569	 139.51755	        P1	
 117.27765	 334.18261	  63.32347	        P1	
 219.42270	 311.61253	 356.25891	        P1	
 430.01805	 367.67369	 368.09984	        P1	
 443.88960	 431.01549	  82.37198	        P1	
 283.73625	 469.60301	 333.60659	        P1	
 414.88545	  77.90312	 251.23461	        P1	
  55.48620	 329.08613	 209.53379	        P1	
  41.61465	 315.25289	 453.04597	        P1	
 288.78045	 117.21872	 382.51499	        P1	
 427.49595	 296.32313	 209.53379	        P1	
 486.76529	 270.84081	 446.35326	        P1	
 433.80120	  13.10520	 148.26960	        P1	
 268.60365	 361.84913	 178.64429	        P1	
 488.02634	 144.88528	  63.83828	        P1	
  61.79145	 440.48033	 240.42329	        P1	
 459.02219	 326.17389	 219.83025	        P1	
 484.24319	 241.71812	  85.97579	        P1	
 105.92820	 179.10440	 401.56349	        P1	
  34.04835	 334.18261	 370.67399	        P1	
 296.34675	 291.95473	  28.83022	        P1	
 197.98485	 146.34140	  69.50137	        P1	
 440.10645	 264.28821	 197.69279	        P1	
 195.46275	 134.69232	  24.19679	        P1	
 359.39925	 182.74472	 362.43681	        P1	
 409.84125	 268.65661	 118.92457	        P1	
 399.75285	 411.35769	 137.97308	        P1	
 451.45589	 247.54269	 403.62277	        P1	
 116.01660	 278.12149	 392.81144	        P1	
  50.44200	 445.57681	 389.20769	        P1	
  27.74310	 125.22748	 139.51755	        P1	
 402.27495	 128.86780	 106.56877	        P1	
 466.58849	 483.43629	 411.34514	        P1	
  89.53455	 175.46409	   2.05928	        P1	
 383.35920	 330.54229	 125.61728	        P1	
 443.88960	  59.70148	 454.59044	        P1	
 389.66445	 270.11272	 289.84649	        P1	
 409.84125	  38.58752	 240.42329	        P1	
 413.62440	  62.61372	 189.45562	        P1	
 242.12160	 128.13972	 388.69289	        P1	
  78.18510	 129.59588	 477.75757	        P1	
 331.65615	  95.37672	 123.04319	        P1	
 467.84954	 190.02540	 254.83837	        P1	
 273.64785	 414.26993	 294.47991	        P1	
  47.91990	 439.75229	 354.19957	        P1	
 223.20585	 117.21872	 356.25891	        P1	
 356.87715	   6.55260	 166.80330	        P1	
 254.73210	  23.29812	 300.65781	        P1	
 240.86055	 450.67329	 195.11865	        P1	
 279.95310	 355.29653	 314.55809	        P1	
 185.37435	 133.23620	 407.74139	        P1	
 119.79975	 296.32313	 357.80339	        P1	
 448.93379	 369.85789	 107.08358	        P1	
 118.53870	 253.36721	 345.96239	        P1	
 296.34675	  25.48232	 251.23461	        P1	
 158.89230	  27.66652	 444.29398	        P1	
 452.71694	 405.53313	 493.71718	        P1	
 134.93235	 345.83169	  63.83828	        P1	
 119.79975	 120.13100	 463.34249	        P1	
 174.02490	 152.89400	 463.34249	        P1	
  12.61050	 401.89281	 296.53919	        P1	
  58.00830	  49.50852	 109.14292	        P1	
 234.55530	   0.00000	 180.70357	        P1	
 128.62710	 407.71733	  55.08629	        P1	
 123.58290	  46.59628	 120.98385	        P1	
 203.02905	  47.32432	 424.21581	        P1	
 201.76800	 438.29613	 269.76831	        P1	
 250.94895	 290.49861	 137.45827	        P1	
 238.33845	 211.86740	  61.77900	        P1	
 424.97385	 439.02421	 234.76019	        P1	
 460.28324	  18.20168	 378.91117	        P1	
 223.20585	 168.18340	  18.53370	        P1	
 431.27910	 331.99841	 477.24276	        P1	
 131.14920	 155.80628	 429.87884	        P1	
 393.44760	 307.24413	 189.45562	        P1	
 461.54429	 409.17349	  63.83828	        P1	
 267.34260	  87.36800	 333.60659	        P1	
 229.51110	 244.63041	 203.87069	        P1	
 403.53600	 464.50653	 333.09179	        P1	
 412.36335	 450.67329	   8.23718	        P1	
 298.86885	  44.41208	  28.31535	        P1	
 349.31085	 396.79633	 350.08101	        P1	
 496.85369	  32.03492	 184.82219	        P1	
 417.40755	 294.86701	 403.10796	        P1	
  55.48620	 350.92813	 232.70091	        P1	
 109.71135	 141.97300	  61.77900	        P1	
 232.03320	 165.99920	  94.21297	        P1	
  18.91575	 436.11193	  53.54182	        P1	
 402.27495	  89.55220	 450.98669	        P1	
  81.96825	 383.69113	 339.26969	        P1	
  58.00830	  99.01708	 195.11865	        P1	
 195.46275	 287.58632	 356.25891	        P1	
 298.86885	   2.18420	 290.36129	        P1	
 339.22245	 373.49821	 328.97317	        P1	
 438.84540	  93.19252	 380.97051	        P1	
  65.57460	 161.63080	 185.33700	        P1	
  34.04835	 392.42793	 413.40448	        P1	
 107.18925	 363.30529	  82.37198	        P1	
 187.89645	 201.67449	 304.77637	        P1	
  26.48205	 348.74393	 251.23461	        P1	
 493.07054	 230.79712	 152.38822	        P1	
 190.41855	 328.35809	 335.66587	        P1	
  34.04835	 233.70941	 475.69829	        P1	
 250.94895	 450.67329	  34.49325	        P1	
 419.92965	 326.90193	 326.91389	        P1	
 448.93379	 147.06948	 355.74404	        P1	
 152.58705	  35.67528	 329.48797	        P1	
 369.48765	  98.28900	 162.16987	        P1	
  89.53455	 194.39380	 236.30467	        P1	
  74.40195	 227.88489	 170.40705	        P1	
 269.86470	 107.75388	 230.64157	        P1	
 394.70865	 328.35809	  96.27225	        P1	
 435.06225	  82.27152	 129.22109	        P1	
 172.76385	  96.83288	 188.94075	        P1	
 257.25420	 164.54309	 150.32888	        P1	
 351.83295	 130.32392	  55.08629	        P1	
 238.33845	 179.83249	 269.25345	        P1	
 385.88130	 216.96389	 113.26148	        P1	
 228.25005	 121.58712	 387.14841	        P1	
 308.95725	 306.51609	 188.94075	        P1	
 105.92820	  33.49108	  26.77088	        P1	
 315.26250	  40.77172	  18.01890	        P1	
 322.82880	  65.52600	  94.21297	        P1	
 340.48350	 131.05200	 352.14029	        P1	
  46.65885	  26.93848	 405.16724	        P1	
  31.52625	  61.88568	  90.09435	        P1	
  94.57875	  37.13140	 378.39637	        P1	
 158.89230	 168.91149	 391.26697	        P1	
 387.14235	  45.86820	 304.26157	        P1	
 272.38680	 196.57800	  32.43397	        P1	
 308.95725	  29.85072	 141.57689	        P1	
 327.87300	 297.05121	 310.43947	        P1	
 174.02490	 177.64829	 137.97308	        P1	
 235.81635	 188.56929	 411.34514	        P1	
 356.87715	 485.62049	 422.15647	        P1	
 221.94480	 202.40252	 407.22658	        P1	
 189.15750	 164.54309	  39.12668	        P1	
  44.13675	  10.92100	 123.55800	        P1	
 389.66445	 363.30529	  90.09435	        P1	
 243.38265	 423.00673	 246.60119	        P1	
 195.46275	  99.74512	 450.47188	        P1	
   0.00000	 122.31520	 464.88696	        P1	
  15.13260	 425.19093	 240.42329	        P1	
  26.48205	 187.11312	 252.77909	        P1	
  50.44200	 241.71812	 191.00009	        P1	
  80.70720	  64.06988	 205.92997	        P1	
  13.87155	 332.72649	 380.45564	        P1	
 197.98485	 315.25289	 150.32888	        P1	
 282.47520	 419.36641	 370.67399	        P1	
 339.22245	 162.35888	 188.94075	        P1	
 399.75285	 243.90232	 164.74402	        P1	
 402.27495	 452.12941	 440.17536	        P1	
 240.86055	 418.63833	 313.01361	        P1	
 485.50424	 155.07820	 489.59856	        P1	
 113.49450	 157.26240	  55.60110	        P1	
 281.21415	   5.09648	 429.87884	        P1	
 199.24590	 240.26201	  24.71160	        P1	
  31.52625	  31.30688	  39.12668	        P1	
 281.21415	 230.79712	 207.98932	        P1	
 243.38265	 206.04289	 226.00815	        P1	
 271.12575	 452.12941	 396.93006	        P1	
  15.13260	 327.63001	 322.79527	        P1	
 315.26250	 339.27909	 263.07555	        P1	
 262.29840	 160.17469	 348.02167	        P1	
 326.61195	 360.39301	 458.70906	        P1	
 211.85640	 177.64829	 150.32888	        P1	
 322.82880	 432.47161	 179.15910	        P1	
 379.57605	  16.74552	 401.04869	        P1	
 113.49450	 286.85829	  26.77088	        P1	
 167.71965	 386.60341	 352.14029	        P1	
 114.75555	 257.00752	 166.28849	        P1	
 108.45030	  74.26280	  43.24530	        P1	
 474.15479	 266.47241	 364.49609	        P1	
  73.14090	  26.21040	 489.59856	        P1	
 358.13820	  49.50852	  42.73049	        P1	
 308.95725	 238.07781	 378.39637	        P1	
 150.06495	  76.44700	  81.85717	        P1	
 377.05395	 197.30609	  71.56065	        P1	
 480.46004	 389.51569	 335.66587	        P1	
  55.48620	 238.80589	 292.42057	        P1	
 117.27765	  25.48232	 104.50949	        P1	
  27.74310	 449.94521	 341.32897	        P1	
  94.57875	 283.21792	  48.90839	        P1	
 451.45589	 349.47201	 469.52039	        P1	
 485.50424	   2.18420	  55.60110	        P1	
 427.49595	 162.35888	  76.19408	        P1	
 210.59535	  44.41208	 224.46367	        P1	
  78.18510	   8.73680	 186.88147	        P1	
 423.71280	 278.12149	 428.33437	        P1	
 151.32600	 458.68201	  18.53370	        P1	
 263.55945	 367.67369	   8.23718	        P1	
 128.62710	 484.89241	 440.17536	        P1	
 269.86470	 355.29653	 492.17271	        P1	
 205.55115	  45.86820	  98.84640	        P1	
 184.11330	 288.31441	 154.44750	        P1	
  76.92405	 488.53273	  73.61999	        P1	
 196.72380	 198.03412	  53.54182	        P1	
 274.90890	 208.22709	 409.80067	        P1	
   1.26105	 383.69113	 209.53379	        P1	
 129.88815	  25.48232	 351.62549	        P1	
 335.43930	   1.45612	 166.28849	        P1	
 287.51940	 177.64829	 335.66587	        P1	
 331.65615	 227.88489	 366.55537	        P1	
 302.65200	 219.87612	 109.14292	        P1	
 395.96970	 406.26121	 364.49609	        P1	
 373.27080	 377.13853	 387.14841	        P1	
 187.89645	 175.46409	   8.23718	        P1	
  75.66300	  90.28028	 201.29655	        P1	
 414.88545	 216.23580	 310.43947	        P1	
 180.33015	 449.21713	 240.42329	        P1	
  97.10085	 455.04169	 491.65784	        P1	
  23.95995	 335.63873	  84.43132	        P1	
 180.33015	 300.69153	 246.60119	        P1	
 489.28739	  40.77172	 129.22109	        P1	
  99.62295	 297.77929	  63.83828	        P1	
  50.44200	 120.85908	 411.34514	        P1	
 324.08985	  51.69272	 431.93818	        P1	
 238.33845	 431.74353	 172.46639	        P1	
 255.99315	 168.18340	 366.04057	        P1	
 218.16165	 406.98929	 280.06477	        P1	
 484.24319	 199.49029	  76.19408	        P1	
 331.65615	 328.35809	 207.47445	        P1	
  90.79560	 473.24333	  36.55259	        P1	
 166.45860	 122.31520	 248.66047	        P1	
  60.53040	 484.89241	 409.28586	        P1	
  11.34945	 427.37513	 282.12411	        P1	
 364.44345	  91.00832	 183.27772	        P1	
  98.36190	 163.08692	 288.30201	        P1	
 157.63125	 487.07661	 401.56349	        P1	
 476.67689	  90.28028	  96.27225	        P1	
 464.06639	 135.42040	 205.41517	        P1	
  74.40195	 121.58712	 127.67662	        P1	
 214.37850	 262.10401	   7.72237	        P1	
 394.70865	   6.55260	 475.69829	        P1	
  40.35360	 183.47280	 384.57426	        P1	
 311.47935	  76.44700	 304.26157	        P1	
 271.12575	 353.11233	 370.15919	        P1	
 384.62025	  47.32432	 263.59041	        P1	
  95.83980	 380.05081	 290.36129	        P1	
 459.02219	  59.70148	 331.03245	        P1	
 412.36335	  38.58752	 207.98932	        P1	
 360.66030	 246.08652	  18.01890	        P1	
  34.04835	 469.60301	  86.49060	        P1	
 356.87715	 109.93808	 479.30204	        P1	
 475.41584	 434.65581	 463.34249	        P1	
 345.52770	 342.19133	 110.68739	        P1	
 314.00145	 259.91981	 488.05409	        P1	
  34.04835	 140.51688	   2.05928	        P1	
 284.99730	 187.84120	  69.50137	        P1	
 446.41170	 311.61253	 240.42329	        P1	
 317.78460	 198.03412	 357.80339	        P1	
 324.08985	 184.20089	 280.06477	        P1	
 417.40755	 361.84913	 350.08101	        P1	
 435.06225	 312.34061	 279.54997	        P1	
  50.44200	 234.43749	 460.76834	        P1	
 413.62440	 480.52401	 149.81407	        P1	
 200.50695	 446.30489	 460.76834	        P1	
 146.28180	  87.36800	 372.21847	        P1	
  58.00830	 238.80589	 263.07555	        P1	
 252.21000	   8.73680	 359.86267	        P1	
 123.58290	 358.20881	 112.74667	        P1	
 460.28324	  69.16632	  78.25342	        P1	
 292.56360	 129.59588	 224.46367	        P1	
 380.83710	 182.01669	 429.87884	        P1	
 209.33430	 378.59469	 409.80067	        P1	
 401.01390	 470.33109	  32.94878	        P1	
 267.34260	 281.03373	 345.44759	        P1	
 315.26250	 349.47201	 481.87619	        P1	
 242.12160	 292.68281	 389.20769	        P1	
 366.96555	 252.63912	  72.07552	        P1	
 485.50424	 309.42833	 234.24539	        P1	
 244.64370	 171.82372	  22.65232	        P1	
 450.19484	 140.51688	 372.73327	        P1	
 312.74040	  20.38588	 205.92997	        P1	
 224.46690	 115.03452	 430.39371	        P1	
  68.09670	 449.94521	 327.42869	        P1	
 467.84954	 143.42912	 418.03791	        P1	
  46.65885	 265.74432	 448.92741	        P1	
 417.40755	 405.53313	 221.88959	        P1	
 300.12990	 349.47201	 179.15910	        P1	
  16.39365	 157.99048	 281.60925	        P1	
 455.23904	 452.12941	 143.63617	        P1	
 448.93379	 496.54149	 349.56614	        P1	
 277.43100	 282.48989	 261.53107	        P1	
 308.95725	 310.88449	 236.81947	        P1	
 263.55945	 124.49940	 203.87069	        P1	
 171.50280	  10.19292	 257.41251	        P1	
 435.06225	 174.00792	 436.57161	        P1	
 282.47520	 477.61173	 133.85452	        P1	
 269.86470	 481.98013	 102.96502	        P1	
 436.32330	 198.03412	 413.40448	        P1	
  61.79145	 383.69113	 314.55809	        P1	
 388.40340	 471.78721	 464.88696	        P1	
  10.08840	 202.40252	 331.54731	        P1	
  51.70305	 395.34021	  24.71160	        P1	
 133.67130	  32.03492	 275.94621	        P1	
 247.16580	 390.24373	 493.71718	        P1	
 330.39510	  45.14012	 363.98129	        P1	
  94.57875	 111.39420	 389.20769	        P1	
 305.17410	  49.50852	 209.53379	        P1	
 372.00975	 449.21713	 226.52302	        P1	
 204.29010	 131.05200	  43.24530	        P1	
  78.18510	 299.96349	 341.84377	        P1	
 424.97385	  64.79792	 302.20229	        P1	
 119.79975	 309.42833	 370.15919	        P1	
 263.55945	 342.91941	 432.45299	        P1	
 308.95725	 169.63952	 195.63352	        P1	
 421.19070	 285.40213	   4.11862	        P1	
 230.77215	  99.74512	 220.34512	        P1	
  27.74310	  93.19252	  42.73049	        P1	
 238.33845	 230.79712	  72.07552	        P1	
 298.86885	  54.60500	 265.64969	        P1	
   1.26105	 131.78008	 176.58495	        P1	
 109.71135	 213.32352	 240.42329	        P1	
 441.36750	 388.78761	 370.67399	        P1	
 218.16165	 140.51688	 466.94624	        P1	
 361.92135	 175.46409	  94.72778	        P1	
 452.71694	 258.46369	 304.77637	        P1	
 380.83710	 438.29613	  48.90839	        P1	
 215.63955	 358.93689	 312.49875	        P1	
 431.27910	 167.45532	 207.98932	        P1	
  10.08840	 117.94680	 471.06486	        P1	
 263.55945	  53.14888	 335.66587	        P1	
 412.36335	 273.02501	 457.16459	        P1	
 353.09400	 403.34893	  30.37469	        P1	
 496.85369	 435.38389	 392.81144	        P1	
  39.09255	 389.51569	  14.41508	        P1	
 136.19340	 113.57840	 254.83837	        P1	
 427.49595	 277.39341	  81.85717	        P1	
 100.88400	 348.01589	 144.15098	        P1	
 247.16580	 343.64749	 442.23464	        P1	
 191.67960	  13.10520	 413.91929	        P1	
 335.43930	 364.03333	 380.97051	        P1	
 252.21000	   0.00000	 433.99746	        P1	
 408.58020	 295.59509	 162.68468	        P1	
 105.92820	 375.68241	 352.14029	        P1	
 436.32330	 368.40173	 109.14292	        P1	
  40.35360	 337.82293	   5.66310	        P1	
 491.80949	 187.84120	 279.54997	        P1	
 378.31500	 452.85749	 397.44487	        P1	
  94.57875	 227.88489	 114.80595	        P1	
 457.76114	 396.79633	 160.11059	        P1	
 139.97655	  92.46448	 360.37747	        P1	
 417.40755	 471.05913	 455.10531	        P1	
 450.19484	  80.81540	 389.20769	        P1	
  30.26520	 336.36681	  92.66850	        P1	
 327.87300	  99.01708	 170.40705	        P1	
 464.06639	 289.77053	 481.36138	        P1	
 406.05810	 219.87612	 251.23461	        P1	
 320.30670	 297.05121	  38.61187	        P1	
 341.74455	  22.57008	 477.75757	        P1	
 382.09815	  16.74552	 394.87079	        P1	
 419.92965	  50.23660	 131.28037	        P1	
 214.37850	 436.84001	 193.05937	        P1	
 248.42685	 321.07741	 420.09719	        P1	
 364.44345	 299.23541	 143.63617	        P1	
 413.62440	 401.89281	 296.53919	        P1	
 482.98214	 184.20089	 108.62805	        P1	
   7.56630	 251.91109	 409.80067	        P1	
 199.24590	  59.70148	 280.06477	        P1	
 105.92820	 281.03373	  53.54182	        P1	
  66.83565	 136.14848	 368.09984	        P1	
 407.31915	 280.30569	   3.60375	        P1	
 261.03735	  44.41208	 479.30204	        P1	
 308.95725	 166.72728	 422.15647	        P1	
 321.56775	 127.41168	 263.07555	        P1	
 271.12575	 424.46289	 120.98385	        P1	
 491.80949	 361.12109	  39.12668	        P1	
 331.65615	 484.16433	  10.29652	        P1	
 228.25005	 156.53432	 282.12411	        P1	
 355.61610	 348.01589	 411.34514	        P1	
 138.71550	 237.34972	 294.47991	        P1	
 271.12575	 191.48152	 209.53379	        P1	
 185.37435	 473.97141	 315.07289	        P1	
 346.78875	 190.02540	 328.97317	        P1	
 252.21000	 291.22669	  82.37198	        P1	
  44.13675	  24.02620	 154.44750	        P1	
 158.89230	 468.87493	 245.05671	        P1	
 307.69620	  18.92972	 228.06749	        P1	
 273.64785	 185.65700	 271.82759	        P1	
 353.09400	 315.98093	 394.87079	        P1	
 192.94065	  66.25408	 386.63354	        P1	
 383.35920	 231.52521	 193.05937	        P1	
 331.65615	 153.62208	 300.14295	        P1	
 426.23490	  56.78920	 438.63089	        P1	
 122.32185	 450.67329	 337.21035	        P1	
 272.38680	  62.61372	  90.60922	        P1	
  71.87985	 213.32352	 337.72521	        P1	
 488.02634	 402.62089	   3.60375	        P1	
 408.58020	  21.84200	 111.20220	        P1	
 301.39095	 332.72649	  57.66038	        P1	
 403.53600	 429.55933	 296.02439	        P1	
 307.69620	  61.15760	 308.89499	        P1	
 238.33845	 434.65581	 345.96239	        P1	
 247.16580	 465.96269	 460.76834	        P1	
 239.59950	  24.75428	 193.57417	        P1	
 145.02075	 188.56929	 398.98934	        P1	
 348.04980	  39.31560	 489.59856	        P1	
 345.52770	 387.33149	 164.22915	        P1	
  10.08840	 141.24492	  67.44209	        P1	
 157.63125	 191.48152	  22.65232	        P1	
 200.50695	 439.02421	 222.40439	        P1	
   7.56630	 115.03452	 394.87079	        P1	
 331.65615	 243.90232	 170.92192	        P1	
 480.46004	  12.37712	 184.82219	        P1	
 467.84954	 136.14848	 255.35317	        P1	
  10.08840	 340.73521	 390.75216	        P1	
 108.45030	  53.87692	 302.20229	        P1	
 119.79975	 434.65581	 273.37207	        P1	
 162.67545	 252.63912	  42.73049	        P1	
 295.08570	 431.01549	 195.11865	        P1	
 467.84954	 459.41009	  26.77088	        P1	
 143.75970	 302.87573	  28.83022	        P1	
 481.72109	 112.12228	 156.50678	        P1	
 394.70865	 348.74393	 238.87881	        P1	
 214.37850	 353.84041	 489.59856	        P1	
 325.35090	 171.82372	  53.54182	        P1	
 453.97799	 320.34933	  16.47442	        P1	
 351.83295	 323.98969	   8.23718	        P1	
 142.49865	 243.90232	  24.19679	        P1	
 345.52770	 107.75388	 156.50678	        P1	
 184.11330	 241.71812	 331.54731	        P1	
 472.89374	 240.99009	  34.49325	        P1	
 292.56360	 327.63001	 154.44750	        P1	
 148.80390	 460.13813	 201.81142	        P1	
 329.13405	 476.88369	 392.81144	        P1	
 387.14235	 130.32392	  47.36392	        P1	
 283.73625	 310.88449	 378.91117	        P1	
   5.04420	 273.75309	 348.02167	        P1	
 224.46690	 238.80589	 113.26148	        P1	
 172.76385	  58.97340	  50.96767	        P1	
 464.06639	 244.63041	 230.12677	        P1	
 197.98485	 494.35729	 318.67665	        P1	
 148.80390	 339.27909	 238.36395	        P1	
 139.97655	 431.74353	 153.93269	        P1	
 317.78460	  10.19292	  53.54182	        P1	
 166.45860	 486.34853	 413.40448	        P1	
  81.96825	  92.46448	   2.05928	        P1	
 314.00145	 102.65740	 155.99197	        P1	
 490.54844	  47.32432	 487.53928	        P1	
 141.23760	  69.89440	 358.31819	        P1	
 165.19755	 310.88449	   8.23718	        P1	
   3.78315	 174.00792	 282.12411	        P1	
 278.69205	 302.14769	 454.59044	        P1	
 261.03735	  64.79792	 269.76831	        P1	
 450.19484	 388.05953	 425.76028	        P1	
 137.45445	 259.91981	 290.36129	        P1	
 442.62855	 325.44581	 446.35326	        P1	
  73.14090	  26.21040	 403.10796	        P1	
 143.75970	 292.68281	 370.67399	        P1	
 432.54015	 494.35729	 360.37747	        P1	
  23.95995	  50.23660	 421.64166	        P1	
 167.71965	 155.07820	 118.92457	        P1	
 209.33430	 216.96389	 341.84377	        P1	
 438.84540	 432.47161	 483.42066	        P1	
 379.57605	 332.72649	 181.21837	        P1	
 181.59120	  32.03492	 275.94621	        P1	
 134.93235	 168.18340	 383.02979	        P1	
  18.91575	 265.74432	 450.47188	        P1	
 369.48765	 449.21713	 207.98932	        P1	
 446.41170	 282.48989	  96.27225	        P1	
 109.71135	 369.12981	 236.30467	        P1	
 283.73625	 319.62129	 273.88687	        P1	
 306.43515	 415.72609	 460.76834	        P1	
 223.20585	 156.53432	 232.70091	        P1	
 441.36750	   0.00000	 271.82759	        P1	
 379.57605	 160.90272	  59.71972	        P1	
  71.87985	  66.25408	 256.89765	        P1	
 259.77630	 307.24413	 473.63901	        P1	
 383.35920	 401.89281	 298.08367	        P1	
 152.58705	 207.49900	 352.14029	        P1	
 451.45589	 291.22669	  63.83828	        P1	
 359.39925	 150.70980	 100.39087	        P1	
 366.96555	  88.09608	 310.95427	        P1	
 441.36750	 199.49029	 213.65235	        P1	
   2.52210	 400.43669	 348.02167	        P1	
 167.71965	 112.85032	 240.42329	        P1	
 353.09400	  68.43828	 466.94624	        P1	
 168.98070	 237.34972	 203.35589	        P1	
  85.75140	 302.87573	 350.08101	        P1	
  13.87155	  61.88568	 343.38825	        P1	
 174.02490	 361.12109	 323.31007	        P1	
 457.76114	 239.53392	 411.86001	        P1	
 432.54015	  58.97340	 383.02979	        P1	
 428.75700	 237.34972	  85.97579	        P1	
 409.84125	  54.60500	 477.24276	        P1	
 355.61610	 176.19212	 201.81142	        P1	
 108.45030	  23.29812	 387.14841	        P1	
 479.19899	 349.47201	  69.50137	        P1	
 267.34260	 346.55973	 166.28849	        P1	
  46.65885	 211.86740	 148.26960	        P1	
 100.88400	 438.29613	 418.03791	        P1	
 426.23490	  39.31560	 298.08367	        P1	
 412.36335	 361.84913	 376.33709	        P1	
 190.41855	 114.30648	 310.95427	        P1	
 105.92820	 464.50653	 455.10531	        P1	
 103.40610	  87.36800	 366.04057	        P1	
 343.00560	 177.64829	 131.79518	        P1	
 374.53185	  91.00832	 485.99481	        P1	
 438.84540	 170.36760	  86.49060	        P1	
  81.96825	 449.21713	 475.18348	        P1	
 226.98900	 321.80549	 256.89765	        P1	
 208.07325	   6.55260	 298.08367	        P1	
  80.70720	  26.21040	  57.14557	        P1	
  70.61880	 486.34853	 485.99481	        P1	
 365.70450	 403.34893	  53.54182	        P1	
 109.71135	 287.58632	   5.66310	        P1	
 143.75970	 311.61253	 170.92192	        P1	
 339.22245	 385.14729	 374.27774	        P1	
 369.48765	  99.74512	 170.92192	        P1	
 364.44345	 468.14689	 304.77637	        P1	
 303.91305	 168.18340	 230.12677	        P1	
 168.98070	  61.15760	 137.45827	        P1	
  61.79145	  60.42952	 413.40448	        P1	
 311.47935	 389.51569	 417.52304	        P1	
 484.24319	 149.98172	 220.34512	        P1	
 175.28595	 319.62129	 453.04597	        P1	
 156.37020	 282.48989	 100.90568	        P1	
 419.92965	 430.28741	 230.12677	        P1	
 235.81635	 141.97300	 197.69279	        P1	
 186.63540	 160.17469	 188.94075	        P1	
 223.20585	  19.65780	  92.66850	        P1	
 215.63955	  15.28940	  81.85717	        P1	
 494.33159	 163.08692	  30.37469	        P1	
 226.98900	 283.94601	 216.22649	        P1	
 302.65200	 227.15681	 444.80879	        P1	
 373.27080	 129.59588	 156.50678	        P1	
 273.64785	 377.86661	 162.16987	        P1	
 213.11745	  44.41208	 485.47994	        P1	
 124.84395	 297.77929	 300.14295	        P1	
  39.09255	  21.11392	  18.01890	        P1	
 213.11745	 481.25209	  83.91645	        P1	
 247.16580	 304.33189	  77.73855	        P1	
 300.12990	 259.19172	 172.46639	        P1	
 194.20170	 115.03452	  28.83022	        P1	
 161.41440	 267.92852	 448.92741	        P1	
 172.76385	 303.60381	 211.59307	        P1	
  79.44615	 277.39341	 271.82759	        P1	
 138.71550	 438.29613	 189.45562	        P1	
 368.22660	 398.98053	  55.08629	        P1	
 160.15335	  83.72768	 453.04597	        P1	
 339.22245	 353.11233	 140.03242	        P1	
  98.36190	 192.20960	 137.45827	        P1	
   8.82735	  70.62248	 224.46367	        P1	
 387.14235	  74.99088	 249.17527	        P1	
 471.63269	 170.36760	 407.74139	        P1	
 354.35505	 121.58712	 467.46111	        P1	
  15.13260	  48.05240	 210.04859	        P1	
 158.89230	 365.48949	 280.06477	        P1	
  47.91990	 349.47201	 186.88147	        P1	
 475.41584	 414.26993	 363.98129	        P1	
 142.49865	 366.21753	 147.75479	        P1	
 398.49180	  45.14012	  73.61999	        P1	
 205.55115	 112.85032	 425.76028	        P1	
 423.71280	 225.70069	 250.71975	        P1	
 205.55115	 255.55141	 273.37207	        P1	
 462.80534	 430.28741	 316.61737	        P1	
  97.10085	 392.42793	 123.04319	        P1	
 317.78460	 380.05081	 396.93006	        P1	
 223.20585	 118.67488	  51.48248	        P1	
 211.85640	 117.94680	  44.78977	        P1	
  99.62295	  85.18380	 475.69829	        P1	
  79.44615	 104.11352	 387.14841	        P1	
  68.09670	 445.57681	 279.54997	        P1	
 221.94480	 321.80549	 491.65784	        P1	
 322.82880	 463.05041	  75.67927	        P1	
 291.30255	  37.13140	  80.31270	        P1	
 118.53870	 243.17429	  82.37198	        P1	
 374.53185	 356.02461	 483.42066	        P1	
 262.29840	  39.31560	  24.71160	        P1	
 404.79705	 338.55101	 440.17536	        P1	
 393.44760	  50.96468	 368.09984	        P1	
 374.53185	 120.13100	 489.59856	        P1	
 218.16165	  51.69272	  47.36392	        P1	
   2.52210	 273.75309	 386.63354	        P1	
 247.16580	  96.10480	 197.69279	        P1	
 380.83710	 412.08573	  79.79789	        P1	
 368.22660	 435.38389	 459.22387	        P1	
 360.66030	 417.91029	 293.96505	        P1	
  59.26935	 415.72609	  45.30458	        P1	
  80.70720	 215.50772	 380.97051	        P1	
 337.96140	 244.63041	 358.31819	        P1	
 160.15335	 211.86740	  55.60110	        P1	
 337.96140	  97.56092	 109.14292	        P1	
 346.78875	 284.67409	   9.78165	        P1	
 124.84395	 338.55101	  92.66850	        P1	
 441.36750	 329.08613	 444.29398	        P1	
 440.10645	 198.76220	  86.49060	        P1	
 143.75970	 463.05041	 352.14029	        P1	
 228.25005	 169.63952	  90.60922	        P1	
  16.39365	 390.97181	 223.94887	        P1	
 433.80120	 298.50733	 438.11608	        P1	
 181.59120	 222.78840	  86.49060	        P1	
 290.04150	 302.87573	 152.38822	        P1	
  88.27350	 189.29732	 178.64429	        P1	
 437.58435	 485.62049	  57.66038	        P1	
  44.13675	 380.77889	 144.15098	        P1	
 201.76800	  48.05240	  12.35580	        P1	
 180.33015	 309.42833	 214.16722	        P1	
 353.09400	 487.80469	 337.21035	        P1	
  30.26520	 234.43749	 125.61728	        P1	
 142.49865	 434.65581	 302.71709	        P1	
 345.52770	 361.12109	 127.16175	        P1	
 134.93235	 471.05913	  85.97579	        P1	
 388.40340	 455.76973	 418.03791	        P1	
 292.56360	 216.96389	 397.44487	        P1	
 326.61195	 123.04328	 485.47994	        P1	
 397.23075	  35.67528	 411.34514	        P1	
  30.26520	 425.19093	  61.26419	        P1	
  85.75140	  23.29812	 492.17271	        P1	
 131.14920	 186.38509	 415.97857	        P1	
 257.25420	 307.24413	 269.76831	        P1	
 196.72380	 369.85789	 355.74404	        P1	
 160.15335	  64.79792	 197.17799	        P1	
 301.39095	  70.62248	 374.27774	        P1	
  27.74310	 327.63001	 421.64166	        P1	
 166.45860	 304.33189	  76.19408	        P1	
 230.77215	 179.83249	 446.86807	        P1	
 240.86055	 427.37513	 343.90311	        P1	
 138.71550	 138.33268	 361.92194	        P1	
 488.02634	 495.81341	 328.97317	        P1	
 426.23490	 246.08652	 425.76028	        P1	
 199.24590	 157.26240	 278.00549	        P1	
  92.05665	 310.88449	   2.05928	        P1	
 273.64785	 326.90193	 141.57689	        P1	
 421.19070	 237.34972	  22.65232	        P1	
 204.29010	 299.96349	 207.47445	        P1	
 110.97240	 318.89321	 223.94887	        P1	
 185.37435	 190.02540	 137.45827	        P1	
  97.10085	 463.77849	 293.96505	        P1	
 242.12160	 200.94640	 123.55800	        P1	
  13.87155	 433.19969	 230.64157	        P1	
 158.89230	 313.06869	  94.72778	        P1	
 134.93235	   2.18420	 135.91380	        P1	
 353.09400	  16.01748	 176.58495	        P1	
 129.88815	 274.48112	  98.33159	        P1	
  17.65470	 384.41921	 341.32897	        P1	
 495.59264	 153.62208	  22.13745	        P1	
  71.87985	  21.11392	 147.75479	        P1	
  22.69890	 438.29613	  41.18602	        P1	
  83.22930	 286.85829	 417.52304	        P1	
  56.74725	 313.79673	 448.92741	        P1	
 282.47520	  58.24532	  98.33159	        P1	
 346.78875	 385.14729	 411.34514	        P1	
 247.16580	   2.91228	 107.08358	        P1	
 197.98485	 245.35849	 250.71975	        P1	
 394.70865	 366.21753	 411.86001	        P1	
 423.71280	 232.98132	 413.40448	        P1	
 475.41584	 421.55061	   1.54447	        P1	
  21.43785	 408.44541	 390.75216	        P1	
 331.65615	 338.55101	 372.21847	        P1	
  17.65470	 426.64709	  45.30458	        P1	
  55.48620	 152.89400	 186.88147	        P1	
 496.85369	 182.01669	 361.92194	        P1	
 326.61195	 404.07701	  63.32347	        P1	
  52.96410	 145.61332	 160.11059	        P1	
 224.46690	 113.57840	 335.15107	        P1	
 147.54285	 287.58632	 164.74402	        P1	
  25.22100	 471.78721	 376.85189	        P1	
 177.80805	 291.95473	 178.64429	        P1	
 390.92550	 257.73561	  63.32347	        P1	
 475.41584	 382.23501	 135.91380	        P1	
 378.31500	 231.52521	 322.79527	        P1	
 214.37850	  52.42080	 390.75216	        P1	
 476.67689	  74.26280	  98.84640	        P1	
 379.57605	  53.14888	 491.65784	        P1	
 484.24319	  13.10520	 143.63617	        P1	
 117.27765	  38.58752	  53.54182	        P1	
 344.26665	 430.28741	 339.78449	        P1	
  45.39780	 403.34893	 306.83571	        P1	
 423.71280	  20.38588	 269.25345	        P1	
 197.98485	 491.44501	 457.16459	        P1	
  12.61050	 400.43669	 440.69017	        P1	
 235.81635	 136.14848	 102.45015	        P1	
  21.43785	 415.72609	 440.69017	        P1	
  85.75140	 305.78801	  57.14557	        P1	
  55.48620	 348.01589	  96.27225	        P1	
 426.23490	 391.69989	 378.91117	        P1	
 143.75970	 164.54309	 429.87884	        P1	
 355.61610	 352.38429	 150.32888	        P1	
 146.28180	 380.05081	 352.14029	        P1	
  58.00830	 397.52441	 440.17536	        P1	
 370.74870	 164.54309	 312.49875	        P1	
 496.85369	 364.03333	 283.66859	        P1	
 155.10915	 168.18340	 223.94887	        P1	
  88.27350	 113.57840	 321.25079	        P1	
 156.37020	 228.61292	 487.53928	        P1	
  92.05665	 363.30529	 477.75757	        P1	
 252.21000	 160.17469	 145.69545	        P1	
 103.40610	  14.56132	 160.11059	        P1	
 336.70035	 399.70861	 415.46376	        P1	
 206.81220	 496.54149	 341.84377	        P1	
 160.15335	 396.79633	 413.40448	        P1	
 426.23490	 353.84041	  32.43397	        P1	
 184.11330	 100.47320	  26.25607	        P1	
 360.66030	   5.82452	 135.39899	        P1	
 399.75285	  25.48232	 407.22658	        P1	
 272.38680	 310.15641	 383.02979	        P1	
   3.78315	 192.93769	 193.57417	        P1	
   0.00000	 275.20921	 389.20769	        P1	
 281.21415	 405.53313	 170.92192	        P1	
 484.24319	 492.17309	 182.76285	        P1	
 388.40340	  39.31560	 339.78449	        P1	
 491.80949	  16.01748	   8.23718	        P1	
 282.47520	  30.57880	 240.93809	        P1	
 416.14650	 471.78721	 333.60659	        P1	
  84.49035	 299.23541	 396.93006	        P1	
 287.51940	 451.40133	 221.88959	        P1	
 417.40755	 217.69192	 436.57161	        P1	
 330.39510	 177.64829	  51.48248	        P1	
  47.91990	 433.92773	 296.02439	        P1	
 377.05395	  13.83328	 120.98385	        P1	
 326.61195	 290.49861	 463.34249	        P1	
 223.20585	 326.90193	 147.75479	        P1	
 345.52770	 253.36721	 236.30467	        P1	
 158.89230	 315.98093	 345.44759	        P1	
 215.63955	 273.02501	 328.97317	        P1	
 418.66860	  49.50852	 129.22109	        P1	
  41.61465	 112.85032	 475.18348	        P1	
 264.82050	 496.54149	 244.54185	        P1	
  56.74725	 124.49940	 366.04057	        P1	
 392.18655	 179.83249	 151.87335	        P1	
 127.36605	 421.55061	   1.54447	        P1	
 141.23760	 232.98132	 456.64978	        P1	
 306.43515	  50.23660	 396.93006	        P1	
 170.24175	 160.90272	 275.94621	        P1	
 321.56775	  21.11392	 265.13489	        P1	
 360.66030	  24.75428	 442.23464	        P1	
 452.71694	 351.65621	 247.11599	        P1	
 274.90890	 195.12189	 150.32888	        P1	
   1.26105	  88.09608	  76.19408	        P1	
 395.96970	  42.22788	 304.77637	        P1	
  44.13675	 200.21832	 350.08101	        P1	
 199.24590	 151.43788	 280.06477	        P1	
 453.97799	 333.45453	 121.49872	        P1	
  78.18510	  99.01708	 372.73327	        P1	
 160.15335	 420.09449	 150.32888	        P1	
  12.61050	 356.75269	 355.74404	        P1	
 213.11745	 424.46289	  88.54988	        P1	
 250.94895	 120.13100	 168.34777	        P1	
 336.70035	 424.46289	  83.91645	        P1	
 394.70865	 259.91981	 477.24276	        P1	
 490.54844	 294.86701	 166.80330	        P1	
  75.66300	 244.63041	 230.12677	        P1	
 137.45445	  32.76300	 285.72787	        P1	
 330.39510	 477.61173	  28.83022	        P1	
 455.23904	 479.79593	 207.98932	        P1	
 489.28739	 313.06869	 490.11337	        P1	
 408.58020	 288.31441	  24.71160	        P1	
 179.06910	 439.75229	 391.26697	        P1	
 258.51525	 232.25329	 244.54185	        P1	
  54.22515	 219.14809	  40.67115	        P1	
 238.33845	 178.37632	  73.61999	        P1	
 239.59950	 113.57840	 358.31819	        P1	
 293.82465	 463.77849	 386.63354	        P1	
 128.62710	 369.85789	  53.02695	        P1	
  59.26935	 255.55141	 471.06486	        P1	
 124.84395	 424.46289	 113.26148	        P1	
 331.65615	 264.28821	 291.90577	        P1	
 330.39510	 455.76973	 308.38019	        P1	
 467.84954	 108.48192	 172.46639	        P1	
 359.39925	 357.48073	  11.84100	        P1	
 161.41440	 167.45532	 436.57161	        P1	
 344.26665	  99.74512	 306.83571	        P1	
 268.60365	   6.55260	 137.45827	        P1	
  35.30940	 401.89281	 464.88696	        P1	
  36.57045	 313.79673	 209.53379	        P1	
   0.00000	 152.89400	 383.02979	        P1	
 288.78045	 226.42872	  98.33159	        P1	
 286.25835	 229.34101	  44.78977	        P1	
 496.85369	 126.68360	  43.24530	        P1	
 187.89645	 475.42753	  96.78712	        P1	
 148.80390	 331.99841	  61.77900	        P1	
 128.62710	  69.89440	 105.02430	        P1	
 152.58705	 342.91941	 261.01627	        P1	
 131.14920	 342.19133	 473.63901	        P1	
  20.17680	 423.73481	 328.97317	        P1	
 156.37020	   2.91228	 201.29655	        P1	
 292.56360	 281.03373	  98.33159	        P1	
 394.70865	 441.93649	 263.07555	        P1	
 282.47520	 168.91149	 405.16724	        P1	
 394.70865	 475.42753	 308.38019	        P1	
 395.96970	 215.50772	 424.21581	        P1	
  85.75140	 436.84001	 335.15107	        P1	
 495.59264	 171.09569	  76.19408	        P1	
  75.66300	 160.17469	 341.84377	        P1	
  55.48620	 289.77053	 350.08101	        P1	
 336.70035	  74.99088	 446.86807	        P1	
 308.95725	 191.48152	 164.74402	        P1	
 398.49180	 327.63001	 217.77097	        P1	
 466.58849	 279.57761	 137.45827	        P1	
 359.39925	 182.74472	 282.12411	        P1	
 155.10915	  82.27152	 431.93818	        P1	
 239.59950	  23.29812	 184.82219	        P1	
 321.56775	  63.34180	 298.08367	        P1	
 469.11059	 128.13972	 177.09982	        P1	
 306.43515	 401.16473	  35.00812	        P1	
  32.78730	 348.01589	 361.92194	        P1	
  83.22930	 122.31520	 433.99746	        P1	
 413.62440	 404.80509	 145.69545	        P1	
 124.84395	  35.67528	 446.86807	        P1	
 406.05810	 177.64829	  82.37198	        P1	
   1.26105	   2.18420	 131.28037	        P1	
  45.39780	 241.71812	 269.76831	        P1	
 209.33430	 227.15681	 458.70906	        P1	
 237.07740	 346.55973	 475.18348	        P1	
 185.37435	 153.62208	 374.27774	        P1	
 421.19070	 254.82332	 172.46639	        P1	
 364.44345	 130.32392	 275.94621	        P1	
 146.28180	 117.94680	 191.51489	        P1	
 398.49180	 349.47201	 333.60659	        P1	
 312.74040	 203.85869	 256.89765	        P1	
 399.75285	 268.65661	 452.53116	        P1	
 273.64785	 309.42833	 263.59041	        P1	
  99.62295	 195.84992	  30.37469	        P1	
  36.57045	 107.02580	 450.98669	        P1	
  75.66300	 227.15681	 230.12677	        P1	
 128.62710	 113.57840	  80.31270	        P1	
 239.59950	  94.64868	 267.70897	        P1	
 151.32600	 474.69949	   8.23718	        P1	
 223.20585	 344.37553	 368.61471	        P1	
 448.93379	 394.61213	 308.38019	        P1	
 358.13820	 167.45532	 269.76831	        P1	
 146.28180	 272.29692	 277.49069	        P1	
 326.61195	 249.72689	 212.10787	        P1	
 488.02634	 107.02580	 444.80879	        P1	
 459.02219	  45.14012	 368.61471	        P1	
  11.34945	 325.44581	 247.11599	        P1	
 354.35505	  56.06112	  85.97579	        P1	
 324.08985	 380.77889	 232.18605	        P1	
 290.04150	 441.20841	 481.87619	        P1	
 110.97240	 110.66612	 123.04319	        P1	
 211.85640	  27.66652	 431.93818	        P1	
 255.99315	 216.23580	 359.86267	        P1	
 153.84810	  37.85948	  76.19408	        P1	
 360.66030	 128.13972	 411.86001	        P1	
 390.92550	 235.89361	 370.67399	        P1	
 495.59264	 424.46289	 286.24267	        P1	
 397.23075	 130.32392	 146.21032	        P1	
 430.01805	 367.67369	 119.43938	        P1	
 249.68790	 208.22709	 386.63354	        P1	
 102.14505	 195.84992	  18.01890	        P1	
 128.62710	  62.61372	 337.72521	        P1	
 220.68375	  51.69272	 135.39899	        P1	
  74.40195	 134.69232	 339.26969	        P1	
 459.02219	 160.17469	 397.44487	        P1	
 118.53870	 155.80628	 306.32085	        P1	
 268.60365	 497.26953	 265.13489	        P1	
 220.68375	 497.26953	 370.15919	        P1	
 462.80534	  28.39460	 199.23727	        P1	
 482.98214	 172.55180	  18.53370	        P1	
 142.49865	 447.76101	  50.96767	        P1	
 220.68375	 386.60341	  74.13480	        P1	
 441.36750	 263.56012	  65.89762	        P1	
 225.72795	 277.39341	 483.42066	        P1	
 498.11474	  64.79792	 467.46111	        P1	
 180.33015	  67.71020	 316.61737	        P1	
 484.24319	 142.70108	 145.69545	        P1	
 232.03320	 272.29692	 152.38822	        P1	
 203.02905	  91.00832	 314.55809	        P1	
  29.00415	 223.51649	  59.20485	        P1	
 317.78460	 419.36641	 444.80879	        P1	
 470.37164	 433.19969	 423.70094	        P1	
 493.07054	  76.44700	  37.06740	        P1	
 214.37850	 350.92813	 450.47188	        P1	
  12.61050	 378.59469	 491.65784	        P1	
 199.24590	  81.54348	 269.25345	        P1	
 172.76385	 274.48112	 215.71169	        P1	
  87.01245	 342.91941	  50.96767	        P1	
 360.66030	 132.50812	  92.15369	        P1	
 377.05395	 248.27072	  65.89762	        P1	
  95.83980	 136.87652	 411.86001	        P1	
 145.02075	 466.69073	  10.29652	        P1	
  76.92405	 136.14848	 162.68468	        P1	
  73.14090	  97.56092	 201.81142	        P1	
 216.90060	 305.78801	  69.50137	        P1	
  97.10085	 130.32392	 473.63901	        P1	
 306.43515	 374.95433	 214.16722	        P1	
 382.09815	 405.53313	  85.97579	        P1	
 184.11330	 101.92932	 158.56612	        P1	
  85.75140	 474.69949	 398.98934	        P1	
 174.02490	 355.29653	 351.62549	        P1	
  16.39365	 310.88449	  34.49325	        P1	
 232.03320	  66.98212	  65.89762	        P1	
 103.40610	   8.73680	 469.52039	        P1	
  18.91575	  42.95592	 419.58238	        P1	
 230.77215	 399.70861	  30.88950	        P1	
 189.15750	 390.24373	 314.55809	        P1	
 262.29840	 190.75349	 306.32085	        P1	
 475.41584	  53.14888	 238.36395	        P1	
 315.26250	 253.36721	  18.53370	        P1	
  59.26935	  95.37672	  78.25342	        P1	
 403.53600	 311.61253	  41.18602	        P1	
 412.36335	 341.46329	 405.16724	        P1	
  41.61465	 224.97260	 242.48257	        P1	
 432.54015	 171.09569	 331.03245	        P1	
 427.49595	 476.88369	 398.98934	        P1	
  54.22515	 309.42833	 319.19151	        P1	
 317.78460	 179.10440	 308.89499	        P1	
 459.02219	 435.38389	 329.48797	        P1	
 145.02075	 319.62129	 187.39627	        P1	
 316.52355	 223.51649	 293.96505	        P1	
 356.87715	 252.63912	 302.20229	        P1	
  25.22100	 464.50653	 431.93818	        P1	
 389.66445	 181.28860	 427.81956	        P1	
  34.04835	 178.37632	  90.60922	        P1	
 348.04980	 361.12109	 287.78715	        P1	
 174.02490	 202.40252	 294.47991	        P1	
 416.14650	 368.40173	 382.51499	        P1	
 320.30670	  34.94720	 378.39637	        P1	
 417.40755	 283.21792	 160.11059	        P1	
 166.45860	 445.57681	  74.13480	        P1	
 373.27080	 176.19212	  98.33159	        P1	
 384.62025	  25.48232	 195.63352	        P1	
 298.86885	 296.32313	 388.69289	        P1	
 151.32600	  29.12268	 267.70897	        P1	
 134.93235	  42.95592	 133.85452	        P1	
 489.28739	  65.52600	 316.61737	        P1	
 354.35505	 415.72609	 300.14295	        P1	
 341.74455	 290.49861	 457.16459	        P1	
 272.38680	 423.73481	 191.51489	        P1	
  21.43785	 342.91941	 111.20220	        P1	
 401.01390	  40.77172	 232.70091	        P1	
  47.91990	 330.54229	  71.56065	        P1	
 190.41855	  74.99088	 280.06477	        P1	
 431.27910	 451.40133	 419.58238	        P1	
 377.05395	 388.05953	 345.44759	        P1	
 258.51525	 109.93808	 156.50678	        P1	
 192.94065	 273.02501	  37.06740	        P1	
  68.09670	 104.84160	 279.54997	        P1	
 387.14235	 118.67488	 158.05125	        P1	
 286.25835	 315.25289	 170.40705	        P1	
 273.64785	 335.63873	 419.58238	        P1	
 272.38680	 463.05041	 223.94887	        P1	
 325.35090	 412.08573	 351.62549	        P1	
 467.84954	 252.63912	 448.92741	        P1	
 493.07054	 111.39420	 193.05937	        P1	
 431.27910	 267.92852	  36.55259	        P1	
 419.92965	 478.33981	  24.71160	        P1	
 452.71694	 455.04169	 168.86258	        P1	
 370.74870	 100.47320	  55.60110	        P1	
 247.16580	 339.27909	 380.45564	        P1	
 122.32185	 388.05953	 265.13489	        P1	
 354.35505	 195.84992	  92.15369	        P1	
 112.23345	  91.00832	 246.60119	        P1	
 279.95310	 235.89361	 421.64166	        P1	
 460.28324	 322.53353	 387.14841	        P1	
 356.87715	 379.32273	 345.44759	        P1	
 221.94480	 116.49068	  77.73855	        P1	
 308.95725	  44.41208	 324.85455	        P1	
  46.65885	 280.30569	 212.10787	        P1	
  76.92405	 286.13021	 172.98120	        P1	
 375.79290	 199.49029	  82.37198	        P1	
  15.13260	 199.49029	 219.83025	        P1	
 166.45860	  90.28028	 310.95427	        P1	
 250.94895	  31.30688	 361.92194	        P1	
  79.44615	 163.81500	  88.03507	        P1	
 435.06225	 341.46329	  51.48248	        P1	
 234.55530	 260.64789	  26.77088	        P1	
  42.87570	  50.96468	 242.99737	        P1	
 109.71135	 341.46329	 318.67665	        P1	
 232.03320	 318.89321	  92.66850	        P1	
 243.38265	 117.21872	 257.41251	        P1	
 427.49595	 134.69232	 487.53928	        P1	
 254.73210	 237.34972	 382.51499	        P1	
 373.27080	 441.20841	 390.75216	        P1	
 368.22660	  59.70148	  77.73855	        P1	
   0.00000	 429.55933	  47.36392	        P1	
  94.57875	 408.44541	 444.80879	        P1	
 181.59120	 198.03412	 265.13489	        P1	
 390.92550	 495.08533	 325.36941	        P1	
  52.96410	 447.03293	  55.08629	        P1	
  42.87570	 152.89400	 273.37207	        P1	
 107.18925	 492.90113	 116.86529	        P1	
  23.95995	 450.67329	 275.43135	        P1	
 232.03320	 216.96389	 119.43938	        P1	
 296.34675	 114.30648	   8.23718	        P1	
 176.54700	 305.78801	 162.16987	        P1	
 182.85225	   8.00872	 399.50421	        P1	
 462.80534	 428.83129	 442.23464	        P1	
 320.30670	 381.50693	  16.47442	        P1	
 421.19070	 350.92813	   4.11862	        P1	
 428.75700	 180.56052	 164.74402	        P1	
 488.02634	 337.09489	 100.90568	        P1	
  98.36190	 265.01629	 466.94624	        P1	
 283.73625	  83.72768	 335.66587	        P1	
  20.17680	 291.22669	  96.27225	        P1	
 293.82465	 310.88449	 391.26697	        P1	
  61.79145	 302.14769	 405.16724	        P1	
 320.30670	 286.85829	 226.00815	        P1	
 373.27080	 218.42000	 359.86267	        P1	
  98.36190	 232.98132	  18.01890	        P1	
   3.78315	 425.91901	 444.80879	        P1	
 437.58435	 150.70980	 160.62540	        P1	
 143.75970	 202.40252	 438.11608	        P1	
 438.84540	   4.36840	 413.91929	        P1	
 122.32185	  76.44700	 180.70357	        P1	
 257.25420	 314.52481	 236.30467	        P1	
 453.97799	 331.99841	 426.27509	        P1	
 356.87715	  26.93848	 127.16175	        P1	
 165.19755	 466.69073	 314.55809	        P1	
  15.13260	 477.61173	  92.15369	        P1	
  61.79145	 125.95552	  42.73049	        P1	
 278.69205	 476.88369	  59.20485	        P1	
 383.35920	 313.06869	  76.19408	        P1	
 170.24175	 115.76260	 488.05409	        P1	
  25.22100	 253.36721	 413.91929	        P1	
 112.23345	 482.70821	  44.78977	        P1	
 123.58290	 334.91069	 182.76285	        P1	
 290.04150	  58.24532	  79.79789	        P1	
  92.05665	 264.28821	 421.64166	        P1	
 276.16995	 425.91901	 477.24276	        P1	
  65.57460	  16.01748	 372.73327	        P1	
 102.14505	 112.85032	 337.72521	        P1	
 105.92820	 289.77053	 387.14841	        P1	
 146.28180	 441.20841	 210.04859	        P1	
 469.11059	 263.56012	 475.18348	        P1	
  35.30940	  33.49108	 120.98385	        P1	
  95.83980	 231.52521	 339.78449	        P1	
 412.36335	 102.65740	 438.63089	        P1	
  90.79560	 259.19172	 467.46111	        P1	
 488.02634	 497.26953	 382.51499	        P1	
 312.74040	 314.52481	 370.67399	        P1	
 250.94895	  57.51728	 343.38825	        P1	
 208.07325	 335.63873	  65.89762	        P1	
 311.47935	 136.14848	 341.84377	        P1	
 240.86055	 111.39420	 118.92457	        P1	
  75.66300	 251.91109	  57.66038	        P1	
 421.19070	  84.45572	 430.39371	        P1	
 200.50695	 332.72649	 466.94624	        P1	
 363.18240	 192.20960	 236.30467	        P1	
 329.13405	 412.81381	 291.90577	        P1	
  13.87155	 488.53273	 184.82219	        P1	
 243.38265	 166.72728	  77.73855	        P1	
 394.70865	  58.97340	 315.07289	        P1	
 413.62440	 190.75349	 386.63354	        P1	
 172.76385	 226.42872	  30.37469	        P1	
 165.19755	 444.84873	 431.93818	        P1	
 431.27910	 435.38389	   9.78165	        P1	
 131.14920	 119.40292	 467.46111	        P1	
 113.49450	 139.78880	  61.77900	        P1	
   0.00000	 447.03293	 160.11059	        P1	
 445.15065	 427.37513	  65.89762	        P1	
  89.53455	 412.81381	  69.50137	        P1	
 312.74040	   2.91228	 417.52304	        P1	
 427.49595	  22.57008	 175.04047	        P1	
  15.13260	 425.19093	 123.04319	        P1	
 201.76800	  64.06988	 298.59847	        P1	
 216.90060	 107.75388	 343.38825	        P1	
 488.02634	 300.69153	 283.66859	        P1	
 136.19340	 192.20960	 452.53116	        P1	
 165.19755	  89.55220	 290.36129	        P1	
 182.85225	 329.81421	 415.46376	        P1	
  74.40195	 331.27033	 263.59041	        P1	
 356.87715	 460.86621	  37.06740	        P1	
 109.71135	  15.28940	 271.82759	        P1	
 325.35090	 483.43629	 244.54185	        P1	
  37.83150	 256.27949	  32.94878	        P1	
 108.45030	 397.52441	 285.72787	        P1	
 300.12990	 174.73600	  12.35580	        P1	
 423.71280	 135.42040	  92.66850	        P1	
 163.93650	 148.52560	 395.38559	        P1	
 200.50695	 220.60420	 420.09719	        P1	
 491.80949	 397.52441	 384.57426	        P1	
  66.83565	 380.77889	 125.61728	        P1	
 383.35920	  66.98212	 387.14841	        P1	
  99.62295	 107.02580	  75.67927	        P1	
 462.80534	 494.35729	 293.96505	        P1	
 136.19340	 241.71812	 140.03242	        P1	
 257.25420	 281.03373	 153.93269	        P1	
 380.83710	 141.24492	 147.75479	        P1	
  68.09670	  39.31560	   0.00000	        P1	
  12.61050	 458.68201	 284.18339	        P1	
 272.38680	 167.45532	 238.87881	        P1	
 388.40340	   0.00000	 197.69279	        P1	
 114.75555	 310.88449	  94.72778	        P1	
  94.57875	 449.21713	 444.29398	        P1	
 151.32600	 279.57761	 304.26157	        P1	
 117.27765	  74.99088	 213.65235	        P1	
 155.10915	 456.49781	 155.99197	        P1	
 374.53185	 227.88489	 193.57417	        P1	
 176.54700	 368.40173	 450.47188	        P1	
  47.91990	   0.00000	 322.79527	        P1	
 205.55115	 182.74472	 306.83571	        P1	
 163.93650	  49.50852	 387.14841	        P1	
 336.70035	  31.30688	 144.15098	        P1	
 293.82465	 425.91901	  26.25607	        P1	
 452.71694	 310.88449	 361.92194	        P1	
 176.54700	 479.06789	  26.77088	        P1	
  42.87570	  72.80668	 144.15098	        P1	
 103.40610	 259.19172	 189.45562	        P1	
 168.98070	   2.91228	 429.87884	        P1	
 389.66445	 291.95473	 424.21581	        P1	
  21.43785	  28.39460	  80.31270	        P1	
 205.55115	 385.14729	 323.31007	        P1	
 341.74455	 265.74432	  48.90839	        P1	
 360.66030	 106.29772	 104.50949	        P1	
 484.24319	 377.13853	 166.28849	        P1	
 148.80390	 119.40292	   5.66310	        P1	
 124.84395	 270.11272	 430.39371	        P1	
 124.84395	 326.90193	 110.68739	        P1	
  26.48205	 181.28860	 304.26157	        P1	
 322.82880	 337.82293	 407.22658	        P1	
 407.31915	 309.42833	 399.50421	        P1	
 147.54285	 233.70941	 117.38010	        P1	
 335.43930	  94.64868	 219.83025	        P1	
 482.98214	 203.13060	 105.02430	        P1	
 331.65615	 190.02540	 267.19417	        P1	
  50.44200	  97.56092	 306.83571	        P1	
 139.97655	 239.53392	 339.26969	        P1	
 134.93235	 476.88369	 355.74404	        P1	
 490.54844	  63.34180	  44.78977	        P1	
 435.06225	 172.55180	  18.53370	        P1	
  10.08840	 329.08613	  28.83022	        P1	
  13.87155	 465.23461	 407.74139	        P1	
  55.48620	 158.71852	 146.21032	        P1	
 378.31500	 160.17469	 473.12414	        P1	
 223.20585	 389.51569	 170.40705	        P1	
 433.80120	  59.70148	 145.69545	        P1	
 109.71135	  53.14888	 298.59847	        P1	
 356.87715	 469.60301	 452.53116	        P1	
  25.22100	 337.82293	  18.01890	        P1	
  13.87155	 382.23501	 446.35326	        P1	
  31.52625	 265.74432	 102.96502	        P1	
 460.28324	 216.23580	  88.03507	        P1	
 123.58290	 381.50693	 189.45562	        P1	
 383.35920	 417.91029	 337.21035	        P1	
  87.01245	 111.39420	  55.60110	        P1	
 417.40755	  22.57008	 323.31007	        P1	
 448.93379	 251.91109	 120.98385	        P1	
 332.91720	 106.29772	  24.19679	        P1	
 462.80534	  95.37672	 203.35589	        P1	
 416.14650	 358.20881	 118.92457	        P1	
 139.97655	 460.86621	 328.97317	        P1	
 393.44760	 438.29613	  59.71972	        P1	
  29.00415	 340.00713	 456.64978	        P1	
 496.85369	 167.45532	 387.14841	        P1	
 196.72380	 126.68360	  44.78977	        P1	
 432.54015	 322.53353	 294.47991	        P1	
 372.00975	 141.97300	 185.33700	        P1	
 418.66860	 361.12109	  53.02695	        P1	
  10.08840	 221.33229	 219.83025	        P1	
 102.14505	 172.55180	 308.89499	        P1	
 373.27080	 288.31441	 148.26960	        P1	
 498.11474	 249.72689	 131.79518	        P1	
 307.69620	 231.52521	  32.43397	        P1	
 189.15750	 327.63001	 458.70906	        P1	
 161.41440	 177.64829	  46.84905	        P1	
 407.31915	  51.69272	 245.05671	        P1	
 387.14235	 211.86740	 463.34249	        P1	
 253.47105	 297.77929	 398.98934	        P1	
  63.05250	 228.61292	 127.67662	        P1	
 424.97385	 156.53432	 121.49872	        P1	
 310.21830	 283.94601	 335.15107	        P1	
  54.22515	  60.42952	 475.18348	        P1	
 490.54844	  19.65780	 111.20220	        P1	
  95.83980	 219.87612	 319.19151	        P1	
 482.98214	 409.90153	 269.76831	        P1	
  70.61880	 160.17469	  57.66038	        P1	
 187.89645	 175.46409	 428.33437	        P1	
 325.35090	 241.71812	 326.91389	        P1	
 150.06495	 157.99048	 182.76285	        P1	
 287.51940	 345.10361	 409.28586	        P1	
 168.98070	 179.10440	 131.28037	        P1	
  99.62295	 213.32352	 462.82768	        P1	
 489.28739	 426.64709	  96.27225	        P1	
  98.36190	  13.10520	 372.21847	        P1	
 248.42685	 191.48152	  65.89762	        P1	
 253.47105	  83.72768	 355.74404	        P1	
 484.24319	 120.85908	 199.75207	        P1	
 433.80120	 126.68360	 143.63617	        P1	
 364.44345	 141.97300	 420.09719	        P1	
  27.74310	 253.36721	 131.28037	        P1	
  51.70305	 131.78008	 483.93547	        P1	
 424.97385	 155.07820	 162.16987	        P1	
  74.40195	  80.81540	 378.39637	        P1	
 331.65615	  80.81540	 296.53919	        P1	
  97.10085	 390.97181	 137.45827	        P1	
   3.78315	 472.51529	 144.15098	        P1	
 124.84395	 379.32273	  98.33159	        P1	
 447.67274	  67.71020	 236.30467	        P1	
  12.61050	 276.66532	 214.16722	        P1	
 401.01390	 158.71852	 197.17799	        P1	
 414.88545	  88.09608	 479.30204	        P1	
 232.03320	 157.26240	 359.86267	        P1	
 368.22660	  11.64908	 354.19957	        P1	
 414.88545	 309.42833	 238.87881	        P1	
 170.24175	 423.00673	  85.97579	        P1	
 143.75970	 420.82253	 487.53928	        P1	
 361.92135	   2.18420	 197.69279	        P1	
 199.24590	  56.78920	 149.81407	        P1	
 346.78875	  26.93848	 218.28577	        P1	
 272.38680	 221.33229	 269.25345	        P1	
 123.58290	 256.27949	 348.02167	        P1	
 196.72380	 256.27949	 465.40177	        P1	
 273.64785	 149.25368	 422.15647	        P1	
 262.29840	 103.38548	 442.23464	        P1	
 276.16995	 367.67369	 125.61728	        P1	
 239.59950	 378.59469	 201.29655	        P1	
 196.72380	 390.24373	 493.71718	        P1	
 398.49180	  24.75428	 219.83025	        P1	
 257.25420	   8.73680	 310.43947	        P1	
 102.14505	 353.11233	  90.60922	        P1	
 360.66030	 436.84001	  74.13480	        P1	
 377.05395	 262.83209	 100.90568	        P1	
  35.30940	 266.47241	  80.31270	        P1	
 395.96970	 304.33189	 286.24267	        P1	
 168.98070	   0.00000	 335.15107	        P1	
 155.10915	 437.56809	 335.66587	        P1	
 214.37850	 384.41921	 148.26960	        P1	
 343.00560	 227.15681	 475.69829	        P1	
 341.74455	 369.12981	 327.42869	        P1	
 210.59535	  60.42952	  30.37469	        P1	
 174.02490	 422.27869	 360.37747	        P1	
 369.48765	 213.32352	   4.11862	        P1	
 424.97385	 182.74472	  67.44209	        P1	
   2.52210	 253.36721	 210.04859	        P1	
 257.25420	 414.99801	 389.20769	        P1	
  55.48620	 423.73481	 203.87069	        P1	
 293.82465	 227.88489	 354.19957	        P1	
 489.28739	 460.13813	 140.03242	        P1	
 345.52770	  88.82412	 424.21581	        P1	
  92.05665	 127.41168	  90.09435	        P1	
 484.24319	 100.47320	 166.80330	        P1	
 287.51940	 393.15601	 279.54997	        P1	
 461.54429	 237.34972	 164.74402	        P1	
 495.59264	 239.53392	 418.03791	        P1	
  83.22930	 224.24452	 424.21581	        P1	
 359.39925	 112.85032	  84.43132	        P1	
  83.22930	 164.54309	 479.30204	        P1	
   3.78315	  96.83288	 385.08907	        P1	
 494.33159	 448.48909	 238.36395	        P1	
 423.71280	 320.34933	 127.67662	        P1	
 308.95725	 284.67409	  20.59298	        P1	
   5.04420	 152.89400	 450.98669	        P1	
 287.51940	 388.78761	   6.17790	        P1	
 200.50695	  15.28940	 254.83837	        P1	
 277.43100	 160.17469	 453.04597	        P1	
 437.58435	 134.69232	 172.46639	        P1	
 195.46275	  57.51728	 273.88687	        P1	
  94.57875	 194.39380	 271.82759	        P1	
  37.83150	 458.68201	   6.17790	        P1	
 132.41025	 316.70901	 444.80879	        P1	
  41.61465	 476.88369	 199.75207	        P1	
  22.69890	 227.15681	 452.53116	        P1	
 359.39925	 160.90272	 374.79261	        P1	
   2.52210	 154.35012	 418.03791	        P1	
  68.09670	  46.59628	  22.13745	        P1	
 150.06495	 203.13060	  92.66850	        P1	
 340.48350	 473.24333	 252.77909	        P1	
 302.65200	 163.08692	  42.73049	        P1	
 363.18240	 190.75349	  90.09435	        P1	
  21.43785	  61.88568	 199.75207	        P1	
   8.82735	 240.99009	 127.16175	        P1	
 360.66030	  30.57880	 154.44750	        P1	
 209.33430	 438.29613	 487.53928	        P1	
 316.52355	 460.86621	 304.26157	        P1	
 257.25420	 165.99920	 160.62540	        P1	
   5.04420	 378.59469	 354.19957	        P1	
 181.59120	 496.54149	 107.08358	        P1	
 332.91720	   5.82452	 388.69289	        P1	
 170.24175	 131.78008	 386.63354	        P1	
  71.87985	 251.18301	 117.38010	        P1	
 109.71135	 316.70901	 149.81407	        P1	
 462.80534	  50.23660	 254.83837	        P1	
 174.02490	 101.92932	 302.20229	        P1	
 322.82880	 464.50653	 240.42329	        P1	
 136.19340	 125.22748	 236.81947	        P1	
  49.18095	 315.25289	 176.58495	        P1	
 369.48765	 287.58632	 191.00009	        P1	
  11.34945	 184.20089	 102.45015	        P1	
 290.04150	  61.15760	 210.04859	        P1	
 153.84810	  13.10520	 193.05937	        P1	
 291.30255	 264.28821	 341.32897	        P1	
 282.47520	 196.57800	 471.06486	        P1	
  20.17680	 345.10361	 228.58229	        P1	
 424.97385	 401.16473	 277.49069	        P1	
 382.09815	 348.74393	 102.96502	        P1	
 252.21000	 445.57681	 396.93006	        P1	
 133.67130	 209.68320	   1.54447	        P1	
 431.27910	 196.57800	 316.61737	        P1	
 136.19340	 455.76973	 300.65781	        P1	
  92.05665	 345.83169	 244.54185	        P1	
 279.95310	 468.87493	 436.57161	        P1	
 389.66445	  58.97340	   7.72237	        P1	
 394.70865	 386.60341	 100.39087	        P1	
 452.71694	 417.18221	 290.36129	        P1	
 162.67545	 289.04249	  20.59298	        P1	
 341.74455	 495.81341	  50.96767	        P1	
 486.76529	  56.78920	 427.81956	        P1	
  59.26935	 144.88528	 119.43938	        P1	
 107.18925	 156.53432	  92.15369	        P1	
 320.30670	 454.31361	 395.38559	        P1	
 450.19484	 169.63952	 109.14292	        P1	
  68.09670	  33.49108	  34.49325	        P1	
 150.06495	 109.93808	 354.19957	        P1	
 329.13405	 389.51569	  59.20485	        P1	
 283.73625	 287.58632	 288.30201	        P1	
 403.53600	 438.29613	  79.79789	        P1	
 121.06080	 401.89281	 154.44750	        P1	
 297.60780	  34.94720	 396.93006	        P1	
 239.59950	 256.27949	  40.67115	        P1	
 373.27080	 211.13932	 215.71169	        P1	
 158.89230	 206.77092	 455.10531	        P1	
 218.16165	 255.55141	 185.33700	        P1	
 427.49595	 181.28860	 333.60659	        P1	
 142.49865	 351.65621	 322.79527	        P1	
 461.54429	 171.82372	 345.44759	        P1	
 350.57190	 480.52401	 259.47179	        P1	
  35.30940	 289.77053	 356.25891	        P1	
 282.47520	 205.31480	 254.83837	        P1	
 395.96970	 267.92852	 238.87881	        P1	
 163.93650	 117.94680	  75.67927	        P1	
  70.61880	   4.36840	 353.68477	        P1	
 445.15065	 439.02421	 261.01627	        P1	
 477.93794	  21.11392	  73.61999	        P1	
 406.05810	 409.17349	 380.45564	        P1	
 142.49865	 238.07781	 328.97317	        P1	
 456.50009	 353.84041	 216.22649	        P1	
 475.41584	 149.25368	 102.45015	        P1	
 472.89374	  32.76300	 203.87069	        P1	
  61.79145	  85.18380	 247.11599	        P1	
 283.73625	 235.16552	 133.85452	        P1	
 301.39095	 478.33981	 469.52039	        P1	
  26.48205	 405.53313	 493.71718	        P1	
  69.35775	 261.37592	 170.92192	        P1	
 142.49865	 466.69073	 357.80339	        P1	
  69.35775	 434.65581	 426.27509	        P1	
 353.09400	 206.77092	  85.97579	        P1	
 412.36335	  34.21912	 197.17799	        P1	
 187.89645	  64.79792	 146.21032	        P1	
 230.77215	 382.23501	 160.62540	        P1	
 452.71694	  57.51728	  22.13745	        P1	
 340.48350	  71.35052	 345.44759	        P1	
 244.64370	 391.69989	 372.73327	        P1	
 401.01390	 164.54309	 434.51227	        P1	
 306.43515	 487.07661	 210.04859	        P1	
  95.83980	 106.29772	 485.99481	        P1	
 461.54429	 317.43709	 193.57417	        P1	
 142.49865	 257.00752	 275.94621	        P1	
 243.38265	 319.62129	 374.27774	        P1	
 215.63955	 114.30648	 374.27774	        P1	
 469.11059	 422.27869	 329.48797	        P1	
  44.13675	 495.81341	  24.71160	        P1	
 474.15479	 308.70029	 479.30204	        P1	
 151.32600	 334.91069	 372.73327	        P1	
 387.14235	  19.65780	 148.26960	        P1	
 489.28739	 489.26081	  86.49060	        P1	
 423.71280	 457.22589	 349.56614	        P1	
  45.39780	  85.91188	 114.80595	        P1	
  55.48620	  88.82412	 393.32631	        P1	
 351.83295	 406.98929	 281.60925	        P1	
 388.40340	 361.12109	 428.33437	        P1	
 268.60365	 459.41009	  53.02695	        P1	
 282.47520	 468.87493	 172.46639	        P1	
  87.01245	 344.37553	 147.75479	        P1	
 462.80534	 156.53432	 158.56612	        P1	
 143.75970	  33.49108	 218.28577	        P1	
 235.81635	  47.32432	 456.64978	        P1	
 192.94065	 309.42833	 450.47188	        P1	
 214.37850	 170.36760	 401.56349	        P1	
 350.57190	  78.63120	 137.45827	        P1	
 494.33159	 451.40133	  22.65232	        P1	
  50.44200	 377.13853	 121.49872	        P1	
 174.02490	 256.27949	 275.43135	        P1	
 418.66860	  99.01708	 403.62277	        P1	
 182.85225	 408.44541	 475.69829	        P1	
 117.27765	  21.11392	  92.15369	        P1	
 112.23345	 130.32392	 104.50949	        P1	
 428.75700	 320.34933	 191.00009	        P1	
 162.67545	 497.26953	 269.76831	        P1	
 441.36750	 483.43629	 479.30204	        P1	
 435.06225	 216.23580	  32.43397	        P1	
  85.75140	 433.92773	  30.37469	        P1	
 204.29010	   1.45612	 444.29398	        P1	
 498.11474	 428.83129	 207.47445	        P1	
  70.61880	 353.84041	  49.42320	        P1	
 324.08985	  76.44700	 217.77097	        P1	
 171.50280	 238.80589	 405.16724	        P1	
  73.14090	 457.22589	 267.70897	        P1	
 143.75970	 333.45453	 214.16722	        P1	
 263.55945	  54.60500	 174.52567	        P1	
 264.82050	 401.89281	 211.59307	        P1	
 374.53185	 357.48073	  98.33159	        P1	
 102.14505	 120.13100	  12.35580	        P1	
 234.55530	 141.24492	  79.79789	        P1	
 155.10915	 281.76181	 217.77097	        P1	
 331.65615	 208.95512	 294.47991	        P1	
 346.78875	 293.41089	 348.02167	        P1	
 424.97385	  44.41208	 434.51227	        P1	
 335.43930	 398.98053	 326.91389	        P1	
 145.02075	 299.23541	 112.74667	        P1	
  21.43785	 271.56889	  88.54988	        P1	
 461.54429	 388.78761	 403.10796	        P1	
 255.99315	 388.05953	 252.77909	        P1	
 165.19755	 184.20089	 331.03245	        P1	
 314.00145	 141.97300	 471.06486	        P1	
 409.84125	 337.09489	 125.61728	        P1	
 134.93235	  56.06112	 479.81691	        P1	
 109.71135	 434.65581	   7.72237	        P1	
 161.41440	  71.35052	 461.28321	        P1	
 372.00975	 184.20089	 263.07555	        P1	
  94.57875	 111.39420	 271.82759	        P1	
   0.00000	 452.85749	 238.36395	        P1	
 249.68790	 231.52521	 290.36129	        P1	
 331.65615	  88.09608	  77.73855	        P1	
 481.72109	 301.41961	 203.87069	        P1	
 266.08155	 332.72649	 176.58495	        P1	
 128.62710	 385.87533	  42.73049	        P1	
 312.74040	  10.19292	  73.61999	        P1	
 493.07054	 389.51569	 263.07555	        P1	
  79.44615	  56.06112	 110.68739	        P1	
 259.77630	 382.96309	 212.10787	        P1	
 172.76385	 484.16433	  28.83022	        P1	
 232.03320	 165.99920	  61.77900	        P1	
 317.78460	 222.78840	 464.88696	        P1	
 419.92965	  13.83328	 137.97308	        P1	
 291.30255	 178.37632	 228.06749	        P1	
   6.30525	  34.21912	 479.81691	        P1	
 252.21000	 183.47280	 444.80879	        P1	
 199.24590	 289.77053	 263.59041	        P1	
 307.69620	 174.73600	 396.93006	        P1	
 245.90475	  86.63992	 135.39899	        P1	
 488.02634	  18.20168	 491.65784	        P1	
  74.40195	 318.16513	 444.29398	        P1	
 209.33430	 412.08573	  41.18602	        P1	
 136.19340	 141.24492	 153.93269	        P1	
 147.54285	 297.77929	 446.86807	        P1	
 114.75555	  77.90312	 189.45562	        P1	
 372.00975	  22.57008	 490.11337	        P1	
 408.58020	 342.19133	  98.33159	        P1	
 255.99315	 236.62169	 335.66587	        P1	
 369.48765	 150.70980	 358.31819	        P1	
 373.27080	 438.29613	 350.08101	        P1	
 306.43515	 334.18261	 148.26960	        P1	
 296.34675	 163.81500	 185.33700	        P1	
 402.27495	 310.88449	 137.97308	        P1	
 447.67274	 356.02461	 328.97317	        P1	
 126.10500	 289.77053	 469.00558	        P1	
 215.63955	 163.81500	 464.88696	        P1	
  56.74725	 182.74472	 170.92192	        P1	
   7.56630	 283.94601	 172.98120	        P1	
 421.19070	 109.21000	 199.23727	        P1	
 377.05395	 271.56889	 335.66587	        P1	
 103.40610	  21.84200	 160.62540	        P1	
 174.02490	 323.26161	 197.69279	        P1	
 377.05395	 444.84873	 240.42329	        P1	
 127.36605	 337.09489	  59.20485	        P1	
 300.12990	 314.52481	  81.85717	        P1	
 179.06910	 123.77132	 214.16722	        P1	
 263.55945	 388.05953	  59.71972	        P1	
 287.51940	  91.73640	 223.94887	        P1	
 182.85225	 318.16513	   5.66310	        P1	
 388.40340	 109.21000	 440.17536	        P1	
 133.67130	 238.80589	 490.11337	        P1	
  73.14090	 164.54309	 422.15647	        P1	
 312.74040	 117.94680	 328.97317	        P1	
 459.02219	 417.91029	 323.31007	        P1	
 272.38680	 455.76973	  41.18602	        P1	
 315.26250	  81.54348	 411.34514	        P1	
 334.17825	 431.74353	 333.09179	        P1	
 267.34260	  26.21040	 186.88147	        P1	
 354.35505	 472.51529	  32.94878	        P1	
 297.60780	 441.20841	 291.90577	        P1	
 488.02634	  56.06112	 394.87079	        P1	
  59.26935	 258.46369	 255.35317	        P1	
 340.48350	 353.84041	 475.69829	        P1	
 377.05395	 379.32273	 209.53379	        P1	
 411.10230	  46.59628	 164.22915	        P1	
 218.16165	 491.44501	  44.78977	        P1	
 465.32744	 140.51688	 349.56614	        P1	
 209.33430	 132.50812	  79.79789	        P1	
 213.11745	 306.51609	 261.53107	        P1	
 300.12990	 471.78721	 376.85189	        P1	
 365.70450	 115.03452	 331.54731	        P1	
 150.06495	 104.11352	 407.22658	        P1	
 234.55530	  78.63120	 390.75216	        P1	
 403.53600	 326.17389	 205.92997	        P1	
 486.76529	 138.33268	 100.90568	        P1	
 397.23075	 258.46369	 256.89765	        P1	
  44.13675	 353.11233	 357.80339	        P1	
 146.28180	 445.57681	 284.18339	        P1	
 308.95725	 239.53392	  53.54182	        P1	
 366.96555	 254.09529	  88.54988	        P1	
  80.70720	 321.80549	 151.87335	        P1	
 100.88400	 353.84041	 123.55800	        P1	
 132.41025	 353.11233	 455.10531	        P1	
 369.48765	 312.34061	 203.87069	        P1	
 215.63955	 319.62129	 335.66587	        P1	
 124.84395	 220.60420	  44.78977	        P1	
 148.80390	 398.98053	 197.17799	        P1	
 105.92820	 423.73481	 308.89499	        P1	
 214.37850	 493.62921	 228.58229	        P1	
  25.22100	 331.99841	 464.88696	        P1	
 203.02905	 297.77929	 306.32085	        P1	
 297.60780	 302.87573	  96.78712	        P1	
 315.26250	 372.77013	 115.32082	        P1	
  20.17680	 349.47201	  32.43397	        P1	
 172.76385	   2.18420	  20.07817	        P1	
 365.70450	  10.19292	 399.50421	        P1	
  37.83150	 247.54269	 448.41254	        P1	
 317.78460	 167.45532	  28.83022	        P1	
 496.85369	 307.24413	 289.84649	        P1	
  31.52625	 302.14769	 226.00815	        P1	
 332.91720	 401.89281	 475.69829	        P1	
 317.78460	 329.08613	 164.74402	        P1	
 253.47105	 109.93808	 219.83025	        P1	
  22.69890	 358.20881	 210.04859	        P1	
 450.19484	 377.86661	 366.04057	        P1	
 238.33845	 136.14848	 479.30204	        P1	
 364.44345	  60.42952	  53.54182	        P1	
  18.91575	 168.18340	 100.39087	        P1	
 417.40755	 340.00713	 308.38019	        P1	
 114.75555	 369.12981	 290.36129	        P1	
   6.30525	 487.07661	  18.53370	        P1	
 203.02905	  76.44700	  63.32347	        P1	
 349.31085	  96.83288	 168.86258	        P1	
 190.41855	 198.76220	 463.34249	        P1	
  39.09255	 192.93769	 107.08358	        P1	
 291.30255	 278.84952	 109.14292	        P1	
 448.93379	 457.22589	 287.78715	        P1	
 113.49450	 232.98132	 158.56612	        P1	
  49.18095	 104.11352	 238.87881	        P1	
 327.87300	  32.03492	 302.20229	        P1	
  64.31355	 141.97300	 390.75216	        P1	
 368.22660	 435.38389	 374.27774	        P1	
  71.87985	  24.02620	 384.57426	        P1	
  44.13675	 213.32352	 160.11059	        P1	
 247.16580	 355.29653	 269.76831	        P1	
 348.04980	 467.41881	 236.30467	        P1	
 245.90475	  60.42952	 257.41251	        P1	
 239.59950	  39.31560	 205.41517	        P1	
  26.48205	 310.88449	 293.96505	        P1	
 122.32185	 191.48152	 221.88959	        P1	
 472.89374	 305.05993	  47.36392	        P1	
 374.53185	 369.12981	 210.04859	        P1	
  63.05250	 382.96309	 187.39627	        P1	
  46.65885	  77.90312	 226.52302	        P1	
 197.98485	  10.92100	 378.39637	        P1	
 224.46690	  84.45572	 152.38822	        P1	
 155.10915	 182.74472	  96.78712	        P1	
 195.46275	 143.42912	 401.04869	        P1	
 421.19070	 173.27989	 397.44487	        P1	
 413.62440	  61.15760	 464.88696	        P1	
 356.87715	 168.18340	  98.84640	        P1	
 163.93650	 486.34853	  10.29652	        P1	
 322.82880	 387.33149	 349.56614	        P1	
  23.95995	 399.70861	 298.08367	        P1	
  39.09255	 133.23620	 440.17536	        P1	
 474.15479	 468.87493	 302.20229	        P1	
 205.55115	 240.99009	 125.61728	        P1	
 177.80805	 377.86661	 477.24276	        P1	
  26.48205	 162.35888	 102.45015	        P1	
 216.90060	 222.78840	 191.51489	        P1	
  10.08840	 407.71733	 333.09179	        P1	
 370.74870	 454.31361	 302.71709	        P1	
 301.39095	 139.06072	  67.44209	        P1	
 242.12160	 441.20841	 254.83837	        P1	
 373.27080	 154.35012	 481.36138	        P1	
 307.69620	 225.70069	  83.91645	        P1	
 442.62855	  34.21912	 135.39899	        P1	
 319.04565	 123.04328	 181.21837	        P1	
 452.71694	 124.49940	 477.24276	        P1	
 418.66860	 173.27989	 428.33437	        P1	
 359.39925	  77.90312	  92.15369	        P1	
 398.49180	 438.29613	 240.42329	        P1	
 321.56775	  99.74512	 201.81142	        P1	
 378.31500	 257.73561	  75.67927	        P1	
 451.45589	  82.99960	 444.80879	        P1	
  58.00830	 208.22709	 385.08907	        P1	
 200.50695	 350.20009	  51.48248	        P1	
 442.62855	 192.93769	 411.34514	        P1	
  94.57875	 449.21713	 314.55809	        P1	
 223.20585	 187.11312	  11.84100	        P1	
 276.16995	 200.21832	 319.19151	        P1	
 373.27080	 468.87493	 308.38019	        P1	
 220.68375	 332.72649	 102.45015	        P1	
  47.91990	 301.41961	 390.75216	        P1	
 258.51525	 421.55061	  18.53370	        P1	
  12.61050	 423.73481	 322.79527	        P1	
 390.92550	 465.96269	  40.67115	        P1	
 240.86055	 144.88528	  65.38275	        P1	
 214.37850	 323.26161	 352.14029	        P1	
 447.67274	 294.86701	 345.96239	        P1	
 234.55530	 291.22669	 349.56614	        P1	
 364.44345	  63.34180	 279.54997	        P1	
 401.01390	 267.92852	   4.11862	        P1	
 117.27765	 431.74353	 257.41251	        P1	
 332.91720	 445.57681	 471.06486	        P1	
  13.87155	  40.04368	 145.69545	        P1	
 103.40610	 266.47241	 193.05937	        P1	
  88.27350	  21.84200	 236.30467	        P1	
 453.97799	 193.66572	 356.25891	        P1	
 139.97655	  26.93848	 477.75757	        P1	
 100.88400	 148.52560	 149.81407	        P1	
 104.66715	 351.65621	  13.90027	        P1	
 461.54429	 282.48989	  65.38275	        P1	
   7.56630	 267.92852	  18.01890	        P1	
  56.74725	 456.49781	  92.66850	        P1	
 278.69205	  64.79792	 425.76028	        P1	
 118.53870	 364.03333	 209.53379	        P1	
 162.67545	 479.79593	  59.71972	        P1	
 141.23760	 473.24333	 411.86001	        P1	
 261.03735	 313.79673	 394.87079	        P1	
  70.61880	   0.00000	 316.61737	        P1	
 422.45175	 313.79673	 469.00558	        P1	
 105.92820	 381.50693	  41.18602	        P1	
  61.79145	 242.44621	 395.38559	        P1	
 316.52355	  10.92100	 197.69279	        P1	
 303.91305	  18.20168	  53.02695	        P1	
 215.63955	 179.83249	  83.91645	        P1	
 116.01660	  14.56132	 102.96502	        P1	
 354.35505	 344.37553	 418.03791	        P1	
 296.34675	 427.37513	 289.84649	        P1	
 119.79975	 323.98969	 226.00815	        P1	
 158.89230	 253.36721	 384.57426	        P1	
 103.40610	  58.24532	 109.14292	        P1	
  84.49035	 124.49940	 316.61737	        P1	
 448.93379	 361.12109	  22.13745	        P1	
 402.27495	 157.99048	 360.37747	        P1	
  29.00415	 181.28860	 333.60659	        P1	
 151.32600	 401.89281	 168.34777	        P1	
 261.03735	 439.02421	 230.12677	        P1	
 320.30670	 278.12149	   9.78165	        P1	
 219.42270	 270.84081	 396.93006	        P1	
 114.75555	  42.95592	 469.00558	        P1	
 393.44760	  27.66652	  79.79789	        P1	
 327.87300	 432.47161	  81.85717	        P1	
 359.39925	 307.97221	 242.48257	        P1	
 467.84954	 366.21753	  22.65232	        P1	
 494.33159	 487.80469	  46.84905	        P1	
  23.95995	  91.00832	 172.46639	        P1	
 306.43515	 302.14769	 188.94075	        P1	
  41.61465	 325.44581	 433.99746	        P1	
 465.32744	 275.93729	 300.14295	        P1	
 480.46004	 190.02540	 383.02979	        P1	
 401.01390	 183.47280	 135.91380	        P1	
 423.71280	  33.49108	  45.30458	        P1	
 263.55945	 383.69113	 184.82219	        P1	
 394.70865	  96.83288	  57.66038	        P1	
 165.19755	  60.42952	 444.29398	        P1	
 462.80534	 181.28860	 315.07289	        P1	
 472.89374	 456.49781	  49.42320	        P1	
 228.25005	 194.39380	  49.42320	        P1	
 259.77630	 131.05200	 129.73590	        P1	
  40.35360	  78.63120	 458.70906	        P1	
 461.54429	 479.06789	 434.51227	        P1	
 181.59120	 468.87493	 333.09179	        P1	
 210.59535	 399.70861	 154.44750	        P1	
 250.94895	 118.67488	 368.09984	        P1	
  13.87155	 421.55061	 111.20220	        P1	
 176.54700	 479.06789	 329.48797	        P1	
 411.10230	 333.45453	 448.92741	        P1	
 325.35090	 445.57681	 100.39087	        P1	
 469.11059	 331.99841	 333.60659	        P1	
  30.26520	 314.52481	  74.13480	        P1	
 446.41170	 187.84120	 341.32897	        P1	
 462.80534	 290.49861	 433.99746	        P1	
 384.62025	 111.39420	 421.64166	        P1	
 179.06910	 234.43749	 144.15098	        P1	
  29.00415	 341.46329	  57.66038	        P1	
 414.88545	 149.25368	  53.02695	        P1	
 317.78460	 445.57681	 193.05937	        P1	
 258.51525	 443.39261	  49.42320	        P1	
  10.08840	 378.59469	 267.70897	        P1	
