2167.00000	   0.00000	   0.00000	   0.00000	
  18.91575	 315.25289	 378.91117	        P1	
 133.67130	 238.80589	 323.31007	        P1	
 438.84540	 400.43669	 423.70094	        P1	
 418.66860	   4.36840	 271.82759	        P1	
 220.68375	 465.23461	 273.37207	        P1	
 218.16165	 131.78008	 434.51227	        P1	
 441.36750	   0.00000	 396.93006	        P1	
 311.47935	 460.86621	 193.05937	        P1	
  34.04835	  50.23660	 273.37207	        P1	
  44.13675	 390.97181	  12.35580	        P1	
 465.32744	 373.49821	 458.70906	        P1	
 358.13820	 327.63001	 279.54997	        P1	
  76.92405	  45.86820	 383.02979	        P1	
 322.82880	 401.89281	 230.12677	        P1	
 220.68375	 436.11193	 294.47991	        P1	
  50.44200	 313.06869	 273.88687	        P1	
 107.18925	 312.34061	 328.97317	        P1	
 322.82880	  17.47360	 154.44750	        P1	
 413.62440	 393.15601	 345.96239	        P1	
 271.12575	 363.30529	 385.08907	        P1	
 341.74455	 456.49781	 162.16987	        P1	
  32.78730	 212.59549	 337.21035	        P1	
 344.26665	 264.28821	 247.11599	        P1	
 354.35505	 127.41168	 491.65784	        P1	
 248.42685	  22.57008	 331.03245	        P1	
 311.47935	 144.88528	 341.84377	        P1	
 397.23075	 468.14689	 137.97308	        P1	
 498.11474	 437.56809	 298.59847	        P1	
 476.67689	 339.27909	 378.91117	        P1	
  22.69890	 225.70069	 360.37747	        P1	
 311.47935	 372.04209	 170.40705	        P1	
  46.65885	 337.09489	 107.08358	        P1	
  74.40195	 262.83209	 201.29655	        P1	
 291.30255	 367.67369	  77.73855	        P1	
 180.33015	 315.25289	 230.64157	        P1	
 368.22660	 270.84081	 155.99197	        P1	
 138.71550	 257.73561	 137.45827	        P1	
 474.15479	 115.03452	 238.87881	        P1	
 403.53600	 381.50693	 147.75479	        P1	
  78.18510	 481.98013	  78.25342	        P1	
 480.46004	  28.39460	 216.22649	        P1	
 422.45175	 271.56889	 366.55537	        P1	
 485.50424	  18.20168	 331.03245	        P1	
 237.07740	  40.77172	 207.98932	        P1	
 242.12160	  88.82412	 232.70091	        P1	
  81.96825	 340.00713	 121.49872	        P1	
 414.88545	  99.74512	 411.86001	        P1	
 358.13820	 330.54229	 490.11337	        P1	
 126.10500	 380.05081	 223.94887	        P1	
 249.68790	 196.57800	 383.02979	        P1	
 300.12990	 461.59429	 471.57967	        P1	
 353.09400	 429.55933	 209.53379	        P1	
 286.25835	 340.00713	   4.11862	        P1	
 457.76114	  34.21912	 177.09982	        P1	
 194.20170	 330.54229	 300.14295	        P1	
 495.59264	 345.83169	 170.40705	        P1	
 113.49450	 276.66532	 197.17799	        P1	
 266.08155	 105.56968	 423.70094	        P1	
 132.41025	   2.18420	  49.42320	        P1	
 126.10500	  39.31560	 335.15107	        P1	
 262.29840	 441.20841	 172.98120	        P1	
 264.82050	 222.78840	 230.12677	        P1	
 435.06225	 187.11312	 129.22109	        P1	
 462.80534	  98.28900	 193.05937	        P1	
 148.80390	  80.08732	 419.58238	        P1	
 142.49865	 233.70941	 105.02430	        P1	
 457.76114	 396.79633	  78.25342	        P1	
 447.67274	 114.30648	 139.51755	        P1	
 416.14650	 331.99841	 298.08367	        P1	
 216.90060	  14.56132	 258.95699	        P1	
  39.09255	 423.00673	 283.66859	        P1	
 403.53600	 193.66572	 431.93818	        P1	
 489.28739	 157.26240	 216.22649	        P1	
 437.58435	 348.74393	 319.19151	        P1	
  12.61050	 168.91149	 409.80067	        P1	
  75.66300	 187.84120	 315.07289	        P1	
 476.67689	 151.43788	 491.65784	        P1	
  61.79145	  45.86820	 446.35326	        P1	
  50.44200	 299.96349	  65.38275	        P1	
 301.39095	 421.55061	 154.44750	        P1	
 445.15065	  40.04368	 415.97857	        P1	
 480.46004	 166.72728	 460.76834	        P1	
 201.76800	 429.55933	 479.81691	        P1	
  73.14090	 160.17469	 156.50678	        P1	
 278.69205	 487.07661	 222.40439	        P1	
 274.90890	 192.20960	  81.85717	        P1	
 375.79290	 203.85869	 273.88687	        P1	
 336.70035	 475.42753	 481.36138	        P1	
 139.97655	 312.34061	 333.60659	        P1	
 199.24590	 278.12149	 477.75757	        P1	
 351.83295	 374.95433	 207.98932	        P1	
 477.93794	 420.09449	 454.59044	        P1	
 165.19755	 280.30569	  83.91645	        P1	
 377.05395	 370.58593	 104.50949	        P1	
 450.19484	 459.41009	 281.60925	        P1	
  76.92405	 479.79593	 314.55809	        P1	
 423.71280	 416.45413	 197.17799	        P1	
 194.20170	 352.38429	 298.59847	        P1	
 267.34260	 128.13972	  55.08629	        P1	
 114.75555	 281.76181	  24.71160	        P1	
 329.13405	 149.25368	 158.05125	        P1	
 177.80805	 444.84873	 450.47188	        P1	
 314.00145	 236.62169	 466.94624	        P1	
 122.32185	 243.90232	 462.82768	        P1	
 390.92550	 215.50772	 116.86529	        P1	
  15.13260	 232.98132	 387.14841	        P1	
 249.68790	  64.06988	 219.83025	        P1	
 324.08985	 131.78008	 168.86258	        P1	
 314.00145	  83.72768	 348.02167	        P1	
  58.00830	  59.70148	 374.27774	        P1	
 374.53185	 350.20009	 422.15647	        P1	
 152.58705	 227.88489	  46.84905	        P1	
 180.33015	 398.25249	  15.95955	        P1	
 254.73210	 410.62961	 316.61737	        P1	
 301.39095	 406.98929	 236.81947	        P1	
  74.40195	 171.09569	  46.84905	        P1	
 326.61195	  85.18380	 352.14029	        P1	
  88.27350	  72.80668	 188.94075	        P1	
 438.84540	 160.17469	 411.34514	        P1	
 205.55115	 242.44621	 228.58229	        P1	
   2.52210	 318.89321	 267.19417	        P1	
 455.23904	 191.48152	 263.59041	        P1	
 345.52770	 168.91149	 490.11337	        P1	
 360.66030	 479.06789	 386.63354	        P1	
 108.45030	  24.75428	 417.52304	        P1	
 117.27765	  67.71020	 203.87069	        P1	
 490.54844	 223.51649	 471.57967	        P1	
 316.52355	 179.83249	 113.26148	        P1	
 235.81635	 258.46369	 485.47994	        P1	
 446.41170	 161.63080	 131.28037	        P1	
 158.89230	  81.54348	  39.12668	        P1	
 403.53600	 416.45413	 456.64978	        P1	
 175.28595	 460.86621	 228.58229	        P1	
 105.92820	 273.75309	 386.63354	        P1	
 442.62855	 124.49940	 129.73590	        P1	
  83.22930	 263.56012	 331.54731	        P1	
 147.54285	 233.70941	 427.81956	        P1	
 308.95725	 481.25209	 306.32085	        P1	
 399.75285	 466.69073	 313.01361	        P1	
 355.61610	 203.85869	 218.28577	        P1	
 116.01660	  32.03492	  42.73049	        P1	
  75.66300	 273.75309	 193.57417	        P1	
 213.11745	 406.98929	  32.94878	        P1	
 128.62710	 212.59549	 473.12414	        P1	
 247.16580	 263.56012	 123.04319	        P1	
 397.23075	  95.37672	  79.79789	        P1	
 122.32185	 139.06072	  90.60922	        P1	
 116.01660	 473.24333	 382.51499	        P1	
 203.02905	 476.88369	 459.22387	        P1	
 435.06225	 201.67449	 411.34514	        P1	
 403.53600	 409.17349	 195.11865	        P1	
 445.15065	 481.25209	 477.75757	        P1	
  90.79560	  34.94720	 242.48257	        P1	
 230.77215	 277.39341	  49.42320	        P1	
 409.84125	  61.88568	 392.81144	        P1	
 199.24590	 161.63080	 420.09719	        P1	
 447.67274	 424.46289	  46.84905	        P1	
 345.52770	  75.71892	 314.55809	        P1	
  70.61880	 352.38429	 232.18605	        P1	
 190.41855	  57.51728	  90.09435	        P1	
 197.98485	 178.37632	 479.81691	        P1	
 197.98485	 382.23501	 155.99197	        P1	
 257.25420	 179.10440	 291.90577	        P1	
  95.83980	 165.99920	 197.69279	        P1	
 225.72795	 153.62208	 100.90568	        P1	
 117.27765	  85.18380	   1.54447	        P1	
 408.58020	 323.26161	 278.00549	        P1	
 158.89230	 294.13893	 374.79261	        P1	
 172.76385	 146.34140	 383.02979	        P1	
 184.11330	 208.22709	 415.97857	        P1	
 249.68790	 247.54269	 199.75207	        P1	
 104.66715	 168.18340	 401.56349	        P1	
 197.98485	 181.28860	 230.12677	        P1	
  75.66300	 315.98093	 160.11059	        P1	
 136.19340	 493.62921	   1.54447	        P1	
 369.48765	 440.48033	 387.14841	        P1	
  31.52625	 159.44660	 223.94887	        P1	
 398.49180	 323.26161	  49.42320	        P1	
  42.87570	 463.05041	 290.36129	        P1	
 498.11474	 444.84873	 166.28849	        P1	
 455.23904	 254.09529	   3.60375	        P1	
 219.42270	 375.68241	 440.17536	        P1	
 399.75285	 240.99009	 409.80067	        P1	
 291.30255	 337.09489	 405.16724	        P1	
 200.50695	 395.34021	   7.72237	        P1	
 447.67274	 453.58553	 493.71718	        P1	
  46.65885	 316.70901	 112.74667	        P1	
 110.97240	  53.87692	 430.39371	        P1	
 354.35505	 487.07661	 296.53919	        P1	
 422.45175	  77.90312	  30.37469	        P1	
 247.16580	 404.80509	 150.32888	        P1	
 455.23904	 367.67369	 368.09984	        P1	
 433.80120	 273.75309	 226.00815	        P1	
 143.75970	 281.03373	 214.16722	        P1	
 465.32744	 318.16513	 232.70091	        P1	
 384.62025	 124.49940	 185.33700	        P1	
 209.33430	 492.17309	 242.99737	        P1	
 208.07325	 479.79593	 232.70091	        P1	
 314.00145	 347.28781	 174.52567	        P1	
 264.82050	 381.50693	 123.04319	        P1	
 123.58290	 297.05121	  38.61187	        P1	
 331.65615	  72.07860	 327.42869	        P1	
 253.47105	 219.14809	 131.79518	        P1	
 496.85369	 190.75349	 238.36395	        P1	
  98.36190	 208.22709	 428.33437	        P1	
  61.79145	 417.18221	  75.67927	        P1	
 252.21000	  75.71892	  16.47442	        P1	
 282.47520	 393.15601	 483.42066	        P1	
 417.40755	  66.25408	 391.26697	        P1	
 447.67274	  82.27152	 246.60119	        P1	
 496.85369	 429.55933	 333.09179	        P1	
 235.81635	  69.16632	  48.90839	        P1	
 175.28595	  63.34180	 298.08367	        P1	
 365.70450	 279.57761	 105.02430	        P1	
  30.26520	 400.43669	 224.46367	        P1	
 413.62440	 113.57840	 216.22649	        P1	
 356.87715	 307.97221	 383.02979	        P1	
 189.15750	 352.38429	 205.92997	        P1	
 245.90475	 460.86621	  75.67927	        P1	
  13.87155	 313.79673	 203.35589	        P1	
 259.77630	 173.27989	 403.62277	        P1	
 155.10915	  51.69272	  10.29652	        P1	
 474.15479	 120.85908	 150.32888	        P1	
 291.30255	 344.37553	  16.47442	        P1	
 136.19340	 308.70029	 392.81144	        P1	
  49.18095	 463.77849	 483.93547	        P1	
 267.34260	 103.38548	 168.86258	        P1	
  93.31770	  97.56092	 399.50421	        P1	
 456.50009	 265.01629	 293.96505	        P1	
 160.15335	  28.39460	 197.69279	        P1	
 186.63540	 106.29772	 438.11608	        P1	
 421.19070	  56.78920	  67.95690	        P1	
 303.91305	 102.65740	 106.56877	        P1	
 261.03735	 127.41168	 256.89765	        P1	
 223.20585	 178.37632	 300.65781	        P1	
 491.80949	 218.42000	 155.99197	        P1	
 278.69205	 165.27112	 275.94621	        P1	
 411.10230	 168.91149	 453.04597	        P1	
 291.30255	   2.18420	 179.15910	        P1	
  31.52625	 326.90193	 430.39371	        P1	
 348.04980	 265.01629	 156.50678	        P1	
  66.83565	 313.79673	 399.50421	        P1	
 128.62710	 243.17429	  88.54988	        P1	
 441.36750	 315.98093	 147.75479	        P1	
 419.92965	 155.07820	 285.72787	        P1	
 466.58849	 103.38548	 133.33965	        P1	
 397.23075	 303.60381	 172.98120	        P1	
 375.79290	 179.10440	  92.66850	        P1	
 359.39925	 227.88489	 139.51755	        P1	
 157.63125	  40.04368	 392.81144	        P1	
  78.18510	 350.92813	 178.64429	        P1	
 168.98070	 396.06829	 385.08907	        P1	
 374.53185	 233.70941	   6.17790	        P1	
 488.02634	 240.99009	 429.87884	        P1	
 476.67689	 359.66493	  85.97579	        P1	
 214.37850	 262.10401	 155.99197	        P1	
 239.59950	 318.89321	 471.06486	        P1	
 263.55945	 341.46329	 374.27774	        P1	
  61.79145	 478.33981	 193.05937	        P1	
  45.39780	 480.52401	 308.89499	        P1	
  68.09670	 336.36681	 267.19417	        P1	
 303.91305	 220.60420	 409.28586	        P1	
  21.43785	 351.65621	 413.91929	        P1	
 435.06225	 220.60420	 149.81407	        P1	
 424.97385	  41.49980	 135.91380	        P1	
 215.63955	 497.26953	 282.12411	        P1	
 252.21000	 342.19133	  85.97579	        P1	
 215.63955	 192.93769	 331.03245	        P1	
 168.98070	 431.01549	 312.49875	        P1	
 369.48765	 120.13100	 298.08367	        P1	
 220.68375	 431.74353	 473.63901	        P1	
 293.82465	 478.33981	 278.00549	        P1	
  34.04835	 444.84873	 425.76028	        P1	
 161.41440	 145.61332	   4.11862	        P1	
 494.33159	 374.22629	 491.65784	        P1	
 237.07740	 334.91069	 188.94075	        P1	
  76.92405	 369.12981	  20.07817	        P1	
 230.77215	 211.86740	 100.39087	        P1	
 215.63955	 191.48152	 232.70091	        P1	
  88.27350	 157.26240	 259.47179	        P1	
 336.70035	 150.70980	   7.72237	        P1	
 490.54844	 123.04328	  88.54988	        P1	
 312.74040	 457.22589	  28.31535	        P1	
 292.56360	 221.33229	 212.10787	        P1	
 194.20170	 286.85829	  40.67115	        P1	
 340.48350	 291.22669	 436.05674	        P1	
  17.65470	  84.45572	 135.39899	        P1	
 191.67960	  32.03492	 337.72521	        P1	
 488.02634	 306.51609	 114.80595	        P1	
   7.56630	   2.91228	  14.41508	        P1	
  10.08840	 211.13932	 152.38822	        P1	
 305.17410	 192.20960	 384.57426	        P1	
 248.42685	 437.56809	 201.29655	        P1	
 194.20170	 326.17389	 280.06477	        P1	
 191.67960	  10.19292	 275.94621	        P1	
  12.61050	 228.61292	 220.34512	        P1	
 123.58290	 228.61292	 431.93818	        P1	
 185.37435	 174.00792	 252.77909	        P1	
  34.04835	 219.14809	 348.02167	        P1	
 254.73210	 193.66572	 370.15919	        P1	
  32.78730	 122.31520	 279.54997	        P1	
 387.14235	 382.23501	 333.60659	        P1	
  36.57045	  54.60500	 211.59307	        P1	
 379.57605	 198.76220	 180.70357	        P1	
 348.04980	 128.13972	  22.65232	        P1	
 148.80390	 382.96309	  90.09435	        P1	
 399.75285	  66.25408	  14.41508	        P1	
 107.18925	 179.83249	  45.30458	        P1	
 482.98214	 334.18261	 105.02430	        P1	
 491.80949	  50.96468	  28.31535	        P1	
 161.41440	   7.28068	 366.55537	        P1	
 221.94480	  10.19292	  41.18602	        P1	
 315.26250	 116.49068	  63.83828	        P1	
 109.71135	 423.00673	 418.03791	        P1	
  66.83565	 389.51569	 446.86807	        P1	
 476.67689	 263.56012	  28.83022	        P1	
 495.59264	 434.65581	 415.46376	        P1	
  76.92405	  32.76300	 155.99197	        P1	
  84.49035	 185.65700	  57.14557	        P1	
 158.89230	  33.49108	  53.02695	        P1	
  35.30940	 366.94561	  38.61187	        P1	
 288.78045	 446.30489	 446.86807	        P1	
 141.23760	 151.43788	 355.74404	        P1	
 306.43515	 450.67329	 300.14295	        P1	
 234.55530	 308.70029	 175.04047	        P1	
 315.26250	 198.03412	 357.80339	        P1	
  64.31355	 291.95473	 141.57689	        P1	
 325.35090	 345.10361	 217.77097	        P1	
 160.15335	 440.48033	  61.26419	        P1	
 359.39925	 156.53432	 319.19151	        P1	
 406.05810	 254.82332	 127.67662	        P1	
 278.69205	 150.70980	 216.22649	        P1	
 288.78045	 341.46329	 392.81144	        P1	
 255.99315	 348.74393	  42.73049	        P1	
  46.65885	 168.18340	 166.80330	        P1	
 247.16580	 154.35012	  22.65232	        P1	
 161.41440	  56.78920	 452.53116	        P1	
  59.26935	 342.91941	  57.14557	        P1	
 230.77215	 402.62089	  90.09435	        P1	
 375.79290	 174.73600	 421.64166	        P1	
  69.35775	  93.92060	 185.33700	        P1	
  18.91575	 423.00673	 430.39371	        P1	
 496.85369	 202.40252	 382.51499	        P1	
 406.05810	 317.43709	  32.94878	        P1	
 190.41855	 447.76101	  32.43397	        P1	
 424.97385	 396.79633	  48.90839	        P1	
 495.59264	 243.90232	 362.43681	        P1	
 223.20585	  76.44700	 370.67399	        P1	
 239.59950	 202.40252	 240.42329	        P1	
 426.23490	  33.49108	 181.21837	        P1	
 116.01660	 117.94680	 426.27509	        P1	
 108.45030	  37.85948	 466.94624	        P1	
 387.14235	 283.21792	 177.09982	        P1	
 399.75285	 443.39261	 166.80330	        P1	
 174.02490	 358.20881	 395.38559	        P1	
 427.49595	  48.78048	 156.50678	        P1	
 459.02219	 457.22589	 473.12414	        P1	
 187.89645	 393.88409	 125.61728	        P1	
 409.84125	  50.23660	   0.00000	        P1	
 409.84125	 197.30609	 471.57967	        P1	
 399.75285	   3.64032	  47.36392	        P1	
 494.33159	 218.42000	  26.25607	        P1	
  11.34945	 372.04209	  63.83828	        P1	
 481.72109	  68.43828	  34.49325	        P1	
 273.64785	  41.49980	  63.32347	        P1	
 151.32600	 262.10401	 254.83837	        P1	
  98.36190	 270.84081	 267.19417	        P1	
 493.07054	  69.16632	 289.84649	        P1	
 343.00560	 224.24452	 382.51499	        P1	
  84.49035	 475.42753	 123.04319	        P1	
 393.44760	 171.82372	 258.95699	        P1	
  54.22515	 262.83209	 374.27774	        P1	
 250.94895	 420.09449	 398.98934	        P1	
 368.22660	 117.94680	  37.06740	        P1	
 201.76800	 157.26240	  30.88950	        P1	
 215.63955	 406.98929	 137.97308	        P1	
 303.91305	 101.20128	   2.05928	        P1	
 419.92965	 257.00752	 178.64429	        P1	
 322.82880	 109.21000	  30.88950	        P1	
 283.73625	 143.42912	 337.72521	        P1	
  34.04835	 300.69153	 357.80339	        P1	
 234.55530	 398.98053	 215.71169	        P1	
 374.53185	 281.76181	 426.27509	        P1	
  42.87570	 260.64789	 256.89765	        P1	
 267.34260	 410.62961	 407.74139	        P1	
  84.49035	 363.30529	 436.05674	        P1	
 366.96555	 489.98889	 230.64157	        P1	
 216.90060	  66.98212	 325.36941	        P1	
 157.63125	 297.77929	 108.62805	        P1	
 179.06910	 444.12069	 298.59847	        P1	
 284.99730	 407.71733	 356.25891	        P1	
 345.52770	 251.91109	 187.39627	        P1	
 237.07740	 260.64789	 341.84377	        P1	
 158.89230	 461.59429	 256.89765	        P1	
 387.14235	  19.65780	 259.47179	        P1	
 424.97385	 162.35888	 440.69017	        P1	
 316.52355	 421.55061	 378.39637	        P1	
 253.47105	 453.58553	 399.50421	        P1	
  69.35775	  66.25408	  65.38275	        P1	
 325.35090	 388.78761	 352.14029	        P1	
  65.57460	  48.05240	 463.34249	        P1	
  15.13260	 426.64709	  32.94878	        P1	
 225.72795	 104.11352	 191.00009	        P1	
 349.31085	 114.30648	 324.85455	        P1	
   8.82735	  91.00832	 357.80339	        P1	
 295.08570	 390.24373	 135.39899	        P1	
 496.85369	 149.98172	 102.96502	        P1	
 409.84125	  86.63992	 374.79261	        P1	
 116.01660	 139.78880	 137.45827	        P1	
 205.55115	 175.46409	   9.78165	        P1	
 452.71694	  34.21912	 170.92192	        P1	
 495.59264	 309.42833	 271.31279	        P1	
  56.74725	  74.99088	 151.87335	        P1	
 470.37164	  89.55220	 339.78449	        P1	
 185.37435	 342.91941	 296.53919	        P1	
 453.97799	 235.89361	  13.90027	        P1	
 290.04150	  66.98212	 393.32631	        P1	
 184.11330	 235.89361	  32.43397	        P1	
  75.66300	  84.45572	 442.74951	        P1	
 105.92820	 291.22669	  26.77088	        P1	
 453.97799	 270.84081	 142.09170	        P1	
 326.61195	  26.93848	 440.69017	        P1	
  44.13675	  61.88568	 275.43135	        P1	
 151.32600	  90.28028	 236.81947	        P1	
  10.08840	 295.59509	 127.16175	        P1	
 248.42685	 137.60460	 438.63089	        P1	
 411.10230	 343.64749	 397.44487	        P1	
 427.49595	  37.13140	   6.17790	        P1	
 273.64785	 229.34101	 378.39637	        P1	
 481.72109	 345.10361	 370.67399	        P1	
 389.66445	 388.05953	 115.32082	        P1	
 250.94895	  42.95592	 288.30201	        P1	
 387.14235	 141.97300	 440.17536	        P1	
 398.49180	 221.33229	  15.95955	        P1	
 291.30255	 350.20009	 187.39627	        P1	
 211.85640	  87.36800	 316.61737	        P1	
  80.70720	 444.12069	  14.41508	        P1	
 436.32330	 492.17309	 249.17527	        P1	
  97.10085	 108.48192	  67.44209	        P1	
 384.62025	 482.70821	 426.27509	        P1	
 408.58020	 132.50812	 110.68739	        P1	
  98.36190	 391.69989	  70.01618	        P1	
  12.61050	 369.85789	  51.48248	        P1	
  88.27350	 375.68241	  44.78977	        P1	
 220.68375	  80.81540	 458.70906	        P1	
 167.71965	 208.95512	 418.03791	        P1	
 477.93794	 468.14689	 250.71975	        P1	
  21.43785	 347.28781	 471.06486	        P1	
  99.62295	 130.32392	  10.29652	        P1	
 387.14235	 491.44501	 420.09719	        P1	
 229.51110	  43.68400	 197.69279	        P1	
 401.01390	  45.14012	 425.76028	        P1	
 226.98900	 238.80589	 361.92194	        P1	
  66.83565	 104.11352	 462.82768	        P1	
 442.62855	  18.20168	   8.23718	        P1	
 142.49865	 245.35849	 256.89765	        P1	
 475.41584	 252.63912	 164.74402	        P1	
 272.38680	  23.29812	 444.29398	        P1	
 375.79290	 387.33149	 473.12414	        P1	
  85.75140	 122.31520	 370.67399	        P1	
 409.84125	 246.81461	 352.14029	        P1	
 390.92550	  42.22788	 483.93547	        P1	
  76.92405	 382.23501	  75.67927	        P1	
 479.19899	 321.80549	 292.42057	        P1	
 170.24175	 323.98969	 151.87335	        P1	
 181.59120	 461.59429	 385.08907	        P1	
 245.90475	 478.33981	  26.25607	        P1	
  26.48205	 374.95433	 184.82219	        P1	
 163.93650	 353.84041	 118.92457	        P1	
 355.61610	 187.84120	 310.43947	        P1	
 480.46004	 163.81500	 345.96239	        P1	
 336.70035	  96.83288	   2.05928	        P1	
  51.70305	 374.95433	 357.80339	        P1	
 426.23490	 288.31441	   6.17790	        P1	
 456.50009	 410.62961	 440.17536	        P1	
 263.55945	 392.42793	  35.00812	        P1	
 253.47105	 446.30489	  53.02695	        P1	
 161.41440	  36.40332	 240.42329	        P1	
 272.38680	 278.12149	 380.45564	        P1	
 247.16580	 155.80628	 114.80595	        P1	
  93.31770	  18.92972	 104.50949	        P1	
  56.74725	 229.34101	  92.66850	        P1	
 442.62855	 406.98929	 219.83025	        P1	
 268.60365	 350.20009	 436.05674	        P1	
 431.27910	 429.55933	 493.71718	        P1	
 403.53600	 329.08613	 265.13489	        P1	
 490.54844	 340.00713	 339.26969	        P1	
 430.01805	 439.02421	 353.68477	        P1	
 194.20170	   8.73680	 222.40439	        P1	
 234.55530	 318.89321	 347.50687	        P1	
 284.99730	 374.22629	 317.13217	        P1	
 441.36750	 262.10401	 315.07289	        P1	
  65.57460	 428.10321	 168.34777	        P1	
  50.44200	  93.19252	 245.05671	        P1	
 201.76800	 327.63001	  86.49060	        P1	
 297.60780	 235.89361	 125.10247	        P1	
 474.15479	  40.77172	 209.53379	        P1	
  71.87985	 453.58553	 337.72521	        P1	
  47.91990	 216.96389	 230.64157	        P1	
 109.71135	 108.48192	 492.17271	        P1	
  68.09670	 179.10440	 352.14029	        P1	
  94.57875	 268.65661	 172.98120	        P1	
 466.58849	 463.05041	  18.53370	        P1	
 107.18925	 351.65621	 154.44750	        P1	
 195.46275	 323.98969	 490.11337	        P1	
  74.40195	 274.48112	  16.47442	        P1	
 320.30670	 275.20921	 376.85189	        P1	
 203.02905	 366.21753	 424.21581	        P1	
 329.13405	  21.11392	 345.44759	        P1	
  39.09255	 155.07820	 458.70906	        P1	
 389.66445	 310.88449	 485.47994	        P1	
 329.13405	 204.58672	 104.50949	        P1	
 156.37020	 189.29732	  65.89762	        P1	
 417.40755	 280.30569	 490.11337	        P1	
 292.56360	 318.89321	 427.81956	        P1	
  56.74725	 163.81500	 483.42066	        P1	
 423.71280	 333.45453	  35.00812	        P1	
   0.00000	   0.00000	 259.47179	        P1	
 163.93650	 445.57681	  37.06740	        P1	
 245.90475	 128.86780	 179.15910	        P1	
  35.30940	 479.06789	  88.54988	        P1	
 359.39925	 254.09529	 453.04597	        P1	
 128.62710	 129.59588	 459.22387	        P1	
 375.79290	 313.06869	 230.64157	        P1	
 430.01805	 344.37553	 245.05671	        P1	
 418.66860	 355.29653	 288.30201	        P1	
  44.13675	 118.67488	 428.33437	        P1	
  25.22100	  80.08732	 425.76028	        P1	
 269.86470	 455.76973	 109.14292	        P1	
 273.64785	 147.79752	 492.17271	        P1	
  85.75140	  40.77172	 357.80339	        P1	
  56.74725	   5.09648	 188.94075	        P1	
 395.96970	 103.38548	  51.48248	        P1	
 447.67274	 329.81421	 174.52567	        P1	
  54.22515	  54.60500	 118.92457	        P1	
 110.97240	 445.57681	 216.22649	        P1	
 177.80805	 143.42912	  36.55259	        P1	
  16.39365	 408.44541	  18.53370	        P1	
 471.63269	 120.85908	 306.32085	        P1	
 113.49450	 452.85749	  83.91645	        P1	
  61.79145	 338.55101	 166.80330	        P1	
 479.19899	  91.73640	 123.55800	        P1	
 163.93650	 297.05121	  80.31270	        P1	
 166.45860	 345.10361	 477.24276	        P1	
 301.39095	 206.04289	 392.81144	        P1	
 291.30255	 178.37632	 382.51499	        P1	
 455.23904	 255.55141	 236.30467	        P1	
  20.17680	 423.73481	 230.12677	        P1	
 143.75970	  30.57880	 278.00549	        P1	
 312.74040	  49.50852	 277.49069	        P1	
 437.58435	 421.55061	 242.48257	        P1	
 142.49865	 386.60341	 210.04859	        P1	
  68.09670	 128.13972	 448.92741	        P1	
 248.42685	 289.04249	 162.68468	        P1	
 185.37435	  22.57008	 137.97308	        P1	
 109.71135	 140.51688	  76.19408	        P1	
 447.67274	  77.90312	 487.53928	        P1	
 187.89645	 211.86740	  80.31270	        P1	
 346.78875	 469.60301	 477.24276	        P1	
 191.67960	  32.03492	 356.25891	        P1	
  49.18095	 293.41089	 212.10787	        P1	
  31.52625	 146.34140	 223.94887	        P1	
 244.64370	  45.14012	  73.61999	        P1	
 210.59535	 270.11272	 461.28321	        P1	
 151.32600	  24.75428	 337.21035	        P1	
 443.88960	 126.68360	 407.74139	        P1	
 245.90475	 130.32392	 283.66859	        P1	
 201.76800	 317.43709	 317.13217	        P1	
 277.43100	 470.33109	 354.19957	        P1	
 366.96555	 476.88369	 366.55537	        P1	
 257.25420	 152.89400	 403.10796	        P1	
 243.38265	 319.62129	 170.40705	        P1	
 153.84810	 406.26121	 389.20769	        P1	
 110.97240	 253.36721	 489.59856	        P1	
  64.31355	 408.44541	 407.74139	        P1	
 214.37850	 254.82332	   5.66310	        P1	
  23.95995	 197.30609	 490.11337	        P1	
  26.48205	 172.55180	 180.70357	        P1	
  27.74310	 228.61292	 170.92192	        P1	
  88.27350	 374.22629	 145.69545	        P1	
 348.04980	 473.24333	 288.30201	        P1	
 172.76385	 208.95512	 418.03791	        P1	
 185.37435	 495.81341	  30.88950	        P1	
  71.87985	 463.77849	  70.01618	        P1	
 355.61610	  94.64868	 360.37747	        P1	
 448.93379	 425.19093	 252.77909	        P1	
 407.31915	 310.88449	  34.49325	        P1	
 199.24590	  17.47360	 409.28586	        P1	
 107.18925	 329.81421	  88.03507	        P1	
 427.49595	  37.13140	 353.68477	        P1	
 210.59535	 433.19969	 442.23464	        P1	
 177.80805	 162.35888	 398.98934	        P1	
 141.23760	 246.08652	 430.39371	        P1	
 346.78875	 382.23501	 129.73590	        P1	
 147.54285	 197.30609	 168.86258	        P1	
 359.39925	  31.30688	 354.19957	        P1	
 107.18925	 123.04328	 250.71975	        P1	
 197.98485	  42.95592	 431.93818	        P1	
 466.58849	 447.03293	 184.82219	        P1	
 314.00145	  58.97340	   6.17790	        P1	
 372.00975	 326.90193	 357.80339	        P1	
  70.61880	 391.69989	 317.13217	        P1	
 464.06639	 276.66532	 418.03791	        P1	
 370.74870	 209.68320	 234.76019	        P1	
 100.88400	 283.94601	   6.17790	        P1	
 191.67960	 158.71852	 191.00009	        P1	
 165.19755	  93.92060	 236.30467	        P1	
 194.20170	 170.36760	 149.81407	        P1	
 358.13820	 279.57761	  94.21297	        P1	
 102.14505	 149.25368	 193.57417	        P1	
 214.37850	 276.66532	  48.90839	        P1	
 417.40755	 446.30489	 374.27774	        P1	
  39.09255	 280.30569	 366.55537	        P1	
 150.06495	 313.79673	 448.92741	        P1	
 417.40755	 251.18301	 205.41517	        P1	
 213.11745	 350.20009	 374.27774	        P1	
 477.93794	 481.25209	 446.86807	        P1	
  50.44200	 189.29732	 191.00009	        P1	
 455.23904	 398.25249	 465.40177	        P1	
  79.44615	 354.56849	 139.51755	        P1	
  73.14090	 230.06909	 293.96505	        P1	
 131.14920	 251.91109	  77.73855	        P1	
 470.37164	  74.99088	 477.75757	        P1	
 470.37164	 379.32273	 493.71718	        P1	
  23.95995	 319.62129	 454.59044	        P1	
 419.92965	 267.20049	  40.67115	        P1	
 240.86055	 357.48073	 337.72521	        P1	
 262.29840	 416.45413	 333.09179	        P1	
  15.13260	 230.06909	 337.21035	        P1	
 442.62855	 217.69192	 368.61471	        P1	
 189.15750	 414.99801	 444.80879	        P1	
 223.20585	 446.30489	 199.75207	        P1	
 493.07054	 223.51649	  82.37198	        P1	
 450.19484	 350.20009	 409.80067	        P1	
  65.57460	 308.70029	 207.47445	        P1	
  70.61880	 336.36681	 253.29389	        P1	
 303.91305	 424.46289	 300.14295	        P1	
 310.21830	 398.98053	  16.47442	        P1	
 452.71694	 433.19969	  34.49325	        P1	
 143.75970	 407.71733	 288.30201	        P1	
 489.28739	 113.57840	  80.31270	        P1	
 355.61610	  55.33308	 119.43938	        P1	
  15.13260	 243.17429	 224.46367	        P1	
  13.87155	 267.20049	 442.23464	        P1	
 476.67689	 250.45492	  47.36392	        P1	
 407.31915	 268.65661	  94.21297	        P1	
 456.50009	 439.75229	  15.95955	        P1	
 493.07054	 169.63952	 320.73599	        P1	
 443.88960	 493.62921	   6.17790	        P1	
 145.02075	 203.13060	 265.64969	        P1	
 118.53870	 369.85789	 261.53107	        P1	
 433.80120	   2.91228	  70.01618	        P1	
 297.60780	 422.27869	 477.75757	        P1	
 138.71550	 131.05200	  43.24530	        P1	
 399.75285	  95.37672	 214.16722	        P1	
  26.48205	 482.70821	 137.45827	        P1	
  73.14090	 401.89281	 267.19417	        P1	
 138.71550	 343.64749	 372.73327	        P1	
 119.79975	 316.70901	 353.68477	        P1	
 461.54429	 190.75349	  34.49325	        P1	
   1.26105	 166.72728	 195.11865	        P1	
  23.95995	 254.09529	 317.13217	        P1	
  54.22515	 431.74353	 152.38822	        P1	
  71.87985	 216.23580	 162.16987	        P1	
 108.45030	 234.43749	 360.37747	        P1	
 110.97240	 435.38389	 453.04597	        P1	
 114.75555	  60.42952	  22.65232	        P1	
 480.46004	 216.23580	 396.93006	        P1	
 408.58020	  50.96468	 428.33437	        P1	
 276.16995	 235.16552	 252.77909	        P1	
 181.59120	 109.21000	 420.09719	        P1	
 105.92820	 490.71693	 158.56612	        P1	
 490.54844	 456.49781	  37.06740	        P1	
 317.78460	 489.26081	  81.85717	        P1	
 133.67130	  58.24532	 282.12411	        P1	
 220.68375	 337.09489	 162.68468	        P1	
 407.31915	  93.92060	 148.26960	        P1	
  27.74310	 356.75269	 409.80067	        P1	
 424.97385	  12.37712	 411.86001	        P1	
 191.67960	   2.91228	 331.03245	        P1	
  20.17680	 336.36681	 112.74667	        P1	
 129.88815	 341.46329	 318.67665	        P1	
  10.08840	 329.08613	 393.32631	        P1	
 224.46690	 318.89321	  49.42320	        P1	
 145.02075	 321.07741	 483.42066	        P1	
 177.80805	 162.35888	 261.53107	        P1	
 113.49450	 477.61173	   4.11862	        P1	
 223.20585	 172.55180	 335.15107	        P1	
  75.66300	 148.52560	 211.59307	        P1	
 201.76800	 215.50772	 473.63901	        P1	
 185.37435	 408.44541	 106.56877	        P1	
 156.37020	 435.38389	 372.73327	        P1	
 402.27495	 179.83249	  34.49325	        P1	
  81.96825	 273.02501	 450.98669	        P1	
 124.84395	 321.07741	 426.27509	        P1	
 121.06080	 318.89321	 117.38010	        P1	
 301.39095	 169.63952	  90.60922	        P1	
 494.33159	 227.15681	 444.80879	        P1	
 366.96555	 230.79712	 448.92741	        P1	
 489.28739	  68.43828	 317.13217	        P1	
 287.51940	 398.98053	 220.34512	        P1	
 122.32185	 386.60341	   0.00000	        P1	
 375.79290	 234.43749	 267.70897	        P1	
 175.28595	 101.20128	 181.21837	        P1	
 394.70865	  63.34180	 105.02430	        P1	
 435.06225	  69.16632	 277.49069	        P1	
 252.21000	 489.26081	 395.38559	        P1	
  89.53455	 232.25329	 491.65784	        P1	
 451.45589	 426.64709	 156.50678	        P1	
 220.68375	 240.99009	 193.57417	        P1	
 456.50009	  26.21040	 278.00549	        P1	
 339.22245	 411.35769	  40.67115	        P1	
 174.02490	 139.78880	 366.04057	        P1	
  94.57875	 457.95393	  47.36392	        P1	
 348.04980	 493.62921	 322.79527	        P1	
 100.88400	 403.34893	 493.71718	        P1	
 113.49450	 247.54269	 164.22915	        P1	
 428.75700	 429.55933	 339.26969	        P1	
 393.44760	 189.29732	  84.43132	        P1	
 432.54015	 450.67329	 238.36395	        P1	
 399.75285	 139.06072	 337.72521	        P1	
  54.22515	 415.72609	 164.22915	        P1	
 344.26665	 326.90193	 436.57161	        P1	
 250.94895	 367.67369	 139.51755	        P1	
  11.34945	 389.51569	 485.47994	        P1	
 446.41170	 235.89361	 395.38559	        P1	
  74.40195	 131.78008	  83.91645	        P1	
 348.04980	 398.98053	 405.68211	        P1	
  61.79145	 227.88489	 398.98934	        P1	
 273.64785	 401.16473	 221.88959	        P1	
 464.06639	 195.12189	 213.65235	        P1	
 373.27080	  46.59628	  45.30458	        P1	
 379.57605	 118.67488	 281.60925	        P1	
 459.02219	 133.96428	 454.59044	        P1	
  27.74310	  42.22788	 212.10787	        P1	
 368.22660	 295.59509	   8.23718	        P1	
  66.83565	 453.58553	 141.57689	        P1	
 392.18655	 460.86621	 426.27509	        P1	
 378.31500	 315.98093	 382.51499	        P1	
 117.27765	 157.99048	 317.13217	        P1	
 267.34260	 117.94680	  20.07817	        P1	
 205.55115	 217.69192	 319.19151	        P1	
 409.84125	 131.78008	 269.25345	        P1	
  10.08840	 334.91069	  71.56065	        P1	
 116.01660	 355.29653	 362.43681	        P1	
 435.06225	 248.27072	 300.65781	        P1	
  66.83565	  41.49980	 230.12677	        P1	
  73.14090	 473.24333	 467.46111	        P1	
 210.59535	 101.20128	 107.08358	        P1	
 320.30670	 425.19093	 438.11608	        P1	
 220.68375	 156.53432	 288.30201	        P1	
  23.95995	  37.13140	 291.90577	        P1	
 475.41584	 460.86621	  92.66850	        P1	
 219.42270	 314.52481	 210.04859	        P1	
 218.16165	 246.81461	 228.58229	        P1	
 267.34260	 311.61253	  24.19679	        P1	
 218.16165	 195.84992	 374.79261	        P1	
 206.81220	 279.57761	 345.96239	        P1	
 308.95725	 453.58553	 201.81142	        P1	
  76.92405	  24.02620	 155.99197	        P1	
 312.74040	 495.08533	 147.75479	        P1	
 238.33845	 481.25209	 224.46367	        P1	
 331.65615	 137.60460	 475.69829	        P1	
 276.16995	 201.67449	 392.81144	        P1	
 389.66445	  16.74552	  36.55259	        P1	
 426.23490	 147.06948	 318.67665	        P1	
 262.29840	 425.19093	 455.10531	        P1	
  80.70720	 206.77092	 177.09982	        P1	
 124.84395	 160.90272	 351.62549	        P1	
 272.38680	 244.63041	  63.32347	        P1	
 283.73625	 364.76141	 105.02430	        P1	
   3.78315	 455.04169	 440.69017	        P1	
 218.16165	 169.63952	 251.23461	        P1	
 329.13405	  42.95592	 430.39371	        P1	
  30.26520	 120.85908	 151.87335	        P1	
 349.31085	 242.44621	 352.14029	        P1	
 450.19484	 289.04249	 446.86807	        P1	
 441.36750	 349.47201	 217.77097	        P1	
 368.22660	 238.80589	 460.76834	        P1	
  21.43785	 235.16552	 209.53379	        P1	
 145.02075	 495.81341	 290.36129	        P1	
 311.47935	 425.91901	   6.17790	        P1	
 168.98070	 253.36721	  57.14557	        P1	
 243.38265	  80.81540	 242.48257	        P1	
 232.03320	  43.68400	 315.07289	        P1	
 332.91720	 334.91069	 293.96505	        P1	
  80.70720	 431.01549	 459.22387	        P1	
 201.76800	 315.98093	 164.74402	        P1	
 303.91305	   3.64032	 357.80339	        P1	
 340.48350	  97.56092	 251.23461	        P1	
  18.91575	  16.74552	 380.97051	        P1	
 189.15750	 337.82293	 277.49069	        P1	
 311.47935	 143.42912	 158.56612	        P1	
  70.61880	 198.03412	 425.76028	        P1	
 218.16165	 133.23620	  88.03507	        P1	
  45.39780	 218.42000	 427.81956	        P1	
 290.04150	 480.52401	 291.90577	        P1	
 427.49595	 374.95433	 424.21581	        P1	
  63.05250	 193.66572	  30.37469	        P1	
 344.26665	 356.02461	 438.63089	        P1	
 290.04150	 266.47241	 409.28586	        P1	
 320.30670	 126.68360	 222.40439	        P1	
 137.45445	 392.42793	 362.43681	        P1	
 359.39925	 216.23580	 345.96239	        P1	
  34.04835	  77.90312	 166.28849	        P1	
 419.92965	  64.79792	 133.85452	        P1	
 397.23075	 251.18301	 149.81407	        P1	
 431.27910	 343.64749	 176.58495	        P1	
 213.11745	 136.14848	  71.56065	        P1	
 446.41170	 439.75229	 207.47445	        P1	
   8.82735	 312.34061	 205.41517	        P1	
 426.23490	 403.34893	 195.63352	        P1	
 145.02075	  92.46448	 423.70094	        P1	
 361.92135	 185.65700	 383.02979	        P1	
 176.54700	 149.98172	 380.97051	        P1	
 288.78045	  26.93848	 318.67665	        P1	
 326.61195	 187.11312	 141.57689	        P1	
 329.13405	 268.65661	 180.70357	        P1	
  88.27350	 116.49068	 372.73327	        P1	
 213.11745	 393.88409	 263.07555	        P1	
 293.82465	 446.30489	 310.95427	        P1	
 286.25835	 402.62089	 483.93547	        P1	
 139.97655	 398.25249	   3.60375	        P1	
 185.37435	  24.02620	 469.52039	        P1	
 486.76529	 234.43749	 323.31007	        P1	
 243.38265	  99.74512	 183.27772	        P1	
 136.19340	 381.50693	 407.22658	        P1	
 496.85369	 253.36721	 464.88696	        P1	
 337.96140	 439.75229	 454.59044	        P1	
   8.82735	 243.90232	 462.82768	        P1	
 306.43515	  13.83328	 423.70094	        P1	
 201.76800	 227.15681	   0.00000	        P1	
 397.23075	 390.97181	 137.45827	        P1	
 413.62440	 267.92852	 228.06749	        P1	
 398.49180	 142.70108	 293.96505	        P1	
 476.67689	 292.68281	 396.93006	        P1	
 273.64785	 462.32233	 473.63901	        P1	
 210.59535	 124.49940	 421.64166	        P1	
 279.95310	 276.66532	  73.61999	        P1	
 138.71550	 425.19093	 481.36138	        P1	
 450.19484	 140.51688	 236.81947	        P1	
 467.84954	 197.30609	 263.07555	        P1	
  44.13675	 229.34101	 390.75216	        P1	
 131.14920	 182.01669	 107.08358	        P1	
 258.51525	 242.44621	 310.43947	        P1	
 411.10230	 297.05121	 172.98120	        P1	
 301.39095	 310.88449	 286.24267	        P1	
   5.04420	 174.73600	  37.06740	        P1	
   5.04420	 222.78840	 409.28586	        P1	
  98.36190	 305.78801	 310.43947	        P1	
 143.75970	 463.05041	 236.30467	        P1	
 496.85369	 378.59469	  14.41508	        P1	
 432.54015	   0.72808	 224.46367	        P1	
 428.75700	 129.59588	   2.05928	        P1	
 394.70865	 102.65740	 106.56877	        P1	
 375.79290	 136.87652	 104.50949	        P1	
 423.71280	 423.73481	 302.71709	        P1	
 305.17410	 380.05081	 353.68477	        P1	
 417.40755	 118.67488	  90.09435	        P1	
 441.36750	 366.94561	 186.88147	        P1	
  59.26935	 406.98929	 133.33965	        P1	
 307.69620	 275.20921	 160.62540	        P1	
 311.47935	 491.44501	   1.54447	        P1	
 475.41584	 348.74393	  84.43132	        P1	
 153.84810	 432.47161	 395.38559	        P1	
 432.54015	  41.49980	 291.90577	        P1	
  89.53455	 258.46369	 446.86807	        P1	
 310.21830	  97.56092	 326.91389	        P1	
 297.60780	 224.24452	 228.06749	        P1	
 107.18925	 274.48112	 413.40448	        P1	
 360.66030	 203.85869	  39.12668	        P1	
 226.98900	 125.22748	 490.11337	        P1	
 397.23075	  31.30688	  76.19408	        P1	
  30.26520	 493.62921	  75.67927	        P1	
 132.41025	 332.72649	 479.30204	        P1	
 194.20170	 398.98053	 314.55809	        P1	
 114.75555	  26.93848	 127.16175	        P1	
 457.76114	 146.34140	 118.92457	        P1	
 389.66445	 259.91981	 438.63089	        P1	
 226.98900	 148.52560	 352.14029	        P1	
 302.65200	 410.62961	 440.17536	        P1	
 421.19070	 177.64829	 168.86258	        P1	
 191.67960	 471.78721	  24.71160	        P1	
 464.06639	 471.78721	 242.48257	        P1	
 161.41440	  62.61372	 492.17271	        P1	
 194.20170	 445.57681	 193.05937	        P1	
 413.62440	 202.40252	  18.01890	        P1	
 194.20170	 148.52560	 142.09170	        P1	
 209.33430	 147.06948	 275.43135	        P1	
 296.34675	 220.60420	 285.72787	        P1	
 110.97240	 123.77132	 269.76831	        P1	
 469.11059	 269.38469	  28.31535	        P1	
  94.57875	  31.30688	 133.33965	        P1	
 153.84810	 144.15720	  13.90027	        P1	
 153.84810	 157.26240	 463.34249	        P1	
 308.95725	 144.88528	 485.47994	        P1	
 433.80120	 340.73521	  38.61187	        P1	
 448.93379	 158.71852	 411.86001	        P1	
  85.75140	 361.12109	 238.36395	        P1	
 221.94480	 215.50772	  79.79789	        P1	
 442.62855	  80.81540	  49.42320	        P1	
 311.47935	  69.16632	 275.94621	        P1	
 167.71965	 124.49940	  26.25607	        P1	
  26.48205	 181.28860	  92.66850	        P1	
  99.62295	 331.27033	 251.23461	        P1	
 447.67274	 128.86780	 228.58229	        P1	
 356.87715	 372.04209	 386.63354	        P1	
  20.17680	  10.19292	  59.71972	        P1	
 336.70035	 398.25249	 201.29655	        P1	
 269.86470	 173.27989	 113.26148	        P1	
 247.16580	  55.33308	 403.62277	        P1	
  75.66300	 301.41961	 234.76019	        P1	
 181.59120	 164.54309	  88.54988	        P1	
 379.57605	 420.09449	  14.41508	        P1	
 138.71550	 202.40252	  78.25342	        P1	
 465.32744	 358.93689	 415.97857	        P1	
 268.60365	  96.83288	  14.41508	        P1	
 192.94065	 261.37592	 289.84649	        P1	
 406.05810	 174.73600	 285.72787	        P1	
 221.94480	 372.77013	 333.09179	        P1	
 226.98900	 151.43788	 119.43938	        P1	
 340.48350	 209.68320	 118.92457	        P1	
 383.35920	 104.84160	  75.67927	        P1	
 329.13405	 316.70901	  80.31270	        P1	
 220.68375	 251.18301	 370.67399	        P1	
 320.30670	  36.40332	  41.18602	        P1	
 305.17410	 248.99881	 427.81956	        P1	
 310.21830	 292.68281	  69.50137	        P1	
 195.46275	 273.02501	 358.31819	        P1	
 481.72109	 199.49029	   3.60375	        P1	
 156.37020	   1.45612	 296.02439	        P1	
 394.70865	 286.13021	 421.64166	        P1	
 462.80534	 345.83169	 465.40177	        P1	
 312.74040	 170.36760	 191.51489	        P1	
 142.49865	  16.74552	 394.87079	        P1	
 358.13820	 451.40133	 343.90311	        P1	
  54.22515	 238.07781	 205.41517	        P1	
 372.00975	 163.81500	 234.76019	        P1	
 446.41170	 163.08692	 189.45562	        P1	
 394.70865	 200.21832	 351.62549	        P1	
  22.69890	 286.85829	 263.07555	        P1	
  59.26935	  10.92100	 100.39087	        P1	
  99.62295	 386.60341	   0.00000	        P1	
 142.49865	  93.92060	  81.85717	        P1	
 114.75555	  89.55220	 234.76019	        P1	
 418.66860	  93.19252	  22.65232	        P1	
 335.43930	 151.43788	 137.97308	        P1	
  39.09255	  25.48232	 479.81691	        P1	
 204.29010	 158.71852	 326.91389	        P1	
 284.99730	 115.03452	 479.81691	        P1	
 475.41584	 239.53392	 438.11608	        P1	
 435.06225	 377.86661	 117.38010	        P1	
 278.69205	  67.71020	 199.23727	        P1	
 320.30670	   1.45612	  36.55259	        P1	
 180.33015	 133.23620	 450.98669	        P1	
 308.95725	 152.16592	 382.51499	        P1	
 335.43930	 349.47201	  43.24530	        P1	
  65.57460	 219.87612	 331.54731	        P1	
  32.78730	  34.94720	 463.34249	        P1	
 394.70865	 134.69232	  53.54182	        P1	
 293.82465	 131.78008	 175.04047	        P1	
 224.46690	 438.29613	 456.64978	        P1	
 436.32330	 432.47161	 458.70906	        P1	
 211.85640	 397.52441	 217.77097	        P1	
 375.79290	 184.92892	  16.47442	        P1	
 314.00145	 319.62129	 256.89765	        P1	
  75.66300	  61.15760	 339.78449	        P1	
 373.27080	 324.71773	 152.38822	        P1	
 486.76529	 279.57761	 253.29389	        P1	
 393.44760	 393.15601	 322.79527	        P1	
 334.17825	  83.72768	  51.48248	        P1	
 307.69620	  32.03492	 109.14292	        P1	
  25.22100	  91.73640	 236.30467	        P1	
 286.25835	 284.67409	 133.33965	        P1	
 418.66860	 218.42000	 413.91929	        P1	
  63.05250	 246.08652	 424.21581	        P1	
 203.02905	  91.00832	  28.83022	        P1	
 364.44345	 468.14689	 156.50678	        P1	
 460.28324	 133.23620	 475.69829	        P1	
  58.00830	 353.84041	 259.47179	        P1	
  94.57875	  85.18380	 261.01627	        P1	
 277.43100	 377.13853	 424.21581	        P1	
 424.97385	 290.49861	  43.24530	        P1	
 374.53185	 303.60381	 222.40439	        P1	
 239.59950	 225.70069	 312.49875	        P1	
 255.99315	 434.65581	 304.26157	        P1	
 413.62440	 151.43788	 485.47994	        P1	
  32.78730	 438.29613	 350.08101	        P1	
 388.40340	 136.87652	 393.32631	        P1	
 486.76529	 227.15681	 265.64969	        P1	
 233.29425	  92.46448	 423.70094	        P1	
 226.98900	 260.64789	 144.15098	        P1	
  50.44200	 186.38509	  83.91645	        P1	
 128.62710	 273.75309	 298.59847	        P1	
 490.54844	 156.53432	  22.65232	        P1	
  36.57045	 287.58632	 146.21032	        P1	
 375.79290	  18.92972	 407.22658	        P1	
 214.37850	 346.55973	 401.04869	        P1	
 464.06639	  91.73640	 322.79527	        P1	
  50.44200	 246.08652	 203.35589	        P1	
 237.07740	 136.87652	 240.42329	        P1	
 195.46275	 139.06072	 351.62549	        P1	
  66.83565	 242.44621	  18.53370	        P1	
 450.19484	 222.06032	  73.61999	        P1	
 194.20170	 267.92852	 430.39371	        P1	
 266.08155	  76.44700	 483.42066	        P1	
 472.89374	 360.39301	  49.42320	        P1	
 479.19899	 209.68320	 211.59307	        P1	
 331.65615	 175.46409	 415.97857	        P1	
 230.77215	 287.58632	 376.33709	        P1	
 408.58020	   2.91228	 242.99737	        P1	
 324.08985	 133.23620	 433.99746	        P1	
 324.08985	 390.97181	  24.71160	        P1	
 412.36335	 262.83209	 385.08907	        P1	
 348.04980	 371.31401	 315.07289	        P1	
 398.49180	 323.26161	 291.90577	        P1	
 350.57190	 259.19172	 370.15919	        P1	
  65.57460	 314.52481	 185.33700	        P1	
 470.37164	 227.88489	 436.05674	        P1	
 489.28739	  62.61372	 214.16722	        P1	
   7.56630	  99.01708	 341.84377	        P1	
 469.11059	 250.45492	 184.82219	        P1	
 146.28180	 441.20841	 366.04057	        P1	
 491.80949	 473.24333	 467.46111	        P1	
 278.69205	 261.37592	 183.27772	        P1	
 406.05810	 449.94521	 353.68477	        P1	
 272.38680	 215.50772	 123.04319	        P1	
   0.00000	  90.28028	 275.43135	        P1	
 392.18655	 303.60381	   1.54447	        P1	
 229.51110	 196.57800	 273.37207	        P1	
 257.25420	 345.10361	 450.98669	        P1	
 383.35920	 449.94521	 228.58229	        P1	
 161.41440	 256.27949	 465.40177	        P1	
 406.05810	 435.38389	 150.32888	        P1	
  32.78730	 250.45492	 306.83571	        P1	
  76.92405	 102.65740	 123.55800	        P1	
 190.41855	 396.79633	 160.11059	        P1	
 252.21000	  78.63120	 384.57426	        P1	
 263.55945	 243.90232	  24.19679	        P1	
 203.02905	  69.16632	 288.30201	        P1	
 146.28180	 342.19133	 104.50949	        P1	
 385.88130	 292.68281	 296.53919	        P1	
 132.41025	  34.21912	 226.52302	        P1	
 245.90475	 436.11193	 263.59041	        P1	
 360.66030	 275.20921	 205.41517	        P1	
 469.11059	   1.45612	 269.76831	        P1	
 283.73625	 109.93808	 293.96505	        P1	
  69.35775	  95.37672	 350.08101	        P1	
 138.71550	 366.94561	  49.42320	        P1	
 118.53870	 154.35012	 479.81691	        P1	
  73.14090	  16.01748	 374.27774	        P1	
 358.13820	 339.27909	 442.23464	        P1	
 102.14505	 277.39341	  30.88950	        P1	
 360.66030	 410.62961	 389.20769	        P1	
 301.39095	  42.95592	  35.00812	        P1	
 250.94895	 257.00752	 166.28849	        P1	
 121.06080	 231.52521	 353.68477	        P1	
  59.26935	 139.06072	 153.93269	        P1	
  49.18095	 312.34061	 302.71709	        P1	
 197.98485	 307.97221	 106.56877	        P1	
 153.84810	  62.61372	 313.01361	        P1	
 417.40755	 423.00673	 374.79261	        P1	
  31.52625	  21.11392	 357.80339	        P1	
  50.44200	 433.92773	  85.97579	        P1	
 462.80534	 281.76181	 450.98669	        P1	
 480.46004	 390.97181	 148.26960	        P1	
 377.05395	 291.95473	 407.22658	        P1	
 292.56360	 160.17469	 310.95427	        P1	
 414.88545	 300.69153	 271.31279	        P1	
 494.33159	 454.31361	  67.95690	        P1	
 235.81635	 485.62049	 354.19957	        P1	
  89.53455	 118.67488	 175.04047	        P1	
 180.33015	 207.49900	 302.71709	        P1	
 481.72109	  46.59628	 368.09984	        P1	
  69.35775	  31.30688	 466.94624	        P1	
  63.05250	 112.12228	 218.28577	        P1	
 431.27910	 397.52441	  81.85717	        P1	
 168.98070	 381.50693	 473.63901	        P1	
 495.59264	 166.72728	 232.18605	        P1	
 353.09400	 135.42040	 131.28037	        P1	
 292.56360	 477.61173	 146.21032	        P1	
 271.12575	  88.09608	  14.41508	        P1	
 407.31915	 348.74393	  24.19679	        P1	
  21.43785	 139.06072	 325.36941	        P1	
 414.88545	 436.11193	 170.92192	        P1	
  55.48620	  46.59628	  40.67115	        P1	
 394.70865	 198.76220	 242.48257	        P1	
 291.30255	 310.88449	 162.68468	        P1	
  45.39780	 481.98013	  79.79789	        P1	
 300.12990	 256.27949	 465.40177	        P1	
 276.16995	  66.25408	 446.86807	        P1	
  50.44200	 279.57761	 216.22649	        P1	
 232.03320	  99.01708	 471.57967	        P1	
 368.22660	 272.29692	 362.43681	        P1	
 291.30255	  40.04368	  94.72778	        P1	
 121.06080	 214.05160	 384.57426	        P1	
 110.97240	  10.19292	 141.57689	        P1	
 234.55530	   1.45612	 123.04319	        P1	
  34.04835	 137.60460	 162.16987	        P1	
 341.74455	 328.35809	 188.94075	        P1	
 298.86885	  31.30688	 263.07555	        P1	
  27.74310	 320.34933	 356.25891	        P1	
  65.57460	 366.94561	 193.05937	        P1	
 314.00145	 321.07741	 242.48257	        P1	
 363.18240	 195.12189	 255.35317	        P1	
 466.58849	  85.91188	 477.75757	        P1	
 308.95725	  86.63992	 430.39371	        P1	
 482.98214	  66.25408	 354.19957	        P1	
 139.97655	 302.14769	 378.91117	        P1	
 271.12575	 262.83209	 491.65784	        P1	
 389.66445	 484.16433	  22.65232	        P1	
 139.97655	 475.42753	  18.01890	        P1	
 315.26250	 348.01589	 108.62805	        P1	
 110.97240	 176.19212	 147.75479	        P1	
 365.70450	 480.52401	 372.21847	        P1	
 195.46275	   9.46488	 100.90568	        P1	
 284.99730	 304.33189	 483.93547	        P1	
 295.08570	 481.98013	 296.02439	        P1	
 363.18240	 382.96309	 218.28577	        P1	
 401.01390	 403.34893	 104.50949	        P1	
 453.97799	 170.36760	 432.45299	        P1	
 210.59535	   3.64032	 160.11059	        P1	
 385.88130	 126.68360	 364.49609	        P1	
 232.03320	 269.38469	 440.69017	        P1	
 361.92135	 227.88489	 324.85455	        P1	
 274.90890	 132.50812	 164.74402	        P1	
  98.36190	  75.71892	 226.52302	        P1	
 441.36750	 371.31401	   1.54447	        P1	
 448.93379	 318.89321	 401.56349	        P1	
 137.45445	 340.00713	 203.35589	        P1	
 134.93235	 489.98889	 187.39627	        P1	
  64.31355	 156.53432	  30.37469	        P1	
 394.70865	 306.51609	 323.31007	        P1	
 387.14235	 284.67409	  22.13745	        P1	
  97.10085	 204.58672	  10.29652	        P1	
 182.85225	  45.86820	  13.90027	        P1	
 312.74040	 372.77013	 333.09179	        P1	
 263.55945	 274.48112	 473.63901	        P1	
 397.23075	 446.30489	 392.81144	        P1	
 137.45445	 240.99009	 380.45564	        P1	
 158.89230	 179.10440	  86.49060	        P1	
 412.36335	 305.05993	 308.38019	        P1	
 311.47935	 345.83169	 164.22915	        P1	
 271.12575	  93.92060	  20.07817	        P1	
 467.84954	 307.97221	  20.07817	        P1	
 196.72380	  97.56092	 442.74951	        P1	
 213.11745	 436.11193	 469.00558	        P1	
 337.96140	  80.08732	 146.21032	        P1	
 245.90475	  26.93848	 188.94075	        P1	
 442.62855	 412.81381	  81.85717	        P1	
  74.40195	 309.42833	 158.56612	        P1	
 273.64785	 117.21872	 288.30201	        P1	
 303.91305	 120.13100	 366.04057	        P1	
 264.82050	 182.01669	 119.43938	        P1	
 209.33430	 484.89241	  88.03507	        P1	
  16.39365	 437.56809	 459.22387	        P1	
 385.88130	 313.06869	 244.54185	        P1	
 464.06639	  18.92972	 331.54731	        P1	
 435.06225	  29.85072	 319.19151	        P1	
 249.68790	 237.34972	 430.39371	        P1	
  74.40195	 405.53313	 388.69289	        P1	
 348.04980	  87.36800	  37.06740	        P1	
 254.73210	 348.01589	  94.72778	        P1	
 209.33430	 474.69949	 409.80067	        P1	
  97.10085	 174.00792	 240.42329	        P1	
  71.87985	 246.81461	 370.67399	        P1	
 308.95725	  69.16632	  65.89762	        P1	
 322.82880	 413.54189	 386.63354	        P1	
 146.28180	 377.13853	  30.37469	        P1	
 206.81220	 279.57761	 278.00549	        P1	
 370.74870	   5.82452	 456.64978	        P1	
 163.93650	 190.75349	 386.63354	        P1	
 369.48765	 134.69232	 189.45562	        P1	
 438.84540	 468.87493	 294.47991	        P1	
  69.35775	 318.16513	 493.71718	        P1	
 488.02634	 204.58672	 411.86001	        P1	
   1.26105	  25.48232	 382.51499	        P1	
  78.18510	 483.43629	 176.58495	        P1	
 314.00145	 316.70901	 222.40439	        P1	
 208.07325	 468.14689	 213.65235	        P1	
 278.69205	  57.51728	 422.15647	        P1	
 117.27765	 476.88369	   3.60375	        P1	
 353.09400	  48.05240	   6.17790	        P1	
 404.79705	  31.30688	 466.94624	        P1	
 257.25420	 356.75269	 213.65235	        P1	
 431.27910	 141.24492	   5.66310	        P1	
 495.59264	 222.06032	 393.32631	        P1	
 152.58705	  26.93848	 168.86258	        P1	
 332.91720	 202.40252	 388.69289	        P1	
 394.70865	 329.81421	 228.58229	        P1	
 116.01660	 342.19133	 462.82768	        P1	
 481.72109	 193.66572	 282.12411	        P1	
 379.57605	 482.70821	 458.70906	        P1	
 430.01805	  13.83328	 459.22387	        P1	
 185.37435	  80.81540	 359.86267	        P1	
 339.22245	 447.76101	 452.53116	        P1	
 369.48765	 312.34061	  57.14557	        P1	
 471.63269	 375.68241	 186.88147	        P1	
 311.47935	 211.86740	  63.32347	        P1	
 384.62025	 259.91981	  61.77900	        P1	
  29.00415	 214.77969	  90.09435	        P1	
 303.91305	 152.16592	  47.36392	        P1	
 480.46004	 382.23501	   0.00000	        P1	
 301.39095	  44.41208	  76.19408	        P1	
  29.00415	 473.97141	 415.46376	        P1	
 240.86055	 109.93808	 286.24267	        P1	
  98.36190	 177.64829	 323.31007	        P1	
 195.46275	 296.32313	 209.53379	        P1	
  56.74725	 137.60460	 322.79527	        P1	
 271.12575	 322.53353	 394.87079	        P1	
 456.50009	 295.59509	  22.13745	        P1	
 385.88130	 232.98132	 473.63901	        P1	
 427.49595	 351.65621	 302.71709	        P1	
 136.19340	 313.06869	 331.03245	        P1	
 170.24175	 409.90153	 269.76831	        P1	
 364.44345	 433.19969	 263.07555	        P1	
 286.25835	 466.69073	 351.62549	        P1	
 152.58705	  44.41208	 224.46367	        P1	
 446.41170	 270.84081	 199.23727	        P1	
 344.26665	 347.28781	 123.55800	        P1	
 443.88960	 454.31361	  80.31270	        P1	
 233.29425	 112.85032	  47.36392	        P1	
 191.67960	 318.89321	  63.32347	        P1	
   0.00000	 251.91109	  28.31535	        P1	
 465.32744	 412.81381	 316.61737	        P1	
 277.43100	 366.94561	 471.06486	        P1	
  88.27350	 365.48949	 341.84377	        P1	
  93.31770	 135.42040	  98.84640	        P1	
 197.98485	 476.88369	 323.31007	        P1	
 282.47520	 182.01669	 292.42057	        P1	
 220.68375	 270.11272	 127.67662	        P1	
 345.52770	 294.13893	  96.78712	        P1	
  17.65470	 222.78840	  75.67927	        P1	
 107.18925	 420.09449	 175.04047	        P1	
 368.22660	 167.45532	 479.81691	        P1	
 329.13405	  93.92060	 359.86267	        P1	
  37.83150	 180.56052	 388.69289	        P1	
 470.37164	  51.69272	 246.60119	        P1	
 489.28739	 358.20881	  55.60110	        P1	
 243.38265	  73.53472	 401.04869	        P1	
  74.40195	 425.91901	  49.42320	        P1	
 322.82880	 125.22748	 175.04047	        P1	
  51.70305	 460.86621	 310.43947	        P1	
 329.13405	  38.58752	 209.53379	        P1	
 401.01390	 238.80589	 417.52304	        P1	
 242.12160	 301.41961	 248.66047	        P1	
 296.34675	 344.37553	  79.79789	        P1	
 495.59264	 357.48073	 405.68211	        P1	
 252.21000	 388.78761	 302.71709	        P1	
 100.88400	  16.01748	 453.04597	        P1	
 300.12990	 359.66493	 469.00558	        P1	
 141.23760	 269.38469	 267.70897	        P1	
 240.86055	 440.48033	 467.46111	        P1	
 461.54429	  87.36800	 452.53116	        P1	
  65.57460	  37.85948	  14.41508	        P1	
 421.19070	 460.13813	 197.17799	        P1	
  60.53040	 234.43749	 287.78715	        P1	
 433.80120	 202.40252	 487.53928	        P1	
  71.87985	 309.42833	 296.02439	        P1	
  74.40195	 475.42753	 438.11608	        P1	
 390.92550	   4.36840	 111.20220	        P1	
 103.40610	  88.82412	 195.63352	        P1	
 139.97655	 489.98889	 151.87335	        P1	
  27.74310	 449.94521	 432.45299	        P1	
 453.97799	 267.92852	 263.59041	        P1	
 203.02905	 242.44621	 308.89499	        P1	
 467.84954	 421.55061	 452.53116	        P1	
 161.41440	 404.80509	  94.72778	        P1	
  15.13260	 237.34972	 376.33709	        P1	
 160.15335	  34.21912	 152.38822	        P1	
 462.80534	 265.74432	  30.37469	        P1	
 365.70450	 428.10321	 131.28037	        P1	
 399.75285	   2.18420	 458.70906	        P1	
  29.00415	 379.32273	 401.04869	        P1	
  40.35360	 116.49068	 168.86258	        P1	
 471.63269	 193.66572	 493.71718	        P1	
 218.16165	 146.34140	  55.60110	        P1	
 182.85225	 121.58712	 467.46111	        P1	
 132.41025	 440.48033	 436.57161	        P1	
 300.12990	 388.78761	 211.59307	        P1	
  61.79145	 121.58712	 263.59041	        P1	
 411.10230	 348.01589	 100.90568	        P1	
 233.29425	   8.00872	 333.09179	        P1	
 378.31500	 222.78840	 118.92457	        P1	
 360.66030	 276.66532	 269.76831	        P1	
   1.26105	 245.35849	 164.22915	        P1	
  42.87570	 231.52521	 316.61737	        P1	
 277.43100	 128.13972	 172.46639	        P1	
 179.06910	 125.22748	 187.39627	        P1	
 196.72380	 283.94601	 335.15107	        P1	
 388.40340	 222.78840	 364.49609	        P1	
 153.84810	 257.73561	  67.95690	        P1	
 423.71280	 221.33229	 100.90568	        P1	
 413.62440	 221.33229	 361.92194	        P1	
 145.02075	 487.07661	 347.50687	        P1	
  30.26520	 495.08533	 283.66859	        P1	
 163.93650	 276.66532	  78.25342	        P1	
 319.04565	 261.37592	   4.11862	        P1	
 281.21415	 178.37632	 424.21581	        P1	
  47.91990	 374.22629	 360.37747	        P1	
  25.22100	 182.01669	 108.62805	        P1	
 467.84954	  16.74552	 141.57689	        P1	
  80.70720	 183.47280	 236.30467	        P1	
 493.07054	 369.12981	   6.17790	        P1	
 322.82880	 170.36760	 211.59307	        P1	
 491.80949	 396.06829	  94.72778	        P1	
 355.61610	 483.43629	 275.43135	        P1	
 360.66030	 393.15601	 217.77097	        P1	
 469.11059	 149.98172	 407.22658	        P1	
 436.32330	 493.62921	 370.67399	        P1	
  89.53455	  54.60500	 450.98669	        P1	
 177.80805	 325.44581	 316.61737	        P1	
 424.97385	 275.93729	 453.04597	        P1	
 373.27080	 152.89400	 469.52039	        P1	
 345.52770	 243.17429	 273.88687	        P1	
  32.78730	 448.48909	 108.62805	        P1	
 320.30670	 481.98013	 115.32082	        P1	
 348.04980	  24.75428	 491.65784	        P1	
 267.34260	 479.06789	 232.18605	        P1	
 237.07740	 337.82293	  85.97579	        P1	
 307.69620	 238.80589	 355.74404	        P1	
 148.80390	 289.77053	  47.36392	        P1	
 215.63955	 235.16552	 170.92192	        P1	
 389.66445	 360.39301	 155.99197	        P1	
 378.31500	 259.19172	 394.87079	        P1	
 316.52355	 128.86780	  32.43397	        P1	
 172.76385	 409.90153	  92.15369	        P1	
 102.14505	 216.23580	  26.25607	        P1	
 324.08985	 137.60460	  12.35580	        P1	
 204.29010	 331.99841	  38.61187	        P1	
 127.36605	 147.79752	  36.55259	        P1	
 311.47935	 321.07741	 458.70906	        P1	
 441.36750	  78.63120	 123.55800	        P1	
 102.14505	 251.18301	 137.45827	        P1	
 219.42270	 317.43709	 466.94624	        P1	
 258.51525	 393.88409	 304.77637	        P1	
 466.58849	  74.26280	 302.71709	        P1	
 315.26250	 394.61213	 164.74402	        P1	
 170.24175	 484.16433	  84.43132	        P1	
  34.04835	 423.00673	 388.69289	        P1	
  44.13675	 462.32233	  16.47442	        P1	
 116.01660	 356.75269	 156.50678	        P1	
 484.24319	 419.36641	 228.58229	        P1	
  89.53455	 133.23620	 316.61737	        P1	
 465.32744	 386.60341	  98.84640	        P1	
 377.05395	 344.37553	 245.05671	        P1	
 374.53185	 278.84952	 362.43681	        P1	
 392.18655	 192.93769	 411.34514	        P1	
 122.32185	 379.32273	 220.34512	        P1	
 377.05395	 139.06072	 296.02439	        P1	
  15.13260	 183.47280	 230.12677	        P1	
 219.42270	 454.31361	  63.32347	        P1	
 127.36605	  53.14888	 238.36395	        P1	
 443.88960	 400.43669	 398.98934	        P1	
  90.79560	  81.54348	 386.63354	        P1	
 138.71550	 205.31480	 489.59856	        P1	
  95.83980	 463.05041	 186.88147	        P1	
 326.61195	  89.55220	 415.46376	        P1	
 136.19340	 251.91109	 341.84377	        P1	
  50.44200	  52.42080	 364.49609	        P1	
 196.72380	 479.06789	 175.04047	        P1	
 122.32185	 287.58632	 320.73599	        P1	
 277.43100	 135.42040	  80.31270	        P1	
 127.36605	 447.76101	 328.97317	        P1	
 223.20585	 302.14769	 374.27774	        P1	
 336.70035	 360.39301	 278.00549	        P1	
  73.14090	 305.78801	 135.91380	        P1	
 108.45030	 238.80589	 460.76834	        P1	
 456.50009	 442.66453	   4.11862	        P1	
 143.75970	 388.78761	 345.96239	        P1	
 277.43100	 369.85789	 300.14295	        P1	
 465.32744	 350.20009	 343.38825	        P1	
  71.87985	 165.27112	 313.01361	        P1	
 142.49865	 137.60460	 383.02979	        P1	
 209.33430	 398.98053	 387.14841	        P1	
 459.02219	 281.03373	 485.99481	        P1	
  21.43785	  37.13140	 333.60659	        P1	
 324.08985	 102.65740	 403.10796	        P1	
  13.87155	 306.51609	 156.50678	        P1	
 204.29010	 192.20960	   1.54447	        P1	
 329.13405	 361.84913	 160.11059	        P1	
   1.26105	  22.57008	 483.93547	        P1	
 272.38680	 138.33268	 150.32888	        P1	
 469.11059	 195.12189	  40.67115	        P1	
 279.95310	 355.29653	 166.28849	        P1	
 182.85225	 396.79633	 135.39899	        P1	
 369.48765	 379.32273	 388.69289	        P1	
  80.70720	  56.78920	  69.50137	        P1	
 119.79975	 428.83129	 256.89765	        P1	
 456.50009	 237.34972	 469.00558	        P1	
 124.84395	 482.70821	 376.85189	        P1	
 238.33845	 430.28741	  55.60110	        P1	
 234.55530	 393.15601	 142.09170	        P1	
  94.57875	 192.93769	 226.00815	        P1	
 485.50424	  61.88568	 355.74404	        P1	
   6.30525	 224.97260	 155.99197	        P1	
 354.35505	 150.70980	 415.46376	        P1	
   0.00000	  68.43828	 392.81144	        P1	
 489.28739	 171.82372	 492.17271	        P1	
 462.80534	  77.90312	 380.97051	        P1	
 249.68790	 141.24492	  85.97579	        P1	
 162.67545	 476.88369	 398.98934	        P1	
 341.74455	  58.97340	 186.88147	        P1	
 418.66860	 259.19172	 368.61471	        P1	
  92.05665	 188.56929	 391.26697	        P1	
 437.58435	 181.28860	 457.16459	        P1	
 406.05810	 260.64789	 483.93547	        P1	
 398.49180	 228.61292	 481.36138	        P1	
  12.61050	  17.47360	   0.00000	        P1	
  71.87985	 214.77969	 477.75757	        P1	
 184.11330	 374.22629	 125.61728	        P1	
  29.00415	 334.18261	   7.72237	        P1	
 351.83295	 201.67449	 442.23464	        P1	
   7.56630	 396.06829	   3.60375	        P1	
 373.27080	 318.89321	 341.32897	        P1	
  37.83150	 311.61253	  92.15369	        P1	
 471.63269	 361.12109	  59.20485	        P1	
 452.71694	 325.44581	 339.78449	        P1	
 332.91720	 416.45413	 319.19151	        P1	
 272.38680	  45.14012	 252.77909	        P1	
 150.06495	 418.63833	 387.14841	        P1	
 404.79705	 358.93689	 341.84377	        P1	
 409.84125	 297.77929	 409.80067	        P1	
 242.12160	 219.87612	  22.65232	        P1	
 288.78045	 408.44541	 446.35326	        P1	
   2.52210	 112.12228	  76.19408	        P1	
  47.91990	 441.20841	 174.52567	        P1	
 461.54429	 457.22589	 403.62277	        P1	
 397.23075	 152.16592	  53.54182	        P1	
  56.74725	 452.12941	 426.27509	        P1	
 332.91720	 416.45413	  11.84100	        P1	
 283.73625	 370.58593	 282.12411	        P1	
 243.38265	  66.25408	   3.60375	        P1	
 284.99730	 173.27989	 205.92997	        P1	
 423.71280	  85.91188	 127.16175	        P1	
 110.97240	 182.01669	 182.76285	        P1	
 151.32600	 218.42000	 180.70357	        P1	
  80.70720	 305.78801	 180.70357	        P1	
 143.75970	 275.20921	 193.05937	        P1	
 196.72380	 480.52401	  26.25607	        P1	
 167.71965	 175.46409	 261.53107	        P1	
  39.09255	 370.58593	 146.21032	        P1	
 218.16165	  41.49980	 477.24276	        P1	
 210.59535	 284.67409	  51.48248	        P1	
 408.58020	   1.45612	  59.71972	        P1	
  55.48620	 458.68201	 143.63617	        P1	
  18.91575	  28.39460	 366.04057	        P1	
  94.57875	 134.69232	 413.40448	        P1	
 498.11474	 149.25368	 466.94624	        P1	
 114.75555	 194.39380	 415.46376	        P1	
 191.67960	 366.94561	 475.69829	        P1	
 252.21000	 362.57721	 427.81956	        P1	
 370.74870	 487.80469	  77.73855	        P1	
  98.36190	 410.62961	 444.80879	        P1	
 374.53185	 358.93689	 378.91117	        P1	
  69.35775	  21.11392	 160.11059	        P1	
 142.49865	 277.39341	  55.60110	        P1	
 498.11474	 182.74472	  41.18602	        P1	
 469.11059	 460.13813	 275.94621	        P1	
 279.95310	 174.73600	 401.56349	        P1	
 315.26250	 483.43629	 170.40705	        P1	
  66.83565	 102.65740	 111.20220	        P1	
 464.06639	  55.33308	  88.54988	        P1	
 301.39095	 423.00673	 455.10531	        P1	
 162.67545	 146.34140	  63.32347	        P1	
 147.54285	 335.63873	   5.66310	        P1	
 286.25835	 374.95433	 197.17799	        P1	
 138.71550	 216.96389	 218.28577	        P1	
 152.58705	 452.12941	  44.78977	        P1	
  29.00415	 462.32233	 294.47991	        P1	
 197.98485	  69.16632	 467.46111	        P1	
   6.30525	 251.18301	 339.78449	        P1	
 448.93379	 455.76973	  61.26419	        P1	
 477.93794	   5.09648	 250.71975	        P1	
  94.57875	 364.76141	 463.34249	        P1	
 273.64785	  28.39460	 234.76019	        P1	
 226.98900	  88.82412	 221.88959	        P1	
  94.57875	 303.60381	 137.45827	        P1	
 422.45175	 242.44621	 149.81407	        P1	
 100.88400	 393.15601	 174.52567	        P1	
 488.02634	  21.11392	 240.42329	        P1	
 168.98070	  17.47360	 247.11599	        P1	
  37.83150	 294.13893	 407.22658	        P1	
 419.92965	  64.79792	  72.07552	        P1	
 156.37020	  58.24532	  55.08629	        P1	
 242.12160	  33.49108	 107.08358	        P1	
 148.80390	 451.40133	  11.84100	        P1	
 226.98900	 458.68201	 409.28586	        P1	
  41.61465	 319.62129	 156.50678	        P1	
 382.09815	 377.86661	   6.17790	        P1	
 308.95725	  74.99088	 337.21035	        P1	
 181.59120	 135.42040	  43.24530	        P1	
  70.61880	 131.05200	 180.70357	        P1	
 427.49595	 415.72609	 392.81144	        P1	
 262.29840	 337.82293	 376.33709	        P1	
 401.01390	 348.01589	 212.10787	        P1	
  12.61050	 123.77132	 339.26969	        P1	
 297.60780	 384.41921	  20.07817	        P1	
 261.03735	 291.95473	  30.37469	        P1	
 354.35505	 492.90113	 424.21581	        P1	
 310.21830	 479.06789	 323.31007	        P1	
   6.30525	 284.67409	 249.17527	        P1	
  36.57045	 141.97300	 420.09719	        P1	
 325.35090	 240.26201	 279.54997	        P1	
  51.70305	  37.13140	 247.11599	        P1	
 143.75970	 240.26201	 242.48257	        P1	
  12.61050	 133.96428	   9.78165	        P1	
   1.26105	 338.55101	 210.04859	        P1	
  76.92405	 102.65740	 464.88696	        P1	
 255.99315	  57.51728	  51.48248	        P1	
  27.74310	 200.94640	 353.68477	        P1	
 486.76529	 339.27909	  28.31535	        P1	
 266.08155	  45.86820	 172.98120	        P1	
 417.40755	 401.16473	  67.44209	        P1	
 282.47520	 477.61173	 178.64429	        P1	
 459.02219	  91.73640	  57.14557	        P1	
 335.43930	 362.57721	  81.85717	        P1	
 132.41025	 356.02461	 440.17536	        P1	
 175.28595	  24.02620	 135.91380	        P1	
 404.79705	 332.72649	 473.12414	        P1	
 187.89645	  86.63992	 438.11608	        P1	
 112.23345	 175.46409	 131.79518	        P1	
 296.34675	 226.42872	 170.92192	        P1	
  12.61050	 230.06909	 479.30204	        P1	
   5.04420	 100.47320	  81.85717	        P1	
 150.06495	 226.42872	 228.06749	        P1	
   7.56630	 131.05200	 407.74139	        P1	
 437.58435	 197.30609	  76.19408	        P1	
 214.37850	 225.70069	 392.81144	        P1	
 230.77215	 468.14689	  14.41508	        P1	
 339.22245	 270.11272	  42.73049	        P1	
  83.22930	 262.10401	 407.74139	        P1	
 131.14920	 359.66493	  55.08629	        P1	
 443.88960	 358.20881	 345.96239	        P1	
 332.91720	 330.54229	 323.31007	        P1	
 158.89230	 308.70029	 249.17527	        P1	
 126.10500	 107.75388	 403.62277	        P1	
 417.40755	 109.93808	 120.98385	        P1	
 249.68790	 384.41921	 446.35326	        P1	
 214.37850	 148.52560	 302.71709	        P1	
 424.97385	  69.16632	 431.93818	        P1	
 394.70865	 127.41168	 102.45015	        P1	
 274.90890	  59.70148	 306.32085	        P1	
 455.23904	 382.23501	 321.25079	        P1	
  61.79145	  85.18380	  92.66850	        P1	
 248.42685	  69.16632	 135.39899	        P1	
 186.63540	 151.43788	 312.49875	        P1	
  23.95995	 382.23501	 296.53919	        P1	
 175.28595	 198.76220	  63.32347	        P1	
 166.45860	 225.70069	 273.88687	        P1	
 166.45860	 414.99801	  92.66850	        P1	
 470.37164	 294.86701	 186.88147	        P1	
 281.21415	 147.79752	 401.04869	        P1	
 331.65615	 335.63873	 183.27772	        P1	
 274.90890	  18.92972	 115.32082	        P1	
 177.80805	 455.04169	 162.68468	        P1	
 407.31915	 392.42793	 177.09982	        P1	
 143.75970	 346.55973	 294.47991	        P1	
 195.46275	 286.13021	  75.67927	        P1	
  79.44615	 404.07701	 327.42869	        P1	
 488.02634	 216.23580	 432.45299	        P1	
 349.31085	  63.34180	 358.31819	        P1	
 277.43100	 407.71733	 418.03791	        P1	
   6.30525	 382.23501	 308.89499	        P1	
 317.78460	 202.40252	 277.49069	        P1	
  89.53455	  15.28940	 339.78449	        P1	
 356.87715	 268.65661	 148.26960	        P1	
 291.30255	 249.72689	 409.80067	        P1	
   8.82735	 489.98889	   9.78165	        P1	
 447.67274	 111.39420	  38.61187	        P1	
 298.86885	 450.67329	 448.41254	        P1	
 314.00145	 372.04209	 102.45015	        P1	
 397.23075	 204.58672	 419.58238	        P1	
 412.36335	   9.46488	  82.37198	        P1	
 138.71550	 401.89281	 296.53919	        P1	
 461.54429	 270.84081	 123.55800	        P1	
 107.18925	 466.69073	 246.60119	        P1	
 336.70035	 182.74472	 109.14292	        P1	
 205.55115	  19.65780	 413.91929	        P1	
 382.09815	 168.18340	 118.92457	        P1	
  84.49035	  92.46448	 113.26148	        P1	
 393.44760	   1.45612	 345.44759	        P1	
 166.45860	 331.99841	 131.28037	        P1	
 479.19899	  24.75428	 306.32085	        P1	
 460.28324	 120.13100	 191.51489	        P1	
  80.70720	 165.99920	 230.12677	        P1	
 278.69205	 351.65621	 444.80879	        P1	
 282.47520	 141.24492	 191.00009	        P1	
 392.18655	 379.32273	 362.43681	        P1	
 292.56360	 369.85789	  20.59298	        P1	
 226.98900	 125.22748	 415.97857	        P1	
 467.84954	 166.72728	 139.51755	        P1	
 142.49865	 440.48033	 337.72521	        P1	
 424.97385	 268.65661	 366.04057	        P1	
 156.37020	  10.19292	  72.07552	        P1	
 167.71965	 101.20128	 323.31007	        P1	
 305.17410	 141.24492	 485.99481	        P1	
 302.65200	 350.92813	 331.54731	        P1	
  27.74310	  45.14012	  30.37469	        P1	
 197.98485	 104.11352	 469.00558	        P1	
 460.28324	  37.13140	 191.51489	        P1	
 187.89645	 457.95393	 102.96502	        P1	
 407.31915	 452.12941	 185.33700	        P1	
 243.38265	 481.25209	  34.49325	        P1	
 264.82050	 224.24452	  55.08629	        P1	
 375.79290	 187.84120	 452.53116	        P1	
 252.21000	 256.27949	 199.75207	        P1	
  74.40195	  82.27152	 444.29398	        P1	
 229.51110	 397.52441	 469.52039	        P1	
  63.05250	 205.31480	 210.04859	        P1	
 122.32185	   5.09648	 224.46367	        P1	
  65.57460	 323.26161	 199.23727	        P1	
 223.20585	 271.56889	 176.58495	        P1	
 220.68375	 185.65700	 118.92457	        P1	
 187.89645	 125.95552	 405.68211	        P1	
   3.78315	 489.98889	 460.76834	        P1	
 440.10645	  32.76300	 339.78449	        P1	
 196.72380	 391.69989	 442.23464	        P1	
  80.70720	 445.57681	 254.83837	        P1	
 443.88960	  37.85948	 286.24267	        P1	
 277.43100	 384.41921	 203.87069	        P1	
 390.92550	 281.03373	 492.17271	        P1	
 122.32185	  83.72768	 465.40177	        P1	
  45.39780	 329.08613	 133.85452	        P1	
 156.37020	 393.15601	  98.84640	        P1	
 472.89374	 463.77849	 423.70094	        P1	
 100.88400	  10.19292	 245.05671	        P1	
 495.59264	 115.76260	 426.27509	        P1	
  20.17680	  24.75428	 343.38825	        P1	
  41.61465	  67.71020	 339.78449	        P1	
   3.78315	 366.21753	  47.36392	        P1	
  36.57045	 421.55061	 166.80330	        P1	
 453.97799	 378.59469	 232.18605	        P1	
 407.31915	 455.04169	 448.41254	        P1	
  69.35775	  98.28900	 353.68477	        P1	
  64.31355	  32.76300	 444.80879	        P1	
  34.04835	 264.28821	 179.15910	        P1	
 355.61610	 420.82253	 263.59041	        P1	
 239.59950	 189.29732	  35.00812	        P1	
 358.13820	 313.06869	 454.59044	        P1	
 124.84395	  29.85072	  55.08629	        P1	
 238.33845	 182.74472	 271.31279	        P1	
 261.03735	 409.90153	 109.14292	        P1	
  47.91990	 283.94601	 285.72787	        P1	
 401.01390	 265.01629	 114.80595	        P1	
 179.06910	 362.57721	 322.79527	        P1	
 160.15335	 208.95512	 294.47991	        P1	
 436.32330	 212.59549	 199.75207	        P1	
 460.28324	 456.49781	  98.84640	        P1	
  78.18510	 428.10321	 228.58229	        P1	
 263.55945	  92.46448	 199.75207	        P1	
 401.01390	 270.84081	 452.53116	        P1	
  58.00830	 263.56012	 245.05671	        P1	
 258.51525	  95.37672	 413.40448	        P1	
 242.12160	 310.15641	 106.56877	        P1	
 369.48765	 273.02501	 278.00549	        P1	
   0.00000	 288.31441	 358.31819	        P1	
  65.57460	 461.59429	  20.59298	        P1	
  34.04835	 479.79593	  41.18602	        P1	
 113.49450	 170.36760	 160.62540	        P1	
 245.90475	 108.48192	 413.40448	        P1	
  55.48620	 400.43669	 348.02167	        P1	
 232.03320	 269.38469	 422.15647	        P1	
 493.07054	 214.77969	  83.91645	        P1	
 206.81220	 218.42000	  94.21297	        P1	
 364.44345	 482.70821	 186.88147	        P1	
 488.02634	 246.81461	 328.97317	        P1	
 344.26665	  48.78048	 108.62805	        P1	
 460.28324	 277.39341	 199.23727	        P1	
 300.12990	 374.22629	 436.05674	        P1	
 476.67689	 429.55933	 191.00009	        P1	
 153.84810	 340.73521	 248.66047	        P1	
 248.42685	 152.16592	  59.71972	        P1	
 268.60365	 124.49940	  67.95690	        P1	
 240.86055	 303.60381	 489.59856	        P1	
 210.59535	 494.35729	  22.13745	        P1	
 433.80120	 251.91109	 292.42057	        P1	
 182.85225	 373.49821	 185.33700	        P1	
 353.09400	 257.73561	 222.40439	        P1	
 186.63540	 285.40213	  48.90839	        P1	
 239.59950	   1.45612	 288.30201	        P1	
 290.04150	 481.98013	 135.39899	        P1	
 413.62440	 397.52441	  75.67927	        P1	
 340.48350	 120.85908	 440.69017	        P1	
 141.23760	 157.26240	  49.42320	        P1	
 267.34260	 286.85829	 453.04597	        P1	
  11.34945	 131.78008	 139.51755	        P1	
 192.94065	 286.13021	 321.25079	        P1	
 121.06080	  71.35052	 172.46639	        P1	
 424.97385	 105.56968	 113.26148	        P1	
  90.79560	 281.03373	 115.32082	        P1	
 102.14505	 305.05993	 388.69289	        P1	
  55.48620	 307.24413	 245.05671	        P1	
 475.41584	 303.60381	 450.98669	        P1	
 268.60365	  79.35928	 205.92997	        P1	
 264.82050	 196.57800	  37.06740	        P1	
 319.04565	 348.74393	 245.05671	        P1	
 162.67545	  16.74552	  78.25342	        P1	
 143.75970	 291.22669	 434.51227	        P1	
 182.85225	 245.35849	 485.47994	        P1	
 308.95725	   8.00872	  10.29652	        P1	
 179.06910	 365.48949	 199.75207	        P1	
  10.08840	 397.52441	 143.63617	        P1	
 438.84540	 461.59429	 341.84377	        P1	
 394.70865	 369.12981	  55.60110	        P1	
 226.98900	 417.91029	 226.00815	        P1	
 317.78460	  23.29812	 407.22658	        P1	
  97.10085	 190.02540	 240.93809	        P1	
 341.74455	 466.69073	  48.90839	        P1	
 121.06080	 429.55933	 115.32082	        P1	
 437.58435	 101.20128	 479.30204	        P1	
 171.50280	  42.22788	 182.76285	        P1	
 292.56360	 353.84041	 328.97317	        P1	
 218.16165	 322.53353	 487.53928	        P1	
 278.69205	 115.76260	  69.50137	        P1	
 230.77215	 267.20049	 125.61728	        P1	
 297.60780	 240.26201	 304.26157	        P1	
  87.01245	  13.83328	 207.47445	        P1	
 141.23760	 228.61292	  73.61999	        P1	
 453.97799	  10.19292	  59.71972	        P1	
 472.89374	 450.67329	 448.41254	        P1	
 226.98900	 476.15561	 166.80330	        P1	
  21.43785	 372.04209	 361.92194	        P1	
 177.80805	 351.65621	  94.21297	        P1	
 486.76529	 292.68281	 415.46376	        P1	
 264.82050	 460.13813	 257.41251	        P1	
 129.88815	  47.32432	   4.11862	        P1	
  85.75140	 208.22709	 201.29655	        P1	
  88.27350	 288.31441	 168.34777	        P1	
 475.41584	 163.81500	 193.05937	        P1	
 321.56775	 133.23620	 191.51489	        P1	
 452.71694	 328.35809	 483.93547	        P1	
 132.41025	  32.76300	 310.43947	        P1	
 170.24175	 468.14689	 312.49875	        P1	
 485.50424	 363.30529	 287.78715	        P1	
  98.36190	  32.03492	 127.67662	        P1	
 339.22245	 484.16433	 461.28321	        P1	
  59.26935	 190.02540	  12.35580	        P1	
 385.88130	 331.99841	  44.78977	        P1	
 345.52770	 384.41921	  43.24530	        P1	
 392.18655	  74.99088	 479.30204	        P1	
 240.86055	  79.35928	 287.78715	        P1	
 247.16580	 230.06909	 175.04047	        P1	
 493.07054	  18.20168	 446.86807	        P1	
 179.06910	 401.89281	 168.34777	        P1	
 185.37435	 264.28821	 265.64969	        P1	
 300.12990	 480.52401	 335.15107	        P1	
 491.80949	 241.71812	  78.25342	        P1	
  56.74725	 146.34140	 426.27509	        P1	
  87.01245	 261.37592	 431.93818	        P1	
 235.81635	 230.79712	 147.75479	        P1	
  52.96410	  71.35052	 450.47188	        P1	
 203.02905	 430.28741	 254.83837	        P1	
 245.90475	 291.95473	 343.90311	        P1	
  18.91575	  47.32432	 370.15919	        P1	
 312.74040	 425.19093	 246.60119	        P1	
  99.62295	 159.44660	 409.28586	        P1	
 228.25005	 176.92020	   0.00000	        P1	
 200.50695	 303.60381	  37.06740	        P1	
 403.53600	 200.94640	 327.42869	        P1	
 432.54015	 357.48073	 109.14292	        P1	
 423.71280	 168.91149	 483.93547	        P1	
 278.69205	 210.41129	 331.03245	        P1	
 384.62025	 427.37513	 207.98932	        P1	
 177.80805	 350.20009	  71.56065	        P1	
 137.45445	  38.58752	 104.50949	        P1	
 157.63125	 149.25368	   2.05928	        P1	
  25.22100	 452.85749	 473.12414	        P1	
 153.84810	 479.06789	 199.75207	        P1	
 390.92550	 103.38548	  82.37198	        P1	
 433.80120	 120.85908	  71.56065	        P1	
  69.35775	  25.48232	 469.00558	        P1	
 301.39095	 424.46289	 199.75207	        P1	
 146.28180	  80.08732	 351.62549	        P1	
 401.01390	  71.35052	 275.94621	        P1	
  73.14090	 208.22709	  28.31535	        P1	
 112.23345	 420.09449	  96.27225	        P1	
  47.91990	 390.24373	 116.86529	        P1	
 126.10500	 361.12109	 423.70094	        P1	
  84.49035	 254.09529	 213.65235	        P1	
 432.54015	 390.97181	 242.48257	        P1	
 421.19070	 231.52521	 339.78449	        P1	
 321.56775	 363.30529	 397.44487	        P1	
   0.00000	 263.56012	 425.76028	        P1	
 277.43100	 339.27909	 151.87335	        P1	
 348.04980	 468.87493	 419.58238	        P1	
  37.83150	 107.75388	 409.80067	        P1	
 239.59950	 461.59429	 242.99737	        P1	
  76.92405	 497.26953	 467.46111	        P1	
 288.78045	 166.72728	  28.31535	        P1	
  61.79145	  74.99088	 392.81144	        P1	
 438.84540	 193.66572	 189.45562	        P1	
 158.89230	 120.85908	 386.63354	        P1	
 393.44760	 251.91109	  83.91645	        P1	
 253.47105	 340.00713	 296.02439	        P1	
 118.53870	 164.54309	   8.23718	        P1	
  29.00415	 208.95512	 436.57161	        P1	
  54.22515	   3.64032	 258.95699	        P1	
 139.97655	 491.44501	 199.23727	        P1	
 281.21415	 300.69153	  36.55259	        P1	
   2.52210	 365.48949	 466.94624	        P1	
  17.65470	 397.52441	 179.15910	        P1	
  89.53455	  34.21912	 234.24539	        P1	
  13.87155	 230.79712	 201.81142	        P1	
 321.56775	   9.46488	 354.19957	        P1	
 292.56360	 442.66453	 325.36941	        P1	
 219.42270	 132.50812	 127.67662	        P1	
 181.59120	 435.38389	 392.81144	        P1	
 421.19070	 483.43629	  26.77088	        P1	
 113.49450	 452.85749	 181.21837	        P1	
  68.09670	 283.94601	 396.93006	        P1	
  32.78730	 315.98093	 473.63901	        P1	
  37.83150	 365.48949	 378.91117	        P1	
   6.30525	 115.76260	 197.69279	        P1	
 402.27495	  44.41208	 219.83025	        P1	
 103.40610	 336.36681	 240.93809	        P1	
 354.35505	 278.84952	 201.81142	        P1	
 389.66445	 211.86740	 440.17536	        P1	
  30.26520	 243.17429	  15.95955	        P1	
 493.07054	 169.63952	 362.43681	        P1	
 151.32600	 286.85829	 436.05674	        P1	
  61.79145	 409.90153	 388.69289	        P1	
 343.00560	  50.96468	  39.12668	        P1	
 259.77630	 219.87612	 121.49872	        P1	
 479.19899	  21.84200	   1.54447	        P1	
 245.90475	 389.51569	  90.09435	        P1	
 151.32600	   4.36840	  94.21297	        P1	
 228.25005	 332.72649	 212.10787	        P1	
  20.17680	 334.91069	 242.99737	        P1	
 109.71135	 197.30609	 361.92194	        P1	
 199.24590	 142.70108	  88.54988	        P1	
  40.35360	 253.36721	 230.12677	        P1	
 138.71550	 135.42040	 118.92457	        P1	
   8.82735	 121.58712	 271.31279	        P1	
  76.92405	 322.53353	 191.00009	        P1	
 456.50009	 481.98013	 289.84649	        P1	
  95.83980	 254.82332	 166.28849	        P1	
 179.06910	 298.50733	 350.08101	        P1	
 498.11474	 449.21713	 343.90311	        P1	
 190.41855	 259.91981	 197.69279	        P1	
  47.91990	  85.91188	 292.42057	        P1	
 235.81635	 217.69192	 319.19151	        P1	
 234.55530	 237.34972	 177.09982	        P1	
 417.40755	 255.55141	 271.82759	        P1	
  22.69890	 215.50772	 493.71718	        P1	
 461.54429	 467.41881	   7.72237	        P1	
  51.70305	 401.16473	  36.55259	        P1	
 329.13405	  51.69272	 234.24539	        P1	
 312.74040	 192.20960	 149.81407	        P1	
 249.68790	 305.78801	 291.90577	        P1	
 250.94895	 123.04328	 188.94075	        P1	
 387.14235	 341.46329	 267.70897	        P1	
 465.32744	 444.84873	 430.39371	        P1	
 284.99730	 128.13972	 166.28849	        P1	
 263.55945	 326.90193	 228.06749	        P1	
 176.54700	 283.94601	  37.06740	        P1	
   7.56630	 275.20921	 421.64166	        P1	
 273.64785	 392.42793	 394.87079	        P1	
 402.27495	 309.42833	  36.55259	        P1	
 282.47520	 184.92892	 325.36941	        P1	
 290.04150	 419.36641	 228.58229	        P1	
 389.66445	 404.07701	 370.67399	        P1	
 305.17410	 104.84160	 458.70906	        P1	
 105.92820	  46.59628	 392.81144	        P1	
 319.04565	  32.76300	  75.67927	        P1	
  36.57045	 267.20049	  15.95955	        P1	
  55.48620	 471.78721	 426.27509	        P1	
 419.92965	 108.48192	 232.70091	        P1	
 455.23904	 360.39301	 328.97317	        P1	
  60.53040	 364.03333	 184.82219	        P1	
 110.97240	 457.22589	  46.84905	        P1	
 118.53870	  65.52600	 339.78449	        P1	
 264.82050	 189.29732	 221.88959	        P1	
  50.44200	 435.38389	  14.41508	        P1	
 192.94065	 168.18340	 248.66047	        P1	
 153.84810	 307.24413	 314.55809	        P1	
 230.77215	  51.69272	 475.18348	        P1	
 162.67545	 306.51609	 398.98934	        P1	
 116.01660	 307.24413	 277.49069	        P1	
 221.94480	 340.73521	 172.98120	        P1	
 448.93379	 288.31441	 358.31819	        P1	
 366.96555	 246.81461	 302.71709	        P1	
 462.80534	  88.09608	 360.37747	        P1	
 210.59535	 109.93808	 150.32888	        P1	
 380.83710	  39.31560	 471.06486	        P1	
 215.63955	 358.93689	 176.58495	        P1	
 406.05810	  13.10520	 106.56877	        P1	
 369.48765	 141.97300	 481.87619	        P1	
 235.81635	 303.60381	 321.25079	        P1	
 273.64785	  93.92060	 211.59307	        P1	
 122.32185	 420.09449	 131.79518	        P1	
 476.67689	 396.06829	 386.63354	        P1	
 163.93650	 285.40213	 425.76028	        P1	
 301.39095	 347.28781	 100.39087	        P1	
 116.01660	 445.57681	  61.77900	        P1	
 226.98900	 441.20841	  98.84640	        P1	
 467.84954	  37.13140	 162.16987	        P1	
 152.58705	 335.63873	 140.03242	        P1	
 310.21830	 151.43788	 236.81947	        P1	
 345.52770	 206.77092	 380.97051	        P1	
 107.18925	 441.93649	 120.98385	        P1	
 112.23345	 248.27072	 191.00009	        P1	
 486.76529	 273.75309	 131.79518	        P1	
 211.85640	 387.33149	 193.57417	        P1	
  68.09670	 211.13932	 351.62549	        P1	
 181.59120	 310.15641	 179.15910	        P1	
  58.00830	 133.96428	 310.95427	        P1	
  88.27350	 109.21000	  75.67927	        P1	
  36.57045	  53.14888	 329.48797	        P1	
  63.05250	 272.29692	 283.66859	        P1	
 195.46275	 118.67488	 428.33437	        P1	
 121.06080	 326.17389	 120.98385	        P1	
 370.74870	 326.17389	 349.56614	        P1	
 451.45589	  39.31560	 407.74139	        P1	
  36.57045	 487.07661	 302.71709	        P1	
  94.57875	 235.16552	 282.12411	        P1	
 174.02490	  33.49108	 100.90568	        P1	
 426.23490	  53.87692	 387.14841	        P1	
 273.64785	 155.07820	   7.72237	        P1	
 264.82050	 397.52441	 117.38010	        P1	
  50.44200	 270.84081	  13.90027	        P1	
 308.95725	 459.41009	 434.51227	        P1	
 104.66715	   9.46488	 460.76834	        P1	
 356.87715	 284.67409	 151.87335	        P1	
 237.07740	 216.96389	 372.73327	        P1	
  84.49035	 163.81500	 409.28586	        P1	
 368.22660	 346.55973	 232.70091	        P1	
  80.70720	 205.31480	  32.43397	        P1	
   8.82735	 443.39261	 203.87069	        P1	
 384.62025	 258.46369	  14.41508	        P1	
 306.43515	 245.35849	 230.64157	        P1	
 232.03320	 218.42000	 469.52039	        P1	
   0.00000	 378.59469	 391.26697	        P1	
 238.33845	 345.83169	  20.59298	        P1	
 171.50280	 377.13853	 399.50421	        P1	
  68.09670	  10.19292	  55.08629	        P1	
 395.96970	 318.89321	 316.61737	        P1	
 194.20170	 152.89400	 118.92457	        P1	
 390.92550	 407.71733	 129.22109	        P1	
 225.72795	 109.93808	 212.10787	        P1	
 490.54844	 213.32352	 269.76831	        P1	
 451.45589	  46.59628	 415.97857	        P1	
  60.53040	 436.84001	 415.46376	        P1	
 384.62025	  88.09608	  82.37198	        P1	
 290.04150	  50.96468	 331.03245	        P1	
  16.39365	 303.60381	 273.37207	        P1	
 411.10230	 298.50733	 368.61471	        P1	
 243.38265	 328.35809	  88.54988	        P1	
 325.35090	 219.87612	 362.43681	        P1	
  47.91990	 289.77053	 418.03791	        P1	
 226.98900	  55.33308	  22.13745	        P1	
 370.74870	  72.80668	 195.11865	        P1	
 116.01660	 318.89321	 372.21847	        P1	
  37.83150	  69.89440	 401.56349	        P1	
 233.29425	 223.51649	 120.98385	        P1	
 498.11474	 137.60460	 285.72787	        P1	
 129.88815	 338.55101	   7.72237	        P1	
 134.93235	 415.72609	  39.12668	        P1	
  88.27350	 222.78840	 477.24276	        P1	
 116.01660	 324.71773	   5.66310	        P1	
 248.42685	 361.84913	 436.57161	        P1	
 312.74040	   7.28068	  82.37198	        P1	
 165.19755	 328.35809	 176.58495	        P1	
  29.00415	 233.70941	 191.51489	        P1	
  80.70720	 260.64789	 397.44487	        P1	
 452.71694	 128.86780	 440.17536	        P1	
 484.24319	 136.87652	 380.97051	        P1	
 456.50009	 390.24373	 418.03791	        P1	
 421.19070	 279.57761	 383.02979	        P1	
 383.35920	 314.52481	 304.26157	        P1	
 185.37435	 457.95393	 442.74951	        P1	
  36.57045	 489.98889	 397.44487	        P1	
 440.10645	 408.44541	 440.17536	        P1	
 244.64370	 183.47280	 335.15107	        P1	
 426.23490	 123.77132	 382.51499	        P1	
 247.16580	 481.98013	 462.82768	        P1	
 490.54844	 130.32392	 160.11059	        P1	
 242.12160	  72.80668	  34.49325	        P1	
 134.93235	 492.90113	  18.01890	        P1	
 102.14505	 315.25289	 125.61728	        P1	
 428.75700	 297.05121	 129.73590	        P1	
 465.32744	  32.76300	 450.98669	        P1	
 127.36605	 290.49861	 160.62540	        P1	
  79.44615	 428.83129	 201.29655	        P1	
 127.36605	 101.20128	 113.26148	        P1	
 402.27495	 219.14809	 428.33437	        P1	
 162.67545	  86.63992	 282.12411	        P1	
 471.63269	 343.64749	 275.43135	        P1	
 377.05395	 322.53353	 104.50949	        P1	
 195.46275	 334.18261	 160.62540	        P1	
 220.68375	 310.88449	 354.19957	        P1	
  99.62295	 195.84992	 350.08101	        P1	
  97.10085	 255.55141	 475.69829	        P1	
 102.14505	  99.74512	 308.38019	        P1	
  92.05665	  45.86820	 284.18339	        P1	
  69.35775	 232.25329	 349.56614	        P1	
 181.59120	 177.64829	   2.05928	        P1	
 427.49595	 428.83129	 119.43938	        P1	
 107.18925	 482.70821	 259.47179	        P1	
 157.63125	 431.74353	 147.75479	        P1	
  47.91990	 358.20881	 112.74667	        P1	
 411.10230	 107.75388	 440.69017	        P1	
  73.14090	 180.56052	  16.47442	        P1	
 277.43100	 267.92852	 313.01361	        P1	
   3.78315	 123.04328	 207.47445	        P1	
 332.91720	 257.73561	 129.73590	        P1	
  45.39780	 333.45453	  98.33159	        P1	
 201.76800	 209.68320	 205.41517	        P1	
  87.01245	 315.25289	 213.65235	        P1	
 432.54015	 270.11272	 220.34512	        P1	
  97.10085	 248.27072	  42.73049	        P1	
 339.22245	 201.67449	 218.28577	        P1	
 451.45589	 401.89281	 242.48257	        P1	
 128.62710	 214.05160	 155.99197	        P1	
 119.79975	 453.58553	 172.46639	        P1	
 243.38265	 243.90232	  98.33159	        P1	
 408.58020	 348.01589	 422.15647	        P1	
 288.78045	 423.00673	 399.50421	        P1	
 363.18240	 473.24333	 306.83571	        P1	
 394.70865	   0.72808	  53.02695	        P1	
  27.74310	 391.69989	 471.57967	        P1	
 455.23904	 356.02461	 166.80330	        P1	
 389.66445	 478.33981	 327.42869	        P1	
  17.65470	  17.47360	  32.43397	        P1	
 315.26250	 120.85908	  40.67115	        P1	
 442.62855	 401.16473	  85.97579	        P1	
 245.90475	   3.64032	 306.83571	        P1	
 306.43515	 283.21792	  28.83022	        P1	
 450.19484	 331.27033	  78.25342	        P1	
 301.39095	 440.48033	 493.71718	        P1	
  46.65885	 367.67369	 275.43135	        P1	
 469.11059	 355.29653	 240.42329	        P1	
 418.66860	 141.24492	 493.71718	        P1	
  11.34945	 111.39420	  92.66850	        P1	
 495.59264	 265.74432	  67.44209	        P1	
 237.07740	 313.06869	 337.21035	        P1	
 105.92820	 496.54149	 331.03245	        P1	
 418.66860	 281.03373	 300.65781	        P1	
 134.93235	 131.78008	 127.16175	        P1	
 330.39510	 329.08613	 102.96502	        P1	
 200.50695	 140.51688	 120.98385	        P1	
  49.18095	  58.97340	 291.90577	        P1	
 208.07325	 210.41129	 170.40705	        P1	
 200.50695	  40.04368	 273.88687	        P1	
 195.46275	 338.55101	 285.72787	        P1	
 495.59264	 302.14769	  14.41508	        P1	
   3.78315	 216.23580	 450.98669	        P1	
 109.71135	 211.86740	   6.17790	        P1	
 453.97799	 144.15720	 284.18339	        P1	
 302.65200	 298.50733	 289.84649	        P1	
  83.22930	 282.48989	 434.51227	        P1	
 394.70865	 358.93689	 385.08907	        P1	
 335.43930	 285.40213	 479.81691	        P1	
 104.66715	 236.62169	 156.50678	        P1	
 329.13405	 463.77849	 213.65235	        P1	
 436.32330	 366.94561	 125.10247	        P1	
 308.95725	 265.74432	 228.06749	        P1	
 321.56775	 291.95473	 351.62549	        P1	
 372.00975	 440.48033	  84.43132	        P1	
 435.06225	 414.26993	 376.33709	        P1	
 142.49865	 328.35809	 440.69017	        P1	
 453.97799	  62.61372	 424.21581	        P1	
 384.62025	 274.48112	  55.08629	        P1	
 181.59120	  43.68400	  98.84640	        P1	
  16.39365	 207.49900	  32.43397	        P1	
  73.14090	 463.05041	 327.42869	        P1	
  63.05250	 109.21000	 279.54997	        P1	
 189.15750	 317.43709	 331.03245	        P1	
 255.99315	 392.42793	 492.17271	        P1	
 261.03735	 347.28781	 199.23727	        P1	
  25.22100	 425.19093	  28.83022	        P1	
 235.81635	 293.41089	  82.37198	        P1	
 395.96970	 278.12149	 459.22387	        P1	
  70.61880	 451.40133	 226.52302	        P1	
 475.41584	 127.41168	 256.89765	        P1	
 366.96555	 232.25329	 391.26697	        P1	
 201.76800	  62.61372	 141.57689	        P1	
 326.61195	  22.57008	 188.94075	        P1	
 105.92820	 458.68201	 247.11599	        P1	
 354.35505	 185.65700	 440.17536	        P1	
  41.61465	 124.49940	  26.25607	        P1	
 229.51110	 257.73561	 240.93809	        P1	
 122.32185	 251.18301	  74.13480	        P1	
 287.51940	 129.59588	 368.09984	        P1	
  65.57460	  66.98212	 166.28849	        P1	
 221.94480	 244.63041	 261.01627	        P1	
  51.70305	 201.67449	 226.00815	        P1	
 266.08155	 165.27112	 405.68211	        P1	
 165.19755	 321.07741	 106.56877	        P1	
 303.91305	 421.55061	 444.80879	        P1	
 451.45589	 180.56052	 387.14841	        P1	
 486.76529	  50.96468	   8.23718	        P1	
 195.46275	 286.13021	 469.52039	        P1	
 325.35090	 493.62921	 112.74667	        P1	
 395.96970	 161.63080	 395.38559	        P1	
   5.04420	 301.41961	 339.78449	        P1	
  88.27350	 489.26081	  86.49060	        P1	
 438.84540	 305.78801	 105.02430	        P1	
  60.53040	 219.87612	  92.15369	        P1	
 412.36335	 487.07661	 174.52567	        P1	
  35.30940	 429.55933	 207.98932	        P1	
  74.40195	 232.25329	 403.62277	        P1	
  76.92405	 181.28860	  81.85717	        P1	
 462.80534	 214.77969	 131.79518	        P1	
 348.04980	 117.94680	 432.45299	        P1	
 319.04565	 482.70821	 415.46376	        P1	
 493.07054	 494.35729	 459.22387	        P1	
 450.19484	 389.51569	 341.84377	        P1	
  39.09255	 140.51688	 324.85455	        P1	
 411.10230	 311.61253	 258.95699	        P1	
 195.46275	 219.14809	 323.31007	        P1	
 427.49595	 409.90153	  73.61999	        P1	
 348.04980	 356.75269	 310.95427	        P1	
 326.61195	 178.37632	 455.10531	        P1	
   6.30525	 337.09489	 446.86807	        P1	
 334.17825	 473.97141	 322.79527	        P1	
  79.44615	 377.86661	  32.43397	        P1	
 470.37164	  34.21912	 388.69289	        P1	
 481.72109	 141.24492	 350.08101	        P1	
  34.04835	 163.81500	  37.06740	        P1	
 311.47935	 251.18301	   6.17790	        P1	
  64.31355	  64.79792	 424.21581	        P1	
 254.73210	 272.29692	 214.16722	        P1	
 351.83295	 433.19969	 212.10787	        P1	
 326.61195	 351.65621	 315.07289	        P1	
   2.52210	 317.43709	 137.97308	        P1	
 408.58020	 318.89321	 117.38010	        P1	
  85.75140	 167.45532	 123.04319	        P1	
 432.54015	 181.28860	  38.61187	        P1	
 146.28180	 176.19212	 215.71169	        P1	
 445.15065	 141.97300	 135.91380	        P1	
 395.96970	 168.91149	 150.32888	        P1	
  22.69890	 454.31361	 148.26960	        P1	
 168.98070	 278.12149	 398.98934	        P1	
  54.22515	 465.23461	 432.45299	        P1	
 490.54844	 147.79752	 485.99481	        P1	
  16.39365	  57.51728	 114.80595	        P1	
 403.53600	 374.22629	 473.12414	        P1	
  39.09255	  19.65780	 191.51489	        P1	
  83.22930	 342.19133	 164.74402	        P1	
 348.04980	 212.59549	 415.97857	        P1	
 399.75285	 153.62208	 120.98385	        P1	
 117.27765	   8.00872	 462.82768	        P1	
 374.53185	 206.04289	 249.17527	        P1	
 123.58290	   5.82452	 351.62549	        P1	
 406.05810	 241.71812	 166.28849	        P1	
 372.00975	   2.18420	  67.95690	        P1	
  10.08840	  21.84200	 259.47179	        P1	
 216.90060	 196.57800	 236.30467	        P1	
 416.14650	 187.84120	 193.05937	        P1	
 167.71965	 265.74432	 129.22109	        P1	
 331.65615	 405.53313	 252.77909	        P1	
 192.94065	 115.76260	 236.30467	        P1	
 179.06910	 113.57840	 248.66047	        P1	
  80.70720	  36.40332	  16.47442	        P1	
 232.03320	 455.76973	 135.39899	        P1	
  89.53455	 437.56809	 273.88687	        P1	
 311.47935	 494.35729	 335.66587	        P1	
  66.83565	 192.93769	 491.65784	        P1	
 436.32330	 348.01589	 300.14295	        P1	
 116.01660	  13.10520	 469.52039	        P1	
 208.07325	  61.88568	 187.39627	        P1	
 284.99730	 238.80589	 145.69545	        P1	
   2.52210	 154.35012	 115.32082	        P1	
  17.65470	 200.94640	  81.85717	        P1	
 321.56775	  40.04368	 366.55537	        P1	
