2167.00000	   0.00000	   0.00000	   0.00000	
 345.52770	  48.05240	  37.06740	        P1	
 316.52355	  79.35928	 337.21035	        P1	
 219.42270	 382.96309	 415.97857	        P1	
 409.84125	 383.69113	 282.12411	        P1	
 269.86470	   8.73680	  44.78977	        P1	
 175.28595	 409.90153	  22.65232	        P1	
 431.27910	  53.87692	 240.42329	        P1	
 124.84395	 201.67449	 354.19957	        P1	
 330.39510	 237.34972	 450.47188	        P1	
 100.88400	 447.03293	 481.36138	        P1	
 104.66715	  86.63992	 444.29398	        P1	
 129.88815	  24.02620	 118.92457	        P1	
 203.02905	 239.53392	 325.36941	        P1	
 151.32600	 493.62921	 432.45299	        P1	
 168.98070	  96.10480	 452.53116	        P1	
 353.09400	 273.75309	  94.72778	        P1	
 496.85369	 369.85789	 168.86258	        P1	
 277.43100	 195.12189	  28.31535	        P1	
  71.87985	 108.48192	 370.15919	        P1	
  87.01245	 176.92020	 308.89499	        P1	
 165.19755	 101.20128	 306.32085	        P1	
 445.15065	  61.88568	 164.22915	        P1	
 297.60780	 154.35012	  48.90839	        P1	
 276.16995	 140.51688	 263.07555	        P1	
 100.88400	 380.05081	 211.59307	        P1	
  98.36190	 122.31520	 199.23727	        P1	
 156.37020	 364.03333	 201.81142	        P1	
  16.39365	  56.06112	 430.39371	        P1	
  83.22930	 339.27909	 310.95427	        P1	
 413.62440	 458.68201	 409.28586	        P1	
 353.09400	 267.92852	 257.41251	        P1	
  27.74310	 425.19093	 300.65781	        P1	
 427.49595	 332.72649	 131.79518	        P1	
 344.26665	 187.11312	 431.93818	        P1	
 441.36750	 163.08692	 448.92741	        P1	
 139.97655	   2.18420	 366.04057	        P1	
 243.38265	 455.04169	 286.24267	        P1	
 163.93650	 132.50812	 289.84649	        P1	
  20.17680	  68.43828	  20.59298	        P1	
 402.27495	 278.84952	 424.21581	        P1	
 117.27765	  21.11392	 257.41251	        P1	
 384.62025	 408.44541	  92.66850	        P1	
 123.58290	 100.47320	 135.91380	        P1	
 157.63125	 306.51609	 409.80067	        P1	
 146.28180	 187.84120	 186.88147	        P1	
 399.75285	 476.88369	 318.67665	        P1	
 121.06080	 199.49029	 250.71975	        P1	
 336.70035	  64.79792	 207.98932	        P1	
 469.11059	 237.34972	  16.47442	        P1	
 354.35505	 131.78008	 120.98385	        P1	
  11.34945	 389.51569	 343.38825	        P1	
 397.23075	  21.11392	 246.60119	        P1	
 219.42270	  62.61372	 448.92741	        P1	
 208.07325	 242.44621	  55.60110	        P1	
 322.82880	 449.94521	 353.68477	        P1	
 373.27080	  87.36800	  49.42320	        P1	
 133.67130	 203.85869	 473.12414	        P1	
 443.88960	 115.03452	 319.19151	        P1	
 337.96140	 135.42040	  43.24530	        P1	
 466.58849	  78.63120	 358.31819	        P1	
 142.49865	  83.72768	  77.73855	        P1	
 214.37850	 167.45532	 343.90311	        P1	
 494.33159	  68.43828	 226.00815	        P1	
 459.02219	  93.19252	 201.81142	        P1	
 351.83295	 278.84952	 271.31279	        P1	
 317.78460	 429.55933	 343.90311	        P1	
  32.78730	 243.17429	 127.16175	        P1	
 277.43100	  77.17508	 158.05125	        P1	
  83.22930	  39.31560	 259.47179	        P1	
   8.82735	 421.55061	 248.66047	        P1	
  85.75140	  74.26280	 302.71709	        P1	
 375.79290	 447.03293	 431.93818	        P1	
 287.51940	 387.33149	 107.08358	        P1	
  98.36190	 190.75349	 471.57967	        P1	
 203.02905	 112.85032	  28.83022	        P1	
 282.47520	 128.13972	 228.06749	        P1	
  56.74725	 424.46289	 368.09984	        P1	
 324.08985	 390.97181	 242.48257	        P1	
 435.06225	 473.97141	 469.52039	        P1	
 383.35920	 186.38509	 304.77637	        P1	
 288.78045	 236.62169	 182.76285	        P1	
 446.41170	 444.12069	  53.02695	        P1	
 136.19340	 380.05081	 327.42869	        P1	
 121.06080	  52.42080	 185.33700	        P1	
  87.01245	 192.93769	 473.12414	        P1	
  55.48620	 211.13932	  48.90839	        P1	
 240.86055	 155.07820	  57.14557	        P1	
 450.19484	 121.58712	 146.21032	        P1	
  68.09670	 463.05041	 471.06486	        P1	
 383.35920	  14.56132	 226.52302	        P1	
 443.88960	  71.35052	 203.35589	        P1	
 243.38265	 357.48073	 152.38822	        P1	
 269.86470	 279.57761	 475.69829	        P1	
 358.13820	 278.12149	 440.69017	        P1	
 177.80805	  82.27152	 461.28321	        P1	
 329.13405	   3.64032	  41.18602	        P1	
 354.35505	 188.56929	 361.92194	        P1	
 244.64370	 301.41961	 100.39087	        P1	
 336.70035	 271.56889	 201.29655	        P1	
 340.48350	 412.08573	 493.71718	        P1	
 482.98214	 408.44541	 193.05937	        P1	
 191.67960	 259.19172	 189.45562	        P1	
 479.19899	  11.64908	 429.87884	        P1	
 108.45030	 131.05200	 125.10247	        P1	
  74.40195	 366.21753	 265.13489	        P1	
 472.89374	  63.34180	  67.95690	        P1	
 476.67689	 241.71812	 228.06749	        P1	
 224.46690	 265.01629	  34.49325	        P1	
 441.36750	 142.70108	  15.95955	        P1	
 298.86885	  34.21912	 473.63901	        P1	
 479.19899	 487.80469	 256.89765	        P1	
 273.64785	 390.97181	 217.77097	        P1	
 108.45030	 409.17349	 460.76834	        P1	
 452.71694	 306.51609	 453.04597	        P1	
 370.74870	 432.47161	 440.17536	        P1	
 440.10645	 201.67449	 238.36395	        P1	
 445.15065	  32.76300	 284.18339	        P1	
 413.62440	  39.31560	 347.50687	        P1	
  94.57875	  88.09608	 168.86258	        P1	
  73.14090	 419.36641	 193.05937	        P1	
   2.52210	 151.43788	  39.12668	        P1	
 199.24590	 224.24452	 313.01361	        P1	
 107.18925	 168.18340	  38.61187	        P1	
 286.25835	 130.32392	 380.97051	        P1	
 276.16995	 150.70980	 395.38559	        P1	
 138.71550	  11.64908	 113.26148	        P1	
 211.85640	 291.22669	 107.08358	        P1	
  46.65885	 417.18221	 321.25079	        P1	
 118.53870	  32.03492	 245.05671	        P1	
 157.63125	  13.83328	 242.99737	        P1	
 337.96140	 232.98132	  92.15369	        P1	
 343.00560	 425.19093	 265.13489	        P1	
 279.95310	 148.52560	 217.77097	        P1	
 235.81635	 348.74393	 252.77909	        P1	
 348.04980	   8.73680	 217.77097	        P1	
 365.70450	 238.80589	 453.04597	        P1	
 388.40340	 492.17309	 466.94624	        P1	
 341.74455	 494.35729	 269.25345	        P1	
   7.56630	 132.50812	  22.65232	        P1	
  29.00415	 168.18340	 345.96239	        P1	
 243.38265	 111.39420	 415.46376	        P1	
 389.66445	 475.42753	 115.32082	        P1	
 427.49595	 156.53432	 356.25891	        P1	
 402.27495	 290.49861	 328.97317	        P1	
 359.39925	 319.62129	 182.76285	        P1	
 209.33430	 339.27909	 127.16175	        P1	
 394.70865	 455.04169	 374.27774	        P1	
  94.57875	 425.91901	 316.61737	        P1	
 379.57605	 293.41089	 125.61728	        P1	
 181.59120	 292.68281	  12.35580	        P1	
 466.58849	 423.73481	 216.22649	        P1	
 379.57605	 307.97221	 242.48257	        P1	
 133.67130	 117.94680	 168.34777	        P1	
 327.87300	 254.82332	 160.11059	        P1	
 408.58020	 267.92852	 201.81142	        P1	
   6.30525	 240.99009	  28.31535	        P1	
 182.85225	 240.99009	 300.14295	        P1	
  41.61465	  57.51728	 483.93547	        P1	
  89.53455	 396.79633	 201.81142	        P1	
  15.13260	 260.64789	  22.13745	        P1	
 403.53600	 374.22629	 415.97857	        P1	
 380.83710	 394.61213	 492.17271	        P1	
 364.44345	 134.69232	  85.97579	        P1	
 392.18655	 404.07701	 230.12677	        P1	
 190.41855	 423.00673	 221.88959	        P1	
 107.18925	 414.26993	  72.07552	        P1	
 295.08570	 133.96428	  51.48248	        P1	
 290.04150	 286.85829	 139.51755	        P1	
 300.12990	 304.33189	 411.34514	        P1	
 229.51110	 177.64829	 436.05674	        P1	
 247.16580	 315.98093	 351.62549	        P1	
 152.58705	 485.62049	 403.62277	        P1	
 430.01805	 462.32233	 351.62549	        P1	
 215.63955	 223.51649	 428.33437	        P1	
 416.14650	 115.03452	  78.25342	        P1	
 416.14650	 302.87573	 191.00009	        P1	
 233.29425	 357.48073	 405.68211	        P1	
 172.76385	 188.56929	 380.45564	        P1	
  64.31355	  80.81540	 185.33700	        P1	
 345.52770	 119.40292	  18.01890	        P1	
  95.83980	 262.10401	 444.80879	        P1	
  65.57460	   7.28068	 108.62805	        P1	
 239.59950	 346.55973	 370.15919	        P1	
 253.47105	  34.21912	 430.39371	        P1	
 224.46690	 455.76973	  59.71972	        P1	
 284.99730	 219.87612	 339.26969	        P1	
 395.96970	 489.26081	 259.47179	        P1	
  22.69890	  36.40332	 370.15919	        P1	
 340.48350	 464.50653	 418.03791	        P1	
 411.10230	 390.24373	 246.60119	        P1	
 152.58705	  50.23660	 358.31819	        P1	
 129.88815	 492.90113	 399.50421	        P1	
 261.03735	 121.58712	  42.73049	        P1	
 162.67545	 380.77889	 226.00815	        P1	
 486.76529	 281.03373	  92.15369	        P1	
 441.36750	  80.08732	  79.79789	        P1	
  68.09670	  68.43828	 361.92194	        P1	
 184.11330	 152.89400	 444.80879	        P1	
 174.02490	 358.20881	 328.97317	        P1	
 163.93650	 397.52441	 117.38010	        P1	
 411.10230	 426.64709	 261.53107	        P1	
 436.32330	 152.89400	  61.77900	        P1	
 114.75555	 162.35888	 405.16724	        P1	
 229.51110	  49.50852	  90.60922	        P1	
  29.00415	  38.58752	 263.59041	        P1	
 168.98070	  48.05240	 450.98669	        P1	
 259.77630	 138.33268	 466.94624	        P1	
  30.26520	 248.99881	  43.24530	        P1	
 384.62025	 235.16552	 455.10531	        P1	
 121.06080	 116.49068	 195.11865	        P1	
 489.28739	 128.13972	 450.47188	        P1	
 369.48765	 463.77849	 317.13217	        P1	
 252.21000	 278.12149	 348.02167	        P1	
 329.13405	 478.33981	 143.63617	        P1	
 489.28739	  50.96468	 238.36395	        P1	
 257.25420	 199.49029	  15.95955	        P1	
 199.24590	  36.40332	 356.25891	        P1	
 146.28180	  14.56132	 368.61471	        P1	
 112.23345	  53.14888	   3.60375	        P1	
 316.52355	 434.65581	 444.80879	        P1	
 267.34260	 157.26240	 353.68477	        P1	
 249.68790	  39.31560	 131.28037	        P1	
 209.33430	 219.87612	 164.74402	        P1	
  37.83150	 368.40173	 220.34512	        P1	
 460.28324	 342.91941	  30.88950	        P1	
 407.31915	  92.46448	 108.62805	        P1	
 181.59120	 160.17469	 151.87335	        P1	
 498.11474	 248.27072	 265.13489	        P1	
 474.15479	  13.10520	  74.13480	        P1	
 254.73210	 158.71852	 201.81142	        P1	
  66.83565	 283.21792	 368.61471	        P1	
 485.50424	  15.28940	 261.01627	        P1	
  97.10085	 423.00673	 300.65781	        P1	
  66.83565	 471.05913	  96.78712	        P1	
  35.30940	  66.98212	  67.44209	        P1	
 354.35505	 255.55141	 328.97317	        P1	
 184.11330	 113.57840	 125.10247	        P1	
  50.44200	 212.59549	 341.84377	        P1	
 199.24590	 214.05160	 271.82759	        P1	
 108.45030	 180.56052	 444.29398	        P1	
 464.06639	 431.01549	 269.25345	        P1	
 470.37164	 162.35888	 473.12414	        P1	
  15.13260	 484.89241	 217.77097	        P1	
 348.04980	  64.06988	 300.14295	        P1	
 359.39925	 348.74393	 160.11059	        P1	
  89.53455	  31.30688	 127.16175	        P1	
 384.62025	 376.41049	 312.49875	        P1	
 167.71965	  60.42952	 209.53379	        P1	
 446.41170	 327.63001	 452.53116	        P1	
 481.72109	 256.27949	 250.71975	        P1	
 170.24175	 446.30489	 331.03245	        P1	
 485.50424	 457.95393	 485.99481	        P1	
 234.55530	 313.06869	 230.64157	        P1	
 387.14235	 267.20049	 213.65235	        P1	
 422.45175	 273.02501	 403.10796	        P1	
 446.41170	 184.92892	 121.49872	        P1	
 341.74455	 245.35849	 417.52304	        P1	
 403.53600	  71.35052	 407.22658	        P1	
 284.99730	 238.80589	 341.84377	        P1	
 481.72109	 368.40173	 401.04869	        P1	
 385.88130	  68.43828	   8.23718	        P1	
 179.06910	 182.01669	 176.58495	        P1	
 191.67960	 142.70108	 405.16724	        P1	
  51.70305	 152.16592	 438.11608	        P1	
 194.20170	 106.29772	 319.19151	        P1	
 494.33159	 224.24452	  55.08629	        P1	
 160.15335	 162.35888	 372.73327	        P1	
 126.10500	 115.03452	  98.33159	        P1	
 195.46275	 162.35888	 448.41254	        P1	
 223.20585	  91.00832	  28.83022	        P1	
 187.89645	 390.97181	 259.47179	        P1	
 481.72109	  53.87692	 140.03242	        P1	
 208.07325	 146.34140	 464.88696	        P1	
  23.95995	 197.30609	 213.65235	        P1	
 229.51110	 129.59588	 119.43938	        P1	
 399.75285	  70.62248	   3.60375	        P1	
 358.13820	 265.01629	   9.78165	        P1	
 223.20585	 171.09569	 471.57967	        P1	
  52.96410	 202.40252	 481.36138	        P1	
 298.86885	 213.32352	  59.71972	        P1	
 474.15479	  68.43828	 286.24267	        P1	
 301.39095	 488.53273	 289.84649	        P1	
 261.03735	 270.11272	 178.64429	        P1	
 389.66445	 347.28781	 222.40439	        P1	
 384.62025	 255.55141	 302.71709	        P1	
  54.22515	  57.51728	 372.73327	        P1	
 409.84125	 121.58712	 394.87079	        P1	
 267.34260	 336.36681	 389.20769	        P1	
 175.28595	 443.39261	 483.42066	        P1	
 290.04150	   1.45612	  41.18602	        P1	
 109.71135	 472.51529	 436.05674	        P1	
 136.19340	 129.59588	 131.79518	        P1	
  58.00830	 492.17309	  14.41508	        P1	
  66.83565	 195.84992	 275.94621	        P1	
  55.48620	 441.20841	 413.91929	        P1	
 326.61195	 294.86701	 222.40439	        P1	
  11.34945	 176.92020	 327.42869	        P1	
 418.66860	 115.03452	 326.91389	        P1	
 422.45175	 296.32313	 104.50949	        P1	
 484.24319	 232.98132	 357.80339	        P1	
 156.37020	 326.17389	 329.48797	        P1	
 200.50695	  88.09608	 199.75207	        P1	
  13.87155	 121.58712	  67.44209	        P1	
  70.61880	 117.94680	 440.17536	        P1	
  16.39365	 271.56889	 423.70094	        P1	
 232.03320	 161.63080	 137.45827	        P1	
 195.46275	 334.18261	 471.06486	        P1	
  63.05250	 442.66453	 203.35589	        P1	
 197.98485	 133.23620	 278.00549	        P1	
 462.80534	 318.16513	  10.29652	        P1	
  22.69890	 468.87493	 221.88959	        P1	
  27.74310	 171.82372	 116.86529	        P1	
 208.07325	 297.77929	 120.98385	        P1	
 172.76385	  10.92100	  67.95690	        P1	
 427.49595	   5.09648	 337.21035	        P1	
 433.80120	 203.85869	 440.69017	        P1	
 203.02905	  92.46448	 491.65784	        P1	
 200.50695	 287.58632	  36.55259	        P1	
 452.71694	 249.72689	 459.22387	        P1	
 232.03320	 377.13853	 450.47188	        P1	
  10.08840	 480.52401	 383.02979	        P1	
 220.68375	 286.13021	  81.85717	        P1	
  63.05250	 401.89281	 186.88147	        P1	
  10.08840	 326.17389	 300.14295	        P1	
 467.84954	 204.58672	  96.78712	        P1	
 312.74040	 256.27949	 306.32085	        P1	
 446.41170	 369.85789	  65.38275	        P1	
  79.44615	 392.42793	 135.39899	        P1	
 167.71965	  89.55220	 267.19417	        P1	
 491.80949	 461.59429	 280.06477	        P1	
 139.97655	 222.06032	 252.77909	        P1	
 100.88400	 310.15641	 396.93006	        P1	
 122.32185	  13.83328	 113.26148	        P1	
 261.03735	 233.70941	  37.06740	        P1	
 288.78045	  82.27152	 313.01361	        P1	
 179.06910	 419.36641	  37.06740	        P1	
 462.80534	 414.26993	 357.80339	        P1	
 218.16165	 441.93649	 331.03245	        P1	
 443.88960	 310.15641	 298.08367	        P1	
 494.33159	 122.31520	  32.43397	        P1	
 392.18655	 396.79633	 350.08101	        P1	
 346.78875	  92.46448	 108.62805	        P1	
 261.03735	 423.00673	 401.04869	        P1	
 416.14650	 480.52401	 279.54997	        P1	
 287.51940	 208.22709	 318.67665	        P1	
 395.96970	 170.36760	 180.70357	        P1	
 311.47935	 450.67329	 335.66587	        P1	
 261.03735	 144.88528	 181.21837	        P1	
 351.83295	 485.62049	  46.84905	        P1	
 354.35505	 109.93808	 107.08358	        P1	
 432.54015	 420.09449	 304.77637	        P1	
 228.25005	  72.07860	 444.80879	        P1	
 221.94480	 343.64749	 361.92194	        P1	
  13.87155	 363.30529	 318.67665	        P1	
 479.19899	 100.47320	  18.53370	        P1	
 158.89230	  99.01708	 281.60925	        P1	
 354.35505	 168.18340	 111.20220	        P1	
 249.68790	 176.19212	 399.50421	        P1	
 366.96555	 238.07781	 199.23727	        P1	
  20.17680	 109.21000	  86.49060	        P1	
 109.71135	  44.41208	 409.80067	        P1	
  44.13675	 233.70941	  50.96767	        P1	
  99.62295	 444.84873	 109.14292	        P1	
 123.58290	 384.41921	 248.66047	        P1	
 387.14235	 296.32313	 110.68739	        P1	
 377.05395	 424.46289	  82.37198	        P1	
 156.37020	 225.70069	  28.31535	        P1	
   5.04420	 377.13853	 374.79261	        P1	
 263.55945	 469.60301	  74.13480	        P1	
 461.54429	 377.13853	 283.66859	        P1	
 257.25420	 307.24413	 191.00009	        P1	
  12.61050	 238.80589	 440.69017	        P1	
 257.25420	 203.85869	 331.03245	        P1	
 416.14650	 422.27869	 335.66587	        P1	
 131.14920	 154.35012	 252.77909	        P1	
  17.65470	 113.57840	  92.66850	        P1	
 259.77630	  66.98212	 424.21581	        P1	
  70.61880	 171.82372	 127.67662	        P1	
 253.47105	 105.56968	 119.43938	        P1	
   3.78315	 315.25289	 256.89765	        P1	
 156.37020	 474.69949	   8.23718	        P1	
 457.76114	 462.32233	 351.62549	        P1	
 485.50424	 232.25329	 150.32888	        P1	
  35.30940	 262.10401	 359.86267	        P1	
 185.37435	 102.65740	  61.77900	        P1	
 161.41440	 200.94640	 117.38010	        P1	
 184.11330	 356.75269	 230.64157	        P1	
  13.87155	 342.91941	   6.17790	        P1	
 359.39925	 475.42753	 425.76028	        P1	
 283.73625	 484.16433	  10.29652	        P1	
 220.68375	  10.92100	  18.53370	        P1	
 189.15750	 431.01549	 280.06477	        P1	
 411.10230	  59.70148	 298.59847	        P1	
 203.02905	  42.95592	 258.95699	        P1	
  13.87155	 284.67409	 343.38825	        P1	
 136.19340	  11.64908	 139.51755	        P1	
  84.49035	 227.88489	 176.58495	        P1	
 220.68375	 156.53432	  78.25342	        P1	
 117.27765	 124.49940	 366.04057	        P1	
 356.87715	 174.00792	  35.00812	        P1	
 219.42270	 193.66572	 337.72521	        P1	
 264.82050	  11.64908	 411.34514	        P1	
 350.57190	  46.59628	 139.51755	        P1	
 290.04150	  10.19292	  72.07552	        P1	
  68.09670	 378.59469	 131.79518	        P1	
 475.41584	 243.90232	 319.19151	        P1	
 387.14235	 249.72689	 226.00815	        P1	
 158.89230	  11.64908	  46.84905	        P1	
 191.67960	  27.66652	 228.06749	        P1	
  56.74725	 245.35849	 232.18605	        P1	
 482.98214	 232.25329	 422.15647	        P1	
 279.95310	 163.08692	 265.13489	        P1	
 441.36750	 458.68201	 193.05937	        P1	
 266.08155	 300.69153	 153.93269	        P1	
  27.74310	 428.10321	 123.55800	        P1	
 103.40610	 158.71852	 413.40448	        P1	
 137.45445	 434.65581	 216.22649	        P1	
 186.63540	 359.66493	 374.79261	        P1	
 361.92135	 469.60301	 240.93809	        P1	
 459.02219	 189.29732	 164.74402	        P1	
 195.46275	 102.65740	  74.13480	        P1	
  79.44615	 360.39301	 166.80330	        P1	
 264.82050	 407.71733	 129.22109	        P1	
  76.92405	 300.69153	 123.04319	        P1	
 389.66445	 261.37592	 333.09179	        P1	
 261.03735	  76.44700	 384.57426	        P1	
 132.41025	 310.88449	  28.31535	        P1	
 307.69620	 272.29692	 448.92741	        P1	
 203.02905	 348.74393	 368.61471	        P1	
 137.45445	  72.07860	  75.67927	        P1	
 151.32600	  85.91188	 337.21035	        P1	
 482.98214	 172.55180	 223.94887	        P1	
  17.65470	 164.54309	 263.07555	        P1	
  18.91575	   9.46488	 244.54185	        P1	
 403.53600	 463.05041	  44.78977	        P1	
  95.83980	 493.62921	 322.79527	        P1	
 220.68375	   8.00872	 462.82768	        P1	
 301.39095	 433.19969	 428.33437	        P1	
 370.74870	 113.57840	 131.28037	        P1	
 387.14235	 101.20128	 201.29655	        P1	
 312.74040	 339.27909	 176.58495	        P1	
 286.25835	  18.20168	 386.63354	        P1	
 364.44345	 131.78008	  53.02695	        P1	
  50.44200	 311.61253	 469.00558	        P1	
  20.17680	 177.64829	 380.45564	        P1	
 317.78460	 417.91029	 249.17527	        P1	
 326.61195	 347.28781	 273.37207	        P1	
 462.80534	 220.60420	 401.56349	        P1	
 479.19899	 182.01669	 331.03245	        P1	
 322.82880	 333.45453	  84.43132	        P1	
 262.29840	  50.96468	 368.09984	        P1	
 138.71550	  75.71892	 115.32082	        P1	
 268.60365	 305.05993	 314.55809	        P1	
 388.40340	  85.91188	 368.09984	        P1	
  31.52625	  44.41208	 306.32085	        P1	
 138.71550	 198.03412	 370.15919	        P1	
 346.78875	 316.70901	 316.61737	        P1	
  27.74310	 263.56012	 461.28321	        P1	
 345.52770	 382.96309	 385.08907	        P1	
  81.96825	 380.77889	 300.14295	        P1	
 225.72795	  53.14888	 355.74404	        P1	
 377.05395	 293.41089	   2.05928	        P1	
  35.30940	 151.43788	 218.28577	        P1	
 356.87715	 283.21792	 164.74402	        P1	
 476.67689	 449.94521	 420.09719	        P1	
 184.11330	 412.08573	 197.17799	        P1	
 412.36335	 176.92020	 366.04057	        P1	
 200.50695	 446.30489	 348.02167	        P1	
 493.07054	 261.37592	 331.54731	        P1	
 284.99730	 294.13893	 129.22109	        P1	
 354.35505	 184.20089	 151.87335	        P1	
 355.61610	 470.33109	 348.02167	        P1	
  55.48620	 163.08692	 357.80339	        P1	
   7.56630	 326.17389	 298.59847	        P1	
  76.92405	 443.39261	 463.34249	        P1	
 116.01660	 436.84001	  18.53370	        P1	
 398.49180	 203.85869	 219.83025	        P1	
  27.74310	  16.01748	 385.08907	        P1	
 488.02634	 188.56929	  15.95955	        P1	
 399.75285	 357.48073	 456.64978	        P1	
 201.76800	 195.12189	 107.08358	        P1	
 205.55115	 258.46369	 273.88687	        P1	
 392.18655	 188.56929	 269.25345	        P1	
 252.21000	 289.77053	 337.72521	        P1	
 339.22245	 259.91981	 310.43947	        P1	
 213.11745	 473.97141	 308.89499	        P1	
 387.14235	 289.04249	  26.77088	        P1	
  78.18510	 138.33268	 120.98385	        P1	
 226.98900	  68.43828	 187.39627	        P1	
  10.08840	 474.69949	 385.08907	        P1	
  83.22930	 179.10440	 310.43947	        P1	
 358.13820	 298.50733	 325.36941	        P1	
 114.75555	 197.30609	 466.94624	        P1	
 414.88545	 222.06032	 444.29398	        P1	
 464.06639	 282.48989	 256.89765	        P1	
 421.19070	 483.43629	  63.83828	        P1	
  25.22100	 209.68320	  92.66850	        P1	
  95.83980	 285.40213	 320.73599	        P1	
  29.00415	 131.78008	  77.73855	        P1	
 155.10915	 120.13100	  37.06740	        P1	
 302.65200	 406.26121	 489.59856	        P1	
 307.69620	 417.91029	 391.26697	        P1	
 467.84954	 425.91901	 427.81956	        P1	
 436.32330	 327.63001	 304.26157	        P1	
 477.93794	  29.85072	 387.14841	        P1	
 390.92550	  50.96468	 125.61728	        P1	
 334.17825	 402.62089	  90.09435	        P1	
 460.28324	 386.60341	 162.16987	        P1	
 408.58020	 442.66453	 115.32082	        P1	
   0.00000	 460.13813	  28.83022	        P1	
 215.63955	 227.88489	 318.67665	        P1	
 474.15479	 451.40133	 431.93818	        P1	
  31.52625	 181.28860	 112.74667	        P1	
 428.75700	 349.47201	 321.25079	        P1	
 365.70450	   1.45612	 431.93818	        P1	
 414.88545	 137.60460	  92.66850	        P1	
  34.04835	 360.39301	 328.97317	        P1	
 412.36335	 185.65700	 216.22649	        P1	
 107.18925	 342.91941	 308.89499	        P1	
  81.96825	 163.81500	  13.90027	        P1	
 422.45175	 261.37592	 265.13489	        P1	
 266.08155	 392.42793	 388.69289	        P1	
 496.85369	 212.59549	 281.60925	        P1	
 437.58435	  32.76300	 205.41517	        P1	
 315.26250	 470.33109	 391.26697	        P1	
 490.54844	 109.93808	 238.36395	        P1	
 273.64785	 393.88409	  45.30458	        P1	
 409.84125	  16.74552	 271.31279	        P1	
 337.96140	 275.20921	 216.22649	        P1	
 418.66860	 151.43788	 380.45564	        P1	
 383.35920	 278.12149	 491.65784	        P1	
 438.84540	 467.41881	  38.61187	        P1	
 440.10645	 463.77849	 127.16175	        P1	
  68.09670	 196.57800	 185.33700	        P1	
 157.63125	  22.57008	  82.37198	        P1	
 320.30670	 321.80549	  46.84905	        P1	
 200.50695	 380.77889	 405.16724	        P1	
 383.35920	 164.54309	 397.44487	        P1	
 423.71280	 315.98093	 146.21032	        P1	
 482.98214	 455.04169	   2.05928	        P1	
 172.76385	 466.69073	  22.65232	        P1	
 453.97799	 479.06789	 491.65784	        P1	
 292.56360	 388.78761	 489.59856	        P1	
 378.31500	 165.99920	  32.43397	        P1	
 228.25005	 169.63952	 380.97051	        P1	
 276.16995	 223.51649	  51.48248	        P1	
 408.58020	 420.82253	 438.11608	        P1	
 292.56360	 190.75349	 226.00815	        P1	
  13.87155	 446.30489	  51.48248	        P1	
 184.11330	 489.26081	  86.49060	        P1	
 474.15479	 248.99881	  57.14557	        P1	
 298.86885	 417.18221	 148.26960	        P1	
 453.97799	 267.92852	 166.28849	        P1	
 168.98070	 487.80469	 459.22387	        P1	
 416.14650	  18.92972	  22.65232	        P1	
  88.27350	 458.68201	 396.93006	        P1	
 118.53870	 216.96389	 120.98385	        P1	
 287.51940	 205.31480	 396.93006	        P1	
 107.18925	 182.74472	 183.27772	        P1	
 466.58849	 396.06829	 139.51755	        P1	
 253.47105	 238.07781	 471.06486	        P1	
 282.47520	  29.12268	 275.43135	        P1	
 484.24319	 381.50693	 438.11608	        P1	
 361.92135	 401.16473	 300.65781	        P1	
 132.41025	 131.78008	 337.21035	        P1	
  31.52625	  56.06112	 326.91389	        P1	
 437.58435	  89.55220	 205.41517	        P1	
 354.35505	 294.86701	 401.56349	        P1	
 264.82050	 302.87573	 425.76028	        P1	
 374.53185	   2.18420	 123.55800	        P1	
 470.37164	 149.25368	 436.05674	        P1	
 301.39095	 364.76141	 358.31819	        P1	
  93.31770	 340.73521	 458.70906	        P1	
  16.39365	 447.76101	  37.06740	        P1	
 369.48765	 379.32273	 399.50421	        P1	
 392.18655	 299.23541	 172.98120	        P1	
  80.70720	 192.20960	 413.91929	        P1	
 448.93379	 452.85749	 491.65784	        P1	
  87.01245	 404.07701	 415.46376	        P1	
 435.06225	 242.44621	 172.98120	        P1	
  65.57460	 461.59429	  96.27225	        P1	
 374.53185	 462.32233	 351.62549	        P1	
 268.60365	 156.53432	  35.00812	        P1	
 156.37020	 244.63041	 285.72787	        P1	
 353.09400	 238.80589	 250.71975	        P1	
 477.93794	 446.30489	 156.50678	        P1	
  21.43785	 418.63833	 170.92192	        P1	
 312.74040	 148.52560	 475.69829	        P1	
 375.79290	 291.22669	   2.05928	        P1	
 121.06080	 375.68241	 131.28037	        P1	
 296.34675	 190.02540	 308.89499	        P1	
 482.98214	 188.56929	 300.14295	        P1	
 163.93650	  93.19252	 319.19151	        P1	
 339.22245	 421.55061	 267.19417	        P1	
   3.78315	 329.81421	 216.22649	        P1	
 119.79975	 373.49821	 123.55800	        P1	
 361.92135	 354.56849	 256.89765	        P1	
 105.92820	   4.36840	 123.55800	        P1	
 466.58849	 326.17389	 170.40705	        P1	
 161.41440	 374.22629	 199.75207	        P1	
 442.62855	  93.92060	 488.05409	        P1	
 240.86055	 446.30489	 378.91117	        P1	
 206.81220	 362.57721	 125.10247	        P1	
 205.55115	 345.83169	 329.48797	        P1	
 486.76529	 195.12189	 261.53107	        P1	
 155.10915	 146.34140	 117.38010	        P1	
 127.36605	  35.67528	  96.27225	        P1	
  89.53455	 376.41049	 448.41254	        P1	
 387.14235	  72.07860	 353.68477	        P1	
 209.33430	 186.38509	 411.34514	        P1	
 480.46004	  69.16632	  36.55259	        P1	
 233.29425	 102.65740	 321.25079	        P1	
 471.63269	 311.61253	 275.94621	        P1	
  26.48205	 233.70941	 376.85189	        P1	
 484.24319	  34.94720	 284.18339	        P1	
  46.65885	 200.21832	 479.81691	        P1	
  69.35775	 299.23541	 339.78449	        P1	
 223.20585	 296.32313	  53.54182	        P1	
  17.65470	 152.89400	 223.94887	        P1	
 195.46275	 479.79593	  24.19679	        P1	
 404.79705	 297.77929	 391.26697	        P1	
 343.00560	 222.78840	 273.37207	        P1	
  93.31770	 317.43709	  14.41508	        P1	
 455.23904	 431.74353	 289.84649	        P1	
 264.82050	 454.31361	 193.05937	        P1	
 317.78460	 170.36760	 403.10796	        P1	
 269.86470	  74.26280	 242.48257	        P1	
 204.29010	 323.26161	 358.31819	        P1	
 255.99315	 456.49781	 353.68477	        P1	
 192.94065	 418.63833	 197.17799	        P1	
 349.31085	 198.76220	 160.62540	        P1	
 295.08570	 103.38548	 422.15647	        P1	
 132.41025	 449.21713	  18.01890	        P1	
  64.31355	 121.58712	  48.90839	        P1	
 427.49595	 404.07701	 345.96239	        P1	
 155.10915	 194.39380	   0.00000	        P1	
 351.83295	 102.65740	 265.64969	        P1	
 356.87715	  92.46448	 164.22915	        P1	
 465.32744	 207.49900	  75.67927	        P1	
 315.26250	 487.80469	 125.61728	        P1	
 232.03320	 147.06948	 293.96505	        P1	
 486.76529	  85.91188	 256.89765	        P1	
 447.67274	 335.63873	  67.44209	        P1	
 269.86470	 147.06948	 131.79518	        P1	
 292.56360	 492.17309	 436.05674	        P1	
 379.57605	 441.93649	  46.84905	        P1	
   6.30525	 249.72689	 337.21035	        P1	
 230.77215	   6.55260	  57.14557	        P1	
 417.40755	 258.46369	   8.23718	        P1	
 110.97240	  45.14012	   4.11862	        P1	
 172.76385	 261.37592	 258.95699	        P1	
 380.83710	 179.10440	 463.34249	        P1	
 221.94480	 495.08533	 399.50421	        P1	
 384.62025	 328.35809	  76.19408	        P1	
  46.65885	 462.32233	 135.39899	        P1	
 409.84125	 300.69153	 288.30201	        P1	
 266.08155	 322.53353	 351.62549	        P1	
 244.64370	 131.05200	 409.28586	        P1	
 176.54700	 342.19133	 473.63901	        P1	
 182.85225	   9.46488	  28.31535	        P1	
 354.35505	 210.41129	 453.04597	        P1	
 272.38680	 174.73600	 481.87619	        P1	
  66.83565	 329.81421	 285.72787	        P1	
 147.54285	 497.26953	 492.17271	        P1	
  31.52625	  69.16632	   4.11862	        P1	
 209.33430	 442.66453	 450.47188	        P1	
 142.49865	 188.56929	   3.60375	        P1	
 155.10915	 118.67488	 448.41254	        P1	
 257.25420	 278.12149	 354.19957	        P1	
 288.78045	 369.12981	 166.80330	        P1	
  99.62295	 188.56929	 114.80595	        P1	
 416.14650	 235.89361	  37.06740	        P1	
  23.95995	 347.28781	 389.20769	        P1	
 213.11745	 238.07781	 358.31819	        P1	
  47.91990	 253.36721	 471.06486	        P1	
 243.38265	  82.27152	 220.34512	        P1	
 158.89230	  84.45572	  24.19679	        P1	
 339.22245	 249.72689	  22.13745	        P1	
  87.01245	 321.07741	 179.15910	        P1	
 494.33159	 203.85869	  59.20485	        P1	
 401.01390	 182.01669	 300.14295	        P1	
 192.94065	 240.99009	 201.29655	        P1	
 370.74870	 391.69989	 232.18605	        P1	
 166.45860	 163.08692	 300.65781	        P1	
 268.60365	 139.06072	 376.33709	        P1	
 253.47105	 332.72649	   3.60375	        P1	
  58.00830	 416.45413	 195.63352	        P1	
 123.58290	 184.92892	 351.62549	        P1	
 363.18240	 420.82253	  48.90839	        P1	
 194.20170	 436.84001	  18.53370	        P1	
  93.31770	  20.38588	 139.51755	        P1	
 435.06225	 201.67449	 324.85455	        P1	
  39.09255	 337.09489	 331.03245	        P1	
 172.76385	 107.02580	 143.63617	        P1	
 168.98070	 149.98172	 376.33709	        P1	
 214.37850	  94.64868	 280.06477	        P1	
 172.76385	 163.81500	 407.74139	        P1	
 277.43100	 297.05121	 254.83837	        P1	
 322.82880	 324.71773	 388.69289	        P1	
  90.79560	 433.92773	 326.91389	        P1	
 160.15335	 479.79593	 370.15919	        P1	
 360.66030	 489.26081	 210.04859	        P1	
 308.95725	 181.28860	  75.67927	        P1	
 325.35090	 215.50772	  36.55259	        P1	
 258.51525	 111.39420	 481.87619	        P1	
 232.03320	 452.85749	 244.54185	        P1	
   7.56630	 400.43669	  82.37198	        P1	
 456.50009	  32.03492	 461.28321	        P1	
  10.08840	 359.66493	 140.03242	        P1	
 343.00560	 106.29772	 357.80339	        P1	
 422.45175	 265.74432	 197.17799	        P1	
 416.14650	 378.59469	 108.62805	        P1	
 176.54700	 238.80589	 293.96505	        P1	
   3.78315	 127.41168	 127.16175	        P1	
  81.96825	 430.28741	 450.98669	        P1	
 390.92550	 447.03293	 164.74402	        P1	
 412.36335	 497.26953	 257.41251	        P1	
 451.45589	  65.52600	 223.94887	        P1	
 296.34675	 345.83169	 156.50678	        P1	
 379.57605	  66.25408	  76.19408	        P1	
 137.45445	 172.55180	 118.92457	        P1	
 378.31500	 282.48989	 255.35317	        P1	
  60.53040	 170.36760	 481.87619	        P1	
 151.32600	 375.68241	 488.05409	        P1	
 452.71694	 488.53273	   5.66310	        P1	
  59.26935	 185.65700	 308.89499	        P1	
 254.73210	 320.34933	 191.00009	        P1	
  93.31770	 119.40292	 177.09982	        P1	
 192.94065	 364.76141	 444.80879	        P1	
 402.27495	 393.88409	 417.52304	        P1	
 162.67545	  85.18380	  88.03507	        P1	
 461.54429	 391.69989	 207.47445	        P1	
 448.93379	 254.82332	 444.29398	        P1	
 440.10645	 271.56889	 343.38825	        P1	
 291.30255	  85.18380	 265.64969	        P1	
  55.48620	  78.63120	 341.32897	        P1	
 102.14505	 376.41049	  51.48248	        P1	
 269.86470	 387.33149	 195.11865	        P1	
 287.51940	 458.68201	 228.58229	        P1	
 459.02219	 308.70029	 349.56614	        P1	
 142.49865	 156.53432	  84.43132	        P1	
 103.40610	 144.15720	 217.77097	        P1	
 419.92965	 360.39301	 284.18339	        P1	
 301.39095	  19.65780	 438.63089	        P1	
 385.88130	 186.38509	 263.07555	        P1	
 180.33015	 120.13100	  74.13480	        P1	
 171.50280	 211.13932	 263.59041	        P1	
 142.49865	 181.28860	 370.67399	        P1	
 200.50695	  61.88568	 156.50678	        P1	
 358.13820	 136.87652	 116.86529	        P1	
  88.27350	 451.40133	 160.11059	        P1	
  88.27350	  68.43828	 391.26697	        P1	
  66.83565	 399.70861	 230.12677	        P1	
 448.93379	 333.45453	 220.34512	        P1	
 379.57605	 441.93649	 355.74404	        P1	
 221.94480	 369.85789	 287.78715	        P1	
 109.71135	 322.53353	 456.64978	        P1	
 322.82880	  85.91188	 417.52304	        P1	
 121.06080	  37.85948	   8.23718	        P1	
 171.50280	 269.38469	 187.39627	        P1	
  40.35360	 487.80469	 354.19957	        P1	
 424.97385	   6.55260	 290.36129	        P1	
 215.63955	  61.88568	 446.86807	        P1	
 296.34675	 491.44501	 469.52039	        P1	
 443.88960	 439.75229	 145.69545	        P1	
 424.97385	 121.58712	 123.04319	        P1	
 300.12990	 103.38548	 331.03245	        P1	
  97.10085	  13.83328	 391.26697	        P1	
 158.89230	 486.34853	  24.19679	        P1	
 401.01390	 336.36681	 383.02979	        P1	
 277.43100	 132.50812	 153.93269	        P1	
 297.60780	 432.47161	 457.16459	        P1	
 472.89374	 296.32313	 228.06749	        P1	
 303.91305	 217.69192	 405.68211	        P1	
 150.06495	  19.65780	 197.69279	        P1	
 489.28739	 262.10401	 273.37207	        P1	
 351.83295	  45.86820	  38.61187	        P1	
 358.13820	 183.47280	 234.76019	        P1	
  89.53455	 335.63873	 258.95699	        P1	
 170.24175	 372.04209	 236.81947	        P1	
  61.79145	 207.49900	 366.04057	        P1	
 176.54700	 148.52560	 193.05937	        P1	
  73.14090	 129.59588	 343.38825	        P1	
 462.80534	 268.65661	  38.61187	        P1	
 461.54429	 155.80628	 145.69545	        P1	
 372.00975	 408.44541	 489.59856	        P1	
 482.98214	 316.70901	  57.14557	        P1	
 245.90475	 265.74432	  16.47442	        P1	
 185.37435	 452.12941	  75.67927	        P1	
  18.91575	   8.00872	  35.00812	        P1	
 192.94065	  10.92100	 162.16987	        P1	
 297.60780	  13.10520	 333.60659	        P1	
 248.42685	 350.20009	 249.17527	        P1	
 199.24590	 218.42000	 376.85189	        P1	
 476.67689	  88.82412	 333.09179	        P1	
 281.21415	  15.28940	  86.49060	        P1	
 163.93650	 473.24333	 133.85452	        P1	
 452.71694	   8.00872	  22.65232	        P1	
 406.05810	 397.52441	 166.80330	        P1	
 467.84954	 497.26953	 152.38822	        P1	
 421.19070	 164.54309	  70.01618	        P1	
  81.96825	 466.69073	  92.15369	        P1	
 126.10500	 227.15681	 358.31819	        P1	
  47.91990	 406.26121	 457.16459	        P1	
  11.34945	 436.11193	 339.26969	        P1	
 264.82050	  18.92972	  24.19679	        P1	
 108.45030	 151.43788	 108.62805	        P1	
 157.63125	 286.13021	 174.52567	        P1	
 337.96140	 381.50693	 374.79261	        P1	
  45.39780	   4.36840	 180.70357	        P1	
 401.01390	  99.01708	 310.95427	        P1	
 482.98214	 449.21713	 343.90311	        P1	
 190.41855	  48.78048	 151.87335	        P1	
 351.83295	 265.74432	 394.87079	        P1	
  99.62295	 157.99048	 304.77637	        P1	
 185.37435	 363.30529	 255.35317	        P1	
 170.24175	 139.06072	 257.41251	        P1	
  65.57460	 419.36641	 488.05409	        P1	
 205.55115	 102.65740	 444.80879	        P1	
 498.11474	 114.30648	 188.94075	        P1	
 230.77215	 280.30569	 331.03245	        P1	
 146.28180	 163.08692	 382.51499	        P1	
 461.54429	 199.49029	 269.25345	        P1	
  69.35775	 236.62169	  20.59298	        P1	
 204.29010	 442.66453	 209.53379	        P1	
 442.62855	 188.56929	 366.55537	        P1	
  59.26935	 492.90113	  59.71972	        P1	
  87.01245	 114.30648	  15.95955	        P1	
 113.49450	  32.03492	 129.22109	        P1	
  26.48205	 287.58632	 401.04869	        P1	
  47.91990	 278.12149	  77.73855	        P1	
 272.38680	 420.82253	 368.61471	        P1	
 440.10645	 224.97260	 302.71709	        P1	
 245.90475	 165.27112	 121.49872	        P1	
 257.25420	 401.89281	 390.75216	        P1	
 278.69205	 380.77889	  90.09435	        P1	
  16.39365	  26.93848	 156.50678	        P1	
   3.78315	 396.79633	 127.67662	        P1	
 118.53870	 110.66612	 473.63901	        P1	
 213.11745	 354.56849	 269.25345	        P1	
 292.56360	 256.27949	  28.31535	        P1	
 409.84125	   6.55260	 446.35326	        P1	
 118.53870	 457.22589	 205.92997	        P1	
 302.65200	 492.17309	 119.43938	        P1	
 344.26665	  10.92100	 105.02430	        P1	
 317.78460	 433.92773	 407.22658	        P1	
 158.89230	  56.78920	 316.61737	        P1	
 450.19484	 226.42872	  35.00812	        P1	
 389.66445	  96.83288	 349.56614	        P1	
 470.37164	 326.90193	  41.18602	        P1	
  83.22930	 330.54229	 479.30204	        P1	
 232.03320	 397.52441	 180.70357	        P1	
 278.69205	 463.77849	 280.06477	        P1	
  95.83980	  90.28028	 349.56614	        P1	
 220.68375	 302.14769	 465.40177	        P1	
  50.44200	  36.40332	 456.64978	        P1	
  56.74725	 134.69232	 220.34512	        P1	
 467.84954	 258.46369	  32.94878	        P1	
 414.88545	 436.11193	 220.34512	        P1	
 346.78875	 423.00673	 228.06749	        P1	
 194.20170	 391.69989	 107.08358	        P1	
 138.71550	 378.59469	 187.39627	        P1	
 493.07054	  61.88568	 261.53107	        P1	
  36.57045	 163.81500	 253.29389	        P1	
 232.03320	 471.78721	 384.57426	        P1	
  74.40195	 307.97221	   0.00000	        P1	
 345.52770	 160.17469	 150.32888	        P1	
 277.43100	 336.36681	 179.15910	        P1	
 220.68375	   5.09648	 304.77637	        P1	
 416.14650	 380.05081	 118.92457	        P1	
 225.72795	 195.84992	 475.18348	        P1	
 378.31500	 195.12189	  90.09435	        P1	
  15.13260	 237.34972	 394.87079	        P1	
  36.57045	 268.65661	 111.20220	        P1	
 133.67130	  37.85948	 242.99737	        P1	
 440.10645	   2.18420	 111.20220	        P1	
 346.78875	 360.39301	 278.00549	        P1	
 153.84810	  13.10520	 358.31819	        P1	
 493.07054	  32.76300	  12.35580	        P1	
 287.51940	 187.84120	 179.15910	        P1	
 283.73625	 322.53353	 333.09179	        P1	
 177.80805	  47.32432	 288.30201	        P1	
 230.77215	 414.26993	 240.42329	        P1	
 199.24590	 167.45532	 178.64429	        P1	
 322.82880	 227.15681	 278.00549	        P1	
  50.44200	 471.78721	 463.34249	        P1	
 467.84954	 208.95512	 351.62549	        P1	
 229.51110	  18.92972	  24.19679	        P1	
  16.39365	 420.09449	 145.69545	        P1	
 384.62025	 152.16592	 147.75479	        P1	
 143.75970	  23.29812	  42.73049	        P1	
   7.56630	 148.52560	 236.30467	        P1	
 151.32600	 326.17389	  90.09435	        P1	
 305.17410	 460.13813	 115.32082	        P1	
 147.54285	 415.72609	 244.54185	        P1	
  68.09670	 117.94680	  86.49060	        P1	
 477.93794	  19.65780	  67.95690	        P1	
 281.21415	 280.30569	 187.39627	        P1	
 366.96555	 329.81421	 205.41517	        P1	
  66.83565	  34.21912	 172.46639	        P1	
 203.02905	 482.70821	 335.15107	        P1	
 324.08985	 444.84873	 257.41251	        P1	
  58.00830	  56.78920	 335.15107	        P1	
 196.72380	 454.31361	 457.16459	        P1	
 398.49180	 449.94521	 285.72787	        P1	
 353.09400	  87.36800	   6.17790	        P1	
  18.91575	 331.27033	  67.44209	        P1	
 279.95310	   4.36840	 271.82759	        P1	
 234.55530	 195.12189	 374.27774	        P1	
 484.24319	 362.57721	 420.09719	        P1	
 282.47520	 151.43788	 168.86258	        P1	
 238.33845	 392.42793	 170.92192	        P1	
 179.06910	  72.80668	 378.91117	        P1	
  71.87985	 424.46289	 100.90568	        P1	
 430.01805	 152.16592	  30.37469	        P1	
 278.69205	 165.27112	 419.58238	        P1	
 123.58290	  85.91188	 317.13217	        P1	
 191.67960	 180.56052	 331.54731	        P1	
 452.71694	 497.26953	 102.96502	        P1	
 451.45589	 216.96389	 491.65784	        P1	
 428.75700	  37.85948	 139.51755	        P1	
 108.45030	 476.15561	 290.36129	        P1	
 123.58290	 285.40213	 469.00558	        P1	
 331.65615	  45.86820	 296.53919	        P1	
 286.25835	 144.88528	  70.01618	        P1	
 366.96555	 415.72609	 405.16724	        P1	
  11.34945	 290.49861	 137.45827	        P1	
 228.25005	 219.14809	 392.81144	        P1	
 462.80534	  63.34180	 216.22649	        P1	
 399.75285	 203.13060	 265.64969	        P1	
  89.53455	 274.48112	 333.09179	        P1	
 393.44760	 429.55933	  96.78712	        P1	
 274.90890	 182.01669	 360.37747	        P1	
 150.06495	  57.51728	 193.57417	        P1	
 435.06225	 149.25368	 306.32085	        P1	
 383.35920	 116.49068	 300.14295	        P1	
 428.75700	 289.77053	 313.01361	        P1	
 242.12160	 487.80469	 335.66587	        P1	
 324.08985	 289.04249	  28.31535	        P1	
 151.32600	 126.68360	 384.57426	        P1	
 359.39925	 128.86780	 333.60659	        P1	
 316.52355	 171.09569	 436.05674	        P1	
 402.27495	 313.79673	  85.97579	        P1	
 291.30255	  95.37672	 282.12411	        P1	
  34.04835	 204.58672	 313.01361	        P1	
 124.84395	 460.86621	 396.93006	        P1	
  58.00830	 152.89400	 291.90577	        P1	
   0.00000	 448.48909	 460.76834	        P1	
   2.52210	  96.10480	 123.55800	        P1	
  60.53040	 419.36641	 464.88696	        P1	
 306.43515	 377.86661	 322.79527	        P1	
 490.54844	 254.09529	 108.62805	        P1	
 351.83295	 107.02580	   0.00000	        P1	
  93.31770	 279.57761	 174.52567	        P1	
 229.51110	 407.71733	 350.08101	        P1	
 234.55530	  66.98212	 356.25891	        P1	
 210.59535	 207.49900	 463.34249	        P1	
 445.15065	 348.74393	 356.25891	        P1	
 431.27910	 288.31441	 160.62540	        P1	
 142.49865	 369.12981	 477.24276	        P1	
 232.03320	 253.36721	 407.74139	        P1	
 457.76114	 395.34021	 236.30467	        P1	
 498.11474	 203.13060	 162.16987	        P1	
 378.31500	 425.19093	 424.21581	        P1	
 359.39925	 277.39341	 118.92457	        P1	
 430.01805	 396.79633	 345.44759	        P1	
 112.23345	 214.77969	 213.65235	        P1	
 295.08570	 116.49068	 465.40177	        P1	
 218.16165	 468.14689	 195.11865	        P1	
 474.15479	 404.80509	 195.11865	        P1	
 446.41170	 423.73481	   0.00000	        P1	
 320.30670	 126.68360	 352.14029	        P1	
 158.89230	  13.10520	 248.66047	        P1	
 379.57605	 178.37632	 240.42329	        P1	
 307.69620	 211.13932	 238.87881	        P1	
  74.40195	 455.04169	  53.02695	        P1	
 464.06639	 154.35012	  47.36392	        P1	
 228.25005	  64.79792	 326.91389	        P1	
 319.04565	 277.39341	  81.85717	        P1	
 422.45175	 376.41049	  77.73855	        P1	
 244.64370	 294.13893	  59.71972	        P1	
  40.35360	 272.29692	 320.73599	        P1	
 122.32185	 457.95393	 183.27772	        P1	
 408.58020	 324.71773	  48.90839	        P1	
  66.83565	 325.44581	 117.38010	        P1	
 121.06080	 232.98132	 442.74951	        P1	
 109.71135	 251.18301	 333.60659	        P1	
 124.84395	  26.93848	 354.19957	        P1	
 124.84395	  89.55220	 304.26157	        P1	
  64.31355	 277.39341	 308.89499	        P1	
  80.70720	 396.06829	  39.12668	        P1	
  21.43785	 357.48073	 170.92192	        P1	
 435.06225	  96.83288	 158.05125	        P1	
  31.52625	 273.02501	  86.49060	        P1	
  90.79560	 272.29692	 123.04319	        P1	
 374.53185	 185.65700	 403.10796	        P1	
 426.23490	 336.36681	 217.77097	        P1	
 440.10645	 468.14689	 310.95427	        P1	
 282.47520	 147.06948	 423.70094	        P1	
 303.91305	 107.02580	 123.55800	        P1	
 238.33845	 332.72649	  51.48248	        P1	
 190.41855	 385.14729	 361.92194	        P1	
 182.85225	  45.86820	  12.35580	        P1	
  61.79145	 354.56849	 485.47994	        P1	
 182.85225	 347.28781	 125.10247	        P1	
 462.80534	 321.07741	 123.55800	        P1	
 416.14650	 193.66572	  53.54182	        P1	
 103.40610	 441.20841	 259.47179	        P1	
 267.34260	 442.66453	   4.11862	        P1	
  89.53455	 453.58553	 116.86529	        P1	
 428.75700	 282.48989	 343.38825	        P1	
 484.24319	 235.89361	 296.53919	        P1	
  74.40195	  25.48232	  90.60922	        P1	
 113.49450	 320.34933	 357.80339	        P1	
 339.22245	 446.30489	 158.05125	        P1	
 192.94065	  16.74552	 326.91389	        P1	
 363.18240	 131.05200	 111.20220	        P1	
 495.59264	 118.67488	   8.23718	        P1	
 268.60365	 112.85032	  67.44209	        P1	
 490.54844	 386.60341	 118.92457	        P1	
 407.31915	 456.49781	 253.29389	        P1	
 389.66445	 489.98889	 479.30204	        P1	
 297.60780	 144.15720	 426.27509	        P1	
  10.08840	 120.85908	  63.83828	        P1	
  60.53040	 116.49068	 182.76285	        P1	
 184.11330	 189.29732	 269.76831	        P1	
 157.63125	 255.55141	 315.07289	        P1	
 237.07740	 304.33189	 107.08358	        P1	
 102.14505	 309.42833	 308.38019	        P1	
 209.33430	  48.05240	 240.93809	        P1	
  52.96410	  72.80668	  26.77088	        P1	
 377.05395	   6.55260	 117.38010	        P1	
 414.88545	 140.51688	 398.98934	        P1	
 481.72109	 224.24452	 430.39371	        P1	
 476.67689	  96.10480	 162.16987	        P1	
  25.22100	 125.22748	  57.66038	        P1	
 375.79290	 343.64749	 238.36395	        P1	
 472.89374	  24.02620	 242.48257	        P1	
 155.10915	 309.42833	  73.61999	        P1	
 287.51940	 396.06829	 125.61728	        P1	
 426.23490	 348.01589	  71.56065	        P1	
 243.38265	 297.77929	 261.53107	        P1	
 446.41170	 246.08652	 405.68211	        P1	
 224.46690	 240.26201	 463.34249	        P1	
 196.72380	 225.70069	 318.67665	        P1	
 203.02905	 385.14729	 137.97308	        P1	
  66.83565	 390.97181	 261.01627	        P1	
  81.96825	 326.90193	 147.75479	        P1	
 158.89230	 164.54309	 263.07555	        P1	
 336.70035	 364.76141	 463.34249	        P1	
 361.92135	  88.09608	 446.86807	        P1	
  97.10085	 353.11233	  10.29652	        P1	
 267.34260	   7.28068	  94.72778	        P1	
 377.05395	 220.60420	 316.61737	        P1	
  35.30940	 470.33109	 415.97857	        P1	
 117.27765	 252.63912	 289.84649	        P1	
 243.38265	 497.26953	 387.14841	        P1	
 234.55530	 311.61253	 387.14841	        P1	
 423.71280	 167.45532	  10.29652	        P1	
  47.91990	 380.05081	 339.78449	        P1	
 453.97799	  62.61372	 393.32631	        P1	
 409.84125	 379.32273	 265.13489	        P1	
  49.18095	 337.09489	 127.16175	        P1	
  29.00415	 297.77929	 201.29655	        P1	
  37.83150	  53.87692	 102.96502	        P1	
 267.34260	  29.12268	 188.94075	        P1	
 110.97240	 198.03412	 467.46111	        P1	
 365.70450	  97.56092	 419.58238	        P1	
 200.50695	  61.88568	  20.59298	        P1	
 326.61195	 389.51569	 473.12414	        P1	
 204.29010	  14.56132	 388.69289	        P1	
 221.94480	 186.38509	 361.92194	        P1	
 138.71550	 318.89321	 452.53116	        P1	
 305.17410	 445.57681	 230.12677	        P1	
  68.09670	 147.06948	 158.05125	        P1	
 298.86885	 111.39420	 358.31819	        P1	
 416.14650	 132.50812	 493.71718	        P1	
 237.07740	 259.19172	 424.21581	        P1	
 365.70450	 483.43629	 261.53107	        P1	
 228.25005	 265.74432	  18.01890	        P1	
 186.63540	 374.22629	 170.40705	        P1	
 247.16580	  52.42080	 383.02979	        P1	
 300.12990	 170.36760	 477.24276	        P1	
 134.93235	 389.51569	 286.24267	        P1	
 359.39925	 383.69113	 277.49069	        P1	
 273.64785	 136.14848	 236.81947	        P1	
 368.22660	 243.17429	 193.57417	        P1	
 105.92820	 366.94561	  67.95690	        P1	
 166.45860	 231.52521	 384.57426	        P1	
 266.08155	 120.13100	 129.73590	        P1	
  11.34945	 179.83249	 102.45015	        P1	
 430.01805	 194.39380	 370.67399	        P1	
 488.02634	  38.58752	 357.80339	        P1	
 119.79975	  91.00832	 265.13489	        P1	
 394.70865	 233.70941	 464.88696	        P1	
 215.63955	 141.97300	  67.95690	        P1	
 460.28324	 109.93808	 232.18605	        P1	
 107.18925	  58.97340	  44.78977	        P1	
 485.50424	 104.11352	  42.73049	        P1	
 462.80534	 245.35849	 219.83025	        P1	
 435.06225	  35.67528	 187.39627	        P1	
 254.73210	 294.13893	 393.32631	        P1	
  31.52625	 187.11312	 129.22109	        P1	
  87.01245	 393.88409	 349.56614	        P1	
 345.52770	 432.47161	 440.17536	        P1	
 152.58705	 372.04209	 170.40705	        P1	
 373.27080	 113.57840	 186.88147	        P1	
  30.26520	 457.22589	 269.25345	        P1	
 278.69205	 404.07701	 403.10796	        P1	
 493.07054	 382.23501	 315.07289	        P1	
 296.34675	 217.69192	 424.21581	        P1	
 220.68375	 329.81421	 205.41517	        P1	
 471.63269	 417.91029	 318.67665	        P1	
   3.78315	 124.49940	  74.13480	        P1	
 137.45445	 441.93649	 273.88687	        P1	
   2.52210	 292.68281	  38.61187	        P1	
 345.52770	 251.91109	 317.13217	        P1	
 398.49180	 243.17429	 244.54185	        P1	
 310.21830	 228.61292	 209.53379	        P1	
 319.04565	  47.32432	 320.73599	        P1	
 113.49450	  72.80668	 273.88687	        P1	
 108.45030	  75.71892	 135.39899	        P1	
 457.76114	 444.84873	 319.19151	        P1	
 322.82880	  94.64868	 144.15098	        P1	
 155.10915	 484.16433	 461.28321	        P1	
 407.31915	 482.70821	 308.89499	        P1	
 284.99730	 436.84001	 210.04859	        P1	
  42.87570	  32.03492	   5.66310	        P1	
 177.80805	 134.69232	 376.33709	        P1	
 355.61610	 372.77013	 345.44759	        P1	
 481.72109	 401.89281	  69.50137	        P1	
   5.04420	 345.10361	  26.25607	        P1	
 491.80949	 295.59509	  40.67115	        P1	
 307.69620	 413.54189	 349.56614	        P1	
 382.09815	 226.42872	 160.11059	        P1	
 168.98070	 286.85829	 273.88687	        P1	
 103.40610	 101.92932	  48.90839	        P1	
 354.35505	 367.67369	 263.07555	        P1	
 277.43100	 195.12189	  53.02695	        P1	
 199.24590	 393.15601	 457.16459	        P1	
  44.13675	 361.84913	 153.93269	        P1	
 412.36335	 136.14848	   8.23718	        P1	
  51.70305	 280.30569	 119.43938	        P1	
 455.23904	 267.20049	 175.04047	        P1	
 356.87715	  96.83288	 102.45015	        P1	
 147.54285	  67.71020	 155.99197	        P1	
  94.57875	 293.41089	 454.59044	        P1	
  25.22100	  29.12268	 162.68468	        P1	
  23.95995	 420.09449	 114.80595	        P1	
 414.88545	 332.72649	 440.69017	        P1	
 276.16995	 455.04169	  53.02695	        P1	
  69.35775	 127.41168	  96.27225	        P1	
 257.25420	 157.26240	 415.46376	        P1	
 359.39925	   2.18420	 475.69829	        P1	
 230.77215	 131.78008	 436.05674	        P1	
  18.91575	  79.35928	 113.26148	        P1	
 361.92135	 124.49940	  94.21297	        P1	
 267.34260	 445.57681	   7.72237	        P1	
 206.81220	 165.99920	 316.61737	        P1	
 329.13405	 239.53392	 129.22109	        P1	
 272.38680	  55.33308	 162.68468	        P1	
 190.41855	 302.14769	 491.65784	        P1	
 373.27080	 215.50772	 479.81691	        P1	
 464.06639	 343.64749	 310.95427	        P1	
 162.67545	 127.41168	 483.93547	        P1	
 482.98214	 249.72689	 317.13217	        P1	
  44.13675	 331.27033	 333.09179	        P1	
 380.83710	 477.61173	 357.80339	        P1	
  68.09670	 460.13813	 177.09982	        P1	
 490.54844	 176.92020	 339.78449	        P1	
  20.17680	  74.26280	 469.52039	        P1	
 293.82465	  92.46448	 137.97308	        P1	
 389.66445	 487.07661	 148.26960	        P1	
 214.37850	 106.29772	 326.91389	        P1	
 435.06225	 452.12941	 217.77097	        P1	
 247.16580	  40.77172	 320.73599	        P1	
 327.87300	  21.84200	 359.86267	        P1	
 395.96970	 107.75388	  32.94878	        P1	
  88.27350	 120.85908	  34.49325	        P1	
 388.40340	 109.21000	 339.78449	        P1	
 375.79290	 157.26240	 100.39087	        P1	
 281.21415	 332.72649	 219.83025	        P1	
 247.16580	  10.19292	 368.61471	        P1	
 310.21830	 281.03373	 487.53928	        P1	
 264.82050	   5.82452	 123.04319	        P1	
 375.79290	 489.26081	 271.82759	        P1	
 218.16165	  85.18380	 420.09719	        P1	
 145.02075	 487.07661	  24.71160	        P1	
 136.19340	 310.15641	 166.80330	        P1	
 303.91305	 495.81341	 450.98669	        P1	
 462.80534	 286.13021	  81.85717	        P1	
 155.10915	  10.92100	 106.56877	        P1	
 378.31500	 199.49029	 100.90568	        P1	
 496.85369	  71.35052	 413.40448	        P1	
 163.93650	 451.40133	 387.14841	        P1	
 250.94895	 172.55180	 298.08367	        P1	
 214.37850	  84.45572	  47.36392	        P1	
 139.97655	  44.41208	  65.38275	        P1	
 276.16995	 428.83129	  96.27225	        P1	
 174.02490	 241.71812	 411.86001	        P1	
 245.90475	 462.32233	 374.79261	        P1	
  26.48205	 411.35769	 318.67665	        P1	
  79.44615	 457.95393	 485.99481	        P1	
 195.46275	 144.88528	 139.51755	        P1	
 139.97655	 441.93649	 286.24267	        P1	
 255.99315	 207.49900	  32.43397	        P1	
 300.12990	 164.54309	  39.12668	        P1	
 435.06225	 450.67329	   9.78165	        P1	
 147.54285	   0.72808	   2.05928	        P1	
  51.70305	  80.81540	 259.47179	        P1	
  65.57460	  62.61372	 430.39371	        P1	
 155.10915	 315.25289	 175.04047	        P1	
 296.34675	 444.84873	 102.96502	        P1	
 349.31085	 420.09449	 127.16175	        P1	
 430.01805	  61.88568	  70.01618	        P1	
 276.16995	 293.41089	 144.15098	        P1	
 262.29840	 221.33229	 409.80067	        P1	
   0.00000	 147.06948	 238.36395	        P1	
 302.65200	 439.75229	 380.45564	        P1	
  29.00415	 107.02580	 259.47179	        P1	
 131.14920	 461.59429	 459.22387	        P1	
 341.74455	 436.11193	 228.06749	        P1	
 316.52355	 322.53353	 343.90311	        P1	
 368.22660	 208.22709	 477.75757	        P1	
 114.75555	 105.56968	 151.87335	        P1	
  81.96825	 155.07820	  75.67927	        P1	
 258.51525	  89.55220	 172.98120	        P1	
 379.57605	 436.11193	 370.15919	        P1	
 417.40755	 351.65621	 242.48257	        P1	
  61.79145	  44.41208	 176.58495	        P1	
 321.56775	 347.28781	 284.18339	        P1	
 141.23760	 350.92813	  28.83022	        P1	
 148.80390	 387.33149	  46.84905	        P1	
 234.55530	 298.50733	  96.78712	        P1	
 187.89645	 344.37553	 306.83571	        P1	
  49.18095	 331.27033	 146.21032	        P1	
 438.84540	 199.49029	 454.59044	        P1	
  29.00415	  63.34180	 396.93006	        P1	
 423.71280	 170.36760	 174.52567	        P1	
 469.11059	 432.47161	   1.54447	        P1	
  44.13675	  40.04368	 244.54185	        P1	
 341.74455	 216.23580	 174.52567	        P1	
 278.69205	 267.20049	  71.56065	        P1	
  54.22515	 227.88489	 137.97308	        P1	
 495.59264	 487.07661	 234.76019	        P1	
 496.85369	 396.06829	 256.89765	        P1	
  29.00415	  16.74552	  41.18602	        P1	
 485.50424	 297.77929	 137.97308	        P1	
 455.23904	   9.46488	  34.49325	        P1	
  66.83565	  21.11392	 356.25891	        P1	
 308.95725	 299.23541	 321.25079	        P1	
 132.41025	 466.69073	 326.91389	        P1	
  16.39365	 192.93769	 199.75207	        P1	
 142.49865	 485.62049	 207.47445	        P1	
 316.52355	 264.28821	  80.31270	        P1	
 233.29425	 456.49781	  20.07817	        P1	
 233.29425	 254.09529	 368.09984	        P1	
 345.52770	 359.66493	  47.36392	        P1	
 335.43930	 422.27869	 473.12414	        P1	
 240.86055	  45.86820	 290.36129	        P1	
 245.90475	 197.30609	  14.41508	        P1	
  45.39780	 168.91149	 446.86807	        P1	
  71.87985	 230.79712	 215.71169	        P1	
 254.73210	 136.87652	 257.41251	        P1	
 245.90475	   8.00872	 135.39899	        P1	
 401.01390	   1.45612	 141.57689	        P1	
 163.93650	 333.45453	 232.70091	        P1	
 199.24590	 489.26081	 432.45299	        P1	
 166.45860	 349.47201	  24.71160	        P1	
  83.22930	 324.71773	 271.31279	        P1	
 411.10230	 179.10440	 248.66047	        P1	
 377.05395	 104.11352	 407.22658	        P1	
 239.59950	  91.73640	 433.99746	        P1	
 223.20585	 334.18261	 273.37207	        P1	
 332.91720	 132.50812	 160.11059	        P1	
  89.53455	 184.20089	 318.67665	        P1	
 286.25835	 309.42833	 277.49069	        P1	
   6.30525	 258.46369	 156.50678	        P1	
  34.04835	 286.13021	 489.59856	        P1	
 401.01390	  61.15760	 279.54997	        P1	
 121.06080	 320.34933	 405.68211	        P1	
 213.11745	 428.83129	 131.79518	        P1	
 404.79705	  72.07860	 477.24276	        P1	
 337.96140	 410.62961	 364.49609	        P1	
 486.76529	 340.73521	   6.17790	        P1	
 122.32185	 367.67369	 212.10787	        P1	
 186.63540	 116.49068	 423.70094	        P1	
 341.74455	 357.48073	 337.72521	        P1	
 422.45175	  48.78048	  57.66038	        P1	
 488.02634	 275.93729	 280.06477	        P1	
 187.89645	 179.83249	 422.15647	        P1	
 358.13820	 275.20921	  57.14557	        P1	
   1.26105	 425.91901	 230.12677	        P1	
 272.38680	 292.68281	  30.88950	        P1	
 295.08570	 190.75349	 479.30204	        P1	
  41.61465	  70.62248	 133.33965	        P1	
 484.24319	 336.36681	 401.56349	        P1	
  22.69890	 350.92813	  30.37469	        P1	
 491.80949	 112.12228	 459.22387	        P1	
 435.06225	  66.25408	 275.43135	        P1	
 325.35090	 119.40292	 473.63901	        P1	
 406.05810	 308.70029	 232.18605	        P1	
 158.89230	 298.50733	 121.49872	        P1	
 114.75555	 139.06072	 430.39371	        P1	
  60.53040	 435.38389	 417.52304	        P1	
 374.53185	  29.85072	 475.18348	        P1	
 469.11059	 429.55933	 275.94621	        P1	
 300.12990	 307.24413	 469.00558	        P1	
  23.95995	 318.16513	 356.25891	        P1	
  84.49035	  93.92060	 253.29389	        P1	
 443.88960	 452.85749	 466.94624	        P1	
 310.21830	 142.70108	 164.22915	        P1	
 495.59264	  95.37672	 492.17271	        P1	
 442.62855	 203.13060	 452.53116	        P1	
 253.47105	  25.48232	  96.78712	        P1	
 436.32330	 193.66572	 269.76831	        P1	
 302.65200	 314.52481	  49.42320	        P1	
  84.49035	  82.27152	 271.31279	        P1	
 121.06080	 298.50733	 140.03242	        P1	
 401.01390	 247.54269	 244.54185	        P1	
 269.86470	 313.06869	 176.58495	        P1	
 472.89374	 428.83129	 434.51227	        P1	
 168.98070	 398.98053	 288.30201	        P1	
 343.00560	 403.34893	  35.00812	        P1	
  16.39365	 162.35888	 446.86807	        P1	
 422.45175	  44.41208	 249.17527	        P1	
  13.87155	 386.60341	   0.00000	        P1	
 199.24590	 126.68360	 302.71709	        P1	
 243.38265	 192.93769	 120.98385	        P1	
 192.94065	 488.53273	 393.32631	        P1	
  45.39780	 219.87612	   4.11862	        P1	
 375.79290	  48.05240	  24.71160	        P1	
 168.98070	 425.19093	 401.04869	        P1	
 143.75970	 364.03333	 183.27772	        P1	
 460.28324	 328.35809	 306.32085	        P1	
 221.94480	  37.85948	 477.75757	        P1	
 122.32185	 274.48112	 238.87881	        P1	
   7.56630	   2.91228	 473.12414	        P1	
 103.40610	  78.63120	 284.18339	        P1	
 456.50009	   0.00000	 446.35326	        P1	
 128.62710	 260.64789	 131.79518	        P1	
 416.14650	 321.80549	 218.28577	        P1	
 372.00975	 264.28821	 310.43947	        P1	
 208.07325	 141.97300	 222.40439	        P1	
 438.84540	  42.22788	 398.98934	        P1	
 104.66715	  32.76300	 403.10796	        P1	
 480.46004	 428.83129	 292.42057	        P1	
 345.52770	 326.17389	 286.24267	        P1	
 491.80949	 470.33109	 423.70094	        P1	
 462.80534	 484.16433	 269.76831	        P1	
 356.87715	 322.53353	 141.57689	        P1	
 329.13405	 127.41168	 405.16724	        P1	
 264.82050	 404.80509	 483.93547	        P1	
 108.45030	 353.84041	 230.12677	        P1	
 467.84954	 489.98889	 298.59847	        P1	
 426.23490	 115.03452	 116.86529	        P1	
 119.79975	  63.34180	 160.62540	        P1	
 321.56775	 348.74393	  22.65232	        P1	
 424.97385	  80.81540	 290.36129	        P1	
 435.06225	  61.88568	  22.13745	        P1	
 245.90475	 115.76260	 265.64969	        P1	
 166.45860	 240.26201	 117.38010	        P1	
 494.33159	 355.29653	 172.46639	        P1	
 401.01390	 451.40133	 448.92741	        P1	
 156.37020	 310.15641	  69.50137	        P1	
  51.70305	 195.84992	 288.30201	        P1	
 324.08985	 307.97221	 389.20769	        P1	
 189.15750	 227.15681	 131.28037	        P1	
  70.61880	 362.57721	 240.93809	        P1	
 243.38265	 192.93769	 133.33965	        P1	
  70.61880	 321.80549	 331.03245	        P1	
 383.35920	 343.64749	 440.69017	        P1	
 411.10230	 374.22629	 335.66587	        P1	
 109.71135	 143.42912	 226.52302	        P1	
 208.07325	  12.37712	 215.71169	        P1	
 321.56775	 357.48073	 481.36138	        P1	
 242.12160	 349.47201	 452.53116	        P1	
 485.50424	 239.53392	 265.13489	        P1	
 421.19070	  48.05240	 395.38559	        P1	
 127.36605	 139.06072	 455.10531	        P1	
 355.61610	 211.13932	 485.99481	        P1	
 287.51940	 248.99881	 489.59856	        P1	
  34.04835	 386.60341	  92.66850	        P1	
 136.19340	  50.96468	 250.71975	        P1	
 383.35920	 464.50653	 339.26969	        P1	
 325.35090	  49.50852	  92.15369	        P1	
 113.49450	  48.05240	  43.24530	        P1	
 459.02219	 179.10440	  43.24530	        P1	
 297.60780	 149.98172	  30.37469	        P1	
 387.14235	 358.93689	 491.65784	        P1	
 113.49450	  26.21040	  67.95690	        P1	
  52.96410	 431.01549	 156.50678	        P1	
   5.04420	  74.26280	 463.34249	        P1	
 237.07740	 246.08652	 158.56612	        P1	
 452.71694	  92.46448	 415.97857	        P1	
 258.51525	 238.07781	 125.10247	        P1	
 402.27495	 184.20089	 137.97308	        P1	
 470.37164	 149.25368	 485.47994	        P1	
 337.96140	 265.01629	  39.12668	        P1	
 495.59264	 232.25329	  20.59298	        P1	
 343.00560	 206.77092	 473.63901	        P1	
  35.30940	  84.45572	 376.33709	        P1	
 412.36335	   2.18420	 298.08367	        P1	
 176.54700	 432.47161	 347.50687	        P1	
 286.25835	 197.30609	 448.41254	        P1	
 365.70450	 173.27989	 490.11337	        P1	
 412.36335	 354.56849	  57.66038	        P1	
 470.37164	 229.34101	 432.45299	        P1	
 402.27495	 444.84873	 294.47991	        P1	
  22.69890	  48.05240	 137.45827	        P1	
  34.04835	 318.16513	 399.50421	        P1	
 163.93650	 481.98013	 337.72521	        P1	
 452.71694	  29.85072	 140.03242	        P1	
 493.07054	 141.97300	 148.26960	        P1	
 166.45860	 432.47161	 426.27509	        P1	
 379.57605	 261.37592	 263.59041	        P1	
 213.11745	 159.44660	 477.24276	        P1	
 186.63540	 484.89241	 396.93006	        P1	
 467.84954	 245.35849	  40.67115	        P1	
 486.76529	 125.22748	  34.49325	        P1	
 445.15065	 242.44621	 166.80330	        P1	
 110.97240	 374.22629	 102.45015	        P1	
 455.23904	 443.39261	 186.88147	        P1	
 474.15479	 433.92773	 444.29398	        P1	
 339.22245	 240.99009	 391.26697	        P1	
 305.17410	 211.13932	 401.04869	        P1	
 353.09400	 416.45413	  35.00812	        P1	
 252.21000	 235.89361	  32.43397	        P1	
 148.80390	 154.35012	 436.57161	        P1	
 259.77630	 138.33268	 436.05674	        P1	
 117.27765	 417.18221	 296.53919	        P1	
 308.95725	 417.18221	 440.17536	        P1	
 461.54429	 212.59549	 465.40177	        P1	
 312.74040	 471.78721	   1.54447	        P1	
 145.02075	 127.41168	 170.40705	        P1	
 139.97655	  34.21912	 191.00009	        P1	
 350.57190	 481.98013	 302.20229	        P1	
 151.32600	 463.05041	 265.64969	        P1	
 263.55945	 491.44501	 131.28037	        P1	
 221.94480	 301.41961	 143.63617	        P1	
 465.32744	 136.14848	 175.04047	        P1	
 341.74455	 211.86740	 488.05409	        P1	
 471.63269	   0.00000	 205.41517	        P1	
 409.84125	 107.02580	 191.51489	        P1	
  69.35775	 395.34021	 364.49609	        P1	
 258.51525	 299.23541	 321.25079	        P1	
  51.70305	 207.49900	 488.05409	        P1	
  37.83150	 235.89361	 390.75216	        P1	
 147.54285	 216.23580	 415.46376	        P1	
  93.31770	 243.17429	 108.62805	        P1	
 375.79290	  74.26280	  30.88950	        P1	
 127.36605	 345.83169	  94.72778	        P1	
 312.74040	 167.45532	  47.36392	        P1	
 297.60780	 489.26081	 464.88696	        P1	
 242.12160	 238.80589	 403.62277	        P1	
 404.79705	 350.20009	 415.97857	        P1	
 213.11745	 312.34061	 488.05409	        P1	
   3.78315	  95.37672	  36.55259	        P1	
 452.71694	 235.16552	   5.66310	        P1	
 412.36335	 159.44660	 290.36129	        P1	
 180.33015	  67.71020	 197.69279	        P1	
 390.92550	 246.08652	 475.18348	        P1	
 334.17825	 192.93769	 337.21035	        P1	
 195.46275	 294.86701	 291.90577	        P1	
 312.74040	 148.52560	  49.42320	        P1	
 484.24319	 470.33109	 366.55537	        P1	
 134.93235	 357.48073	 444.29398	        P1	
 230.77215	  22.57008	 219.83025	        P1	
 447.67274	 214.77969	 380.45564	        P1	
 276.16995	 302.14769	 409.80067	        P1	
 189.15750	  18.92972	 221.88959	        P1	
 105.92820	 232.98132	 487.53928	        P1	
  87.01245	  22.57008	 491.65784	        P1	
 271.12575	  19.65780	 427.81956	        P1	
  87.01245	 342.91941	 298.08367	        P1	
 358.13820	 157.26240	 457.16459	        P1	
  49.18095	  67.71020	 341.32897	        P1	
 489.28739	 235.89361	  94.21297	        P1	
 471.63269	 321.80549	 176.58495	        P1	
 330.39510	 160.17469	 164.22915	        P1	
 258.51525	 128.86780	 210.04859	        P1	
 445.15065	 325.44581	 259.47179	        P1	
  32.78730	 206.77092	  48.90839	        P1	
  71.87985	 101.20128	 374.27774	        P1	
 354.35505	 254.09529	 292.42057	        P1	
 105.92820	 241.71812	 350.08101	        P1	
 340.48350	 131.05200	 273.37207	        P1	
 166.45860	 154.35012	  30.37469	        P1	
 433.80120	  93.19252	 407.22658	        P1	
 418.66860	 174.73600	 247.11599	        P1	
 351.83295	 210.41129	   8.23718	        P1	
 136.19340	 186.38509	 349.56614	        P1	
 476.67689	 253.36721	  24.71160	        P1	
 409.84125	 128.86780	 105.02430	        P1	
   5.04420	 278.12149	 485.47994	        P1	
 388.40340	  85.91188	 236.81947	        P1	
 494.33159	 112.12228	 188.94075	        P1	
 389.66445	 134.69232	 135.39899	        P1	
 326.61195	 121.58712	 356.25891	        P1	
 471.63269	 496.54149	 366.55537	        P1	
 359.39925	  57.51728	 255.35317	        P1	
  16.39365	 455.04169	 442.23464	        P1	
 348.04980	 479.06789	 267.70897	        P1	
  41.61465	  42.95592	 104.50949	        P1	
 486.76529	 297.05121	 427.81956	        P1	
  95.83980	 288.31441	 463.34249	        P1	
 219.42270	 243.17429	 355.74404	        P1	
 486.76529	 216.96389	 460.76834	        P1	
  32.78730	 103.38548	 108.62805	        P1	
 131.14920	  29.12268	 380.45564	        P1	
 176.54700	 288.31441	  86.49060	        P1	
 416.14650	 307.24413	 319.19151	        P1	
 248.42685	 192.93769	  76.19408	        P1	
 436.32330	 270.84081	  37.06740	        P1	
  25.22100	 179.10440	 322.79527	        P1	
 484.24319	  78.63120	  81.85717	        P1	
 196.72380	   8.73680	 154.44750	        P1	
 109.71135	 299.23541	 339.78449	        P1	
 370.74870	 390.24373	  35.00812	        P1	
 498.11474	 201.67449	  63.83828	        P1	
 170.24175	  34.21912	  92.15369	        P1	
 475.41584	 274.48112	 438.11608	        P1	
 262.29840	 123.77132	 269.76831	        P1	
 174.02490	 202.40252	 177.09982	        P1	
 136.19340	 122.31520	 457.16459	        P1	
 291.30255	 345.83169	 131.79518	        P1	
 221.94480	 452.85749	 125.61728	        P1	
  45.39780	 126.68360	 396.93006	        P1	
 327.87300	 336.36681	  49.42320	        P1	
  21.43785	 198.76220	 278.00549	        P1	
 162.67545	 414.26993	 430.39371	        P1	
 491.80949	 115.03452	  42.73049	        P1	
 218.16165	 226.42872	 363.98129	        P1	
 316.52355	 108.48192	  78.25342	        P1	
 382.09815	  83.72768	 205.92997	        P1	
 175.28595	 488.53273	  16.47442	        P1	
  93.31770	 396.06829	  28.31535	        P1	
 495.59264	  21.11392	 238.87881	        P1	
 343.00560	  42.22788	  26.77088	        P1	
  49.18095	 133.23620	   6.17790	        P1	
 383.35920	 352.38429	 361.92194	        P1	
 368.22660	 324.71773	 345.44759	        P1	
 433.80120	  91.73640	 321.25079	        P1	
 250.94895	 357.48073	  96.78712	        P1	
 239.59950	 380.05081	 125.10247	        P1	
  60.53040	 202.40252	 455.10531	        P1	
 252.21000	 155.80628	 218.28577	        P1	
 174.02490	 492.17309	 485.47994	        P1	
  61.79145	 425.91901	 296.53919	        P1	
 165.19755	  69.16632	 226.52302	        P1	
 494.33159	  21.84200	 383.02979	        P1	
 253.47105	 353.11233	 363.98129	        P1	
 489.28739	 473.24333	 456.64978	        P1	
 437.58435	 456.49781	 452.53116	        P1	
 310.21830	 182.01669	 139.51755	        P1	
  37.83150	  93.19252	 283.66859	        P1	
 103.40610	   5.82452	 430.39371	        P1	
 295.08570	 192.20960	 341.32897	        P1	
 412.36335	 210.41129	  39.12668	        P1	
 422.45175	 401.16473	 109.14292	        P1	
 128.62710	 487.80469	 238.36395	        P1	
 224.46690	 460.13813	 306.83571	        P1	
 307.69620	 248.99881	  43.24530	        P1	
 326.61195	  57.51728	 385.08907	        P1	
  71.87985	  83.72768	 144.15098	        P1	
 258.51525	  57.51728	 255.35317	        P1	
 404.79705	 315.25289	 158.05125	        P1	
  17.65470	  77.17508	 133.33965	        P1	
 204.29010	 272.29692	 387.14841	        P1	
 377.05395	 178.37632	 252.77909	        P1	
 192.94065	 309.42833	 481.36138	        P1	
 303.91305	 160.90272	  92.15369	        P1	
 446.41170	 195.12189	 249.17527	        P1	
 175.28595	 200.21832	 308.38019	        P1	
 399.75285	   0.72808	 158.05125	        P1	
 295.08570	 470.33109	 306.32085	        P1	
 366.96555	 423.00673	 370.15919	        P1	
 346.78875	  32.76300	 426.27509	        P1	
 208.07325	 466.69073	 424.21581	        P1	
 284.99730	 163.08692	 343.90311	        P1	
  78.18510	 199.49029	  70.01618	        P1	
  45.39780	  55.33308	 415.97857	        P1	
  61.79145	 284.67409	 256.89765	        P1	
 479.19899	 186.38509	 207.47445	        P1	
 402.27495	 200.21832	 345.44759	        P1	
 491.80949	 489.26081	 174.52567	        P1	
 430.01805	  21.11392	 394.87079	        P1	
 232.03320	 413.54189	   8.23718	        P1	
 316.52355	 401.16473	 308.38019	        P1	
 322.82880	 353.84041	 389.20769	        P1	
  83.22930	 448.48909	 287.78715	        P1	
 237.07740	 420.82253	  53.54182	        P1	
 496.85369	  88.82412	  90.60922	        P1	
 359.39925	 390.97181	 193.05937	        P1	
  42.87570	 240.26201	 489.59856	        P1	
 174.02490	  68.43828	 144.15098	        P1	
  95.83980	 122.31520	  74.13480	        P1	
 344.26665	  28.39460	 427.81956	        P1	
 382.09815	 332.72649	 267.70897	        P1	
 242.12160	  99.01708	 293.96505	        P1	
 453.97799	 339.27909	 429.87884	        P1	
  59.26935	 449.21713	 487.53928	        P1	
 335.43930	 460.13813	   4.11862	        P1	
  78.18510	 155.80628	  76.19408	        P1	
 374.53185	 484.16433	 393.32631	        P1	
 374.53185	 262.83209	 361.92194	        P1	
 320.30670	 138.33268	 164.22915	        P1	
 103.40610	 315.98093	 121.49872	        P1	
 335.43930	 377.13853	 455.10531	        P1	
 364.44345	 452.12941	 123.55800	        P1	
 341.74455	 370.58593	 234.24539	        P1	
 271.12575	 207.49900	 302.71709	        P1	
 354.35505	 291.95473	 302.20229	        P1	
 460.28324	 171.09569	 378.91117	        P1	
  16.39365	 267.20049	 219.83025	        P1	
  65.57460	 409.17349	 324.85455	        P1	
 161.41440	 422.27869	  65.38275	        P1	
 426.23490	 457.22589	 100.90568	        P1	
 290.04150	 212.59549	 335.66587	        P1	
 466.58849	 179.10440	  88.03507	        P1	
 353.09400	 228.61292	 232.70091	        P1	
 235.81635	 488.53273	 263.59041	        P1	
 489.28739	  58.24532	 485.99481	        P1	
 264.82050	 423.73481	 291.90577	        P1	
 210.59535	 469.60301	 148.26960	        P1	
  85.75140	 352.38429	 423.70094	        P1	
 379.57605	 342.91941	 328.97317	        P1	
 105.92820	 281.03373	 252.77909	        P1	
 343.00560	 310.15641	  63.32347	        P1	
  23.95995	 405.53313	 146.21032	        P1	
  22.69890	  43.68400	 290.36129	        P1	
 327.87300	  49.50852	 252.77909	        P1	
 229.51110	 480.52401	 112.74667	        P1	
  51.70305	 446.30489	  82.37198	        P1	
 190.41855	 242.44621	  50.96767	        P1	
 298.86885	 168.18340	 481.87619	        P1	
  74.40195	 147.79752	 424.21581	        P1	
 107.18925	 340.00713	  24.19679	        P1	
 291.30255	 457.95393	 356.25891	        P1	
 215.63955	  47.32432	 133.85452	        P1	
 365.70450	 164.54309	 188.94075	        P1	
 240.86055	 338.55101	 285.72787	        P1	
 324.08985	 303.60381	 315.07289	        P1	
   2.52210	 435.38389	  57.66038	        P1	
 261.03735	 121.58712	 306.83571	        P1	
 375.79290	 142.70108	  53.02695	        P1	
 394.70865	 109.93808	 102.45015	        P1	
 272.38680	  74.26280	 440.17536	        P1	
  60.53040	 314.52481	 322.79527	        P1	
 211.85640	  14.56132	  28.83022	        P1	
 186.63540	 232.98132	 487.53928	        P1	
 413.62440	  13.10520	 335.15107	        P1	
 348.04980	 313.06869	 205.92997	        P1	
 383.35920	 479.06789	 354.19957	        P1	
 441.36750	 461.59429	 286.24267	        P1	
 163.93650	 184.92892	 178.64429	        P1	
 423.71280	 135.42040	 469.52039	        P1	
 301.39095	 425.91901	 100.39087	        P1	
 166.45860	 225.70069	   3.60375	        P1	
 340.48350	  61.15760	 384.57426	        P1	
 472.89374	 123.04328	  22.13745	        P1	
 336.70035	 492.90113	 115.32082	        P1	
 397.23075	 125.95552	 413.40448	        P1	
  92.05665	  61.88568	 411.34514	        P1	
  22.69890	 285.40213	 127.67662	        P1	
 161.41440	 182.01669	 417.52304	        P1	
  25.22100	 243.17429	 100.90568	        P1	
 475.41584	 385.14729	 133.33965	        P1	
  37.83150	 266.47241	  57.14557	        P1	
  54.22515	  40.04368	 361.92194	        P1	
 403.53600	 311.61253	 220.34512	        P1	
 126.10500	 186.38509	   9.78165	        P1	
 441.36750	 254.82332	 220.34512	        P1	
 491.80949	 377.13853	 178.64429	        P1	
 382.09815	 200.21832	 282.12411	        P1	
 288.78045	 449.21713	 442.74951	        P1	
 261.03735	 393.88409	  26.77088	        P1	
 373.27080	 112.12228	  94.72778	        P1	
 489.28739	  68.43828	  63.83828	        P1	
  16.39365	 162.35888	 102.45015	        P1	
 254.73210	 404.80509	 293.96505	        P1	
 480.46004	 171.09569	 448.41254	        P1	
 399.75285	 169.63952	 438.11608	        P1	
 110.97240	 244.63041	 395.38559	        P1	
  75.66300	  96.10480	  69.50137	        P1	
 184.11330	 314.52481	 304.26157	        P1	
 185.37435	  89.55220	 259.47179	        P1	
 366.96555	 210.41129	 473.12414	        P1	
  17.65470	 104.84160	 205.41517	        P1	
 494.33159	 452.85749	 465.40177	        P1	
 110.97240	 321.80549	 287.78715	        P1	
 242.12160	 179.10440	 372.21847	        P1	
 226.98900	 193.66572	 178.64429	        P1	
 334.17825	 174.00792	 469.00558	        P1	
 254.73210	 465.96269	  94.72778	        P1	
 409.84125	 369.12981	 106.56877	        P1	
 403.53600	 109.21000	 446.35326	        P1	
  54.22515	  10.92100	 166.80330	        P1	
 424.97385	 332.72649	  40.67115	        P1	
 372.00975	 192.93769	 145.69545	        P1	
 379.57605	 444.84873	 201.81142	        P1	
 225.72795	  91.00832	 442.74951	        P1	
 341.74455	 296.32313	 220.34512	        P1	
 121.06080	 190.75349	 417.52304	        P1	
  16.39365	  37.13140	 203.87069	        P1	
   8.82735	  48.78048	 256.89765	        P1	
  42.87570	 109.21000	 481.87619	        P1	
 213.11745	 383.69113	 191.00009	        P1	
  32.78730	 246.08652	 350.08101	        P1	
 220.68375	 447.76101	 123.55800	        P1	
 263.55945	  48.78048	 175.04047	        P1	
 394.70865	 139.06072	   5.66310	        P1	
 430.01805	 417.18221	 290.36129	        P1	
  98.36190	  69.89440	 413.91929	        P1	
 302.65200	 262.10401	 230.12677	        P1	
 322.82880	 382.96309	  94.72778	        P1	
 490.54844	  31.30688	 397.44487	        P1	
 451.45589	 109.21000	 389.20769	        P1	
  98.36190	 211.13932	 350.08101	        P1	
 137.45445	 156.53432	 121.49872	        P1	
 148.80390	  91.73640	  94.21297	        P1	
 153.84810	  23.29812	 184.82219	        P1	
 161.41440	 138.33268	 366.55537	        P1	
 301.39095	 141.97300	 370.67399	        P1	
 228.25005	 255.55141	 168.34777	        P1	
 248.42685	 127.41168	  77.73855	        P1	
 488.02634	 373.49821	 155.99197	        P1	
 484.24319	 439.75229	 280.06477	        P1	
  46.65885	 104.11352	 450.47188	        P1	
 455.23904	 207.49900	 267.19417	        P1	
 427.49595	 130.32392	 201.81142	        P1	
 224.46690	  18.92972	 493.71718	        P1	
 314.00145	 206.04289	 428.33437	        P1	
 229.51110	 198.03412	 232.70091	        P1	
  49.18095	  66.25408	 102.45015	        P1	
 469.11059	 117.94680	 112.74667	        P1	
 242.12160	 237.34972	 214.16722	        P1	
 245.90475	 492.90113	 197.17799	        P1	
  44.13675	  48.78048	 133.33965	        P1	
 250.94895	 197.30609	 479.30204	        P1	
 224.46690	  62.61372	 387.14841	        P1	
 430.01805	 229.34101	 291.90577	        P1	
  41.61465	 455.04169	  46.84905	        P1	
  10.08840	 199.49029	 267.70897	        P1	
 240.86055	  45.86820	 106.56877	        P1	
 432.54015	 369.12981	 217.77097	        P1	
 424.97385	  85.18380	 444.80879	        P1	
  50.44200	 345.10361	 339.78449	        P1	
 302.65200	  99.01708	 479.30204	        P1	
 339.22245	  86.63992	 289.84649	        P1	
  39.09255	 478.33981	 308.89499	        P1	
 161.41440	 431.01549	 263.07555	        P1	
  90.79560	 409.17349	  34.49325	        P1	
 457.76114	 124.49940	 302.71709	        P1	
 482.98214	 402.62089	 473.12414	        P1	
  55.48620	 372.77013	 220.34512	        P1	
 379.57605	 479.79593	 418.03791	        P1	
 416.14650	 444.12069	  71.56065	        P1	
 223.20585	 265.74432	 135.39899	        P1	
 262.29840	 164.54309	 281.60925	        P1	
 480.46004	 353.11233	 350.08101	        P1	
  74.40195	 334.18261	 322.79527	        P1	
  49.18095	 299.23541	 413.91929	        P1	
 139.97655	 471.05913	 388.69289	        P1	
 107.18925	 369.12981	 242.48257	        P1	
 191.67960	 248.99881	 261.01627	        P1	
 339.22245	 446.30489	 310.95427	        P1	
 457.76114	 396.79633	  55.08629	        P1	
 114.75555	 319.62129	 355.74404	        P1	
 397.23075	 152.16592	 370.15919	        P1	
 307.69620	 365.48949	  76.19408	        P1	
 465.32744	 418.63833	 269.76831	        P1	
  39.09255	 354.56849	 411.34514	        P1	
  80.70720	 324.71773	  79.79789	        P1	
 100.88400	 275.20921	 179.15910	        P1	
 486.76529	  30.57880	 438.63089	        P1	
 409.84125	  85.18380	  30.88950	        P1	
 201.76800	 267.92852	 325.36941	        P1	
   5.04420	 174.73600	 123.55800	        P1	
 312.74040	 234.43749	 317.13217	        P1	
 205.55115	 287.58632	 356.25891	        P1	
 112.23345	 149.25368	 213.65235	        P1	
 431.27910	 103.38548	 176.58495	        P1	
 224.46690	 232.98132	 140.03242	        P1	
 102.14505	 356.02461	 142.09170	        P1	
 416.14650	 447.03293	 221.88959	        P1	
 481.72109	 481.98013	 135.39899	        P1	
 336.70035	 436.11193	 257.41251	        P1	
 216.90060	  69.89440	 105.02430	        P1	
 179.06910	 132.50812	 178.64429	        P1	
 322.82880	 189.29732	 380.97051	        P1	
 138.71550	 218.42000	 253.29389	        P1	
 160.15335	   6.55260	 203.87069	        P1	
 272.38680	 144.15720	 333.60659	        P1	
  27.74310	  53.87692	  24.19679	        P1	
 406.05810	 221.33229	 335.66587	        P1	
 242.12160	 438.29613	 275.94621	        P1	
  37.83150	 442.66453	 448.92741	        P1	
 335.43930	 401.89281	 230.12677	        P1	
  75.66300	   4.36840	 409.28586	        P1	
 233.29425	 463.77849	  71.56065	        P1	
 284.99730	 179.10440	   0.00000	        P1	
 466.58849	 366.94561	 191.51489	        P1	
 127.36605	 334.18261	 125.10247	        P1	
 332.91720	 448.48909	 343.38825	        P1	
 426.23490	  91.73640	 267.19417	        P1	
 274.90890	  59.70148	 158.05125	        P1	
 272.38680	 368.40173	 436.57161	        P1	
 136.19340	 109.21000	 160.62540	        P1	
 262.29840	 409.17349	 378.91117	        P1	
 158.89230	  69.89440	  55.60110	        P1	
  52.96410	 486.34853	 394.87079	        P1	
  74.40195	 105.56968	 175.04047	        P1	
  17.65470	 187.84120	 421.64166	        P1	
 161.41440	 262.10401	 205.41517	        P1	
 225.72795	  21.11392	  79.79789	        P1	
 128.62710	 458.68201	 328.97317	        P1	
  73.14090	  18.92972	  85.97579	        P1	
  51.70305	  73.53472	 226.52302	        P1	
 220.68375	 360.39301	 440.17536	        P1	
 165.19755	 437.56809	  90.09435	        P1	
   6.30525	 305.05993	 252.77909	        P1	
 114.75555	 238.07781	 117.38010	        P1	
 286.25835	 316.70901	 341.32897	        P1	
 187.89645	 278.84952	 368.61471	        P1	
 255.99315	 211.86740	 143.63617	        P1	
  61.79145	 453.58553	 123.04319	        P1	
 407.31915	  35.67528	 250.71975	        P1	
 238.33845	 163.81500	 185.33700	        P1	
 214.37850	 470.33109	 415.97857	        P1	
  84.49035	 217.69192	  22.65232	        P1	
 261.03735	 309.42833	  48.90839	        P1	
 417.40755	  37.13140	 321.25079	        P1	
 162.67545	 179.83249	 139.51755	        P1	
 453.97799	 471.78721	 112.74667	        P1	
 174.02490	 345.10361	 284.18339	        P1	
 166.45860	  23.29812	 351.62549	        P1	
 320.30670	 329.08613	 475.18348	        P1	
 229.51110	 151.43788	   3.60375	        P1	
  54.22515	 323.98969	 355.74404	        P1	
 145.02075	  96.83288	 335.66587	        P1	
 471.63269	 259.19172	  79.79789	        P1	
 269.86470	 283.94601	 273.37207	        P1	
 122.32185	 236.62169	 133.33965	        P1	
 427.49595	 262.83209	 219.83025	        P1	
 211.85640	  53.87692	  55.08629	        P1	
 232.03320	 182.01669	 162.68468	        P1	
 471.63269	 311.61253	 387.14841	        P1	
 310.21830	 324.71773	 430.39371	        P1	
  12.61050	 431.01549	 398.98934	        P1	
 185.37435	 289.04249	 385.08907	        P1	
 401.01390	 323.26161	  20.07817	        P1	
 250.94895	  76.44700	 433.99746	        P1	
 176.54700	 340.73521	 230.12677	        P1	
 150.06495	 195.84992	 135.39899	        P1	
 284.99730	  26.21040	  55.60110	        P1	
 211.85640	 315.98093	 147.75479	        P1	
  54.22515	 271.56889	 139.51755	        P1	
 230.77215	 452.12941	 296.53919	        P1	
 462.80534	 341.46329	 256.89765	        P1	
 128.62710	  93.19252	 271.31279	        P1	
 288.78045	 114.30648	  94.72778	        P1	
 224.46690	 463.05041	 142.09170	        P1	
 288.78045	 136.14848	 312.49875	        P1	
 175.28595	  82.27152	 444.29398	        P1	
 168.98070	 173.27989	 267.70897	        P1	
 166.45860	 378.59469	  32.94878	        P1	
 118.53870	 436.84001	 261.01627	        P1	
 322.82880	 138.33268	 219.83025	        P1	
 153.84810	 337.82293	  35.00812	        P1	
 172.76385	 184.20089	 281.60925	        P1	
 190.41855	 482.70821	 421.64166	        P1	
 364.44345	  89.55220	  69.50137	        P1	
  22.69890	 412.08573	 164.74402	        P1	
  50.44200	 125.22748	  77.73855	        P1	
 211.85640	 186.38509	 372.73327	        P1	
 477.93794	 120.13100	 242.48257	        P1	
 192.94065	 379.32273	 238.87881	        P1	
  29.00415	  58.97340	 359.86267	        P1	
 433.80120	 448.48909	   3.60375	        P1	
  75.66300	 375.68241	 438.63089	        P1	
 453.97799	  45.14012	 252.77909	        P1	
   3.78315	 388.05953	  47.36392	        P1	
 413.62440	 480.52401	 359.86267	        P1	
 390.92550	 336.36681	 433.99746	        P1	
 327.87300	 179.10440	 427.81956	        P1	
 197.98485	 462.32233	 387.14841	        P1	
  85.75140	 452.85749	 422.15647	        P1	
 326.61195	 348.74393	 201.81142	        P1	
 279.95310	 109.21000	 483.42066	        P1	
 237.07740	   4.36840	 302.71709	        P1	
 235.81635	  45.86820	 179.15910	        P1	
  74.40195	 296.32313	 382.51499	        P1	
   6.30525	 431.74353	 178.64429	        P1	
 418.66860	 122.31520	  88.03507	        P1	
   2.52210	  18.92972	 133.85452	        P1	
 167.71965	 291.95473	 238.87881	        P1	
 325.35090	 366.94561	 335.15107	        P1	
 445.15065	 134.69232	 164.74402	        P1	
 349.31085	 105.56968	 219.83025	        P1	
 322.82880	 279.57761	 347.50687	        P1	
 305.17410	 314.52481	 284.18339	        P1	
  56.74725	 229.34101	 242.48257	        P1	
 221.94480	 270.84081	 137.45827	        P1	
 428.75700	 222.78840	 185.33700	        P1	
 132.41025	 124.49940	 315.07289	        P1	
 325.35090	 199.49029	 361.92194	        P1	
 416.14650	 305.78801	 162.16987	        P1	
 145.02075	 348.74393	  47.36392	        P1	
 142.49865	 163.81500	 279.54997	        P1	
 346.78875	 313.79673	 251.23461	        P1	
  66.83565	 437.56809	 304.77637	        P1	
 424.97385	 306.51609	  82.37198	        P1	
  25.22100	 327.63001	 483.42066	        P1	
 494.33159	 474.69949	 255.35317	        P1	
 100.88400	 331.99841	 168.34777	        P1	
 393.44760	  74.26280	 162.16987	        P1	
 470.37164	 479.79593	 220.34512	        P1	
 204.29010	 120.85908	 378.91117	        P1	
 384.62025	 182.74472	 147.75479	        P1	
 414.88545	 408.44541	  80.31270	        P1	
 354.35505	 379.32273	 232.70091	        P1	
 274.90890	  97.56092	 257.41251	        P1	
 301.39095	 104.11352	 133.85452	        P1	
 479.19899	 361.12109	 127.16175	        P1	
 339.22245	  48.78048	 107.08358	        P1	
 331.65615	 290.49861	  30.88950	        P1	
 314.00145	  10.92100	 403.10796	        P1	
  11.34945	 115.76260	 444.80879	        P1	
  12.61050	  42.22788	 255.35317	        P1	
 117.27765	 350.20009	 391.26697	        P1	
 166.45860	 339.27909	 242.99737	        P1	
 370.74870	   7.28068	 300.14295	        P1	
  55.48620	 230.06909	 398.98934	        P1	
  68.09670	 260.64789	 108.62805	        P1	
 315.26250	  50.96468	  53.02695	        P1	
 430.01805	 190.02540	 230.12677	        P1	
 100.88400	 246.08652	  72.07552	        P1	
 240.86055	  73.53472	 399.50421	        P1	
 131.14920	  18.92972	 141.57689	        P1	
 470.37164	 460.86621	 193.05937	        P1	
 244.64370	 473.24333	  11.84100	        P1	
 105.92820	 451.40133	  92.15369	        P1	
 133.67130	 297.05121	 450.98669	        P1	
 184.11330	 256.27949	 374.27774	        P1	
 356.87715	 172.55180	 155.99197	        P1	
 314.00145	 318.16513	  36.55259	        P1	
 163.93650	  20.38588	 286.24267	        P1	
 426.23490	 382.96309	 158.05125	        P1	
  27.74310	   0.00000	 180.70357	        P1	
 181.59120	 330.54229	 429.87884	        P1	
 316.52355	 289.04249	 162.68468	        P1	
  34.04835	 347.28781	 464.88696	        P1	
   2.52210	 317.43709	 415.97857	        P1	
 215.63955	 139.06072	 436.57161	        P1	
  47.91990	  32.03492	 246.60119	        P1	
 240.86055	  57.51728	 125.61728	        P1	
 221.94480	 374.22629	 287.78715	        P1	
  88.27350	 251.91109	 151.87335	        P1	
 329.13405	 385.14729	  40.67115	        P1	
  55.48620	  88.82412	 320.73599	        P1	
 206.81220	 371.31401	 271.82759	        P1	
 399.75285	  57.51728	 436.05674	        P1	
 225.72795	 376.41049	  57.66038	        P1	
 366.96555	 134.69232	 238.87881	        P1	
 257.25420	 390.24373	 201.81142	        P1	
 395.96970	 305.78801	  32.43397	        P1	
 182.85225	 456.49781	  98.84640	        P1	
 292.56360	 129.59588	 446.86807	        P1	
  31.52625	 144.88528	   8.23718	        P1	
 495.59264	 337.09489	 411.34514	        P1	
 374.53185	 115.76260	  37.06740	        P1	
 160.15335	 109.93808	 195.11865	        P1	
 181.59120	  72.80668	 263.07555	        P1	
  99.62295	  31.30688	 392.81144	        P1	
 196.72380	 391.69989	 150.32888	        P1	
 489.28739	 205.31480	 409.28586	        P1	
 268.60365	 195.84992	 147.75479	        P1	
 129.88815	  91.00832	 147.75479	        P1	
 243.38265	 472.51529	 100.90568	        P1	
 119.79975	 337.09489	 212.10787	        P1	
 263.55945	 252.63912	  30.37469	        P1	
 229.51110	   4.36840	 125.10247	        P1	
 474.15479	 161.63080	 253.29389	        P1	
 136.19340	 387.33149	 224.46367	        P1	
 189.15750	 384.41921	  26.25607	        P1	
 437.58435	 206.04289	 168.86258	        P1	
 348.04980	 346.55973	 214.16722	        P1	
   5.04420	 112.12228	 249.17527	        P1	
 244.64370	 163.08692	 314.55809	        P1	
 230.77215	 182.74472	  42.73049	        P1	
 126.10500	 495.08533	 146.21032	        P1	
 441.36750	 365.48949	 453.04597	        P1	
 360.66030	 305.78801	  37.06740	        P1	
 437.58435	  79.35928	  83.91645	        P1	
 475.41584	 373.49821	 271.82759	        P1	
  21.43785	 208.95512	 177.09982	        P1	
 168.98070	 142.70108	 380.45564	        P1	
  63.05250	  61.15760	  81.85717	        P1	
 170.24175	 208.95512	 331.54731	        P1	
  27.74310	  68.43828	  32.94878	        P1	
 186.63540	 193.66572	 158.56612	        P1	
 276.16995	 491.44501	 168.34777	        P1	
 308.95725	 347.28781	 322.79527	        P1	
 349.31085	 380.77889	 415.97857	        P1	
 253.47105	 399.70861	 197.69279	        P1	
 176.54700	 348.01589	 473.12414	        P1	
  18.91575	 437.56809	 392.81144	        P1	
 229.51110	  16.01748	  40.67115	        P1	
  69.35775	 239.53392	  36.55259	        P1	
  80.70720	  55.33308	 386.63354	        P1	
 486.76529	 394.61213	 215.71169	        P1	
 476.67689	 388.78761	 123.55800	        P1	
  47.91990	 414.99801	 316.61737	        P1	
 407.31915	 478.33981	   0.00000	        P1	
  58.00830	 117.94680	 168.34777	        P1	
 128.62710	 439.75229	 212.10787	        P1	
 341.74455	 185.65700	 222.40439	        P1	
 471.63269	 403.34893	 436.57161	        P1	
  52.96410	 200.94640	 211.59307	        P1	
 316.52355	 124.49940	 353.68477	        P1	
 331.65615	 130.32392	 387.14841	        P1	
  65.57460	 404.80509	 292.42057	        P1	
 373.27080	 444.12069	 286.24267	        P1	
  58.00830	 126.68360	 137.45827	        P1	
 390.92550	 186.38509	  65.38275	        P1	
  70.61880	 305.78801	  12.35580	        P1	
 126.10500	  91.73640	 469.52039	        P1	
 121.06080	  42.22788	 193.57417	        P1	
 365.70450	 155.80628	 107.08358	        P1	
 448.93379	 250.45492	 419.58238	        P1	
 350.57190	 126.68360	 316.61737	        P1	
 317.78460	 199.49029	 261.53107	        P1	
 271.12575	 325.44581	 234.76019	        P1	
 277.43100	 461.59429	 348.02167	        P1	
 325.35090	 199.49029	  70.01618	        P1	
 129.88815	 431.74353	 351.62549	        P1	
 417.40755	 473.97141	 123.55800	        P1	
  84.49035	 388.05953	 141.57689	        P1	
  11.34945	  26.93848	 193.57417	        P1	
 398.49180	 350.92813	 215.71169	        P1	
 118.53870	 401.89281	 217.77097	        P1	
  92.05665	 404.07701	  24.71160	        P1	
  15.13260	 286.85829	 187.39627	        P1	
 343.00560	 225.70069	 164.22915	        P1	
 418.66860	  14.56132	  16.47442	        P1	
 225.72795	 331.27033	 123.04319	        P1	
 165.19755	 101.20128	 429.87884	        P1	
 307.69620	 457.22589	 107.08358	        P1	
 373.27080	 449.94521	 273.37207	        P1	
  59.26935	 401.16473	   4.11862	        P1	
   2.52210	 308.70029	 428.33437	        P1	
 297.60780	 133.96428	   9.78165	        P1	
 228.25005	 195.84992	 153.93269	        P1	
 273.64785	 367.67369	 242.99737	        P1	
 216.90060	  77.17508	 465.40177	        P1	
  68.09670	  37.85948	 446.86807	        P1	
  45.39780	 170.36760	  37.06740	        P1	
 441.36750	  72.80668	 349.56614	        P1	
 467.84954	 117.21872	 350.08101	        P1	
 337.96140	  49.50852	 363.98129	        P1	
 167.71965	 146.34140	 160.62540	        P1	
 356.87715	 115.76260	 475.69829	        P1	
 245.90475	  57.51728	  63.83828	        P1	
 340.48350	   0.00000	 316.61737	        P1	
 361.92135	 479.79593	 283.66859	        P1	
 131.14920	  93.19252	 234.24539	        P1	
 375.79290	 142.70108	 355.74404	        P1	
 114.75555	  26.93848	 454.59044	        P1	
  39.09255	 124.49940	 298.08367	        P1	
 354.35505	 430.28741	 279.54997	        P1	
 482.98214	 446.30489	 219.83025	        P1	
 134.93235	  92.46448	 212.10787	        P1	
 234.55530	 272.29692	 133.85452	        P1	
 126.10500	 200.94640	 203.87069	        P1	
 422.45175	 120.13100	 396.93006	        P1	
 349.31085	 198.76220	 148.26960	        P1	
 205.55115	 207.49900	 358.31819	        P1	
 190.41855	  89.55220	 452.53116	        P1	
 414.88545	 476.88369	 380.45564	        P1	
 261.03735	 334.18261	 327.42869	        P1	
 470.37164	 156.53432	 226.52302	        P1	
 334.17825	 152.16592	 158.56612	        P1	
  65.57460	 410.62961	 203.87069	        P1	
 148.80390	 431.01549	 354.19957	        P1	
 377.05395	 143.42912	 306.83571	        P1	
 105.92820	 265.01629	 329.48797	        P1	
 158.89230	 410.62961	 339.78449	        P1	
 355.61610	 473.24333	 251.23461	        P1	
  18.91575	 130.32392	 314.55809	        P1	
 472.89374	 367.67369	 145.69545	        P1	
 306.43515	  83.72768	  96.27225	        P1	
 343.00560	 364.03333	 158.56612	        P1	
  65.57460	 195.12189	 280.06477	        P1	
 329.13405	 195.84992	 438.11608	        P1	
 307.69620	  11.64908	 256.89765	        P1	
  90.79560	  16.01748	 213.65235	        P1	
 268.60365	 208.95512	 436.57161	        P1	
 423.71280	 158.71852	 388.69289	        P1	
 337.96140	  78.63120	  69.50137	        P1	
 303.91305	 453.58553	 232.70091	        P1	
 162.67545	 405.53313	 129.22109	        P1	
  22.69890	 267.92852	  22.65232	        P1	
  65.57460	 493.62921	 296.53919	        P1	
 451.45589	   0.00000	 341.32897	        P1	
  13.87155	 472.51529	 312.49875	        P1	
 427.49595	 340.00713	 234.24539	        P1	
 389.66445	  86.63992	 289.84649	        P1	
 268.60365	 265.74432	 450.47188	        P1	
 311.47935	 427.37513	 123.04319	        P1	
 245.90475	 360.39301	  18.53370	        P1	
  64.31355	  56.06112	 319.19151	        P1	
  39.09255	 328.35809	 244.54185	        P1	
 453.97799	 251.91109	  76.19408	        P1	
  26.48205	 134.69232	  78.25342	        P1	
 322.82880	 324.71773	 158.56612	        P1	
  69.35775	 226.42872	 271.31279	        P1	
  85.75140	  37.85948	  96.27225	        P1	
 330.39510	  68.43828	 428.33437	        P1	
 453.97799	 195.12189	  20.59298	        P1	
 215.63955	 294.86701	  13.90027	        P1	
  37.83150	 136.87652	 109.14292	        P1	
 245.90475	 402.62089	 205.92997	        P1	
 339.22245	 296.32313	 289.84649	        P1	
 137.45445	 406.98929	 287.78715	        P1	
  17.65470	 231.52521	 450.98669	        P1	
 182.85225	  44.41208	 310.95427	        P1	
 339.22245	 296.32313	 339.26969	        P1	
 378.31500	 243.17429	 182.76285	        P1	
 384.62025	 262.83209	 403.62277	        P1	
 359.39925	  74.99088	 372.73327	        P1	
 145.02075	 179.83249	  71.56065	        P1	
 491.80949	 425.19093	 455.10531	        P1	
 438.84540	 362.57721	 168.34777	        P1	
 281.21415	 283.21792	 135.39899	        P1	
 104.66715	 265.74432	 160.11059	        P1	
 377.05395	 449.21713	  28.83022	        P1	
  44.13675	 459.41009	 397.44487	        P1	
  11.34945	 159.44660	 322.79527	        P1	
 205.55115	  31.30688	 366.55537	        P1	
 104.66715	 347.28781	 333.60659	        P1	
 331.65615	 187.11312	 234.24539	        P1	
 295.08570	 425.19093	 493.71718	        P1	
 329.13405	 430.28741	 273.37207	        P1	
 127.36605	  82.27152	  10.29652	        P1	
  69.35775	 325.44581	 438.63089	        P1	
  71.87985	 175.46409	 415.97857	        P1	
 242.12160	 413.54189	 131.79518	        P1	
 326.61195	 134.69232	 226.52302	        P1	
 459.02219	 406.26121	 384.57426	        P1	
 411.10230	 361.12109	 287.78715	        P1	
 339.22245	 411.35769	 205.92997	        P1	
 163.93650	  39.31560	 240.93809	        P1	
 437.58435	 157.99048	 120.98385	        P1	
 314.00145	 114.30648	  14.41508	        P1	
 196.72380	 260.64789	 323.31007	        P1	
 407.31915	 111.39420	 148.26960	        P1	
 175.28595	 440.48033	 294.47991	        P1	
 142.49865	 398.25249	 341.84377	        P1	
 456.50009	 474.69949	  26.77088	        P1	
 471.63269	  26.21040	 427.81956	        P1	
 145.02075	 471.05913	 166.28849	        P1	
 411.10230	 426.64709	   3.60375	        P1	
 426.23490	 463.05041	 100.39087	        P1	
 320.30670	 448.48909	 120.98385	        P1	
 248.42685	 117.21872	 214.16722	        P1	
