2167.00000	   0.00000	   0.00000	   0.00000	
  37.83150	  93.19252	 325.36941	        P1	
 398.49180	  59.70148	 275.43135	        P1	
 340.48350	 452.85749	  88.54988	        P1	
 476.67689	 231.52521	  86.49060	        P1	
 261.03735	 383.69113	 461.28321	        P1	
 321.56775	  51.69272	  42.73049	        P1	
   6.30525	 207.49900	  92.66850	        P1	
 363.18240	 465.96269	 471.57967	        P1	
 148.80390	 190.75349	 114.80595	        P1	
 457.76114	 322.53353	 475.18348	        P1	
 157.63125	 341.46329	 249.17527	        P1	
 132.41025	 390.97181	 426.27509	        P1	
 453.97799	 441.20841	 415.46376	        P1	
 127.36605	 463.77849	 181.21837	        P1	
  27.74310	 104.84160	  24.71160	        P1	
 457.76114	 194.39380	 247.11599	        P1	
 179.06910	 228.61292	 177.09982	        P1	
  79.44615	 238.07781	 216.22649	        P1	
 118.53870	 468.87493	 345.44759	        P1	
 320.30670	 256.27949	 386.63354	        P1	
 254.73210	 123.77132	  28.83022	        P1	
 385.88130	 438.29613	 368.61471	        P1	
  65.57460	 133.96428	 176.58495	        P1	
 258.51525	 268.65661	  12.35580	        P1	
  49.18095	 117.21872	  96.78712	        P1	
 150.06495	 328.35809	 417.52304	        P1	
 185.37435	  79.35928	  70.01618	        P1	
 353.09400	 285.40213	 282.12411	        P1	
 113.49450	  11.64908	  82.37198	        P1	
  29.00415	 169.63952	 178.64429	        P1	
 199.24590	 117.94680	 384.57426	        P1	
 243.38265	  56.06112	 363.98129	        P1	
 155.10915	 139.06072	 220.34512	        P1	
 228.25005	 395.34021	 131.28037	        P1	
 263.55945	 160.90272	 147.75479	        P1	
 122.32185	 431.74353	  61.26419	        P1	
 223.20585	 331.27033	 197.17799	        P1	
  11.34945	 437.56809	 368.09984	        P1	
 334.17825	 434.65581	 483.42066	        P1	
 401.01390	  90.28028	 219.83025	        P1	
 284.99730	  18.92972	 473.63901	        P1	
 103.40610	  72.80668	 255.35317	        P1	
 287.51940	  11.64908	 286.24267	        P1	
 300.12990	 250.45492	 456.64978	        P1	
  18.91575	 305.05993	 296.02439	        P1	
 113.49450	 243.17429	 298.59847	        P1	
 143.75970	 113.57840	 197.69279	        P1	
 495.59264	 254.09529	 114.80595	        P1	
 423.71280	 388.78761	  98.84640	        P1	
 335.43930	  34.94720	   7.72237	        P1	
 443.88960	   2.91228	 380.45564	        P1	
 300.12990	  80.08732	 326.91389	        P1	
 459.02219	 366.94561	 440.17536	        P1	
 344.26665	   8.00872	 302.20229	        P1	
 175.28595	 213.32352	 331.54731	        P1	
 398.49180	  20.38588	 465.40177	        P1	
 451.45589	 141.24492	 413.40448	        P1	
 353.09400	 109.21000	 111.20220	        P1	
 110.97240	  56.78920	 316.61737	        P1	
 356.87715	 372.04209	 162.68468	        P1	
 127.36605	 208.95512	 363.98129	        P1	
  20.17680	 487.80469	 436.05674	        P1	
 168.98070	  99.01708	  15.95955	        P1	
 127.36605	  96.83288	 170.40705	        P1	
 437.58435	 194.39380	  43.24530	        P1	
 373.27080	 480.52401	 426.27509	        P1	
  32.78730	  50.96468	 114.80595	        P1	
 292.56360	 489.26081	 444.80879	        P1	
 422.45175	 243.90232	 436.57161	        P1	
 432.54015	 124.49940	 471.06486	        P1	
 403.53600	 301.41961	 446.35326	        P1	
 298.86885	 284.67409	 207.47445	        P1	
 208.07325	 366.21753	 147.75479	        P1	
 255.99315	  13.83328	 162.68468	        P1	
 104.66715	 468.14689	 491.65784	        P1	
 209.33430	 464.50653	 479.81691	        P1	
 152.58705	 491.44501	 211.59307	        P1	
  45.39780	 164.54309	  28.31535	        P1	
 433.80120	 371.31401	  57.14557	        P1	
 141.23760	  74.26280	 395.38559	        P1	
 259.77630	 167.45532	 140.03242	        P1	
 315.26250	  53.87692	 380.97051	        P1	
 393.44760	 471.78721	 143.63617	        P1	
   8.82735	 238.07781	  37.06740	        P1	
 377.05395	 188.56929	 125.61728	        P1	
 382.09815	 156.53432	 394.87079	        P1	
 126.10500	 396.06829	 158.05125	        P1	
 276.16995	 455.04169	 131.79518	        P1	
 156.37020	 361.12109	  51.48248	        P1	
 419.92965	 430.28741	 450.98669	        P1	
 378.31500	 292.68281	 372.21847	        P1	
 160.15335	 441.93649	 236.81947	        P1	
  90.79560	  10.19292	 269.76831	        P1	
   2.52210	 269.38469	 213.65235	        P1	
 263.55945	 373.49821	 302.71709	        P1	
 460.28324	 123.04328	 331.03245	        P1	
 325.35090	 468.87493	 201.81142	        P1	
  55.48620	 244.63041	 123.55800	        P1	
 194.20170	 167.45532	 257.41251	        P1	
 395.96970	 269.38469	 397.44487	        P1	
  94.57875	 143.42912	 257.41251	        P1	
 257.25420	 107.75388	 329.48797	        P1	
 495.59264	 356.02461	 341.32897	        P1	
 395.96970	 474.69949	 361.92194	        P1	
 194.20170	 441.20841	 383.02979	        P1	
 343.00560	 345.10361	  26.25607	        P1	
 351.83295	 239.53392	 177.09982	        P1	
 443.88960	  48.05240	 302.71709	        P1	
  10.08840	 315.98093	 419.58238	        P1	
 360.66030	 138.33268	 156.50678	        P1	
 190.41855	 229.34101	 389.20769	        P1	
   6.30525	 340.00713	 245.05671	        P1	
 223.20585	 495.81341	 347.50687	        P1	
 122.32185	  86.63992	  67.44209	        P1	
  90.79560	 339.27909	 335.66587	        P1	
  51.70305	  15.28940	 341.32897	        P1	
 312.74040	 336.36681	  20.07817	        P1	
  63.05250	 234.43749	  57.66038	        P1	
 348.04980	 187.84120	  61.77900	        P1	
 354.35505	  95.37672	   4.11862	        P1	
 147.54285	   8.00872	  10.29652	        P1	
 192.94065	   0.72808	 343.38825	        P1	
  30.26520	  13.10520	 339.78449	        P1	
 156.37020	 298.50733	 444.29398	        P1	
 452.71694	 195.84992	 376.33709	        P1	
 450.19484	  77.90312	 146.21032	        P1	
 345.52770	 342.19133	 203.35589	        P1	
  59.26935	 338.55101	 489.59856	        P1	
 237.07740	 313.06869	 380.45564	        P1	
 476.67689	 291.22669	 298.59847	        P1	
 240.86055	 443.39261	 401.56349	        P1	
  87.01245	  63.34180	 347.50687	        P1	
   7.56630	 209.68320	  44.78977	        P1	
 334.17825	  93.92060	 345.96239	        P1	
  63.05250	 228.61292	 133.85452	        P1	
  78.18510	 202.40252	 487.53928	        P1	
 118.53870	 366.94561	 364.49609	        P1	
 132.41025	 402.62089	 261.53107	        P1	
 402.27495	 255.55141	 353.68477	        P1	
 225.72795	 457.95393	  22.65232	        P1	
 378.31500	 441.20841	  12.35580	        P1	
  87.01245	  98.28900	 117.38010	        P1	
 126.10500	 168.91149	 226.00815	        P1	
 437.58435	 383.69113	 135.39899	        P1	
 364.44345	 318.16513	 424.21581	        P1	
 119.79975	 217.69192	  35.00812	        P1	
 177.80805	  61.88568	 473.12414	        P1	
 462.80534	 340.00713	  53.54182	        P1	
 350.57190	  59.70148	 269.25345	        P1	
 150.06495	 457.95393	  73.61999	        P1	
 190.41855	 350.20009	 236.81947	        P1	
 455.23904	  93.92060	 401.56349	        P1	
 127.36605	 389.51569	 386.63354	        P1	
 288.78045	  73.53472	 203.35589	        P1	
 451.45589	  48.05240	  37.06740	        P1	
 158.89230	 414.99801	 440.17536	        P1	
 461.54429	 269.38469	 201.29655	        P1	
 234.55530	 232.98132	 479.81691	        P1	
 428.75700	 474.69949	 360.37747	        P1	
 108.45030	 353.84041	 440.17536	        P1	
 327.87300	 452.85749	 156.50678	        P1	
  27.74310	 480.52401	 149.81407	        P1	
 364.44345	 195.84992	 234.24539	        P1	
 498.11474	 268.65661	 358.31819	        P1	
 176.54700	 168.91149	 415.97857	        P1	
 384.62025	 456.49781	 155.99197	        P1	
 161.41440	 345.10361	 168.34777	        P1	
 450.19484	 406.98929	  90.09435	        P1	
 339.22245	 376.41049	 242.99737	        P1	
 239.59950	  84.45572	 214.16722	        P1	
  75.66300	 189.29732	 166.28849	        P1	
 114.75555	 366.21753	 469.00558	        P1	
 244.64370	 428.10321	 117.38010	        P1	
 226.98900	 126.68360	 291.90577	        P1	
  41.61465	 309.42833	 197.17799	        P1	
 191.67960	 396.06829	  71.56065	        P1	
 459.02219	 147.06948	 429.87884	        P1	
  45.39780	 228.61292	 220.34512	        P1	
 475.41584	 386.60341	 481.87619	        P1	
 172.76385	 174.00792	  35.00812	        P1	
 242.12160	 142.70108	 337.21035	        P1	
 493.07054	  47.32432	 296.02439	        P1	
 205.55115	 423.00673	 282.12411	        P1	
 486.76529	 490.71693	 172.46639	        P1	
  95.83980	 209.68320	 321.25079	        P1	
 278.69205	  34.21912	 177.09982	        P1	
 257.25420	 216.96389	 355.74404	        P1	
 366.96555	 412.81381	 142.09170	        P1	
 456.50009	 308.70029	 286.24267	        P1	
 118.53870	 431.01549	  46.84905	        P1	
 244.64370	 492.17309	 360.37747	        P1	
 249.68790	  21.84200	 236.30467	        P1	
 215.63955	 492.90113	 257.41251	        P1	
 172.76385	 364.76141	  67.95690	        P1	
  63.05250	  13.10520	 160.62540	        P1	
 112.23345	 409.90153	 269.76831	        P1	
 261.03735	 166.72728	  94.72778	        P1	
 123.58290	 492.17309	 188.94075	        P1	
 232.03320	 419.36641	 223.94887	        P1	
 404.79705	 118.67488	  88.54988	        P1	
 305.17410	 455.76973	 226.52302	        P1	
 179.06910	  36.40332	 184.82219	        P1	
 390.92550	 170.36760	 409.28586	        P1	
 340.48350	  62.61372	 401.04869	        P1	
 340.48350	 454.31361	 298.08367	        P1	
 489.28739	 253.36721	 142.09170	        P1	
 416.14650	 230.06909	 102.45015	        P1	
 170.24175	 356.02461	  80.31270	        P1	
 476.67689	 406.26121	 193.05937	        P1	
  90.79560	 227.15681	 457.16459	        P1	
 459.02219	 294.13893	 387.14841	        P1	
 319.04565	 396.79633	 419.58238	        P1	
 390.92550	  58.24532	 394.87079	        P1	
 406.05810	 128.13972	 201.81142	        P1	
  31.52625	 347.28781	 452.53116	        P1	
 277.43100	 152.89400	 345.96239	        P1	
  99.62295	 252.63912	  73.61999	        P1	
 407.31915	   0.72808	 267.70897	        P1	
 403.53600	 413.54189	  26.77088	        P1	
  50.44200	  29.12268	 436.05674	        P1	
  56.74725	 374.95433	  47.36392	        P1	
  64.31355	 405.53313	 380.97051	        P1	
 252.21000	 302.87573	  35.00812	        P1	
 370.74870	 452.85749	 337.21035	        P1	
  85.75140	 464.50653	 271.31279	        P1	
 100.88400	 320.34933	 263.59041	        P1	
 167.71965	 140.51688	 158.05125	        P1	
 402.27495	  86.63992	 282.12411	        P1	
 443.88960	 409.17349	 292.42057	        P1	
 315.26250	 406.26121	  69.50137	        P1	
 369.48765	 388.05953	 388.69289	        P1	
 254.73210	  88.82412	  18.01890	        P1	
 151.32600	 297.05121	 427.81956	        P1	
 235.81635	  42.95592	 277.49069	        P1	
 475.41584	 131.78008	 348.02167	        P1	
 235.81635	 465.23461	  38.61187	        P1	
  26.48205	 377.86661	 345.96239	        P1	
 266.08155	 245.35849	  77.73855	        P1	
  98.36190	 279.57761	 471.06486	        P1	
 312.74040	 189.29732	 140.03242	        P1	
 187.89645	 163.81500	 193.05937	        P1	
 224.46690	 380.05081	   1.54447	        P1	
 268.60365	  37.13140	 143.63617	        P1	
 189.15750	 203.85869	 343.38825	        P1	
  15.13260	 403.34893	  84.43132	        P1	
 107.18925	 194.39380	 267.19417	        P1	
 456.50009	 211.13932	 141.57689	        P1	
 242.12160	 136.87652	 462.82768	        P1	
 261.03735	 232.25329	 170.40705	        P1	
 163.93650	 298.50733	 442.74951	        P1	
 372.00975	 369.12981	 185.33700	        P1	
  71.87985	 174.00792	  53.54182	        P1	
 409.84125	  85.18380	   6.17790	        P1	
 353.09400	  53.87692	 294.47991	        P1	
 427.49595	 102.65740	 420.09719	        P1	
 498.11474	 430.28741	 469.52039	        P1	
 288.78045	 188.56929	 343.38825	        P1	
 108.45030	 331.99841	 259.47179	        P1	
 117.27765	 374.95433	 462.82768	        P1	
 322.82880	 442.66453	 351.62549	        P1	
   3.78315	 115.76260	  55.60110	        P1	
 447.67274	 440.48033	 425.76028	        P1	
 417.40755	 178.37632	 195.63352	        P1	
 158.89230	  99.01708	 188.94075	        P1	
 489.28739	 106.29772	 282.12411	        P1	
 214.37850	 461.59429	 113.26148	        P1	
 403.53600	 168.91149	  32.94878	        P1	
 180.33015	  19.65780	  67.95690	        P1	
 426.23490	 131.05200	 302.71709	        P1	
 250.94895	 326.90193	 184.82219	        P1	
 242.12160	 101.92932	 129.22109	        P1	
 105.92820	 259.19172	 351.62549	        P1	
 380.83710	  80.08732	 251.23461	        P1	
 239.59950	 262.10401	 143.63617	        P1	
 360.66030	 142.70108	 275.43135	        P1	
 118.53870	 457.22589	  57.66038	        P1	
 211.85640	 362.57721	  43.24530	        P1	
 481.72109	 187.84120	  63.32347	        P1	
  55.48620	  50.96468	 323.31007	        P1	
 306.43515	 262.83209	 411.34514	        P1	
 441.36750	 477.61173	 368.61471	        P1	
 287.51940	 246.08652	 368.61471	        P1	
  71.87985	 139.06072	 455.10531	        P1	
 393.44760	 308.70029	 219.83025	        P1	
 407.31915	 345.83169	 119.43938	        P1	
 446.41170	 339.27909	 337.21035	        P1	
 166.45860	 195.12189	 385.08907	        P1	
 224.46690	 275.20921	  26.25607	        P1	
 253.47105	  92.46448	 392.81144	        P1	
 390.92550	 289.77053	 141.57689	        P1	
 356.87715	  21.11392	  78.25342	        P1	
 375.79290	 458.68201	 236.30467	        P1	
 182.85225	 405.53313	  30.37469	        P1	
 455.23904	  45.86820	  44.78977	        P1	
 374.53185	 469.60301	 191.51489	        P1	
  58.00830	 123.77132	  73.61999	        P1	
 319.04565	 428.83129	 428.33437	        P1	
 262.29840	  43.68400	 488.05409	        P1	
 301.39095	   0.72808	  57.66038	        P1	
 361.92135	 214.77969	 491.65784	        P1	
  58.00830	  84.45572	 245.05671	        P1	
 475.41584	 112.85032	  42.73049	        P1	
   7.56630	 298.50733	 116.86529	        P1	
 147.54285	 471.05913	 240.42329	        P1	
 319.04565	 101.20128	 195.11865	        P1	
 213.11745	 198.76220	  81.85717	        P1	
 284.99730	 412.08573	 189.45562	        P1	
 418.66860	 393.15601	  92.66850	        P1	
 213.11745	 420.09449	  14.41508	        P1	
  66.83565	 463.77849	 304.77637	        P1	
 162.67545	 335.63873	 333.09179	        P1	
 147.54285	 248.27072	 251.23461	        P1	
 224.46690	 358.20881	 310.43947	        P1	
 261.03735	 473.97141	 395.38559	        P1	
  26.48205	 257.00752	 388.69289	        P1	
 359.39925	  16.74552	  30.37469	        P1	
 219.42270	 122.31520	 105.02430	        P1	
  85.75140	 151.43788	  70.01618	        P1	
 411.10230	 314.52481	 409.28586	        P1	
  73.14090	 487.80469	 261.53107	        P1	
 274.90890	 289.77053	 135.39899	        P1	
 199.24590	 152.89400	 112.74667	        P1	
 133.67130	 342.19133	 363.98129	        P1	
 332.91720	 288.31441	 228.58229	        P1	
  95.83980	 410.62961	 469.52039	        P1	
  80.70720	 369.85789	 250.71975	        P1	
 317.78460	 330.54229	 127.16175	        P1	
  32.78730	 400.43669	 405.16724	        P1	
 348.04980	 167.45532	 221.88959	        P1	
  97.10085	 476.88369	   2.05928	        P1	
 368.22660	  29.12268	 317.13217	        P1	
 457.76114	 492.90113	 195.63352	        P1	
 472.89374	 227.88489	 385.08907	        P1	
 278.69205	 203.13060	 464.88696	        P1	
 113.49450	 320.34933	  53.54182	        P1	
  73.14090	 101.92932	 257.41251	        P1	
 192.94065	 109.93808	 343.38825	        P1	
 131.14920	   2.91228	 102.45015	        P1	
  65.57460	  82.99960	 415.46376	        P1	
 119.79975	 406.98929	  53.02695	        P1	
 162.67545	 334.18261	  86.49060	        P1	
 168.98070	 122.31520	 310.43947	        P1	
  10.08840	 247.54269	 491.65784	        P1	
  32.78730	 420.82253	 424.21581	        P1	
 235.81635	  41.49980	  30.88950	        P1	
 435.06225	 280.30569	 292.42057	        P1	
 269.86470	 128.13972	 411.86001	        P1	
 369.48765	   8.00872	 320.73599	        P1	
 247.16580	 206.77092	 388.69289	        P1	
 233.29425	 444.84873	 357.80339	        P1	
 142.49865	 386.60341	 390.75216	        P1	
 123.58290	  68.43828	 392.81144	        P1	
  88.27350	 101.92932	 294.47991	        P1	
 374.53185	 166.72728	 261.53107	        P1	
 337.96140	 193.66572	 461.28321	        P1	
 118.53870	 235.89361	 273.37207	        P1	
 165.19755	 169.63952	  11.84100	        P1	
 281.21415	   2.18420	 488.05409	        P1	
 336.70035	 364.76141	 143.63617	        P1	
 412.36335	 369.12981	  74.13480	        P1	
 470.37164	 342.91941	   0.00000	        P1	
 488.02634	 139.06072	 337.72521	        P1	
 488.02634	 182.74472	 271.31279	        P1	
  32.78730	 152.89400	 131.28037	        P1	
 104.66715	 262.83209	 292.42057	        P1	
 228.25005	 105.56968	 119.43938	        P1	
 334.17825	 130.32392	 320.73599	        P1	
 393.44760	  68.43828	 361.92194	        P1	
 438.84540	 231.52521	 316.61737	        P1	
 224.46690	 246.08652	  90.60922	        P1	
  15.13260	  77.17508	 176.58495	        P1	
 389.66445	 245.35849	 453.04597	        P1	
 139.97655	 136.14848	 261.53107	        P1	
 355.61610	  91.73640	 463.34249	        P1	
 418.66860	 125.22748	 453.04597	        P1	
  49.18095	 130.32392	 333.09179	        P1	
 480.46004	 395.34021	   0.00000	        P1	
  56.74725	  42.95592	 265.13489	        P1	
 311.47935	 102.65740	 129.73590	        P1	
 269.86470	 333.45453	 376.33709	        P1	
 488.02634	  72.07860	 154.44750	        P1	
 419.92965	 165.27112	 419.58238	        P1	
 374.53185	 125.95552	   4.11862	        P1	
  22.69890	 288.31441	 261.01627	        P1	
  55.48620	 320.34933	 399.50421	        P1	
 408.58020	 480.52401	 166.80330	        P1	
 245.90475	 302.14769	 144.15098	        P1	
  30.26520	 167.45532	 294.47991	        P1	
 419.92965	 291.95473	 289.84649	        P1	
  60.53040	  42.22788	 392.81144	        P1	
  36.57045	 347.28781	 123.55800	        P1	
 361.92135	 229.34101	  44.78977	        P1	
 339.22245	  64.79792	 380.97051	        P1	
  45.39780	 454.31361	 353.68477	        P1	
 384.62025	 297.77929	 454.59044	        P1	
  55.48620	 270.84081	 186.88147	        P1	
 151.32600	 221.33229	 218.28577	        P1	
  87.01245	  63.34180	 273.37207	        P1	
 191.67960	 243.17429	 182.76285	        P1	
 314.00145	 321.07741	 483.42066	        P1	
 329.13405	 402.62089	 145.69545	        P1	
 366.96555	 131.78008	 249.17527	        P1	
 424.97385	  29.85072	 133.85452	        P1	
 436.32330	 432.47161	  50.96767	        P1	
 247.16580	 419.36641	  94.21297	        P1	
 158.89230	  81.54348	 454.59044	        P1	
   2.52210	 168.91149	 114.80595	        P1	
 261.03735	 299.23541	 327.42869	        P1	
 457.76114	 232.25329	 119.43938	        P1	
 116.01660	 119.40292	 116.86529	        P1	
 498.11474	  99.74512	 313.01361	        P1	
 343.00560	 193.66572	 275.94621	        P1	
 237.07740	 269.38469	 386.63354	        P1	
  13.87155	   9.46488	   9.78165	        P1	
 474.15479	  56.78920	 335.15107	        P1	
  16.39365	 366.21753	 448.92741	        P1	
 379.57605	 380.77889	 170.40705	        P1	
 211.85640	 251.91109	 181.21837	        P1	
 132.41025	 108.48192	 411.86001	        P1	
 459.02219	 189.29732	 325.36941	        P1	
 491.80949	  21.84200	 421.64166	        P1	
  51.70305	 388.05953	 288.30201	        P1	
 377.05395	 220.60420	  69.50137	        P1	
 307.69620	 329.08613	 282.12411	        P1	
 201.76800	 495.08533	 257.41251	        P1	
 252.21000	 409.17349	 453.04597	        P1	
 131.14920	 410.62961	 315.07289	        P1	
 306.43515	  40.04368	 298.59847	        P1	
 113.49450	  87.36800	 172.98120	        P1	
 209.33430	 377.13853	 177.09982	        P1	
 242.12160	 279.57761	  81.85717	        P1	
 421.19070	 355.29653	  90.60922	        P1	
 108.45030	 359.66493	 493.71718	        P1	
 462.80534	 353.11233	 438.11608	        P1	
  31.52625	 157.99048	 337.21035	        P1	
 239.59950	 119.40292	 294.47991	        P1	
 459.02219	 276.66532	 252.77909	        P1	
 446.41170	   4.36840	 296.53919	        P1	
 170.24175	 125.95552	 221.88959	        P1	
 428.75700	 302.87573	 326.91389	        P1	
 460.28324	 128.86780	 240.93809	        P1	
 482.98214	 393.88409	  90.09435	        P1	
 216.90060	 152.89400	 166.80330	        P1	
 158.89230	 327.63001	 236.30467	        P1	
 378.31500	 451.40133	 207.98932	        P1	
 230.77215	 325.44581	 174.52567	        P1	
  42.87570	 484.89241	 376.85189	        P1	
 308.95725	 307.97221	 216.22649	        P1	
 128.62710	 477.61173	 442.74951	        P1	
 315.26250	 492.17309	 244.54185	        P1	
 413.62440	 289.77053	  92.15369	        P1	
 269.86470	 109.21000	 427.81956	        P1	
 189.15750	 337.82293	 214.16722	        P1	
 118.53870	  96.10480	 142.09170	        P1	
 317.78460	 189.29732	 269.76831	        P1	
 372.00975	 156.53432	 164.74402	        P1	
 262.29840	  84.45572	 288.30201	        P1	
 124.84395	 341.46329	   8.23718	        P1	
 306.43515	  44.41208	  59.20485	        P1	
  54.22515	 280.30569	 269.25345	        P1	
 268.60365	 425.91901	 279.54997	        P1	
  51.70305	 246.81461	 135.91380	        P1	
 377.05395	 172.55180	 444.80879	        P1	
  71.87985	 436.11193	 135.39899	        P1	
 218.16165	 424.46289	 368.09984	        P1	
  79.44615	 257.00752	 363.98129	        P1	
 100.88400	 206.77092	 109.14292	        P1	
 302.65200	   8.73680	 247.11599	        P1	
 321.56775	 495.81341	 118.92457	        P1	
 105.92820	 273.75309	 275.43135	        P1	
 417.40755	 341.46329	 411.34514	        P1	
 296.34675	  16.74552	 234.24539	        P1	
 320.30670	 380.05081	 149.81407	        P1	
 100.88400	 470.33109	 100.90568	        P1	
 493.07054	 211.86740	 180.70357	        P1	
  22.69890	 324.71773	 343.90311	        P1	
 358.13820	 420.82253	 258.95699	        P1	
 303.91305	  86.63992	  42.73049	        P1	
  52.96410	  81.54348	  20.59298	        P1	
 388.40340	 148.52560	 333.60659	        P1	
   7.56630	 171.82372	  16.47442	        P1	
 296.34675	 433.19969	  71.56065	        P1	
 354.35505	 203.13060	  13.90027	        P1	
 350.57190	  82.99960	 273.37207	        P1	
 134.93235	 130.32392	 325.36941	        P1	
 189.15750	 251.91109	   2.05928	        P1	
 305.17410	 253.36721	 438.63089	        P1	
 346.78875	 257.00752	 184.82219	        P1	
 266.08155	 208.95512	 407.22658	        P1	
 319.04565	  73.53472	 475.18348	        P1	
 452.71694	  28.39460	 450.98669	        P1	
 197.98485	 139.06072	  35.00812	        P1	
  80.70720	 432.47161	 222.40439	        P1	
 248.42685	  89.55220	  24.71160	        P1	
 346.78875	 259.91981	  92.66850	        P1	
 295.08570	 393.15601	 452.53116	        P1	
 118.53870	 340.73521	 210.04859	        P1	
 392.18655	  61.88568	  70.01618	        P1	
 221.94480	 292.68281	 203.87069	        P1	
 194.20170	  46.59628	 392.81144	        P1	
 103.40610	 447.03293	 363.98129	        P1	
 146.28180	 151.43788	 273.88687	        P1	
  85.75140	 170.36760	 390.75216	        P1	
  10.08840	 393.15601	 143.63617	        P1	
 404.79705	 153.62208	 281.60925	        P1	
  69.35775	 125.95552	 436.57161	        P1	
 363.18240	  71.35052	 481.36138	        P1	
 112.23345	 213.32352	 228.06749	        P1	
 117.27765	 303.60381	 315.07289	        P1	
 337.96140	 465.96269	  77.73855	        P1	
 273.64785	 312.34061	  37.06740	        P1	
 262.29840	  34.94720	 427.81956	        P1	
 379.57605	 472.51529	 280.06477	        P1	
 243.38265	 440.48033	  48.90839	        P1	
 414.88545	 363.30529	 417.52304	        P1	
 326.61195	 203.13060	 186.88147	        P1	
 262.29840	 206.77092	 152.38822	        P1	
  85.75140	 200.94640	  61.77900	        P1	
 123.58290	 276.66532	 363.98129	        P1	
 168.98070	 246.08652	 251.23461	        P1	
 185.37435	 123.04328	 466.94624	        P1	
 427.49595	 150.70980	 240.93809	        P1	
 277.43100	 403.34893	 401.04869	        P1	
  89.53455	 153.62208	 238.36395	        P1	
 201.76800	 250.45492	  79.79789	        P1	
 450.19484	 415.72609	 417.52304	        P1	
 359.39925	 364.76141	 284.18339	        P1	
 105.92820	 298.50733	 147.75479	        P1	
 361.92135	 229.34101	 105.02430	        P1	
 116.01660	  37.85948	 213.65235	        P1	
 408.58020	 224.24452	 399.50421	        P1	
 356.87715	 187.11312	 393.32631	        P1	
 209.33430	 463.05041	 135.91380	        P1	
 377.05395	 108.48192	 133.85452	        P1	
 482.98214	 251.18301	 148.26960	        P1	
 372.00975	  16.74552	 308.38019	        P1	
  54.22515	 401.16473	 461.28321	        P1	
 257.25420	 414.99801	 125.10247	        P1	
 331.65615	 111.39420	 469.52039	        P1	
  34.04835	 214.77969	 360.37747	        P1	
 307.69620	 234.43749	 398.98934	        P1	
 108.45030	  39.31560	 291.90577	        P1	
  18.91575	 299.23541	   0.00000	        P1	
 484.24319	 187.84120	 415.46376	        P1	
  27.74310	 141.24492	 302.20229	        P1	
 432.54015	 232.25329	 405.16724	        P1	
 462.80534	 274.48112	 220.34512	        P1	
 480.46004	  50.23660	 446.35326	        P1	
 484.24319	 368.40173	 109.14292	        P1	
 248.42685	 169.63952	 345.44759	        P1	
 321.56775	  24.02620	  26.25607	        P1	
 145.02075	 404.07701	  18.53370	        P1	
  70.61880	 168.91149	 318.67665	        P1	
 158.89230	 227.15681	   7.72237	        P1	
 329.13405	 136.14848	 207.47445	        P1	
 308.95725	 169.63952	  53.54182	        P1	
 232.03320	 279.57761	 298.08367	        P1	
 380.83710	 471.78721	 172.98120	        P1	
 254.73210	 329.08613	 475.18348	        P1	
 191.67960	 100.47320	 420.09719	        P1	
 132.41025	 475.42753	 461.28321	        P1	
 143.75970	 331.99841	 247.11599	        P1	
 461.54429	  94.64868	 156.50678	        P1	
 427.49595	 379.32273	 411.86001	        P1	
 157.63125	  44.41208	  65.38275	        P1	
 416.14650	 292.68281	 123.55800	        P1	
 124.84395	 450.67329	 102.45015	        P1	
 142.49865	 257.00752	 479.81691	        P1	
 312.74040	 196.57800	 433.99746	        P1	
 349.31085	 414.26993	 209.53379	        P1	
 343.00560	 492.17309	 218.28577	        P1	
 209.33430	  85.91188	  14.41508	        P1	
 445.15065	 219.14809	  82.37198	        P1	
 105.92820	 359.66493	 462.82768	        P1	
 482.98214	 111.39420	 197.69279	        P1	
 419.92965	 399.70861	 389.20769	        P1	
  26.48205	 108.48192	 158.56612	        P1	
 155.10915	 210.41129	 170.40705	        P1	
 148.80390	 410.62961	 129.73590	        P1	
 177.80805	 171.09569	 131.79518	        P1	
  60.53040	 393.15601	 378.39637	        P1	
  34.04835	  85.18380	 433.99746	        P1	
 195.46275	  19.65780	 205.41517	        P1	
 139.97655	 182.74472	 220.34512	        P1	
 248.42685	 235.16552	 368.61471	        P1	
 243.38265	 257.00752	 380.97051	        P1	
 451.45589	 320.34933	  24.19679	        P1	
 177.80805	  41.49980	 352.14029	        P1	
 168.98070	 109.21000	 352.14029	        P1	
  59.26935	 277.39341	 267.19417	        P1	
 341.74455	  89.55220	 199.23727	        P1	
 379.57605	 229.34101	 205.41517	        P1	
 136.19340	  85.91188	 310.95427	        P1	
  52.96410	 481.98013	 393.32631	        P1	
  23.95995	 182.74472	  30.37469	        P1	
 490.54844	 275.93729	 465.40177	        P1	
 208.07325	 415.72609	 219.83025	        P1	
  11.34945	 466.69073	  61.26419	        P1	
 416.14650	 116.49068	 193.57417	        P1	
 296.34675	 497.26953	  10.29652	        P1	
 494.33159	 451.40133	 146.21032	        P1	
 201.76800	 487.80469	 317.13217	        P1	
 274.90890	 331.99841	  81.85717	        P1	
 214.37850	 324.71773	 195.63352	        P1	
 353.09400	 406.26121	 228.58229	        P1	
 271.12575	 236.62169	 100.90568	        P1	
 210.59535	 370.58593	 363.98129	        P1	
 233.29425	 357.48073	 215.71169	        P1	
 273.64785	 286.13021	 463.34249	        P1	
 209.33430	 305.78801	 407.74139	        P1	
 423.71280	 279.57761	 179.15910	        P1	
 404.79705	  13.83328	 212.10787	        P1	
 128.62710	 179.10440	 155.99197	        P1	
 268.60365	  80.81540	  69.50137	        P1	
 109.71135	  47.32432	 368.61471	        P1	
 266.08155	 297.77929	   2.05928	        P1	
 127.36605	 198.76220	 279.54997	        P1	
 206.81220	 495.08533	  36.55259	        P1	
 166.45860	 200.94640	 395.38559	        P1	
 364.44345	 233.70941	 210.04859	        P1	
 233.29425	 476.88369	 477.75757	        P1	
  36.57045	 382.23501	 291.90577	        P1	
 459.02219	 431.01549	 405.16724	        P1	
 293.82465	 463.77849	 292.42057	        P1	
 466.58849	 281.03373	 102.96502	        P1	
 398.49180	 117.94680	 203.87069	        P1	
 390.92550	 403.34893	 456.64978	        P1	
  36.57045	  86.63992	 467.46111	        P1	
 453.97799	 343.64749	 280.06477	        P1	
 324.08985	 165.27112	 252.77909	        P1	
 203.02905	 434.65581	 327.42869	        P1	
 329.13405	 101.20128	 250.71975	        P1	
 298.86885	 249.72689	 318.67665	        P1	
 273.64785	 441.93649	 304.77637	        P1	
 302.65200	 445.57681	 197.69279	        P1	
 382.09815	 204.58672	 419.58238	        P1	
 203.02905	 281.76181	 123.55800	        P1	
 131.14920	 282.48989	 207.47445	        P1	
 269.86470	   1.45612	 288.30201	        P1	
 147.54285	 245.35849	 465.40177	        P1	
  80.70720	 353.84041	 203.87069	        P1	
  68.09670	 362.57721	  55.60110	        P1	
 465.32744	 251.18301	 211.59307	        P1	
 477.93794	 494.35729	 372.73327	        P1	
  45.39780	 431.01549	   9.78165	        P1	
 307.69620	  53.87692	 479.81691	        P1	
  71.87985	 214.77969	  76.19408	        P1	
 167.71965	 157.99048	 275.43135	        P1	
 368.22660	  24.75428	 329.48797	        P1	
  25.22100	 333.45453	  53.54182	        P1	
 365.70450	 237.34972	 257.41251	        P1	
 311.47935	 219.14809	 459.22387	        P1	
 388.40340	 299.96349	 281.60925	        P1	
 325.35090	 281.03373	  36.55259	        P1	
  79.44615	 481.25209	 269.25345	        P1	
 493.07054	 136.14848	  15.95955	        P1	
 316.52355	 436.11193	  18.01890	        P1	
 361.92135	  80.81540	  63.32347	        P1	
 340.48350	 295.59509	 366.55537	        P1	
  95.83980	 305.78801	 341.32897	        P1	
 108.45030	 465.96269	 473.12414	        P1	
 460.28324	 412.81381	 457.16459	        P1	
 224.46690	 304.33189	 188.94075	        P1	
 300.12990	 310.15641	  43.24530	        P1	
 244.64370	 139.78880	 420.09719	        P1	
 445.15065	 268.65661	 217.77097	        P1	
   3.78315	  40.04368	  45.30458	        P1	
  29.00415	  74.99088	 323.31007	        P1	
 438.84540	 276.66532	 337.72521	        P1	
  93.31770	 493.62921	 105.02430	        P1	
 199.24590	  99.01708	 409.80067	        P1	
  36.57045	 198.76220	 253.29389	        P1	
 258.51525	 309.42833	 220.34512	        P1	
 219.42270	 183.47280	 259.47179	        P1	
 134.93235	 239.53392	  72.07552	        P1	
 430.01805	 487.07661	 384.57426	        P1	
  11.34945	 133.23620	 384.57426	        P1	
 107.18925	 287.58632	 178.64429	        P1	
 448.93379	 263.56012	 246.60119	        P1	
 382.09815	 353.11233	 469.00558	        P1	
 419.92965	 172.55180	 384.57426	        P1	
 291.30255	 111.39420	 395.38559	        P1	
 250.94895	 323.98969	 391.26697	        P1	
  49.18095	 162.35888	 465.40177	        P1	
 427.49595	 347.28781	 217.77097	        P1	
 325.35090	 158.71852	 140.03242	        P1	
 389.66445	 190.02540	 216.22649	        P1	
 464.06639	 231.52521	 426.27509	        P1	
 268.60365	 309.42833	 275.94621	        P1	
 331.65615	  58.97340	   1.54447	        P1	
 244.64370	 138.33268	 473.12414	        P1	
  73.14090	  82.99960	 149.81407	        P1	
 319.04565	 385.14729	 293.96505	        P1	
  13.87155	 356.02461	 123.55800	        P1	
 361.92135	 200.21832	 424.21581	        P1	
 225.72795	 385.14729	 267.70897	        P1	
 118.53870	  48.05240	 148.26960	        P1	
 216.90060	 215.50772	 387.14841	        P1	
 436.32330	 128.13972	 405.68211	        P1	
 286.25835	 404.07701	 298.08367	        P1	
  42.87570	  65.52600	 372.21847	        P1	
 200.50695	 273.02501	  63.32347	        P1	
 311.47935	 316.70901	 162.16987	        P1	
 237.07740	 358.20881	 376.85189	        P1	
 443.88960	 120.85908	 446.86807	        P1	
 389.66445	 456.49781	 359.86267	        P1	
 104.66715	  31.30688	 385.08907	        P1	
 191.67960	 473.24333	  53.54182	        P1	
 303.91305	 367.67369	 249.17527	        P1	
 176.54700	 193.66572	 473.63901	        P1	
 437.58435	 208.95512	 170.92192	        P1	
  70.61880	 428.10321	 112.74667	        P1	
  95.83980	 429.55933	 419.58238	        P1	
   2.52210	 345.10361	 384.57426	        P1	
 197.98485	 457.95393	 275.94621	        P1	
 170.24175	 159.44660	 413.91929	        P1	
  55.48620	 270.84081	  43.24530	        P1	
 491.80949	   1.45612	 288.30201	        P1	
 432.54015	 227.88489	 471.57967	        P1	
 204.29010	 133.96428	   2.05928	        P1	
 375.79290	 215.50772	 425.76028	        P1	
   2.52210	 231.52521	 345.96239	        P1	
 360.66030	  96.10480	  32.43397	        P1	
 167.71965	 268.65661	  67.95690	        P1	
 108.45030	 244.63041	 315.07289	        P1	
 424.97385	 213.32352	   4.11862	        P1	
 192.94065	  13.83328	  83.91645	        P1	
 282.47520	 474.69949	 281.60925	        P1	
 103.40610	 314.52481	 279.54997	        P1	
 156.37020	 129.59588	  46.84905	        P1	
 346.78875	 379.32273	 228.06749	        P1	
  12.61050	 129.59588	  45.30458	        P1	
  22.69890	 221.33229	  46.84905	        P1	
 104.66715	 481.25209	  59.20485	        P1	
 443.88960	 202.40252	 382.51499	        P1	
 476.67689	 230.06909	  76.19408	        P1	
 467.84954	 273.02501	 278.00549	        P1	
 326.61195	 211.86740	 180.70357	        P1	
 435.06225	 194.39380	 315.07289	        P1	
 100.88400	 297.05121	 366.04057	        P1	
 413.62440	 308.70029	 378.91117	        P1	
 157.63125	 369.12981	 341.32897	        P1	
 436.32330	  64.06988	 442.23464	        P1	
 185.37435	 318.16513	 393.32631	        P1	
  93.31770	 301.41961	  18.53370	        P1	
 432.54015	 363.30529	 144.15098	        P1	
 243.38265	  76.44700	  44.78977	        P1	
 249.68790	  50.96468	 292.42057	        P1	
 428.75700	 116.49068	 114.80595	        P1	
 181.59120	 295.59509	 269.25345	        P1	
 102.14505	  64.79792	 351.62549	        P1	
 214.37850	 477.61173	 326.91389	        P1	
 421.19070	  65.52600	 315.07289	        P1	
   6.30525	 265.74432	 170.92192	        P1	
 481.72109	 345.10361	 378.39637	        P1	
 384.62025	 156.53432	 265.13489	        P1	
 424.97385	  73.53472	 357.80339	        P1	
 209.33430	  75.71892	  47.36392	        P1	
 336.70035	 195.84992	 160.11059	        P1	
 151.32600	 128.13972	 289.84649	        P1	
 162.67545	 424.46289	 199.75207	        P1	
 234.55530	 441.20841	 389.20769	        P1	
 185.37435	 293.41089	 398.98934	        P1	
 127.36605	  21.11392	 418.03791	        P1	
 133.67130	 260.64789	 127.16175	        P1	
 211.85640	 203.85869	 199.75207	        P1	
  76.92405	 159.44660	 105.02430	        P1	
 340.48350	 142.70108	 281.60925	        P1	
 108.45030	 269.38469	 366.55537	        P1	
 102.14505	 197.30609	  39.12668	        P1	
 239.59950	  43.68400	 463.34249	        P1	
  70.61880	 200.94640	 420.09719	        P1	
 320.30670	 486.34853	 240.42329	        P1	
 223.20585	 462.32233	 245.05671	        P1	
 469.11059	 205.31480	 383.02979	        P1	
 195.46275	 223.51649	 199.75207	        P1	
 119.79975	 297.77929	  82.37198	        P1	
 489.28739	 228.61292	 363.98129	        P1	
  31.52625	 249.72689	 137.97308	        P1	
 388.40340	   5.82452	 294.47991	        P1	
 221.94480	 401.89281	 174.52567	        P1	
 250.94895	 347.28781	 372.21847	        P1	
 399.75285	 176.92020	 321.25079	        P1	
  29.00415	 430.28741	 359.86267	        P1	
 112.23345	 398.25249	 205.92997	        P1	
 387.14235	 310.88449	 298.59847	        P1	
 311.47935	 428.83129	  59.20485	        P1	
 403.53600	  62.61372	 343.90311	        P1	
 152.58705	 201.67449	  28.31535	        P1	
  47.91990	 438.29613	 240.42329	        P1	
  71.87985	 127.41168	  83.91645	        P1	
 348.04980	 400.43669	  53.02695	        P1	
 426.23490	 104.84160	 450.98669	        P1	
 385.88130	   5.82452	 456.64978	        P1	
 279.95310	 120.85908	 170.40705	        P1	
 452.71694	 377.86661	 310.43947	        P1	
 297.60780	 270.84081	 353.68477	        P1	
 224.46690	  75.71892	 265.13489	        P1	
 451.45589	  49.50852	 115.32082	        P1	
 480.46004	 118.67488	 269.25345	        P1	
 426.23490	 348.01589	 267.70897	        P1	
 302.65200	 247.54269	 281.60925	        P1	
 390.92550	 206.77092	  78.25342	        P1	
  95.83980	  33.49108	  20.59298	        P1	
 277.43100	 179.10440	 352.14029	        P1	
 398.49180	 247.54269	 317.13217	        P1	
 388.40340	 299.96349	 323.31007	        P1	
 271.12575	 137.60460	 111.20220	        P1	
 345.52770	 107.75388	  76.19408	        P1	
 406.05810	 454.31361	  75.67927	        P1	
 433.80120	 189.29732	  55.08629	        P1	
 168.98070	 435.38389	 281.60925	        P1	
 350.57190	 231.52521	  57.14557	        P1	
  10.08840	 425.19093	  35.00812	        P1	
 331.65615	 236.62169	 158.05125	        P1	
  89.53455	 495.81341	   6.17790	        P1	
 349.31085	 373.49821	 291.90577	        P1	
  10.08840	 288.31441	 285.72787	        P1	
 141.23760	 388.78761	 440.17536	        P1	
  54.22515	 383.69113	 258.95699	        P1	
 124.84395	 259.91981	  61.77900	        P1	
 210.59535	 187.11312	 419.58238	        P1	
 273.64785	  32.76300	 193.05937	        P1	
 177.80805	 309.42833	 147.75479	        P1	
  85.75140	 479.06789	 256.89765	        P1	
 448.93379	 282.48989	 471.57967	        P1	
 148.80390	 116.49068	 170.40705	        P1	
 325.35090	 476.15561	 142.09170	        P1	
 117.27765	 388.05953	 265.13489	        P1	
 456.50009	  53.87692	  73.61999	        P1	
 441.36750	  39.31560	 284.18339	        P1	
  97.10085	 226.42872	 203.35589	        P1	
 112.23345	 181.28860	 185.33700	        P1	
 179.06910	 490.71693	 121.49872	        P1	
 329.13405	 379.32273	 357.80339	        P1	
 435.06225	 326.90193	 245.05671	        P1	
 278.69205	 473.97141	 180.70357	        P1	
 239.59950	  52.42080	 210.04859	        P1	
 223.20585	 312.34061	 483.42066	        P1	
 484.24319	 308.70029	 324.85455	        P1	
 322.82880	  18.92972	 481.36138	        P1	
  99.62295	 229.34101	  37.06740	        P1	
  59.26935	  45.86820	 370.67399	        P1	
   5.04420	  85.91188	 380.45564	        P1	
  25.22100	 479.06789	 329.48797	        P1	
 162.67545	 211.86740	 345.96239	        P1	
  87.01245	 216.23580	 216.22649	        P1	
 360.66030	  26.21040	 197.69279	        P1	
 489.28739	 420.82253	 492.17271	        P1	
 286.25835	 313.79673	 257.41251	        P1	
 316.52355	  13.83328	  83.91645	        P1	
 306.43515	 313.79673	 232.70091	        P1	
  85.75140	 385.87533	 479.81691	        P1	
 277.43100	 352.38429	 380.45564	        P1	
 327.87300	 246.08652	   5.66310	        P1	
 465.32744	 342.91941	 236.30467	        P1	
 440.10645	 447.76101	  26.25607	        P1	
 312.74040	 366.94561	 366.04057	        P1	
  44.13675	 423.00673	 374.79261	        P1	
 440.10645	 293.41089	 187.39627	        P1	
  54.22515	  88.09608	 238.36395	        P1	
 257.25420	 484.89241	 210.04859	        P1	
 298.86885	 353.11233	 475.18348	        P1	
  40.35360	 307.24413	 263.59041	        P1	
 221.94480	 324.71773	 473.63901	        P1	
 351.83295	 187.11312	 141.57689	        P1	
  71.87985	 230.79712	 289.84649	        P1	
 210.59535	  32.76300	  74.13480	        P1	
 423.71280	 422.27869	 477.75757	        P1	
 360.66030	 393.15601	 234.76019	        P1	
 189.15750	 355.29653	 326.91389	        P1	
 133.67130	  71.35052	 147.75479	        P1	
 150.06495	   6.55260	  12.35580	        P1	
  44.13675	 380.77889	  63.83828	        P1	
 319.04565	 342.91941	  81.85717	        P1	
 203.02905	 417.18221	 310.43947	        P1	
 112.23345	 166.72728	 415.97857	        P1	
 351.83295	 307.97221	 457.16459	        P1	
  58.00830	 364.03333	 166.28849	        P1	
  46.65885	 469.60301	 205.41517	        P1	
  36.57045	 109.93808	   9.78165	        P1	
 142.49865	  92.46448	 205.92997	        P1	
 181.59120	 349.47201	 105.02430	        P1	
  60.53040	 431.01549	 267.70897	        P1	
 465.32744	 312.34061	  92.66850	        P1	
 382.09815	  18.20168	 300.14295	        P1	
 160.15335	 277.39341	 316.61737	        P1	
 184.11330	  71.35052	 127.67662	        P1	
 422.45175	 192.93769	  26.77088	        P1	
 382.09815	 134.69232	  41.18602	        P1	
 250.94895	  67.71020	 401.56349	        P1	
 340.48350	 110.66612	  11.84100	        P1	
 494.33159	 248.99881	 267.19417	        P1	
  98.36190	 288.31441	 199.23727	        P1	
 322.82880	 208.22709	 318.67665	        P1	
 258.51525	  26.93848	  15.95955	        P1	
 389.66445	 211.86740	 259.47179	        P1	
  90.79560	 260.64789	 361.92194	        P1	
 124.84395	 358.93689	 137.97308	        P1	
 394.70865	  86.63992	 442.74951	        P1	
  23.95995	 472.51529	 125.61728	        P1	
 145.02075	 345.83169	 300.14295	        P1	
 247.16580	 412.08573	 116.86529	        P1	
 128.62710	 171.82372	  90.60922	        P1	
 319.04565	 289.04249	 244.54185	        P1	
 385.88130	  10.19292	 183.27772	        P1	
  60.53040	  46.59628	 144.15098	        P1	
  52.96410	  42.22788	  94.72778	        P1	
 254.73210	 339.27909	 170.40705	        P1	
  61.79145	  96.83288	 205.92997	        P1	
 432.54015	 101.20128	 459.22387	        P1	
 163.93650	 157.26240	 273.37207	        P1	
 456.50009	  49.50852	 294.47991	        P1	
 365.70450	 164.54309	  94.72778	        P1	
 491.80949	 138.33268	 335.66587	        P1	
 298.86885	 109.93808	 460.76834	        P1	
 302.65200	 388.78761	  44.78977	        P1	
 229.51110	 278.12149	 436.05674	        P1	
 358.13820	 449.94521	 341.32897	        P1	
 196.72380	  42.22788	  22.13745	        P1	
   8.82735	  80.81540	  86.49060	        P1	
 349.31085	  89.55220	 278.00549	        P1	
 424.97385	 211.86740	  75.67927	        P1	
  68.09670	 334.91069	 273.88687	        P1	
 481.72109	 154.35012	 214.16722	        P1	
 345.52770	 372.77013	  22.65232	        P1	
 348.04980	 253.36721	  37.06740	        P1	
 340.48350	 190.75349	 188.94075	        P1	
 267.34260	 145.61332	 177.09982	        P1	
 300.12990	  24.75428	 144.15098	        P1	
  89.53455	 289.04249	 226.00815	        P1	
 292.56360	 495.08533	 382.51499	        P1	
 174.02490	  81.54348	 139.51755	        P1	
 182.85225	 152.16592	  36.55259	        P1	
 243.38265	 206.04289	 436.05674	        P1	
 365.70450	 260.64789	 453.04597	        P1	
 174.02490	 452.85749	  15.95955	        P1	
  74.40195	 226.42872	 331.54731	        P1	
 390.92550	 110.66612	  92.15369	        P1	
 129.88815	 460.86621	 450.98669	        P1	
 311.47935	 449.21713	 153.93269	        P1	
  93.31770	 257.73561	 254.83837	        P1	
 355.61610	 230.06909	 409.80067	        P1	
  51.70305	 358.93689	 348.02167	        P1	
 343.00560	 243.17429	 398.98934	        P1	
 228.25005	 353.11233	 123.04319	        P1	
 399.75285	 172.55180	 359.86267	        P1	
 437.58435	 118.67488	 250.71975	        P1	
 380.83710	 288.31441	 291.90577	        P1	
 165.19755	 261.37592	  10.29652	        P1	
 441.36750	 323.26161	 106.56877	        P1	
 346.78875	 200.21832	 209.53379	        P1	
 403.53600	 262.10401	  43.24530	        P1	
 174.02490	 199.49029	  77.73855	        P1	
  66.83565	 392.42793	 300.65781	        P1	
  11.34945	 411.35769	 275.43135	        P1	
 239.59950	 441.20841	 154.44750	        P1	
 235.81635	 363.30529	 226.00815	        P1	
 158.89230	 496.54149	 137.97308	        P1	
 123.58290	  20.38588	  82.37198	        P1	
 341.74455	 273.02501	 112.74667	        P1	
 273.64785	 428.83129	 119.43938	        P1	
 103.40610	 189.29732	 326.91389	        P1	
 408.58020	 208.22709	 312.49875	        P1	
 383.35920	 209.68320	 421.64166	        P1	
 390.92550	 358.20881	  37.06740	        P1	
 220.68375	 463.77849	  15.95955	        P1	
 213.11745	 437.56809	 310.95427	        P1	
 370.74870	  97.56092	 325.36941	        P1	
 109.71135	 404.07701	 302.71709	        P1	
 360.66030	 387.33149	 398.98934	        P1	
 176.54700	 193.66572	 271.31279	        P1	
 129.88815	 252.63912	  24.19679	        P1	
 180.33015	 226.42872	 444.29398	        P1	
 383.35920	 176.19212	 221.88959	        P1	
 412.36335	 155.07820	 228.58229	        P1	
 411.10230	  27.66652	  92.15369	        P1	
 389.66445	 393.88409	 287.78715	        P1	
 424.97385	 290.49861	 316.61737	        P1	
  21.43785	 181.28860	 111.20220	        P1	
 240.86055	  82.27152	  96.78712	        P1	
 438.84540	  24.75428	 100.90568	        P1	
 157.63125	 386.60341	 106.56877	        P1	
 229.51110	 433.92773	 133.85452	        P1	
 343.00560	 403.34893	 207.98932	        P1	
 300.12990	  72.80668	 164.22915	        P1	
 364.44345	 248.27072	  18.01890	        P1	
 104.66715	 457.95393	 436.57161	        P1	
 470.37164	 354.56849	 417.52304	        P1	
 122.32185	 229.34101	 248.66047	        P1	
  10.08840	 246.08652	 425.76028	        P1	
 213.11745	 495.81341	 469.52039	        P1	
 345.52770	 278.12149	 374.27774	        P1	
  11.34945	 478.33981	 420.09719	        P1	
 336.70035	 178.37632	  48.90839	        P1	
  35.30940	 471.78721	  13.90027	        P1	
 248.42685	 166.72728	 158.05125	        P1	
 298.86885	 297.77929	  90.09435	        P1	
  71.87985	 402.62089	   9.78165	        P1	
 375.79290	 375.68241	 160.62540	        P1	
 234.55530	   7.28068	 188.94075	        P1	
 459.02219	  43.68400	  38.61187	        P1	
 348.04980	  56.78920	 489.59856	        P1	
  56.74725	 281.76181	 464.88696	        P1	
 407.31915	 114.30648	 249.17527	        P1	
   8.82735	 107.02580	 327.42869	        P1	
 461.54429	 378.59469	 466.94624	        P1	
 375.79290	 240.26201	 117.38010	        P1	
 418.66860	  80.08732	 481.36138	        P1	
 428.75700	 401.89281	 463.34249	        P1	
 204.29010	  20.38588	  22.13745	        P1	
 124.84395	 395.34021	 452.53116	        P1	
 320.30670	  13.10520	 137.45827	        P1	
 361.92135	  69.16632	 492.17271	        P1	
 113.49450	 196.57800	 308.89499	        P1	
 344.26665	 443.39261	 438.63089	        P1	
 414.88545	  40.04368	 454.59044	        P1	
 107.18925	 428.83129	 440.69017	        P1	
 470.37164	 159.44660	 376.85189	        P1	
 237.07740	 202.40252	  47.36392	        P1	
 326.61195	 462.32233	 448.92741	        P1	
 411.10230	  99.01708	 341.84377	        P1	
 100.88400	 250.45492	 394.87079	        P1	
 445.15065	  83.72768	 335.66587	        P1	
 366.96555	 176.92020	 446.35326	        P1	
  13.87155	 163.81500	 438.63089	        P1	
 494.33159	 192.20960	 154.44750	        P1	
 491.80949	 393.15601	 199.23727	        P1	
  52.96410	 275.20921	 446.35326	        P1	
 475.41584	 312.34061	  43.24530	        P1	
 110.97240	 160.17469	 131.79518	        P1	
 100.88400	 393.15601	 444.80879	        P1	
 365.70450	 448.48909	  22.13745	        P1	
 269.86470	 480.52401	  57.14557	        P1	
 452.71694	 169.63952	  35.00812	        P1	
 397.23075	  80.81540	 452.53116	        P1	
 150.06495	  95.37672	 158.56612	        P1	
  80.70720	 120.85908	 479.30204	        P1	
 484.24319	   4.36840	 193.05937	        P1	
  75.66300	 297.05121	 469.52039	        P1	
 243.38265	 323.98969	 310.95427	        P1	
  17.65470	 212.59549	 386.63354	        P1	
 477.93794	  54.60500	 111.20220	        P1	
  74.40195	 348.74393	 425.76028	        P1	
 385.88130	  61.15760	  13.90027	        P1	
 216.90060	 480.52401	 364.49609	        P1	
 486.76529	 381.50693	 246.60119	        P1	
 278.69205	 239.53392	 277.49069	        P1	
 467.84954	  12.37712	 141.57689	        P1	
 175.28595	 405.53313	 331.54731	        P1	
 235.81635	 353.11233	 461.28321	        P1	
 469.11059	 301.41961	 123.55800	        P1	
 279.95310	 152.89400	  43.24530	        P1	
  55.48620	  17.47360	 179.15910	        P1	
 204.29010	  96.10480	 421.64166	        P1	
 353.09400	  64.06988	 454.59044	        P1	
 230.77215	 411.35769	 312.49875	        P1	
 448.93379	   5.82452	 302.20229	        P1	
  94.57875	 112.85032	 183.27772	        P1	
 266.08155	 192.93769	 454.59044	        P1	
   8.82735	 402.62089	 100.90568	        P1	
  69.35775	 393.88409	 224.46367	        P1	
 408.58020	 460.13813	 177.09982	        P1	
 398.49180	 302.87573	  48.90839	        P1	
 495.59264	 204.58672	 492.17271	        P1	
 158.89230	 441.20841	 271.82759	        P1	
 163.93650	 313.06869	 409.80067	        P1	
  80.70720	 398.98053	 450.47188	        P1	
  52.96410	 276.66532	 228.06749	        P1	
 414.88545	 345.83169	 317.13217	        P1	
  49.18095	 353.11233	  22.65232	        P1	
  25.22100	 281.03373	  35.00812	        P1	
 451.45589	 317.43709	 164.22915	        P1	
 467.84954	 423.00673	 127.67662	        P1	
 182.85225	 252.63912	 314.55809	        P1	
  70.61880	  85.91188	 415.97857	        P1	
 383.35920	 336.36681	  86.49060	        P1	
 151.32600	 262.10401	 197.69279	        P1	
 151.32600	 429.55933	 350.08101	        P1	
 114.75555	 319.62129	 440.69017	        P1	
 103.40610	 473.24333	 448.92741	        P1	
  75.66300	  45.14012	 424.21581	        P1	
 462.80534	 181.28860	 118.92457	        P1	
 484.24319	  43.68400	 390.75216	        P1	
 163.93650	 278.12149	 361.92194	        P1	
 411.10230	 237.34972	 394.87079	        P1	
 397.23075	  61.88568	 139.51755	        P1	
 474.15479	 471.78721	 174.52567	        P1	
 139.97655	  16.74552	 393.32631	        P1	
 214.37850	 174.73600	 106.56877	        P1	
 242.12160	 390.24373	  47.36392	        P1	
 337.96140	 419.36641	 389.20769	        P1	
 361.92135	 168.18340	 186.88147	        P1	
 383.35920	 384.41921	 383.02979	        P1	
  27.74310	  97.56092	 425.76028	        P1	
 205.55115	  89.55220	 259.47179	        P1	
 358.13820	 256.27949	 368.09984	        P1	
  21.43785	 452.12941	   6.17790	        P1	
  25.22100	 442.66453	 362.43681	        P1	
  36.57045	  32.76300	  61.77900	        P1	
 126.10500	 384.41921	 407.74139	        P1	
 163.93650	 391.69989	 448.41254	        P1	
 368.22660	 428.10321	 193.05937	        P1	
 262.29840	  30.57880	 353.68477	        P1	
 314.00145	 121.58712	 275.94621	        P1	
  83.22930	 275.20921	  63.32347	        P1	
 392.18655	 267.20049	 114.80595	        P1	
 426.23490	  32.03492	 116.86529	        P1	
 264.82050	 448.48909	 304.77637	        P1	
 343.00560	  39.31560	  74.13480	        P1	
 133.67130	 206.77092	 345.44759	        P1	
  47.91990	 339.27909	 242.99737	        P1	
 255.99315	 130.32392	 442.74951	        P1	
 395.96970	 224.24452	  22.65232	        P1	
 287.51940	 154.35012	 302.20229	        P1	
 175.28595	 434.65581	 483.42066	        P1	
 307.69620	 419.36641	 383.02979	        P1	
 480.46004	 303.60381	 353.68477	        P1	
  20.17680	 202.40252	 467.46111	        P1	
 392.18655	 229.34101	 129.73590	        P1	
 355.61610	 388.78761	 421.64166	        P1	
 109.71135	 473.97141	 432.45299	        P1	
 443.88960	 352.38429	 139.51755	        P1	
 431.27910	  49.50852	 140.03242	        P1	
 413.62440	 349.47201	 401.56349	        P1	
 489.28739	 116.49068	  65.38275	        P1	
  37.83150	 369.85789	 131.79518	        P1	
  22.69890	 349.47201	 179.15910	        P1	
 491.80949	  34.94720	   6.17790	        P1	
 248.42685	  66.25408	   8.23718	        P1	
 494.33159	 276.66532	 296.02439	        P1	
 184.11330	 224.24452	  36.55259	        P1	
  16.39365	 462.32233	 394.87079	        P1	
 209.33430	 340.73521	 267.19417	        P1	
 141.23760	 183.47280	 407.74139	        P1	
 373.27080	 313.06869	 446.86807	        P1	
 290.04150	 474.69949	  82.37198	        P1	
  97.10085	 289.04249	 195.11865	        P1	
 214.37850	 331.99841	 234.76019	        P1	
 414.88545	 246.81461	  50.96767	        P1	
 185.37435	 111.39420	 395.38559	        P1	
 416.14650	 266.47241	 279.54997	        P1	
 417.40755	 328.35809	 465.40177	        P1	
 279.95310	 200.94640	 421.64166	        P1	
 430.01805	 484.16433	 430.39371	        P1	
   5.04420	 126.68360	 396.93006	        P1	
   5.04420	 492.17309	 193.57417	        P1	
 211.85640	 314.52481	 415.46376	        P1	
 366.96555	 326.90193	  84.43132	        P1	
 301.39095	   3.64032	 467.46111	        P1	
 431.27910	   0.00000	 162.16987	        P1	
 297.60780	 355.29653	 333.09179	        P1	
  32.78730	  24.75428	 310.95427	        P1	
 204.29010	 218.42000	 193.05937	        P1	
 184.11330	 496.54149	 255.35317	        P1	
 263.55945	 321.07741	 403.10796	        P1	
 450.19484	 408.44541	 118.92457	        P1	
 257.25420	 441.20841	 302.71709	        P1	
 146.28180	 305.78801	 401.56349	        P1	
 185.37435	  53.14888	  77.73855	        P1	
 466.58849	 165.99920	  86.49060	        P1	
 337.96140	 125.22748	 354.19957	        P1	
  71.87985	 179.83249	  39.12668	        P1	
 215.63955	  28.39460	 168.34777	        P1	
 394.70865	  44.41208	 460.76834	        P1	
 214.37850	   7.28068	 168.86258	        P1	
 430.01805	 420.09449	 199.75207	        P1	
 450.19484	 373.49821	 222.40439	        P1	
 481.72109	 315.98093	 462.82768	        P1	
 389.66445	 484.16433	 214.16722	        P1	
 191.67960	 385.87533	 207.98932	        P1	
  18.91575	 144.88528	 175.04047	        P1	
 411.10230	 393.15601	 199.23727	        P1	
 223.20585	 396.79633	 473.63901	        P1	
  50.44200	 152.89400	 440.17536	        P1	
 392.18655	 475.42753	 333.09179	        P1	
 206.81220	  46.59628	 423.70094	        P1	
 250.94895	 175.46409	 182.76285	        P1	
 450.19484	  29.85072	 320.73599	        P1	
 200.50695	  35.67528	 323.31007	        P1	
 160.15335	 497.26953	 140.03242	        P1	
 360.66030	 262.10401	 254.83837	        P1	
 170.24175	 334.18261	 160.62540	        P1	
 175.28595	 450.67329	 213.65235	        P1	
 211.85640	  84.45572	  85.97579	        P1	
 102.14505	 366.21753	 207.98932	        P1	
 448.93379	 368.40173	 245.05671	        P1	
  49.18095	 434.65581	 322.79527	        P1	
  87.01245	 370.58593	 438.11608	        P1	
 297.60780	 142.70108	 471.57967	        P1	
  18.91575	 188.56929	  88.54988	        P1	
 161.41440	  66.98212	  90.60922	        P1	
 325.35090	 436.84001	 335.15107	        P1	
 372.00975	  86.63992	 240.42329	        P1	
 455.23904	 325.44581	 396.93006	        P1	
 301.39095	 236.62169	 195.11865	        P1	
 224.46690	 385.87533	 300.65781	        P1	
 359.39925	 367.67369	 485.47994	        P1	
  74.40195	 430.28741	   7.72237	        P1	
 269.86470	 470.33109	 176.58495	        P1	
 422.45175	 334.18261	 100.39087	        P1	
 401.01390	 412.08573	 431.93818	        P1	
 175.28595	 319.62129	  39.12668	        P1	
 215.63955	 423.00673	 152.38822	        P1	
 160.15335	   9.46488	   2.05928	        P1	
 203.02905	  93.92060	 433.99746	        P1	
 138.71550	 196.57800	 333.60659	        P1	
 200.50695	 478.33981	 166.80330	        P1	
  65.57460	 198.03412	 456.64978	        P1	
 133.67130	 155.80628	 409.80067	        P1	
 104.66715	 319.62129	 448.41254	        P1	
 378.31500	 406.26121	 327.42869	        P1	
  25.22100	 486.34853	 271.31279	        P1	
 170.24175	 332.72649	 479.30204	        P1	
 264.82050	 375.68241	 370.67399	        P1	
  25.22100	  32.03492	 411.86001	        P1	
 398.49180	 342.19133	 388.69289	        P1	
 276.16995	 283.21792	 271.31279	        P1	
 443.88960	 228.61292	 302.20229	        P1	
  13.87155	 321.07741	 172.98120	        P1	
 100.88400	  30.57880	  20.07817	        P1	
 317.78460	 495.08533	 481.36138	        P1	
 339.22245	 401.16473	 326.91389	        P1	
 460.28324	 118.67488	 242.99737	        P1	
 132.41025	 171.09569	 349.56614	        P1	
 174.02490	  32.03492	  35.00812	        P1	
 423.71280	  69.89440	 450.98669	        P1	
 291.30255	 265.74432	 314.55809	        P1	
 300.12990	 464.50653	 226.52302	        P1	
 470.37164	   8.00872	 232.70091	        P1	
 365.70450	 215.50772	 140.03242	        P1	
  79.44615	 469.60301	 193.05937	        P1	
 370.74870	 492.17309	 483.93547	        P1	
 351.83295	 322.53353	 467.46111	        P1	
  12.61050	  99.01708	 244.54185	        P1	
  93.31770	  30.57880	  13.90027	        P1	
 181.59120	  91.73640	 364.49609	        P1	
 107.18925	 204.58672	 195.63352	        P1	
 447.67274	   3.64032	  53.54182	        P1	
 303.91305	 300.69153	  36.55259	        P1	
 306.43515	 452.12941	 304.26157	        P1	
 297.60780	  90.28028	 133.33965	        P1	
 366.96555	  83.72768	 368.09984	        P1	
 274.90890	 364.03333	 164.74402	        P1	
 330.39510	 397.52441	 180.70357	        P1	
 432.54015	 372.04209	 176.58495	        P1	
 136.19340	  33.49108	 273.88687	        P1	
 175.28595	 402.62089	  39.12668	        P1	
 122.32185	  51.69272	 140.03242	        P1	
   7.56630	 331.99841	  44.78977	        P1	
  79.44615	 361.84913	 203.35589	        P1	
 283.73625	 427.37513	 394.87079	        P1	
 335.43930	 481.98013	 183.27772	        P1	
 190.41855	 278.84952	 456.64978	        P1	
  65.57460	 419.36641	 162.16987	        P1	
 150.06495	  91.00832	 234.24539	        P1	
 160.15335	 334.18261	 210.04859	        P1	
 452.71694	 473.97141	 148.26960	        P1	
 287.51940	  71.35052	  61.26419	        P1	
 157.63125	 367.67369	 137.97308	        P1	
  76.92405	 255.55141	 100.39087	        P1	
  52.96410	 228.61292	 228.06749	        P1	
 216.90060	 218.42000	 401.56349	        P1	
 482.98214	 224.97260	  61.77900	        P1	
  30.26520	 397.52441	 112.74667	        P1	
 238.33845	  57.51728	 423.70094	        P1	
 388.40340	 251.91109	 403.62277	        P1	
  45.39780	 302.87573	 357.80339	        P1	
 329.13405	 233.70941	  75.67927	        P1	
 245.90475	 430.28741	 376.85189	        P1	
 235.81635	 150.70980	 118.92457	        P1	
 461.54429	  62.61372	 424.21581	        P1	
 201.76800	  56.78920	 279.54997	        P1	
  50.44200	  59.70148	 471.57967	        P1	
 187.89645	  95.37672	  85.97579	        P1	
  88.27350	 278.12149	 193.57417	        P1	
 392.18655	  83.72768	 374.27774	        P1	
  37.83150	  23.29812	 265.13489	        P1	
  21.43785	 459.41009	 280.06477	        P1	
 310.21830	 232.98132	 282.12411	        P1	
  44.13675	 363.30529	 409.80067	        P1	
 390.92550	 315.98093	 207.98932	        P1	
 460.28324	 245.35849	  20.59298	        P1	
  60.53040	 350.92813	 166.28849	        P1	
 235.81635	 326.90193	 431.93818	        P1	
 118.53870	  66.98212	  73.61999	        P1	
 184.11330	 282.48989	 428.33437	        P1	
 430.01805	 465.23461	 230.12677	        P1	
  23.95995	  73.53472	 350.08101	        P1	
 363.18240	 321.80549	  40.67115	        P1	
 312.74040	 302.87573	 351.62549	        P1	
 119.79975	 101.20128	 205.92997	        P1	
  26.48205	 367.67369	 212.10787	        P1	
 475.41584	 181.28860	 106.56877	        P1	
 157.63125	 283.21792	  10.29652	        P1	
 196.72380	 292.68281	  57.14557	        P1	
 409.84125	 191.48152	 221.88959	        P1	
 133.67130	 141.24492	 479.81691	        P1	
  52.96410	 155.80628	 287.78715	        P1	
  97.10085	 267.20049	 368.09984	        P1	
 300.12990	  74.26280	 142.09170	        P1	
 263.55945	 367.67369	 286.24267	        P1	
  83.22930	 359.66493	 252.77909	        P1	
  16.39365	  40.04368	 483.93547	        P1	
 395.96970	  30.57880	 265.64969	        P1	
 443.88960	  46.59628	 465.40177	        P1	
 189.15750	 378.59469	 261.53107	        P1	
 433.80120	 483.43629	 378.91117	        P1	
 291.30255	 127.41168	 275.43135	        P1	
 273.64785	 309.42833	 226.52302	        P1	
 191.67960	 208.22709	 312.49875	        P1	
 389.66445	 273.02501	 413.91929	        P1	
 181.59120	 119.40292	 394.87079	        P1	
 372.00975	 302.14769	 102.45015	        P1	
 264.82050	 125.22748	   8.23718	        P1	
 388.40340	  40.77172	 314.55809	        P1	
 248.42685	 283.21792	 245.05671	        P1	
 119.79975	 328.35809	  76.19408	        P1	
 119.79975	 227.88489	 423.70094	        P1	
 288.78045	 120.13100	 413.91929	        P1	
  31.52625	 182.74472	 473.63901	        P1	
 210.59535	 259.91981	  74.13480	        P1	
 315.26250	  43.68400	 389.20769	        P1	
 184.11330	 448.48909	   3.60375	        P1	
 464.06639	  71.35052	 399.50421	        P1	
 448.93379	  62.61372	 172.46639	        P1	
 370.74870	 232.98132	 481.36138	        P1	
 310.21830	 216.96389	 151.87335	        P1	
  73.14090	 144.15720	 284.18339	        P1	
  21.43785	 440.48033	 382.51499	        P1	
 291.30255	 306.51609	 318.67665	        P1	
  78.18510	 364.03333	 232.70091	        P1	
 259.77630	 452.85749	 417.52304	        P1	
 365.70450	 286.85829	 355.74404	        P1	
 239.59950	 492.17309	 397.44487	        P1	
   8.82735	 162.35888	 405.16724	        P1	
  89.53455	 380.77889	  34.49325	        P1	
 214.37850	 129.59588	 107.08358	        P1	
 388.40340	  17.47360	 477.24276	        P1	
  63.05250	 101.92932	 419.58238	        P1	
 398.49180	 352.38429	 477.75757	        P1	
 146.28180	 404.80509	 392.81144	        P1	
 470.37164	  66.25408	 477.75757	        P1	
 221.94480	 235.89361	 149.81407	        P1	
 488.02634	 206.04289	 374.27774	        P1	
 485.50424	 214.77969	 341.84377	        P1	
  47.91990	 315.98093	 438.11608	        P1	
 160.15335	 417.18221	  13.90027	        P1	
 264.82050	 192.20960	 452.53116	        P1	
 320.30670	 406.26121	   0.00000	        P1	
 308.95725	 281.76181	 259.47179	        P1	
 163.93650	 115.03452	 269.76831	        P1	
 292.56360	  46.59628	 255.35317	        P1	
 441.36750	 107.75388	 335.66587	        P1	
  23.95995	 131.78008	 466.94624	        P1	
 466.58849	 251.91109	 280.06477	        P1	
 129.88815	  86.63992	   5.66310	        P1	
 155.10915	 125.95552	 170.92192	        P1	
 147.54285	 191.48152	 424.21581	        P1	
 133.67130	  80.08732	 407.22658	        P1	
  55.48620	 361.12109	 280.06477	        P1	
 344.26665	  41.49980	 166.80330	        P1	
  59.26935	 275.93729	  45.30458	        P1	
  15.13260	 145.61332	 252.77909	        P1	
  70.61880	 141.24492	 191.00009	        P1	
 488.02634	 149.25368	  14.41508	        P1	
 189.15750	  65.52600	 211.59307	        P1	
 306.43515	 428.83129	 310.95427	        P1	
  40.35360	 234.43749	 273.88687	        P1	
 453.97799	 377.13853	 345.44759	        P1	
 286.25835	 297.77929	 442.23464	        P1	
 239.59950	 299.96349	 454.59044	        P1	
 408.58020	  84.45572	 121.49872	        P1	
 356.87715	 136.14848	 471.57967	        P1	
 302.65200	 438.29613	 282.12411	        P1	
 340.48350	  11.64908	 151.87335	        P1	
 113.49450	 279.57761	  57.14557	        P1	
 224.46690	 356.75269	 460.76834	        P1	
 368.22660	 419.36641	 273.37207	        P1	
 416.14650	 244.63041	 199.23727	        P1	
 335.43930	 433.92773	 240.42329	        P1	
 266.08155	 329.81421	 477.24276	        P1	
 402.27495	 187.11312	 487.53928	        P1	
 384.62025	 444.84873	 133.85452	        P1	
 276.16995	 213.32352	 240.42329	        P1	
  69.35775	 131.78008	 460.76834	        P1	
  39.09255	 203.13060	 372.21847	        P1	
 201.76800	 260.64789	 113.26148	        P1	
 341.74455	 463.77849	 199.75207	        P1	
 455.23904	 318.16513	  98.33159	        P1	
 210.59535	 124.49940	 285.72787	        P1	
  64.31355	 141.97300	 401.56349	        P1	
  92.05665	 290.49861	  63.32347	        P1	
 353.09400	 477.61173	 277.49069	        P1	
 253.47105	 194.39380	 438.63089	        P1	
 319.04565	 396.79633	 238.87881	        P1	
 250.94895	   6.55260	 396.93006	        P1	
 283.73625	 117.21872	 405.68211	        P1	
 131.14920	 436.84001	 401.56349	        P1	
 461.54429	 460.13813	 234.24539	        P1	
 365.70450	 209.68320	 328.97317	        P1	
  64.31355	 361.84913	  73.61999	        P1	
  58.00830	 238.80589	 378.91117	        P1	
  94.57875	 374.95433	 492.17271	        P1	
 281.21415	 345.83169	 473.12414	        P1	
  42.87570	 224.24452	 382.51499	        P1	
 452.71694	 155.07820	 298.08367	        P1	
  56.74725	  92.46448	 378.91117	        P1	
 435.06225	 270.11272	 411.86001	        P1	
 380.83710	 144.15720	 483.42066	        P1	
 389.66445	 459.41009	 280.06477	        P1	
  25.22100	 314.52481	  57.14557	        P1	
 272.38680	 425.19093	 152.38822	        P1	
 462.80534	 112.85032	 109.14292	        P1	
 431.27910	 368.40173	 133.85452	        P1	
 274.90890	 441.20841	 481.87619	        P1	
 157.63125	 329.81421	 477.24276	        P1	
 446.41170	 272.29692	 444.29398	        P1	
 194.20170	 176.19212	 226.52302	        P1	
  60.53040	 132.50812	 110.68739	        P1	
 252.21000	 369.85789	 267.70897	        P1	
 230.77215	 409.90153	 325.36941	        P1	
 262.29840	 157.26240	 125.10247	        P1	
 166.45860	 106.29772	 419.58238	        P1	
 493.07054	 379.32273	 306.83571	        P1	
 385.88130	 470.33109	 170.40705	        P1	
 266.08155	 131.78008	  28.31535	        P1	
  73.14090	 103.38548	 361.92194	        P1	
 423.71280	  42.22788	   8.23718	        P1	
 298.86885	 350.20009	 125.61728	        P1	
 418.66860	 441.20841	 123.55800	        P1	
  32.78730	 174.73600	 253.29389	        P1	
 423.71280	 109.21000	 296.53919	        P1	
 247.16580	 465.96269	 224.46367	        P1	
 488.02634	 303.60381	  88.03507	        P1	
 498.11474	 188.56929	 417.52304	        P1	
 248.42685	  18.20168	 156.50678	        P1	
 249.68790	 244.63041	 148.26960	        P1	
 114.75555	 235.16552	  47.36392	        P1	
 172.76385	 216.23580	 278.00549	        P1	
 485.50424	  61.88568	 465.40177	        P1	
 369.48765	 348.74393	 201.81142	        P1	
 481.72109	 283.94601	 185.33700	        P1	
 430.01805	 433.19969	   3.60375	        P1	
 194.20170	 403.34893	 109.14292	        P1	
 301.39095	 137.60460	  69.50137	        P1	
 387.14235	 417.18221	  92.66850	        P1	
 356.87715	 318.16513	 418.03791	        P1	
  88.27350	 164.54309	 107.08358	        P1	
 380.83710	 206.77092	 152.38822	        P1	
 459.02219	  87.36800	 341.32897	        P1	
 295.08570	 458.68201	  57.14557	        P1	
 288.78045	 201.67449	 483.93547	        P1	
 100.88400	 115.03452	 413.40448	        P1	
 223.20585	 220.60420	 298.08367	        P1	
 153.84810	 317.43709	 335.66587	        P1	
 455.23904	 389.51569	  32.94878	        P1	
 255.99315	 109.93808	 324.85455	        P1	
 182.85225	 342.91941	 328.97317	        P1	
 229.51110	  82.99960	 185.33700	        P1	
  16.39365	 361.84913	 289.84649	        P1	
  56.74725	 421.55061	 154.44750	        P1	
 369.48765	  12.37712	 258.95699	        P1	
 307.69620	 167.45532	 158.56612	        P1	
 131.14920	  30.57880	  20.07817	        P1	
 363.18240	 464.50653	 345.44759	        P1	
  73.14090	 398.98053	 380.97051	        P1	
  13.87155	 184.20089	 460.76834	        P1	
  12.61050	  18.92972	 450.47188	        P1	
 315.26250	 445.57681	 347.50687	        P1	
 279.95310	 203.85869	 329.48797	        P1	
 132.41025	 485.62049	   3.60375	        P1	
 315.26250	 333.45453	 424.21581	        P1	
  98.36190	  50.96468	 238.36395	        P1	
 180.33015	 322.53353	 473.63901	        P1	
  12.61050	  61.15760	 273.37207	        P1	
 114.75555	 476.88369	 131.79518	        P1	
 395.96970	 195.12189	  65.38275	        P1	
 273.64785	 370.58593	 419.58238	        P1	
 392.18655	 379.32273	  84.43132	        P1	
  84.49035	 409.90153	 374.79261	        P1	
 423.71280	 285.40213	 382.51499	        P1	
 379.57605	  51.69272	 376.33709	        P1	
  25.22100	 132.50812	  18.01890	        P1	
  12.61050	 180.56052	 401.04869	        P1	
 447.67274	 363.30529	 244.54185	        P1	
 112.23345	 128.86780	   0.00000	        P1	
 403.53600	 100.47320	 403.10796	        P1	
 110.97240	 106.29772	 473.63901	        P1	
  37.83150	 263.56012	 388.69289	        P1	
  93.31770	 291.22669	 354.19957	        P1	
 153.84810	 218.42000	 180.70357	        P1	
  74.40195	 363.30529	  15.95955	        P1	
  22.69890	 346.55973	 401.04869	        P1	
  26.48205	 172.55180	 315.07289	        P1	
 174.02490	 154.35012	 109.14292	        P1	
  76.92405	 347.28781	 236.30467	        P1	
  46.65885	 246.81461	  94.21297	        P1	
 441.36750	 302.87573	 209.53379	        P1	
 455.23904	 439.02421	 135.91380	        P1	
 119.79975	 475.42753	 456.64978	        P1	
 225.72795	 236.62169	 162.68468	        P1	
  34.04835	 421.55061	 155.99197	        P1	
 433.80120	 423.73481	 403.10796	        P1	
 452.71694	 303.60381	 193.05937	        P1	
 134.93235	 277.39341	  18.53370	        P1	
  41.61465	 351.65621	 463.34249	        P1	
 426.23490	 337.82293	 246.60119	        P1	
 161.41440	 142.70108	 256.89765	        P1	
 261.03735	 278.84952	 401.04869	        P1	
 305.17410	 447.03293	 282.12411	        P1	
 172.76385	 262.83209	 428.33437	        P1	
  80.70720	 109.21000	 489.59856	        P1	
 226.98900	 480.52401	 407.74139	        P1	
 196.72380	 454.31361	 446.35326	        P1	
 247.16580	 436.84001	 142.09170	        P1	
 213.11745	 444.84873	 207.98932	        P1	
 411.10230	 425.19093	 115.32082	        P1	
 152.58705	 184.20089	 108.62805	        P1	
  60.53040	 240.26201	 308.89499	        P1	
 310.21830	 330.54229	 175.04047	        P1	
 464.06639	 394.61213	  28.83022	        P1	
 422.45175	 171.09569	 466.94624	        P1	
 360.66030	 154.35012	 251.23461	        P1	
 482.98214	 139.06072	 177.09982	        P1	
 387.14235	  98.28900	 185.33700	        P1	
 242.12160	 340.73521	 359.86267	        P1	
 378.31500	 149.98172	 374.79261	        P1	
 190.41855	 337.09489	 417.52304	        P1	
 481.72109	 380.05081	 413.91929	        P1	
 252.21000	 425.19093	 308.38019	        P1	
  15.13260	 247.54269	 213.65235	        P1	
 118.53870	 243.17429	  90.09435	        P1	
 490.54844	 479.79593	 362.43681	        P1	
  64.31355	  60.42952	 166.28849	        P1	
 113.49450	   8.73680	  49.42320	        P1	
 252.21000	  32.03492	  41.18602	        P1	
 187.89645	 354.56849	 151.87335	        P1	
 316.52355	 309.42833	 479.81691	        P1	
 437.58435	 261.37592	 240.42329	        P1	
 102.14505	 216.23580	 123.55800	        P1	
 134.93235	 453.58553	 362.43681	        P1	
 170.24175	 478.33981	 291.90577	        P1	
 335.43930	 452.85749	 391.26697	        P1	
 447.67274	 197.30609	 263.07555	        P1	
 121.06080	  68.43828	 213.65235	        P1	
   2.52210	 202.40252	  92.15369	        P1	
 407.31915	 257.00752	 252.77909	        P1	
 305.17410	 362.57721	 143.63617	        P1	
 385.88130	 378.59469	  51.48248	        P1	
  51.70305	 406.98929	 341.84377	        P1	
 329.13405	 229.34101	 481.87619	        P1	
 201.76800	 369.85789	 250.71975	        P1	
 242.12160	 256.27949	 415.97857	        P1	
 143.75970	  82.99960	  37.06740	        P1	
  71.87985	 114.30648	 306.32085	        P1	
 237.07740	 403.34893	 411.86001	        P1	
 180.33015	 194.39380	  44.78977	        P1	
 413.62440	 479.06789	 145.69545	        P1	
  39.09255	 112.85032	 368.61471	        P1	
 421.19070	 457.22589	 139.51755	        P1	
 403.53600	 182.01669	 318.67665	        P1	
 385.88130	 455.76973	 493.71718	        P1	
 104.66715	 264.28821	 223.94887	        P1	
 433.80120	 199.49029	 175.04047	        P1	
  78.18510	 227.15681	 203.87069	        P1	
 124.84395	 380.77889	  32.94878	        P1	
 211.85640	  49.50852	 184.82219	        P1	
 496.85369	 378.59469	 473.12414	        P1	
  65.57460	 298.50733	 300.65781	        P1	
  40.35360	 448.48909	   2.05928	        P1	
 448.93379	 388.78761	  26.25607	        P1	
 175.28595	 240.99009	 195.11865	        P1	
 211.85640	 196.57800	 302.71709	        P1	
  83.22930	 132.50812	 370.15919	        P1	
 263.55945	 460.86621	 421.64166	        P1	
 344.26665	 449.21713	 362.43681	        P1	
 485.50424	 395.34021	 197.69279	        P1	
 255.99315	 203.13060	 137.45827	        P1	
 453.97799	 345.10361	 106.56877	        P1	
 460.28324	 423.00673	 195.63352	        P1	
 446.41170	  56.78920	 154.44750	        P1	
 355.61610	 364.03333	 382.51499	        P1	
 409.84125	 347.28781	 433.99746	        P1	
 249.68790	 330.54229	 397.44487	        P1	
  92.05665	 395.34021	 389.20769	        P1	
 282.47520	 317.43709	 485.47994	        P1	
 317.78460	 231.52521	 205.41517	        P1	
 114.75555	 457.95393	 294.47991	        P1	
 252.21000	 353.84041	 174.52567	        P1	
 162.67545	  12.37712	 331.54731	        P1	
 243.38265	  34.21912	  11.84100	        P1	
 128.62710	 381.50693	 450.47188	        P1	
 397.23075	 207.49900	 168.34777	        P1	
  87.01245	 495.81341	 378.39637	        P1	
 132.41025	 433.19969	 151.87335	        P1	
 103.40610	 442.66453	  41.18602	        P1	
 394.70865	   5.09648	 150.32888	        P1	
 378.31500	  91.73640	 322.79527	        P1	
 433.80120	 361.12109	 250.71975	        P1	
 196.72380	  42.22788	 205.92997	        P1	
 214.37850	 149.98172	 331.54731	        P1	
 210.59535	 462.32233	 362.43681	        P1	
 363.18240	 426.64709	 261.53107	        P1	
 476.67689	 177.64829	 242.99737	        P1	
 382.09815	 191.48152	 380.97051	        P1	
 476.67689	 214.05160	 426.27509	        P1	
 319.04565	  40.04368	 312.49875	        P1	
 235.81635	 377.86661	   0.00000	        P1	
 243.38265	   6.55260	  18.53370	        P1	
 167.71965	  28.39460	 481.87619	        P1	
 157.63125	 406.98929	  34.49325	        P1	
 284.99730	 375.68241	 446.35326	        P1	
  35.30940	 345.10361	 352.14029	        P1	
 290.04150	 481.98013	 228.06749	        P1	
 174.02490	 139.78880	 123.55800	        P1	
 316.52355	  50.23660	 327.42869	        P1	
 147.54285	 402.62089	 483.93547	        P1	
 389.66445	 249.72689	 348.02167	        P1	
  70.61880	 403.34893	 442.74951	        P1	
 322.82880	 198.03412	  18.01890	        P1	
 373.27080	 428.10321	  30.88950	        P1	
 421.19070	 324.71773	 492.17271	        P1	
 413.62440	 468.87493	 226.52302	        P1	
  69.35775	 494.35729	 306.32085	        P1	
 470.37164	  44.41208	 256.89765	        P1	
 114.75555	  60.42952	 258.95699	        P1	
 438.84540	 350.92813	 331.54731	        P1	
 123.58290	 286.85829	 213.65235	        P1	
 262.29840	  87.36800	 298.08367	        P1	
 243.38265	 121.58712	 387.14841	        P1	
 451.45589	 256.27949	 428.33437	        P1	
 110.97240	 107.75388	 360.37747	        P1	
 230.77215	 457.95393	 282.12411	        P1	
 288.78045	   6.55260	 111.20220	        P1	
 176.54700	 275.20921	 359.86267	        P1	
 142.49865	   2.18420	  49.42320	        P1	
 440.10645	 497.26953	 127.67662	        P1	
 403.53600	  84.45572	 104.50949	        P1	
 102.14505	 495.81341	 137.45827	        P1	
 307.69620	 117.94680	 304.26157	        P1	
 460.28324	 424.46289	 491.65784	        P1	
 213.11745	 404.07701	 384.57426	        P1	
 203.02905	 273.02501	 384.57426	        P1	
   2.52210	 187.84120	 464.88696	        P1	
 475.41584	 204.58672	 269.76831	        P1	
 203.02905	 332.72649	 108.62805	        P1	
 402.27495	 157.99048	 212.10787	        P1	
 191.67960	 460.13813	 275.94621	        P1	
  64.31355	  66.25408	  57.66038	        P1	
 464.06639	 375.68241	 384.57426	        P1	
 291.30255	  48.78048	 162.68468	        P1	
 282.47520	 292.68281	 284.18339	        P1	
 224.46690	 297.05121	 254.83837	        P1	
 402.27495	  96.83288	 355.74404	        P1	
  36.57045	 457.95393	 263.59041	        P1	
 282.47520	 262.10401	 420.09719	        P1	
 412.36335	 489.98889	 471.57967	        P1	
 168.98070	 141.24492	 153.93269	        P1	
 388.40340	 391.69989	  15.95955	        P1	
 372.00975	 444.84873	 368.61471	        P1	
 387.14235	  29.85072	 467.46111	        P1	
  13.87155	 264.28821	 426.27509	        P1	
 187.89645	 345.83169	 218.28577	        P1	
 274.90890	 345.10361	 186.88147	        P1	
 418.66860	 297.05121	 296.53919	        P1	
 305.17410	 406.26121	 254.83837	        P1	
 191.67960	 385.87533	 374.79261	        P1	
 316.52355	 439.02421	  12.35580	        P1	
 282.47520	 305.78801	 477.24276	        P1	
  81.96825	  53.14888	 429.87884	        P1	
 464.06639	 313.06869	 442.23464	        P1	
 326.61195	 136.14848	 479.30204	        P1	
 117.27765	 428.83129	  22.13745	        P1	
 229.51110	  24.75428	 175.04047	        P1	
 187.89645	 459.41009	 286.24267	        P1	
 225.72795	 166.72728	 304.77637	        P1	
  23.95995	 188.56929	 293.96505	        P1	
 380.83710	 318.89321	  75.67927	        P1	
 481.72109	 222.78840	 111.20220	        P1	
 368.22660	  18.92972	 376.33709	        P1	
 272.38680	  88.82412	 326.91389	        P1	
 121.06080	 315.98093	 308.38019	        P1	
 390.92550	 397.52441	 403.10796	        P1	
 316.52355	  26.93848	 263.07555	        P1	
   1.26105	 481.25209	   9.78165	        P1	
 399.75285	 287.58632	 393.32631	        P1	
 484.24319	 109.21000	 384.57426	        P1	
 452.71694	 278.84952	 129.22109	        P1	
 404.79705	 338.55101	 253.29389	        P1	
  12.61050	 433.92773	  35.00812	        P1	
 226.98900	 141.24492	  59.71972	        P1	
 267.34260	 214.05160	   7.72237	        P1	
 363.18240	 337.82293	 288.30201	        P1	
 129.88815	 201.67449	  53.02695	        P1	
  81.96825	 255.55141	 111.20220	        P1	
 245.90475	 249.72689	  63.83828	        P1	
   3.78315	 423.00673	 232.70091	        P1	
  93.31770	 413.54189	 417.52304	        P1	
 305.17410	 154.35012	 214.16722	        P1	
 283.73625	 257.00752	 438.11608	        P1	
 230.77215	 462.32233	 374.79261	        P1	
 122.32185	 191.48152	  42.73049	        P1	
 297.60780	 176.19212	 109.14292	        P1	
 445.15065	 190.02540	 321.25079	        P1	
 380.83710	 375.68241	 284.18339	        P1	
 284.99730	 313.06869	 429.87884	        P1	
 206.81220	 387.33149	 255.35317	        P1	
 482.98214	 267.20049	 286.24267	        P1	
 113.49450	 145.61332	 300.65781	        P1	
  35.30940	 352.38429	 312.49875	        P1	
 402.27495	 115.76260	 440.17536	        P1	
 327.87300	 113.57840	 296.53919	        P1	
  94.57875	 120.13100	 186.88147	        P1	
 107.18925	  79.35928	 415.97857	        P1	
 247.16580	  36.40332	 411.86001	        P1	
  78.18510	 190.75349	 238.36395	        P1	
 279.95310	 260.64789	 304.77637	        P1	
 418.66860	 117.94680	 191.51489	        P1	
 113.49450	 138.33268	 182.76285	        P1	
 184.11330	  29.12268	 415.97857	        P1	
 322.82880	 126.68360	 446.35326	        P1	
 395.96970	 435.38389	 411.34514	        P1	
 180.33015	 344.37553	 172.46639	        P1	
   3.78315	 220.60420	  69.50137	        P1	
  97.10085	  28.39460	 444.80879	        P1	
 146.28180	  27.66652	  55.08629	        P1	
 255.99315	 270.11272	 197.17799	        P1	
 176.54700	 171.82372	 288.30201	        P1	
 133.67130	 103.38548	 337.21035	        P1	
 278.69205	 373.49821	 137.45827	        P1	
 204.29010	 375.68241	 364.49609	        P1	
 379.57605	 208.95512	 337.72521	        P1	
 165.19755	 227.88489	 199.75207	        P1	
 274.90890	 168.91149	  20.59298	        P1	
 495.59264	  41.49980	 433.99746	        P1	
 158.89230	 317.43709	   2.05928	        P1	
 261.03735	  24.02620	 217.77097	        P1	
 326.61195	 395.34021	  86.49060	        P1	
  22.69890	 457.22589	  57.66038	        P1	
 240.86055	 303.60381	 347.50687	        P1	
 359.39925	 255.55141	 304.26157	        P1	
  68.09670	  26.21040	 471.06486	        P1	
 190.41855	 257.00752	 461.28321	        P1	
 102.14505	  34.21912	  28.83022	        P1	
 300.12990	 313.06869	 249.17527	        P1	
 240.86055	 315.25289	 212.10787	        P1	
  26.48205	 184.20089	  32.94878	        P1	
 300.12990	 310.15641	 403.10796	        P1	
 179.06910	 451.40133	 314.55809	        P1	
  60.53040	 431.01549	  53.02695	        P1	
 394.70865	 240.99009	 329.48797	        P1	
 394.70865	 182.74472	 442.74951	        P1	
 344.26665	  53.14888	   3.60375	        P1	
  10.08840	 299.96349	 269.25345	        P1	
  20.17680	 106.29772	 481.36138	        P1	
 113.49450	 374.22629	 244.54185	        P1	
 196.72380	 211.13932	 277.49069	        P1	
 223.20585	   6.55260	  18.53370	        P1	
 271.12575	 248.27072	  73.61999	        P1	
 365.70450	 311.61253	 456.64978	        P1	
 179.06910	 270.84081	 179.15910	        P1	
  15.13260	  18.92972	 413.40448	        P1	
 441.36750	 231.52521	  18.53370	        P1	
 469.11059	 305.78801	 433.99746	        P1	
 401.01390	  80.08732	 356.25891	        P1	
  32.78730	 285.40213	 436.57161	        P1	
  92.05665	 475.42753	 296.02439	        P1	
 418.66860	 158.71852	 380.97051	        P1	
 147.54285	 411.35769	 195.11865	        P1	
 344.26665	  60.42952	 350.08101	        P1	
 482.98214	 386.60341	 433.99746	        P1	
 172.76385	 229.34101	 477.24276	        P1	
 168.98070	  56.78920	 383.02979	        P1	
 433.80120	 374.22629	 491.65784	        P1	
  99.62295	 350.20009	 219.83025	        P1	
 203.02905	 392.42793	 380.97051	        P1	
 146.28180	 256.27949	 267.70897	        P1	
 229.51110	  77.17508	 448.41254	        P1	
 387.14235	   0.72808	 392.81144	        P1	
 108.45030	  97.56092	 461.28321	        P1	
  68.09670	 165.99920	 396.93006	        P1	
 282.47520	 377.13853	 146.21032	        P1	
 295.08570	 439.75229	 485.47994	        P1	
 341.74455	  99.74512	 411.86001	        P1	
 175.28595	 468.14689	  76.19408	        P1	
 435.06225	 376.41049	 275.43135	        P1	
 461.54429	 467.41881	   7.72237	        P1	
 441.36750	 205.31480	 290.36129	        P1	
 385.88130	 211.13932	 109.14292	        P1	
 148.80390	  64.06988	 429.87884	        P1	
 298.86885	 436.11193	  78.25342	        P1	
  22.69890	 409.17349	 119.43938	        P1	
 426.23490	 428.10321	  13.90027	        P1	
 324.08985	 462.32233	 337.72521	        P1	
 119.79975	 447.76101	  18.53370	        P1	
 393.44760	 228.61292	 382.51499	        P1	
 264.82050	  97.56092	 438.11608	        P1	
 407.31915	  98.28900	 488.05409	        P1	
 459.02219	  53.87692	 320.73599	        P1	
 394.70865	 137.60460	 407.74139	        P1	
 445.15065	 125.95552	 438.11608	        P1	
 208.07325	 492.90113	 326.91389	        P1	
 216.90060	 211.13932	 177.09982	        P1	
 374.53185	  74.99088	 195.11865	        P1	
  54.22515	 440.48033	 368.61471	        P1	
   1.26105	  21.11392	 331.54731	        P1	
 259.77630	 224.24452	 271.31279	        P1	
 496.85369	 168.91149	 107.08358	        P1	
 485.50424	  42.95592	 467.46111	        P1	
 298.86885	 337.09489	 133.33965	        P1	
 263.55945	 217.69192	 258.95699	        P1	
 345.52770	 266.47241	  12.35580	        P1	
 104.66715	 316.70901	 148.26960	        P1	
  31.52625	 412.81381	 267.19417	        P1	
  35.30940	 428.10321	  26.25607	        P1	
 224.46690	 179.10440	 278.00549	        P1	
 103.40610	 281.03373	 413.40448	        P1	
 442.62855	 383.69113	  59.71972	        P1	
  58.00830	 165.99920	  12.35580	        P1	
 232.03320	  62.61372	 492.17271	        P1	
 218.16165	   6.55260	 420.09719	        P1	
 384.62025	 414.26993	 382.51499	        P1	
 477.93794	  58.97340	 477.24276	        P1	
 351.83295	 428.83129	 397.44487	        P1	
 161.41440	   4.36840	 100.39087	        P1	
 494.33159	 496.54149	 378.91117	        P1	
 387.14235	  15.28940	 112.74667	        P1	
  69.35775	 469.60301	 475.69829	        P1	
 341.74455	 275.93729	  63.83828	        P1	
 226.98900	 251.91109	 244.54185	        P1	
 316.52355	 325.44581	  13.90027	        P1	
 216.90060	 200.94640	  67.95690	        P1	
 237.07740	  30.57880	 409.28586	        P1	
 189.15750	  27.66652	 232.70091	        P1	
 114.75555	 406.98929	 366.55537	        P1	
   0.00000	 432.47161	 222.40439	        P1	
 273.64785	 162.35888	 182.76285	        P1	
 482.98214	 460.86621	 341.32897	        P1	
 102.14505	 322.53353	  35.00812	        P1	
 484.24319	  13.10520	 174.52567	        P1	
 170.24175	 468.14689	 201.29655	        P1	
 288.78045	 475.42753	 183.27772	        P1	
 320.30670	 404.80509	 298.59847	        P1	
 402.27495	 441.93649	 429.87884	        P1	
 370.74870	 432.47161	 475.69829	        P1	
 118.53870	 406.26121	 353.68477	        P1	
 224.46690	 310.15641	 199.23727	        P1	
 326.61195	 289.04249	 256.89765	        P1	
 147.54285	 386.60341	 211.59307	        P1	
  60.53040	 133.96428	 201.29655	        P1	
 175.28595	 340.00713	  18.01890	        P1	
  69.35775	 163.81500	 129.73590	        P1	
 459.02219	  90.28028	 127.16175	        P1	
 119.79975	  32.76300	 112.74667	        P1	
 132.41025	  41.49980	 155.99197	        P1	
 262.29840	  84.45572	 153.93269	        P1	
 235.81635	 240.99009	 108.62805	        P1	
 121.06080	 214.05160	 483.42066	        P1	
  73.14090	 211.13932	 424.21581	        P1	
 213.11745	 156.53432	 314.55809	        P1	
 247.16580	 353.84041	 327.42869	        P1	
  54.22515	 210.41129	 361.92194	        P1	
 417.40755	  66.25408	 343.38825	        P1	
 398.49180	 225.70069	 269.25345	        P1	
 305.17410	 246.08652	 109.14292	        P1	
   2.52210	 315.98093	 275.94621	        P1	
 344.26665	  80.81540	 481.87619	        P1	
  51.70305	 163.81500	 450.98669	        P1	
 363.18240	 165.99920	 384.57426	        P1	
 422.45175	 284.67409	  65.38275	        P1	
 412.36335	 399.70861	 290.36129	        P1	
 300.12990	 345.10361	 111.20220	        P1	
 388.40340	 315.98093	 257.41251	        P1	
 196.72380	  55.33308	 287.78715	        P1	
 471.63269	 382.96309	 100.90568	        P1	
 283.73625	 230.79712	 325.36941	        P1	
 253.47105	 363.30529	 286.24267	        P1	
 245.90475	  45.86820	 450.98669	        P1	
 307.69620	 190.75349	  32.94878	        P1	
 496.85369	 212.59549	 446.86807	        P1	
 283.73625	 112.85032	 425.76028	        P1	
 261.03735	  96.83288	 331.03245	        P1	
 385.88130	 342.19133	  85.97579	        P1	
 297.60780	  48.05240	  61.77900	        P1	
  93.31770	   2.91228	 119.43938	        P1	
 494.33159	 302.87573	 191.00009	        P1	
  69.35775	 447.76101	 174.52567	        P1	
 361.92135	  18.20168	   2.05928	        P1	
 221.94480	  17.47360	  20.07817	        P1	
 378.31500	 230.06909	 361.92194	        P1	
 295.08570	 431.01549	 453.04597	        P1	
 258.51525	 275.93729	 281.60925	        P1	
 177.80805	 153.62208	 187.39627	        P1	
 158.89230	 406.26121	  26.25607	        P1	
  64.31355	 472.51529	 335.66587	        P1	
 461.54429	  20.38588	 230.64157	        P1	
 146.28180	  50.96468	 466.94624	        P1	
  42.87570	 202.40252	 178.64429	        P1	
 406.05810	 480.52401	 433.99746	        P1	
 488.02634	 213.32352	 368.61471	        P1	
 281.21415	 136.14848	 312.49875	        P1	
  45.39780	  65.52600	 247.11599	        P1	
   6.30525	 313.79673	 258.95699	        P1	
  45.39780	 145.61332	 282.12411	        P1	
 209.33430	 396.06829	 298.59847	        P1	
 356.87715	 385.14729	 428.33437	        P1	
 456.50009	  50.96468	 491.65784	        P1	
 423.71280	  56.78920	 315.07289	        P1	
 192.94065	 492.90113	 238.87881	        P1	
 365.70450	   7.28068	 392.81144	        P1	
 244.64370	 423.73481	 162.16987	        P1	
 480.46004	 313.79673	  79.79789	        P1	
 335.43930	  50.96468	 263.07555	        P1	
 470.37164	   0.72808	 368.09984	        P1	
 247.16580	 362.57721	 395.38559	        P1	
 233.29425	 360.39301	 230.12677	        P1	
 233.29425	  48.78048	 300.14295	        P1	
 143.75970	 390.24373	  48.90839	        P1	
  46.65885	  92.46448	 361.92194	        P1	
 153.84810	  18.92972	  73.61999	        P1	
 127.36605	 385.14729	 335.66587	        P1	
 282.47520	  16.01748	 127.16175	        P1	
  22.69890	 358.20881	 370.67399	        P1	
 171.50280	 307.24413	 313.01361	        P1	
 160.15335	 204.58672	  61.26419	        P1	
 214.37850	 438.29613	  55.08629	        P1	
 315.26250	 295.59509	 292.42057	        P1	
  74.40195	 421.55061	 174.52567	        P1	
 422.45175	 396.79633	  98.33159	        P1	
 146.28180	  18.92972	 115.32082	        P1	
 354.35505	 420.09449	 323.31007	        P1	
 353.09400	  99.01708	 398.98934	        P1	
  74.40195	 360.39301	 481.87619	        P1	
 334.17825	 358.93689	  88.54988	        P1	
 100.88400	  50.96468	 323.31007	        P1	
 482.98214	 206.04289	  45.30458	        P1	
  75.66300	  17.47360	 240.93809	        P1	
 298.86885	 131.78008	 114.80595	        P1	
 305.17410	 496.54149	 386.63354	        P1	
 174.02490	  97.56092	 146.21032	        P1	
 326.61195	 191.48152	 393.32631	        P1	
 266.08155	 111.39420	 421.64166	        P1	
 235.81635	 306.51609	 380.45564	        P1	
 163.93650	 128.13972	  24.19679	        P1	
 403.53600	 136.87652	 197.17799	        P1	
 426.23490	 126.68360	  49.42320	        P1	
 284.99730	 152.89400	  98.84640	        P1	
 109.71135	   5.09648	 324.85455	        P1	
 377.05395	 159.44660	 279.54997	        P1	
 266.08155	 399.70861	 279.54997	        P1	
 436.32330	 473.24333	  73.61999	        P1	
 293.82465	 175.46409	  28.31535	        P1	
 401.01390	 406.26121	  92.66850	        P1	
 460.28324	 200.21832	 302.20229	        P1	
 279.95310	 471.78721	  92.66850	        P1	
 110.97240	 454.31361	  13.90027	        P1	
   0.00000	 170.36760	 240.93809	        P1	
  98.36190	 377.13853	 102.96502	        P1	
 392.18655	 392.42793	  10.29652	        P1	
 184.11330	   0.00000	 117.38010	        P1	
 372.00975	 494.35729	 298.59847	        P1	
  61.79145	 495.81341	 242.48257	        P1	
 479.19899	 471.78721	 452.53116	        P1	
  83.22930	 454.31361	 450.98669	        P1	
   0.00000	 454.31361	 129.73590	        P1	
 282.47520	 288.31441	 335.15107	        P1	
  56.74725	 325.44581	 254.83837	        P1	
 460.28324	 367.67369	 329.48797	        P1	
  23.95995	 389.51569	 226.00815	        P1	
 190.41855	 156.53432	  79.79789	        P1	
 268.60365	  70.62248	 102.45015	        P1	
 162.67545	 171.09569	 397.44487	        P1	
 243.38265	 163.81500	 316.61737	        P1	
 110.97240	 295.59509	 230.64157	        P1	
 431.27910	 381.50693	  61.26419	        P1	
 102.14505	 251.18301	 279.54997	        P1	
 366.96555	 187.11312	 102.96502	        P1	
 364.44345	 192.93769	 280.06477	        P1	
 175.28595	 329.81421	 302.71709	        P1	
 437.58435	  91.00832	 419.58238	        P1	
 145.02075	 160.90272	 343.90311	        P1	
 117.27765	 163.81500	 242.48257	        P1	
 475.41584	 214.77969	 380.45564	        P1	
 462.80534	 401.16473	 357.80339	        P1	
  61.79145	 206.04289	 341.84377	        P1	
 223.20585	 318.16513	 448.92741	        P1	
 314.00145	  82.27152	  72.07552	        P1	
 172.76385	 284.67409	 405.16724	        P1	
 403.53600	 457.22589	 176.58495	        P1	
  31.52625	 216.23580	 304.26157	        P1	
  20.17680	 101.92932	 164.74402	        P1	
 240.86055	 204.58672	  61.26419	        P1	
  73.14090	 339.27909	  96.27225	        P1	
  56.74725	 401.16473	 184.82219	        P1	
 448.93379	 241.71812	 325.36941	        P1	
 476.67689	 230.06909	 361.92194	        P1	
 374.53185	  92.46448	 102.45015	        P1	
 303.91305	  73.53472	 345.44759	        P1	
 442.62855	 104.11352	 492.17271	        P1	
 378.31500	 107.75388	 392.81144	        P1	
 248.42685	 227.88489	 460.76834	        P1	
 387.14235	 361.84913	 265.13489	        P1	
  55.48620	 404.80509	 318.67665	        P1	
 435.06225	 425.91901	 364.49609	        P1	
 175.28595	 329.81421	 148.26960	        P1	
 462.80534	 473.97141	 228.58229	        P1	
 401.01390	 189.29732	 141.57689	        P1	
 448.93379	 327.63001	 172.98120	        P1	
  78.18510	 336.36681	 452.53116	        P1	
 102.14505	 104.11352	 215.71169	        P1	
 479.19899	 403.34893	 207.98932	        P1	
  66.83565	 326.90193	 444.29398	        P1	
 110.97240	  94.64868	 343.38825	        P1	
 462.80534	 133.23620	 458.70906	        P1	
  63.05250	 214.05160	  49.42320	        P1	
 117.27765	 303.60381	 353.68477	        P1	
 433.80120	 212.59549	 312.49875	        P1	
 237.07740	 451.40133	 153.93269	        P1	
 440.10645	 232.25329	 119.43938	        P1	
 234.55530	 337.82293	 296.02439	        P1	
 262.29840	  93.19252	 362.43681	        P1	
 430.01805	 332.72649	 249.17527	        P1	
 452.71694	  83.72768	 286.24267	        P1	
 273.64785	  89.55220	 129.73590	        P1	
 311.47935	 262.83209	 107.08358	        P1	
 322.82880	 359.66493	 226.52302	        P1	
 148.80390	 464.50653	 467.46111	        P1	
  42.87570	  93.19252	 228.06749	        P1	
 303.91305	 302.14769	 440.69017	        P1	
 384.62025	 233.70941	  86.49060	        P1	
 407.31915	 402.62089	 479.30204	        P1	
 172.76385	 325.44581	 452.53116	        P1	
  71.87985	 137.60460	 446.35326	        P1	
  59.26935	   8.00872	 394.87079	        P1	
 453.97799	 190.75349	 230.64157	        P1	
 199.24590	 353.84041	 302.71709	        P1	
 184.11330	 377.13853	 444.29398	        P1	
  41.61465	  31.30688	  65.38275	        P1	
   0.00000	 253.36721	 228.58229	        P1	
  22.69890	  69.89440	 475.69829	        P1	
 307.69620	 473.24333	  92.15369	        P1	
 421.19070	 291.22669	 423.70094	        P1	
 228.25005	 217.69192	 240.42329	        P1	
 215.63955	 257.00752	 152.38822	        P1	
 170.24175	 300.69153	 152.38822	        P1	
 475.41584	 262.83209	 312.49875	        P1	
 237.07740	 163.08692	 123.04319	        P1	
  97.10085	 306.51609	 423.70094	        P1	
 196.72380	 115.03452	 209.53379	        P1	
 174.02490	  87.36800	 197.69279	        P1	
 105.92820	 369.85789	 368.09984	        P1	
  75.66300	 433.92773	 425.76028	        P1	
 292.56360	 133.96428	 256.89765	        P1	
 203.02905	 195.84992	  42.73049	        P1	
 279.95310	  40.77172	  59.71972	        P1	
 148.80390	  97.56092	 492.17271	        P1	
  21.43785	  54.60500	 372.21847	        P1	
 421.19070	 409.17349	 361.92194	        P1	
 430.01805	 157.99048	 405.16724	        P1	
 283.73625	 187.11312	 170.92192	        P1	
 324.08985	  44.41208	  71.56065	        P1	
 320.30670	  74.26280	  50.96767	        P1	
 459.02219	 487.80469	 298.59847	        P1	
 145.02075	 121.58712	 345.44759	        P1	
 254.73210	 295.59509	 273.88687	        P1	
 126.10500	 362.57721	 216.22649	        P1	
 316.52355	 104.11352	 232.70091	        P1	
 102.14505	  92.46448	 207.47445	        P1	
 124.84395	 181.28860	 409.28586	        P1	
  36.57045	 115.76260	 440.17536	        P1	
 447.67274	 306.51609	  77.73855	        P1	
 426.23490	 343.64749	 280.06477	        P1	
  45.39780	  40.77172	 209.53379	        P1	
  59.26935	 406.98929	 287.78715	        P1	
 109.71135	   2.18420	 117.38010	        P1	
  21.43785	 354.56849	  34.49325	        P1	
 206.81220	 149.98172	  96.78712	        P1	
 443.88960	 391.69989	  14.41508	        P1	
 116.01660	 340.73521	 458.70906	        P1	
 399.75285	 293.41089	 195.11865	        P1	
 238.33845	 210.41129	 428.33437	        P1	
 346.78875	 204.58672	 189.45562	        P1	
 329.13405	 190.02540	 316.61737	        P1	
 168.98070	  50.96468	 448.41254	        P1	
 387.14235	 143.42912	 487.53928	        P1	
 353.09400	 483.43629	 205.92997	        P1	
  35.30940	 289.77053	  53.54182	        P1	
 134.93235	  74.99088	  22.13745	        P1	
 315.26250	  52.42080	 105.02430	        P1	
 109.71135	 372.04209	 385.08907	        P1	
 170.24175	  76.44700	 335.15107	        P1	
 291.30255	 392.42793	 234.24539	        P1	
 374.53185	  38.58752	 382.51499	        P1	
 194.20170	 104.84160	 327.42869	        P1	
 413.62440	 304.33189	  46.84905	        P1	
 181.59120	 349.47201	 149.81407	        P1	
  71.87985	 399.70861	 328.97317	        P1	
  83.22930	  68.43828	 473.12414	        P1	
 268.60365	 482.70821	  98.84640	        P1	
 354.35505	 492.90113	 123.04319	        P1	
 162.67545	 484.16433	 413.40448	        P1	
 374.53185	 208.95512	 197.17799	        P1	
 282.47520	  39.31560	 131.28037	        P1	
 127.36605	  63.34180	 315.07289	        P1	
 456.50009	 305.78801	   6.17790	        P1	
 174.02490	 439.75229	 168.86258	        P1	
 421.19070	 199.49029	  70.01618	        P1	
 459.02219	  32.03492	 388.69289	        P1	
  35.30940	 238.80589	 491.65784	        P1	
  10.08840	  75.71892	 442.74951	        P1	
 112.23345	 468.14689	 453.04597	        P1	
 360.66030	 187.84120	 489.59856	        P1	
 137.45445	 312.34061	 166.80330	        P1	
 264.82050	  46.59628	 436.05674	        P1	
 181.59120	 337.82293	 401.04869	        P1	
 221.94480	 254.82332	 127.67662	        P1	
  97.10085	 182.74472	 269.76831	        P1	
 151.32600	  59.70148	 199.75207	        P1	
 210.59535	 174.00792	 209.53379	        P1	
 317.78460	 282.48989	   3.60375	        P1	
 252.21000	  46.59628	 195.11865	        P1	
 477.93794	 207.49900	 240.93809	        P1	
 243.38265	 347.28781	  88.03507	        P1	
 380.83710	 382.96309	 175.04047	        P1	
 320.30670	 412.08573	  36.55259	        P1	
 163.93650	 352.38429	 164.22915	        P1	
  92.05665	 232.25329	 323.31007	        P1	
 254.73210	 228.61292	 401.04869	        P1	
 307.69620	 122.31520	 353.68477	        P1	
 372.00975	 423.00673	  65.89762	        P1	
 407.31915	 337.09489	 331.03245	        P1	
 336.70035	 468.14689	 465.40177	        P1	
 253.47105	  12.37712	   5.66310	        P1	
 142.49865	 208.95512	 405.68211	        P1	
 379.57605	 157.99048	 304.77637	        P1	
 163.93650	 216.96389	  15.95955	        P1	
 310.21830	 321.80549	 255.35317	        P1	
 453.97799	 205.31480	  98.84640	        P1	
 220.68375	 402.62089	 298.59847	        P1	
 350.57190	 163.08692	 438.11608	        P1	
 278.69205	 476.88369	 300.14295	        P1	
  39.09255	 239.53392	 319.19151	        P1	
 388.40340	 313.06869	 368.09984	        P1	
 316.52355	 303.60381	 160.62540	        P1	
 216.90060	 314.52481	 469.52039	        P1	
 341.74455	 399.70861	 186.88147	        P1	
 273.64785	 372.04209	 440.69017	        P1	
 146.28180	 388.78761	 284.18339	        P1	
 363.18240	 454.31361	 335.15107	        P1	
 209.33430	  33.49108	 446.86807	        P1	
 408.58020	 473.24333	 380.97051	        P1	
 448.93379	 358.20881	  13.90027	        P1	
  71.87985	 191.48152	 394.87079	        P1	
 254.73210	 403.34893	 240.42329	        P1	
 282.47520	 176.19212	 326.91389	        P1	
 445.15065	  57.51728	 236.81947	        P1	
 162.67545	 476.88369	 306.32085	        P1	
 486.76529	 152.89400	 452.53116	        P1	
 433.80120	 198.03412	 325.36941	        P1	
 215.63955	 321.07741	 240.93809	        P1	
 445.15065	 104.11352	 160.11059	        P1	
  98.36190	 208.22709	 380.45564	        P1	
 263.55945	 414.26993	 289.84649	        P1	
 480.46004	 447.76101	 118.92457	        P1	
 203.02905	   0.72808	 133.33965	        P1	
