2167.00000	   0.00000	   0.00000	   0.00000	
  26.48205	 207.49900	 409.28586	        P1	
 266.08155	 398.25249	  82.37198	        P1	
 239.59950	  52.42080	 174.52567	        P1	
 443.88960	 279.57761	 383.02979	        P1	
  54.22515	 156.53432	 462.82768	        P1	
 200.50695	 383.69113	 135.39899	        P1	
 262.29840	 234.43749	 337.21035	        P1	
 200.50695	 382.23501	  69.50137	        P1	
 343.00560	 432.47161	 118.92457	        P1	
   2.52210	 161.63080	 247.11599	        P1	
 334.17825	 255.55141	 457.16459	        P1	
 382.09815	 216.23580	 347.50687	        P1	
 495.59264	 363.30529	  57.66038	        P1	
 431.27910	 246.08652	  16.47442	        P1	
 211.85640	  55.33308	 473.12414	        P1	
 255.99315	 150.70980	 259.47179	        P1	
 263.55945	  25.48232	 245.05671	        P1	
 243.38265	 482.70821	 112.74667	        P1	
 105.92820	 397.52441	 211.59307	        P1	
 351.83295	 361.84913	 339.26969	        P1	
 462.80534	 216.23580	 432.45299	        P1	
  78.18510	 490.71693	 485.99481	        P1	
  42.87570	 193.66572	 399.50421	        P1	
  40.35360	 238.80589	 168.86258	        P1	
 105.92820	 391.69989	 107.08358	        P1	
 442.62855	  56.06112	  22.65232	        P1	
 145.02075	 383.69113	 455.10531	        P1	
 406.05810	 433.92773	 133.85452	        P1	
 223.20585	   9.46488	 490.11337	        P1	
 153.84810	 262.10401	 117.38010	        P1	
 484.24319	 164.54309	 158.05125	        P1	
  98.36190	 361.12109	 331.03245	        P1	
 324.08985	   5.09648	 213.65235	        P1	
 310.21830	 425.19093	 197.17799	        P1	
 170.24175	 473.97141	 483.42066	        P1	
  69.35775	 363.30529	 349.56614	        P1	
 424.97385	 261.37592	 431.93818	        P1	
 407.31915	 229.34101	 463.34249	        P1	
 459.02219	  58.24532	  42.73049	        P1	
  68.09670	 133.96428	 355.74404	        P1	
 153.84810	 381.50693	 153.93269	        P1	
 311.47935	 271.56889	 127.16175	        P1	
 234.55530	 381.50693	 492.17271	        P1	
 128.62710	 234.43749	 380.45564	        P1	
 179.06910	 144.15720	 415.46376	        P1	
  15.13260	 186.38509	  26.77088	        P1	
  16.39365	 194.39380	  67.95690	        P1	
  75.66300	 206.77092	 172.46639	        P1	
 402.27495	 130.32392	 473.63901	        P1	
 158.89230	 144.15720	   7.72237	        P1	
  25.22100	 308.70029	 137.97308	        P1	
 179.06910	 315.98093	 133.85452	        P1	
  45.39780	 378.59469	 150.32888	        P1	
  12.61050	 468.87493	 141.57689	        P1	
  78.18510	 368.40173	 448.92741	        P1	
 315.26250	  97.56092	 191.00009	        P1	
 253.47105	 195.84992	 380.97051	        P1	
  41.61465	 321.07741	 118.92457	        P1	
 139.97655	   0.72808	  77.73855	        P1	
 158.89230	 382.96309	 137.97308	        P1	
 488.02634	 297.77929	 175.04047	        P1	
 131.14920	 187.84120	 477.24276	        P1	
 272.38680	  96.10480	  69.50137	        P1	
 375.79290	 425.19093	  42.73049	        P1	
 165.19755	 406.98929	 188.94075	        P1	
 220.68375	 169.63952	  41.18602	        P1	
 136.19340	 330.54229	  22.13745	        P1	
 340.48350	  64.06988	  14.41508	        P1	
 162.67545	 465.23461	 310.43947	        P1	
 337.96140	 253.36721	 125.10247	        P1	
 401.01390	 382.96309	 471.57967	        P1	
  95.83980	 292.68281	 267.19417	        P1	
 121.06080	 433.92773	   5.66310	        P1	
 451.45589	  23.29812	 436.57161	        P1	
 493.07054	 190.02540	 296.53919	        P1	
 195.46275	  77.90312	 438.11608	        P1	
 427.49595	 222.06032	 456.64978	        P1	
 272.38680	 302.87573	 314.55809	        P1	
 234.55530	 115.03452	 401.04869	        P1	
  90.79560	 480.52401	  74.13480	        P1	
 278.69205	 130.32392	 129.22109	        P1	
 324.08985	 303.60381	 222.40439	        P1	
 272.38680	 295.59509	 119.43938	        P1	
  30.26520	 385.87533	 277.49069	        P1	
 389.66445	 195.84992	  96.78712	        P1	
 462.80534	  72.07860	 248.66047	        P1	
 485.50424	 200.21832	 141.57689	        P1	
 112.23345	 310.88449	 232.18605	        P1	
  36.57045	 208.95512	 419.58238	        P1	
 379.57605	 321.07741	 364.49609	        P1	
 475.41584	  35.67528	 473.12414	        P1	
  51.70305	   6.55260	 304.26157	        P1	
 286.25835	 415.72609	 114.80595	        P1	
 459.02219	 380.05081	 310.43947	        P1	
 394.70865	 175.46409	  22.13745	        P1	
 310.21830	   8.73680	 452.53116	        P1	
  63.05250	 288.31441	  13.90027	        P1	
 315.26250	 250.45492	 170.92192	        P1	
 185.37435	 240.99009	 144.15098	        P1	
 116.01660	 417.91029	 446.86807	        P1	
 411.10230	 448.48909	 409.80067	        P1	
 459.02219	 375.68241	  37.06740	        P1	
 316.52355	 109.93808	 261.53107	        P1	
 365.70450	 366.94561	 217.77097	        P1	
 158.89230	 177.64829	 226.00815	        P1	
  56.74725	 479.79593	 289.84649	        P1	
 464.06639	 129.59588	 286.24267	        P1	
 201.76800	  10.19292	  11.84100	        P1	
 257.25420	 487.80469	 213.65235	        P1	
 185.37435	   5.09648	 398.98934	        P1	
 118.53870	 106.29772	 448.92741	        P1	
  23.95995	 128.86780	 322.79527	        P1	
 284.99730	 270.84081	 446.35326	        P1	
 208.07325	 229.34101	 403.10796	        P1	
 418.66860	 216.96389	 397.44487	        P1	
 151.32600	 323.26161	  32.43397	        P1	
 223.20585	 323.98969	 131.79518	        P1	
 358.13820	   4.36840	 112.74667	        P1	
 266.08155	 265.74432	  47.36392	        P1	
  34.04835	 367.67369	 466.94624	        P1	
 124.84395	 335.63873	 413.40448	        P1	
 441.36750	 334.91069	 398.98934	        P1	
 179.06910	 286.85829	  71.56065	        P1	
 128.62710	 291.22669	  77.73855	        P1	
 276.16995	 303.60381	 291.90577	        P1	
  84.49035	 128.86780	 193.05937	        P1	
 235.81635	 179.83249	 281.60925	        P1	
 472.89374	 447.76101	 259.47179	        P1	
  60.53040	 304.33189	 201.29655	        P1	
 204.29010	 180.56052	 456.64978	        P1	
 112.23345	 238.07781	  26.25607	        P1	
 266.08155	 479.79593	   4.11862	        P1	
 199.24590	 158.71852	 448.92741	        P1	
 387.14235	 494.35729	 349.56614	        P1	
 119.79975	 267.20049	 312.49875	        P1	
 350.57190	 119.40292	  85.97579	        P1	
  70.61880	 473.24333	 448.92741	        P1	
 192.94065	 322.53353	 178.64429	        P1	
 230.77215	  69.16632	 146.21032	        P1	
 308.95725	 176.92020	  12.35580	        P1	
  58.00830	 307.24413	 351.62549	        P1	
  25.22100	 131.05200	 401.56349	        P1	
 387.14235	 323.98969	 378.91117	        P1	
 102.14505	  32.76300	 477.24276	        P1	
 274.90890	 288.31441	 432.45299	        P1	
 398.49180	 273.75309	 454.59044	        P1	
 218.16165	 405.53313	 178.64429	        P1	
 161.41440	 342.19133	 221.88959	        P1	
 148.80390	 327.63001	 284.18339	        P1	
 192.94065	 479.79593	 258.95699	        P1	
 373.27080	 115.03452	 275.94621	        P1	
 282.47520	 409.17349	 317.13217	        P1	
 247.16580	 372.77013	 232.70091	        P1	
  61.79145	 278.84952	 164.74402	        P1	
 273.64785	 356.02461	 308.89499	        P1	
 296.34675	 191.48152	 109.14292	        P1	
 105.92820	 251.91109	  90.09435	        P1	
 295.08570	 248.99881	 279.54997	        P1	
 283.73625	 232.25329	 218.28577	        P1	
 345.52770	 157.26240	 211.59307	        P1	
 437.58435	 382.23501	 149.81407	        P1	
 259.77630	 184.92892	 411.86001	        P1	
 324.08985	 174.00792	  36.55259	        P1	
   2.52210	  56.78920	 432.45299	        P1	
 145.02075	 181.28860	  88.03507	        P1	
 364.44345	 156.53432	 455.10531	        P1	
 205.55115	 254.09529	 263.07555	        P1	
 218.16165	 431.74353	  98.33159	        P1	
  40.35360	 324.71773	 444.29398	        P1	
 317.78460	  55.33308	 263.07555	        P1	
 253.47105	 430.28741	 199.23727	        P1	
 277.43100	  55.33308	  34.49325	        P1	
 194.20170	  50.96468	   2.05928	        P1	
  36.57045	 450.67329	 238.36395	        P1	
 162.67545	 131.78008	 343.38825	        P1	
 204.29010	 489.26081	 359.86267	        P1	
 443.88960	 238.80589	 151.87335	        P1	
  30.26520	  23.29812	  16.47442	        P1	
  23.95995	 370.58593	 296.02439	        P1	
 195.46275	   8.00872	 102.96502	        P1	
 179.06910	 234.43749	 453.04597	        P1	
 358.13820	 385.87533	 343.90311	        P1	
 168.98070	 160.17469	 355.74404	        P1	
 273.64785	 395.34021	 247.11599	        P1	
 416.14650	 313.06869	 417.52304	        P1	
 247.16580	  65.52600	 396.93006	        P1	
 131.14920	  18.92972	 306.83571	        P1	
 456.50009	 216.96389	  71.56065	        P1	
 302.65200	  97.56092	 425.76028	        P1	
  74.40195	  99.74512	 374.79261	        P1	
 163.93650	  84.45572	 405.68211	        P1	
  18.91575	 414.26993	 481.36138	        P1	
 124.84395	 358.93689	 366.55537	        P1	
  52.96410	  99.01708	 466.94624	        P1	
 339.22245	 305.05993	 158.56612	        P1	
 114.75555	 421.55061	 199.23727	        P1	
 311.47935	 187.11312	  36.55259	        P1	
 155.10915	  12.37712	 362.43681	        P1	
 409.84125	  38.58752	  59.71972	        P1	
 158.89230	   0.00000	 345.96239	        P1	
 462.80534	 485.62049	 317.13217	        P1	
 221.94480	  26.21040	 452.53116	        P1	
 351.83295	  99.74512	 388.69289	        P1	
 142.49865	 117.21872	  78.25342	        P1	
 385.88130	 413.54189	  20.59298	        P1	
 279.95310	 263.56012	 296.02439	        P1	
 297.60780	 234.43749	 442.23464	        P1	
 470.37164	 402.62089	  59.20485	        P1	
 339.22245	 356.02461	 345.96239	        P1	
 219.42270	 381.50693	 461.28321	        P1	
 126.10500	 368.40173	  96.78712	        P1	
 205.55115	  69.16632	 135.39899	        P1	
  74.40195	 386.60341	 172.98120	        P1	
  41.61465	  37.13140	 205.41517	        P1	
 121.06080	   2.91228	 238.36395	        P1	
 142.49865	 197.30609	 471.57967	        P1	
 426.23490	 336.36681	 129.73590	        P1	
 412.36335	 197.30609	   3.60375	        P1	
 340.48350	 455.76973	 203.35589	        P1	
 443.88960	  27.66652	  85.97579	        P1	
 195.46275	 162.35888	 193.57417	        P1	
 247.16580	 398.98053	 473.63901	        P1	
 214.37850	 180.56052	 207.98932	        P1	
 496.85369	 333.45453	  78.25342	        P1	
 209.33430	 173.27989	  34.49325	        P1	
  44.13675	 124.49940	 261.01627	        P1	
  21.43785	 455.04169	 193.57417	        P1	
 306.43515	 283.21792	 313.01361	        P1	
 412.36335	  86.63992	 191.00009	        P1	
 221.94480	   4.36840	 457.16459	        P1	
  20.17680	  53.87692	 455.10531	        P1	
 291.30255	 302.14769	  15.95955	        P1	
 254.73210	 199.49029	 485.47994	        P1	
 191.67960	 337.82293	 388.69289	        P1	
 471.63269	 289.77053	 382.51499	        P1	
 464.06639	  65.52600	 302.71709	        P1	
 308.95725	 348.74393	  78.25342	        P1	
 233.29425	 342.91941	 364.49609	        P1	
 139.97655	 377.86661	 477.24276	        P1	
  47.91990	 381.50693	 166.28849	        P1	
  44.13675	 424.46289	   8.23718	        P1	
  75.66300	 314.52481	 370.67399	        P1	
 240.86055	 181.28860	 135.91380	        P1	
 168.98070	 250.45492	 296.02439	        P1	
 199.24590	 164.54309	 361.92194	        P1	
   6.30525	 238.07781	 432.45299	        P1	
  37.83150	  34.94720	 149.81407	        P1	
 240.86055	 360.39301	 358.31819	        P1	
 243.38265	 297.77929	 341.84377	        P1	
   6.30525	  29.85072	 269.76831	        P1	
 211.85640	 398.98053	  72.07552	        P1	
 167.71965	 481.25209	 442.23464	        P1	
 143.75970	 420.82253	 289.84649	        P1	
 327.87300	 401.89281	 440.17536	        P1	
 335.43930	 198.03412	  16.47442	        P1	
   1.26105	  85.18380	 168.34777	        P1	
 305.17410	 315.98093	 265.13489	        P1	
 387.14235	 289.04249	 256.89765	        P1	
 346.78875	 488.53273	  59.71972	        P1	
 190.41855	 456.49781	 407.74139	        P1	
 166.45860	 460.13813	 215.71169	        P1	
 448.93379	 189.29732	 189.45562	        P1	
 199.24590	 189.29732	 399.50421	        P1	
 103.40610	 154.35012	 469.00558	        P1	
 445.15065	 216.23580	 327.42869	        P1	
 142.49865	 484.16433	 141.57689	        P1	
 197.98485	 478.33981	 420.09719	        P1	
  84.49035	  29.85072	  98.33159	        P1	
 372.00975	 437.56809	 286.24267	        P1	
  32.78730	 107.75388	  28.31535	        P1	
 329.13405	 335.63873	 300.65781	        P1	
 457.76114	 300.69153	  35.00812	        P1	
   1.26105	 174.00792	 462.82768	        P1	
  60.53040	 177.64829	  77.73855	        P1	
 249.68790	 315.98093	 158.56612	        P1	
 462.80534	 369.12981	 489.59856	        P1	
 424.97385	 152.16592	 246.60119	        P1	
  55.48620	  97.56092	 282.12411	        P1	
 341.74455	 287.58632	 314.55809	        P1	
 283.73625	  98.28900	 458.70906	        P1	
 344.26665	 408.44541	 458.70906	        P1	
 350.57190	 380.05081	 304.26157	        P1	
 221.94480	 382.96309	  34.49325	        P1	
 209.33430	 196.57800	 415.46376	        P1	
 440.10645	 297.77929	 454.59044	        P1	
 137.45445	 140.51688	 281.60925	        P1	
 424.97385	  67.71020	 216.22649	        P1	
 226.98900	 390.24373	 325.36941	        P1	
 229.51110	 273.75309	 397.44487	        P1	
 114.75555	 123.04328	  82.37198	        P1	
 428.75700	 362.57721	  32.43397	        P1	
 485.50424	 414.26993	 110.68739	        P1	
  81.96825	 258.46369	 193.57417	        P1	
 123.58290	 112.12228	 460.76834	        P1	
 171.50280	 218.42000	 160.62540	        P1	
  29.00415	 223.51649	 380.45564	        P1	
 461.54429	 154.35012	 228.06749	        P1	
 261.03735	 374.95433	  84.43132	        P1	
 215.63955	 185.65700	 310.43947	        P1	
 419.92965	 472.51529	  77.73855	        P1	
 219.42270	 352.38429	  32.94878	        P1	
 494.33159	 340.73521	  38.61187	        P1	
 493.07054	 294.86701	 265.64969	        P1	
  97.10085	 271.56889	 133.33965	        P1	
  59.26935	  31.30688	 385.08907	        P1	
 306.43515	   5.09648	 341.84377	        P1	
  30.26520	 288.31441	 359.86267	        P1	
 199.24590	 398.98053	  18.01890	        P1	
 378.31500	 404.80509	  40.67115	        P1	
  78.18510	   8.73680	 240.93809	        P1	
 128.62710	 160.17469	  94.72778	        P1	
  34.04835	 376.41049	  59.20485	        P1	
 123.58290	 355.29653	 461.28321	        P1	
  92.05665	 156.53432	 382.51499	        P1	
  61.79145	 175.46409	 150.32888	        P1	
  29.00415	 273.02501	 290.36129	        P1	
 373.27080	 184.92892	 116.86529	        P1	
 428.75700	 423.73481	 106.56877	        P1	
  63.05250	 235.89361	 155.99197	        P1	
 168.98070	 327.63001	 403.10796	        P1	
 428.75700	  91.73640	 253.29389	        P1	
 476.67689	   2.91228	 287.78715	        P1	
 331.65615	 156.53432	 189.45562	        P1	
 436.32330	 416.45413	 333.09179	        P1	
  25.22100	  53.87692	 319.19151	        P1	
 204.29010	 132.50812	  61.26419	        P1	
 192.94065	 181.28860	 168.34777	        P1	
 100.88400	 454.31361	 247.11599	        P1	
 422.45175	  15.28940	  26.25607	        P1	
 403.53600	 397.52441	 322.79527	        P1	
 221.94480	 464.50653	 331.54731	        P1	
 277.43100	 216.96389	  39.12668	        P1	
 310.21830	 444.12069	 385.08907	        P1	
 300.12990	 222.78840	 205.41517	        P1	
 224.46690	 251.91109	 212.10787	        P1	
 453.97799	 468.87493	 172.46639	        P1	
 380.83710	 377.13853	 252.77909	        P1	
 302.65200	 313.06869	  32.94878	        P1	
 126.10500	  40.77172	  79.79789	        P1	
  42.87570	 294.13893	  18.01890	        P1	
 248.42685	  32.76300	 475.69829	        P1	
 360.66030	 339.27909	  88.54988	        P1	
 255.99315	 191.48152	  53.54182	        P1	
 423.71280	 334.91069	  83.91645	        P1	
 137.45445	 289.04249	 417.52304	        P1	
 245.90475	 261.37592	 444.29398	        P1	
 247.16580	 125.22748	 318.67665	        P1	
 267.34260	 187.84120	 154.44750	        P1	
 157.63125	 476.88369	 366.55537	        P1	
  83.22930	 407.71733	 485.99481	        P1	
  58.00830	 299.96349	 392.81144	        P1	
 271.12575	 479.79593	 376.33709	        P1	
 359.39925	  77.90312	 203.35589	        P1	
 450.19484	 427.37513	 177.09982	        P1	
  40.35360	 190.75349	  90.09435	        P1	
 403.53600	 447.03293	 368.61471	        P1	
 423.71280	  96.10480	 457.16459	        P1	
 326.61195	 393.88409	 355.74404	        P1	
 315.26250	 449.94521	 186.88147	        P1	
 194.20170	 436.84001	 469.52039	        P1	
 397.23075	 388.05953	  42.73049	        P1	
 226.98900	 193.66572	 258.95699	        P1	
 406.05810	 224.24452	 436.57161	        P1	
 460.28324	 143.42912	 394.87079	        P1	
  39.09255	 396.79633	 493.71718	        P1	
 469.11059	  93.19252	 345.44759	        P1	
  65.57460	 275.20921	 333.60659	        P1	
  40.35360	 366.94561	  86.49060	        P1	
 327.87300	 487.80469	  14.41508	        P1	
  21.43785	 418.63833	 232.70091	        P1	
  50.44200	 177.64829	 434.51227	        P1	
 467.84954	 203.13060	 228.58229	        P1	
 389.66445	  96.83288	 349.56614	        P1	
 276.16995	 465.23461	 271.82759	        P1	
 368.22660	 273.75309	 392.81144	        P1	
 267.34260	 132.50812	 238.87881	        P1	
 308.95725	 489.98889	 193.57417	        P1	
  55.48620	  21.84200	 135.91380	        P1	
 451.45589	 419.36641	 285.72787	        P1	
  45.39780	  27.66652	  10.29652	        P1	
 224.46690	  91.73640	 359.86267	        P1	
 290.04150	 428.10321	 347.50687	        P1	
 104.66715	 235.16552	 133.85452	        P1	
   7.56630	 131.05200	 364.49609	        P1	
  26.48205	   2.18420	 366.04057	        P1	
 121.06080	 275.20921	 446.35326	        P1	
 215.63955	  77.90312	 351.62549	        P1	
  42.87570	 133.96428	 168.86258	        P1	
 427.49595	  44.41208	 442.23464	        P1	
 276.16995	 361.84913	 479.81691	        P1	
 103.40610	 164.54309	 405.16724	        P1	
 150.06495	 146.34140	 372.21847	        P1	
 447.67274	  51.69272	 374.79261	        P1	
 155.10915	 214.77969	 343.38825	        P1	
  30.26520	 401.89281	  75.67927	        P1	
 416.14650	 442.66453	 294.47991	        P1	
 307.69620	 238.80589	  77.73855	        P1	
 452.71694	 471.05913	 326.91389	        P1	
  87.01245	  67.71020	 308.89499	        P1	
 366.96555	  24.02620	 234.76019	        P1	
 158.89230	 135.42040	 248.66047	        P1	
 114.75555	 245.35849	 269.25345	        P1	
 310.21830	 327.63001	 197.69279	        P1	
 208.07325	 497.26953	  24.19679	        P1	
 160.15335	 206.04289	  57.66038	        P1	
 131.14920	 243.17429	 175.04047	        P1	
  54.22515	 219.14809	 323.31007	        P1	
  74.40195	  60.42952	 413.40448	        P1	
 311.47935	 380.77889	 386.63354	        P1	
 189.15750	 304.33189	 193.57417	        P1	
 493.07054	  38.58752	 232.70091	        P1	
  94.57875	  28.39460	 407.74139	        P1	
 114.75555	 120.13100	  30.88950	        P1	
 187.89645	  51.69272	 220.34512	        P1	
  71.87985	 430.28741	 321.25079	        P1	
 113.49450	 131.05200	  57.14557	        P1	
  32.78730	 224.24452	 288.30201	        P1	
 235.81635	 344.37553	 436.57161	        P1	
 325.35090	 132.50812	 325.36941	        P1	
 123.58290	 436.84001	 284.18339	        P1	
 407.31915	 226.42872	 320.73599	        P1	
 196.72380	 139.78880	 261.01627	        P1	
 141.23760	 278.12149	 102.45015	        P1	
 128.62710	 202.40252	 252.77909	        P1	
 122.32185	 401.16473	  84.43132	        P1	
 480.46004	 121.58712	 302.20229	        P1	
 148.80390	  55.33308	 168.86258	        P1	
  65.57460	 107.75388	 273.88687	        P1	
 142.49865	 307.97221	 290.36129	        P1	
 320.30670	 168.91149	 337.21035	        P1	
  44.13675	 236.62169	  59.20485	        P1	
 443.88960	 205.31480	 216.22649	        P1	
 477.93794	  15.28940	  88.03507	        P1	
 195.46275	 124.49940	 129.73590	        P1	
 134.93235	 267.20049	 453.04597	        P1	
 346.78875	 261.37592	  79.79789	        P1	
   1.26105	 465.23461	 298.08367	        P1	
 424.97385	 136.14848	  26.77088	        P1	
 143.75970	 339.27909	 205.92997	        P1	
 393.44760	 218.42000	 248.66047	        P1	
  68.09670	 429.55933	 228.06749	        P1	
 442.62855	 367.67369	 477.75757	        P1	
 460.28324	 412.81381	 345.96239	        P1	
 253.47105	 482.70821	 403.10796	        P1	
 190.41855	 345.83169	 306.32085	        P1	
 102.14505	 248.27072	 158.56612	        P1	
 408.58020	 479.06789	 411.34514	        P1	
 346.78875	 251.18301	 352.14029	        P1	
 340.48350	 173.27989	 219.83025	        P1	
 242.12160	 493.62921	 142.09170	        P1	
   2.52210	 390.24373	 104.50949	        P1	
   1.26105	 358.93689	 304.77637	        P1	
 158.89230	 406.26121	 383.02979	        P1	
  47.91990	  64.06988	 181.21837	        P1	
 258.51525	 313.79673	 438.11608	        P1	
 132.41025	 131.78008	 205.92997	        P1	
 104.66715	 192.93769	 182.76285	        P1	
 225.72795	 376.41049	 368.09984	        P1	
 392.18655	 280.30569	  22.13745	        P1	
  36.57045	 439.02421	 308.89499	        P1	
 353.09400	 330.54229	 448.41254	        P1	
  46.65885	 146.34140	 444.80879	        P1	
 441.36750	 299.96349	 479.30204	        P1	
 388.40340	 122.31520	 308.89499	        P1	
 266.08155	 392.42793	 388.69289	        P1	
 441.36750	  94.64868	  57.66038	        P1	
 116.01660	 455.76973	 189.45562	        P1	
 493.07054	 495.81341	   7.72237	        P1	
 401.01390	  65.52600	 438.63089	        P1	
 464.06639	 257.73561	 364.49609	        P1	
 172.76385	  82.27152	 456.64978	        P1	
 229.51110	  91.73640	 123.55800	        P1	
 287.51940	 106.29772	 425.76028	        P1	
 469.11059	 310.15641	 444.80879	        P1	
 191.67960	 152.89400	 359.86267	        P1	
 239.59950	 305.78801	 290.36129	        P1	
 167.71965	 489.98889	 213.65235	        P1	
 493.07054	 473.97141	 273.37207	        P1	
 190.41855	 213.32352	 257.41251	        P1	
 331.65615	 159.44660	 205.41517	        P1	
 253.47105	 153.62208	 460.76834	        P1	
 214.37850	 218.42000	 322.79527	        P1	
 346.78875	 125.95552	 487.53928	        P1	
 459.02219	 158.71852	 269.76831	        P1	
 355.61610	 215.50772	 363.98129	        P1	
 484.24319	 174.73600	  30.88950	        P1	
  75.66300	 414.99801	 409.28586	        P1	
 158.89230	 224.24452	 252.77909	        P1	
 253.47105	 102.65740	 285.72787	        P1	
  66.83565	  77.90312	  28.83022	        P1	
 369.48765	 306.51609	 354.19957	        P1	
 291.30255	 133.23620	 172.98120	        P1	
 311.47935	 307.97221	 149.81407	        P1	
 484.24319	 241.71812	  22.65232	        P1	
  63.05250	 152.89400	 230.12677	        P1	
 118.53870	 103.38548	 372.73327	        P1	
 184.11330	  58.24532	  24.19679	        P1	
 390.92550	 479.06789	 466.94624	        P1	
   6.30525	  32.76300	 353.68477	        P1	
 413.62440	  82.99960	 366.04057	        P1	
 311.47935	 293.41089	 170.40705	        P1	
  83.22930	 492.17309	 298.59847	        P1	
 354.35505	 206.04289	 392.81144	        P1	
 287.51940	 330.54229	  45.30458	        P1	
 397.23075	 217.69192	 152.38822	        P1	
 385.88130	 400.43669	 331.03245	        P1	
 308.95725	 224.97260	 199.23727	        P1	
 369.48765	 313.79673	 444.29398	        P1	
 237.07740	 436.84001	 135.91380	        P1	
 282.47520	 495.08533	 246.60119	        P1	
 339.22245	 300.69153	 240.42329	        P1	
 267.34260	 400.43669	 230.64157	        P1	
 477.93794	 385.14729	  15.95955	        P1	
 461.54429	 238.80589	 267.70897	        P1	
  25.22100	  16.01748	 491.65784	        P1	
  40.35360	 149.98172	 214.16722	        P1	
 232.03320	 327.63001	 304.26157	        P1	
  61.79145	  73.53472	 263.59041	        P1	
 424.97385	 261.37592	  98.33159	        P1	
  60.53040	 292.68281	 384.57426	        P1	
 297.60780	 401.89281	 390.75216	        P1	
 163.93650	 382.96309	 324.85455	        P1	
 145.02075	 484.16433	 401.04869	        P1	
 407.31915	 452.12941	 327.42869	        P1	
 267.34260	 100.47320	 383.02979	        P1	
 171.50280	 352.38429	 473.12414	        P1	
 406.05810	 110.66612	 246.60119	        P1	
 394.70865	 366.21753	 228.06749	        P1	
 286.25835	  37.13140	  55.60110	        P1	
 311.47935	 289.04249	 411.34514	        P1	
 253.47105	  89.55220	 433.99746	        P1	
 490.54844	 472.51529	 490.11337	        P1	
 288.78045	 214.77969	  90.09435	        P1	
  45.39780	 190.75349	 145.69545	        P1	
 467.84954	 342.91941	  92.66850	        P1	
 239.59950	 318.89321	  88.03507	        P1	
 139.97655	 417.18221	 477.24276	        P1	
 145.02075	 245.35849	 201.29655	        P1	
 354.35505	 254.09529	   3.60375	        P1	
  83.22930	 311.61253	 418.03791	        P1	
  65.57460	 327.63001	 383.02979	        P1	
 363.18240	  42.22788	  15.95955	        P1	
  34.04835	 152.16592	 469.00558	        P1	
 161.41440	  58.24532	 438.11608	        P1	
  74.40195	  79.35928	 391.26697	        P1	
 100.88400	 203.85869	 255.35317	        P1	
 252.21000	 381.50693	 283.66859	        P1	
 477.93794	  66.25408	 372.73327	        P1	
 330.39510	 311.61253	 493.71718	        P1	
 442.62855	 227.88489	 287.78715	        P1	
 482.98214	   5.09648	 355.74404	        P1	
 339.22245	 236.62169	 403.62277	        P1	
 462.80534	 491.44501	  92.66850	        P1	
  64.31355	 130.32392	 177.09982	        P1	
 489.28739	 299.96349	 256.89765	        P1	
 196.72380	 158.71852	 240.42329	        P1	
  36.57045	 280.30569	   9.78165	        P1	
 290.04150	  94.64868	 343.38825	        P1	
 447.67274	 124.49940	 308.89499	        P1	
 321.56775	 109.93808	 145.69545	        P1	
 491.80949	 273.75309	  82.37198	        P1	
 363.18240	 479.06789	  34.49325	        P1	
 150.06495	 172.55180	 469.52039	        P1	
 232.03320	 371.31401	 279.54997	        P1	
  98.36190	 177.64829	 446.86807	        P1	
 302.65200	 356.75269	  22.13745	        P1	
 170.24175	 481.25209	 323.31007	        P1	
 248.42685	 236.62169	 440.69017	        P1	
 325.35090	 348.01589	 162.68468	        P1	
  76.92405	 334.18261	 296.53919	        P1	
  51.70305	 289.04249	  15.95955	        P1	
  46.65885	 270.11272	 141.57689	        P1	
 486.76529	 184.92892	 455.10531	        P1	
 171.50280	 348.01589	   8.23718	        P1	
 360.66030	 425.19093	 214.16722	        P1	
 392.18655	 257.00752	  84.43132	        P1	
 182.85225	 155.07820	   7.72237	        P1	
 137.45445	  45.86820	 285.72787	        P1	
 296.34675	   0.72808	 459.22387	        P1	
  46.65885	 165.27112	 350.08101	        P1	
 428.75700	 403.34893	 436.57161	        P1	
 332.91720	 103.38548	 341.84377	        P1	
  34.04835	  56.06112	  36.55259	        P1	
 137.45445	 162.35888	 454.59044	        P1	
 364.44345	 262.83209	  34.49325	        P1	
 340.48350	  99.01708	 176.58495	        P1	
 129.88815	  72.07860	  24.71160	        P1	
 430.01805	 347.28781	 376.85189	        P1	
  13.87155	  25.48232	 431.93818	        P1	
 261.03735	 162.35888	  32.94878	        P1	
 394.70865	 176.92020	 149.81407	        P1	
 474.15479	 315.98093	 104.50949	        P1	
 262.29840	 358.20881	  44.78977	        P1	
 325.35090	 348.01589	 150.32888	        P1	
 204.29010	 257.73561	 228.58229	        P1	
  64.31355	 190.02540	 409.28586	        P1	
 107.18925	  61.88568	 175.04047	        P1	
 453.97799	 493.62921	 304.26157	        P1	
 263.55945	 453.58553	 135.39899	        P1	
 372.00975	 121.58712	 331.54731	        P1	
 494.33159	 460.13813	 444.29398	        P1	
  75.66300	 374.22629	  40.67115	        P1	
 428.75700	 198.03412	  16.47442	        P1	
   7.56630	 275.20921	 353.68477	        P1	
 486.76529	 275.20921	 328.97317	        P1	
  92.05665	 415.72609	 411.34514	        P1	
 242.12160	 460.13813	 462.82768	        P1	
 392.18655	 319.62129	  15.95955	        P1	
 427.49595	  35.67528	 473.12414	        P1	
 475.41584	 357.48073	 129.22109	        P1	
 187.89645	 223.51649	 465.40177	        P1	
 325.35090	 198.03412	 191.00009	        P1	
 157.63125	 125.95552	 109.14292	        P1	
 296.34675	 262.83209	 255.35317	        P1	
  84.49035	 223.51649	 226.00815	        P1	
 171.50280	 145.61332	 313.01361	        P1	
 466.58849	 259.19172	 438.11608	        P1	
 456.50009	 429.55933	 363.98129	        P1	
 482.98214	 366.21753	 226.52302	        P1	
 419.92965	 366.21753	 251.23461	        P1	
 317.78460	 460.13813	 430.39371	        P1	
 151.32600	 260.64789	 269.25345	        P1	
 353.09400	 331.99841	  26.25607	        P1	
  93.31770	 412.08573	 252.77909	        P1	
 114.75555	 414.26993	 343.90311	        P1	
 257.25420	  53.87692	 251.23461	        P1	
 417.40755	 354.56849	 144.15098	        P1	
 223.20585	 123.04328	 298.59847	        P1	
 394.70865	 306.51609	 391.26697	        P1	
 239.59950	 170.36760	 403.10796	        P1	
 116.01660	 381.50693	 110.68739	        P1	
 467.84954	 102.65740	 179.15910	        P1	
 290.04150	 374.22629	  46.84905	        P1	
  61.79145	 340.00713	 214.16722	        P1	
  23.95995	 257.00752	 215.71169	        P1	
  40.35360	 253.36721	 333.60659	        P1	
 353.09400	 142.70108	 193.57417	        P1	
 433.80120	 219.87612	 203.35589	        P1	
 430.01805	 236.62169	 281.60925	        P1	
  37.83150	 439.75229	 242.99737	        P1	
 495.59264	  21.11392	 461.28321	        P1	
  20.17680	  18.92972	 343.90311	        P1	
 301.39095	 463.77849	 195.11865	        P1	
  29.00415	 379.32273	 306.83571	        P1	
 254.73210	  56.78920	 180.70357	        P1	
 264.82050	 374.22629	  40.67115	        P1	
 358.13820	 492.17309	  63.83828	        P1	
 438.84540	 487.80469	 361.92194	        P1	
 177.80805	 277.39341	 186.88147	        P1	
 139.97655	 385.14729	 490.11337	        P1	
 201.76800	 260.64789	 119.43938	        P1	
 484.24319	  55.33308	  32.94878	        P1	
 114.75555	  50.23660	 364.49609	        P1	
 153.84810	 231.52521	 471.06486	        P1	
 147.54285	 128.86780	  44.78977	        P1	
 360.66030	  49.50852	 407.22658	        P1	
 491.80949	 187.84120	  30.88950	        P1	
  52.96410	 412.08573	 245.05671	        P1	
 116.01660	  69.89440	  80.31270	        P1	
  68.09670	 353.84041	 353.68477	        P1	
 450.19484	 369.12981	  37.06740	        P1	
 316.52355	 374.95433	 308.38019	        P1	
 195.46275	 491.44501	 450.98669	        P1	
 461.54429	 492.17309	 490.11337	        P1	
  41.61465	 156.53432	 418.03791	        P1	
 354.35505	   3.64032	  55.08629	        P1	
 413.62440	 396.06829	 256.89765	        P1	
 196.72380	 154.35012	 343.90311	        P1	
 412.36335	 184.20089	 415.97857	        P1	
 145.02075	 316.70901	 481.87619	        P1	
 476.67689	 474.69949	 182.76285	        P1	
 257.25420	 186.38509	 219.83025	        P1	
 176.54700	 487.80469	 164.22915	        P1	
 269.86470	 218.42000	  81.85717	        P1	
  34.04835	 341.46329	 158.05125	        P1	
 411.10230	 464.50653	 394.87079	        P1	
 432.54015	  92.46448	 114.80595	        P1	
  16.39365	 156.53432	  67.44209	        P1	
 259.77630	 307.24413	 473.63901	        P1	
   8.82735	 144.88528	 107.08358	        P1	
  85.75140	 406.26121	 407.74139	        P1	
 168.98070	 164.54309	 267.70897	        P1	
 239.59950	 493.62921	 469.52039	        P1	
  87.01245	 471.05913	 191.00009	        P1	
 330.39510	 244.63041	 199.23727	        P1	
  56.74725	 270.11272	 102.96502	        P1	
 197.98485	 104.11352	 331.54731	        P1	
  21.43785	 310.88449	  22.13745	        P1	
 228.25005	 383.69113	 177.09982	        P1	
 171.50280	 460.13813	 455.10531	        P1	
 479.19899	  56.78920	 450.98669	        P1	
 448.93379	 167.45532	 388.69289	        P1	
 332.91720	 222.78840	 242.48257	        P1	
 360.66030	 113.57840	  37.06740	        P1	
  71.87985	 182.74472	 462.82768	        P1	
 442.62855	  76.44700	 205.41517	        P1	
 104.66715	 254.09529	 269.25345	        P1	
  47.91990	 366.94561	 302.71709	        P1	
 491.80949	 436.84001	 240.93809	        P1	
 152.58705	 258.46369	 324.85455	        P1	
 315.26250	  13.10520	 217.77097	        P1	
 426.23490	 227.15681	   7.72237	        P1	
 388.40340	 125.22748	 324.85455	        P1	
  89.53455	  98.28900	 248.66047	        P1	
 346.78875	  42.95592	 388.69289	        P1	
   6.30525	 213.32352	 246.60119	        P1	
 354.35505	 268.65661	 389.20769	        P1	
 467.84954	 271.56889	  28.31535	        P1	
 469.11059	 431.01549	  40.67115	        P1	
 433.80120	 186.38509	   8.23718	        P1	
  93.31770	 355.29653	 265.13489	        P1	
 102.14505	 303.60381	 217.77097	        P1	
 408.58020	 390.24373	 152.38822	        P1	
  50.44200	 458.68201	 396.93006	        P1	
  17.65470	 318.89321	 223.94887	        P1	
 457.76114	   6.55260	 339.78449	        P1	
 321.56775	 245.35849	 485.47994	        P1	
  84.49035	  69.16632	 455.10531	        P1	
 464.06639	 400.43669	 175.04047	        P1	
 225.72795	 195.84992	 166.28849	        P1	
  61.79145	 118.67488	 242.99737	        P1	
 474.15479	 365.48949	  94.72778	        P1	
 398.49180	  71.35052	 485.99481	        P1	
  18.91575	 278.84952	 487.53928	        P1	
   0.00000	  48.05240	 339.78449	        P1	
 334.17825	 306.51609	  83.91645	        P1	
 200.50695	 181.28860	 168.34777	        P1	
  10.08840	 486.34853	  85.97579	        P1	
  27.74310	 148.52560	 179.15910	        P1	
 166.45860	 304.33189	 181.21837	        P1	
 372.00975	 319.62129	 436.05674	        P1	
 142.49865	 402.62089	 465.40177	        P1	
 242.12160	 371.31401	 203.87069	        P1	
 477.93794	 399.70861	  67.95690	        P1	
 220.68375	 440.48033	 413.40448	        P1	
  55.48620	 329.08613	 462.82768	        P1	
 493.07054	 162.35888	 182.76285	        P1	
 392.18655	 249.72689	 158.05125	        P1	
 409.84125	 356.02461	 345.96239	        P1	
 368.22660	 206.77092	  73.61999	        P1	
 296.34675	   0.72808	  59.20485	        P1	
 181.59120	 176.19212	 467.46111	        P1	
 116.01660	  43.68400	 265.64969	        P1	
 253.47105	   8.00872	  18.01890	        P1	
 450.19484	 176.92020	 254.83837	        P1	
 354.35505	 160.90272	 197.17799	        P1	
 402.27495	 344.37553	  41.18602	        P1	
 361.92135	 427.37513	  65.89762	        P1	
  99.62295	 165.27112	 164.74402	        P1	
 104.66715	  38.58752	  96.78712	        P1	
 277.43100	 304.33189	 440.69017	        P1	
  16.39365	  77.90312	 467.46111	        P1	
 291.30255	 109.93808	 409.80067	        P1	
  70.61880	 398.98053	 382.51499	        P1	
 344.26665	  10.92100	 162.16987	        P1	
 189.15750	 254.82332	  78.25342	        P1	
  54.22515	  92.46448	 188.94075	        P1	
 446.41170	 492.17309	  15.95955	        P1	
 375.79290	 103.38548	 436.05674	        P1	
 427.49595	 492.90113	 294.47991	        P1	
 206.81220	  39.31560	 432.45299	        P1	
  92.05665	 440.48033	 133.85452	        P1	
 308.95725	 412.81381	  20.07817	        P1	
 373.27080	 202.40252	 438.11608	        P1	
 214.37850	 436.84001	  81.85717	        P1	
 421.19070	  99.01708	 267.70897	        P1	
 268.60365	  15.28940	 341.32897	        P1	
 199.24590	  26.21040	 271.82759	        P1	
 397.23075	 316.70901	  67.95690	        P1	
 196.72380	  39.31560	 137.45827	        P1	
 238.33845	 331.27033	  36.55259	        P1	
 467.84954	  19.65780	 223.94887	        P1	
  65.57460	 414.99801	 302.71709	        P1	
 383.35920	  33.49108	 213.65235	        P1	
 131.14920	 396.06829	 255.35317	        P1	
 443.88960	 117.94680	 290.36129	        P1	
 325.35090	 326.17389	  22.13745	        P1	
 230.77215	 144.88528	 213.65235	        P1	
 442.62855	 261.37592	 456.64978	        P1	
 187.89645	 128.86780	 125.10247	        P1	
 331.65615	 417.18221	  18.53370	        P1	
 404.79705	   5.09648	 224.46367	        P1	
 403.53600	 152.89400	 315.07289	        P1	
 314.00145	 322.53353	 450.47188	        P1	
 216.90060	 368.40173	 127.67662	        P1	
  45.39780	 352.38429	  39.12668	        P1	
 297.60780	 218.42000	  43.24530	        P1	
 288.78045	   3.64032	 109.14292	        P1	
 486.76529	 364.03333	 331.54731	        P1	
 385.88130	 426.64709	 479.30204	        P1	
 119.79975	 395.34021	   7.72237	        P1	
 341.74455	  86.63992	 374.79261	        P1	
 210.59535	 290.49861	 420.09719	        P1	
 220.68375	 194.39380	 315.07289	        P1	
  41.61465	 316.70901	 205.41517	        P1	
 383.35920	 135.42040	 105.02430	        P1	
  90.79560	 355.29653	 184.82219	        P1	
  80.70720	 100.47320	 421.64166	        P1	
 181.59120	 340.73521	  86.49060	        P1	
 138.71550	  40.77172	 368.61471	        P1	
 266.08155	  42.95592	  84.43132	        P1	
 155.10915	 152.16592	 326.91389	        P1	
 175.28595	 402.62089	 349.56614	        P1	
 254.73210	  90.28028	 145.69545	        P1	
  52.96410	  49.50852	 356.25891	        P1	
 283.73625	  18.20168	 348.02167	        P1	
 133.67130	 311.61253	  79.79789	        P1	
 479.19899	 131.05200	  98.84640	        P1	
  64.31355	 171.09569	 267.70897	        P1	
 112.23345	 190.02540	 328.97317	        P1	
 127.36605	  21.11392	 388.69289	        P1	
 474.15479	 345.10361	  18.53370	        P1	
 112.23345	  67.71020	  49.42320	        P1	
 378.31500	 301.41961	 105.02430	        P1	
 395.96970	 186.38509	 380.45564	        P1	
 157.63125	  31.30688	 428.33437	        P1	
 237.07740	 116.49068	  34.49325	        P1	
   3.78315	 348.74393	 282.12411	        P1	
 319.04565	  51.69272	 363.98129	        P1	
  97.10085	  92.46448	 372.73327	        P1	
 301.39095	 316.70901	 352.14029	        P1	
 498.11474	 184.20089	  32.94878	        P1	
  30.26520	 359.66493	 207.98932	        P1	
 295.08570	 135.42040	  61.77900	        P1	
 156.37020	 481.98013	 282.12411	        P1	
 398.49180	 265.01629	 150.32888	        P1	
 359.39925	 257.00752	 405.68211	        P1	
 213.11745	 249.72689	 374.27774	        P1	
 167.71965	 179.83249	  51.48248	        P1	
 139.97655	 455.04169	 454.59044	        P1	
 257.25420	 208.22709	  83.91645	        P1	
  70.61880	 179.10440	 137.45827	        P1	
  93.31770	 254.82332	 362.43681	        P1	
 203.02905	 114.30648	 244.54185	        P1	
 320.30670	 465.96269	 372.73327	        P1	
 394.70865	 134.69232	 197.17799	        P1	
 306.43515	 114.30648	  57.66038	        P1	
 389.66445	 372.04209	 460.76834	        P1	
 271.12575	 265.74432	 393.32631	        P1	
 221.94480	  36.40332	 326.91389	        P1	
 372.00975	 176.92020	  61.77900	        P1	
 431.27910	 382.96309	 267.70897	        P1	
 455.23904	 171.09569	 378.91117	        P1	
 435.06225	  26.93848	 490.11337	        P1	
 158.89230	 326.17389	  82.37198	        P1	
 465.32744	 462.32233	 251.23461	        P1	
 490.54844	 245.35849	 188.94075	        P1	
  85.75140	 131.05200	 271.82759	        P1	
 319.04565	 434.65581	 333.60659	        P1	
 348.04980	 307.24413	  11.84100	        P1	
 232.03320	 385.87533	 189.45562	        P1	
 414.88545	 182.74472	 271.31279	        P1	
 123.58290	  64.06988	 144.15098	        P1	
 330.39510	 321.80549	 436.05674	        P1	
 185.37435	  69.16632	 102.96502	        P1	
 427.49595	 404.07701	 199.23727	        P1	
 186.63540	 270.84081	  75.67927	        P1	
  41.61465	  67.71020	 117.38010	        P1	
  41.61465	 290.49861	 477.24276	        P1	
 170.24175	 284.67409	 436.05674	        P1	
  80.70720	 241.71812	 258.95699	        P1	
 295.08570	 364.03333	   4.11862	        P1	
 435.06225	 366.21753	 388.69289	        P1	
 116.01660	  56.78920	 333.60659	        P1	
 172.76385	 118.67488	 385.08907	        P1	
 182.85225	 473.97141	 464.88696	        P1	
 186.63540	 192.20960	 395.38559	        P1	
 136.19340	 165.99920	 483.42066	        P1	
 416.14650	 432.47161	 193.05937	        P1	
 465.32744	  95.37672	 251.23461	        P1	
 496.85369	  64.06988	 434.51227	        P1	
 157.63125	 306.51609	 181.21837	        P1	
 445.15065	 392.42793	  42.73049	        P1	
 341.74455	  21.11392	 401.04869	        P1	
 100.88400	 160.17469	 477.75757	        P1	
 440.10645	 408.44541	 186.88147	        P1	
  44.13675	  73.53472	 319.19151	        P1	
 354.35505	 443.39261	 172.98120	        P1	
 133.67130	 366.94561	 358.31819	        P1	
 461.54429	  74.26280	 234.76019	        P1	
 319.04565	 313.79673	 141.57689	        P1	
  45.39780	 323.26161	  81.85717	        P1	
  51.70305	 168.18340	 234.76019	        P1	
 346.78875	 406.98929	  83.91645	        P1	
 104.66715	 334.18261	 457.16459	        P1	
  79.44615	 302.14769	   9.78165	        P1	
 417.40755	  72.07860	 328.97317	        P1	
 290.04150	 348.01589	 397.44487	        P1	
 355.61610	  24.75428	 378.91117	        P1	
 291.30255	 433.19969	 298.59847	        P1	
  40.35360	 304.33189	 263.07555	        P1	
  98.36190	 209.68320	 285.72787	        P1	
 112.23345	  31.30688	 479.30204	        P1	
 269.86470	 265.01629	 355.74404	        P1	
 484.24319	 356.75269	 331.03245	        P1	
 414.88545	 206.04289	 219.83025	        P1	
 250.94895	 185.65700	 105.02430	        P1	
 201.76800	 391.69989	 491.65784	        P1	
  61.79145	 446.30489	 281.60925	        P1	
 192.94065	 121.58712	 399.50421	        P1	
 146.28180	  24.75428	  90.09435	        P1	
 423.71280	 128.13972	 197.17799	        P1	
 283.73625	 210.41129	 436.05674	        P1	
 151.32600	 337.82293	 455.10531	        P1	
 428.75700	 158.71852	 450.47188	        P1	
 379.57605	 130.32392	  59.71972	        P1	
 388.40340	 128.13972	 444.29398	        P1	
 161.41440	 174.73600	  32.43397	        P1	
 286.25835	 412.81381	 488.05409	        P1	
 129.88815	 141.97300	 427.81956	        P1	
 272.38680	 208.22709	 236.81947	        P1	
 100.88400	 343.64749	   2.05928	        P1	
 255.99315	 351.65621	 291.90577	        P1	
 430.01805	 392.42793	 252.77909	        P1	
 252.21000	 125.22748	 131.79518	        P1	
 461.54429	 435.38389	  20.59298	        P1	
  59.26935	  37.13140	 475.69829	        P1	
 392.18655	  29.85072	 102.96502	        P1	
 308.95725	 374.95433	 479.81691	        P1	
 308.95725	 192.93769	  40.67115	        P1	
 103.40610	 112.12228	 310.95427	        P1	
 495.59264	 248.27072	 152.38822	        P1	
 157.63125	 211.86740	 222.40439	        P1	
 174.02490	  11.64908	   8.23718	        P1	
 139.97655	 299.23541	 129.73590	        P1	
 393.44760	 390.24373	  67.44209	        P1	
 292.56360	 340.73521	 149.81407	        P1	
 493.07054	 286.13021	 347.50687	        P1	
 263.55945	  12.37712	 473.63901	        P1	
 461.54429	 449.94521	 420.09719	        P1	
  32.78730	 410.62961	 296.53919	        P1	
 351.83295	 444.84873	 376.33709	        P1	
 394.70865	 444.84873	 282.12411	        P1	
  16.39365	 104.11352	 350.08101	        P1	
 346.78875	 356.02461	 223.94887	        P1	
 271.12575	 372.04209	 176.58495	        P1	
 282.47520	 183.47280	 315.07289	        P1	
 102.14505	 278.84952	 362.43681	        P1	
   2.52210	 369.85789	   2.05928	        P1	
 151.32600	 112.12228	 355.74404	        P1	
 258.51525	 302.14769	  15.95955	        P1	
 123.58290	 260.64789	 459.22387	        P1	
 480.46004	  69.16632	 479.81691	        P1	
 456.50009	 145.61332	 462.82768	        P1	
 191.67960	 182.01669	 329.48797	        P1	
  36.57045	 169.63952	 306.83571	        P1	
 174.02490	 318.89321	 242.48257	        P1	
 174.02490	 158.71852	  98.33159	        P1	
  80.70720	 237.34972	  78.25342	        P1	
  85.75140	 480.52401	 253.29389	        P1	
 315.26250	 380.05081	 475.69829	        P1	
 166.45860	 100.47320	  86.49060	        P1	
 208.07325	 255.55141	 339.78449	        P1	
  85.75140	 275.20921	 471.06486	        P1	
 320.30670	 219.87612	  72.07552	        P1	
 465.32744	  44.41208	 329.48797	        P1	
 143.75970	 474.69949	 269.25345	        P1	
   7.56630	 117.94680	 298.08367	        P1	
 353.09400	 401.89281	 186.88147	        P1	
 210.59535	 137.60460	 477.24276	        P1	
 201.76800	 142.70108	 281.60925	        P1	
 174.02490	 195.12189	 304.77637	        P1	
 374.53185	 393.88409	 460.76834	        P1	
 445.15065	 217.69192	  79.79789	        P1	
 308.95725	 433.19969	 329.48797	        P1	
 368.22660	 173.27989	 100.90568	        P1	
 388.40340	 426.64709	 471.57967	        P1	
 268.60365	 376.41049	 144.15098	        P1	
  58.00830	 409.17349	 287.78715	        P1	
 287.51940	 441.20841	 216.22649	        P1	
  26.48205	 351.65621	 316.61737	        P1	
 382.09815	 476.88369	 170.40705	        P1	
 151.32600	 113.57840	 427.81956	        P1	
 233.29425	 360.39301	 370.67399	        P1	
 292.56360	 279.57761	 137.45827	        P1	
 385.88130	 486.34853	 339.26969	        P1	
 103.40610	 333.45453	  41.18602	        P1	
 249.68790	  97.56092	 479.81691	        P1	
  83.22930	 161.63080	 193.05937	        P1	
 364.44345	 460.86621	 285.72787	        P1	
 360.66030	 254.82332	 240.42329	        P1	
 281.21415	  16.74552	 183.27772	        P1	
 296.34675	 277.39341	 384.57426	        P1	
  20.17680	  18.92972	 419.58238	        P1	
 488.02634	 220.60420	  55.60110	        P1	
 139.97655	 479.79593	 129.22109	        P1	
 283.73625	  21.11392	 450.47188	        P1	
 430.01805	  28.39460	 433.99746	        P1	
 387.14235	 287.58632	   4.11862	        P1	
 387.14235	 258.46369	 448.41254	        P1	
 245.90475	 258.46369	 310.95427	        P1	
 414.88545	 427.37513	 215.71169	        P1	
 404.79705	 188.56929	 298.59847	        P1	
 105.92820	 470.33109	 181.21837	        P1	
 411.10230	 324.71773	 380.97051	        P1	
 485.50424	 319.62129	  26.77088	        P1	
 401.01390	 320.34933	 431.93818	        P1	
 390.92550	 333.45453	 473.63901	        P1	
 225.72795	 357.48073	 195.63352	        P1	
 167.71965	 213.32352	 411.86001	        P1	
  26.48205	 412.81381	 315.07289	        P1	
 343.00560	 420.82253	 333.09179	        P1	
 282.47520	 425.19093	   4.11862	        P1	
 432.54015	 331.27033	  42.73049	        P1	
 427.49595	  99.74512	  65.89762	        P1	
 124.84395	 166.72728	 275.43135	        P1	
  47.91990	 467.41881	 135.91380	        P1	
 496.85369	 305.78801	 359.86267	        P1	
 226.98900	 308.70029	 436.05674	        P1	
  25.22100	  30.57880	 339.78449	        P1	
 177.80805	 443.39261	 378.39637	        P1	
   5.04420	  11.64908	 156.50678	        P1	
 291.30255	 190.02540	  94.21297	        P1	
 399.75285	 411.35769	 466.94624	        P1	
  49.18095	  45.86820	 271.82759	        P1	
 248.42685	 245.35849	 273.88687	        P1	
  20.17680	   2.91228	 409.80067	        P1	
 308.95725	 137.60460	  49.42320	        P1	
 261.03735	 270.11272	 215.71169	        P1	
 491.80949	 211.13932	  42.73049	        P1	
  29.00415	 159.44660	  13.90027	        P1	
  97.10085	 441.93649	 460.76834	        P1	
 242.12160	 165.99920	 452.53116	        P1	
 356.87715	 222.06032	 178.64429	        P1	
 447.67274	 197.30609	 473.12414	        P1	
 308.95725	 191.48152	 350.08101	        P1	
 350.57190	 449.94521	  74.13480	        P1	
 498.11474	  99.74512	 209.53379	        P1	
 253.47105	 396.79633	  59.71972	        P1	
 116.01660	 273.75309	 168.86258	        P1	
  94.57875	 195.84992	 357.80339	        P1	
 356.87715	 341.46329	  22.13745	        P1	
  27.74310	 248.99881	 217.77097	        P1	
 317.78460	 283.94601	  43.24530	        P1	
   8.82735	 337.09489	 374.27774	        P1	
 286.25835	 382.23501	 477.24276	        P1	
  34.04835	 401.16473	 146.21032	        P1	
 451.45589	 426.64709	 355.74404	        P1	
  54.22515	 271.56889	 158.05125	        P1	
 311.47935	 159.44660	 315.07289	        P1	
 152.58705	 176.92020	 427.81956	        P1	
 200.50695	 222.06032	 232.70091	        P1	
 129.88815	 233.70941	 223.94887	        P1	
 168.98070	 214.05160	  13.90027	        P1	
 380.83710	 232.98132	 104.50949	        P1	
 201.76800	 438.29613	 407.22658	        P1	
 272.38680	 345.10361	 248.66047	        P1	
 133.67130	 406.26121	 396.93006	        P1	
 312.74040	 104.84160	  32.43397	        P1	
 262.29840	 470.33109	 391.26697	        P1	
  56.74725	 408.44541	 142.09170	        P1	
 443.88960	 493.62921	 395.38559	        P1	
   3.78315	 185.65700	 316.61737	        P1	
  25.22100	 378.59469	 442.23464	        P1	
 249.68790	 131.05200	 142.09170	        P1	
 461.54429	 164.54309	 273.88687	        P1	
  54.22515	 201.67449	 448.41254	        P1	
 314.00145	 420.09449	 491.65784	        P1	
 453.97799	 375.68241	  37.06740	        P1	
 200.50695	 121.58712	 320.73599	        P1	
 109.71135	 299.23541	 469.52039	        P1	
  56.74725	 104.11352	 282.12411	        P1	
 472.89374	 287.58632	 357.80339	        P1	
 224.46690	 339.27909	 125.61728	        P1	
 195.46275	 296.32313	 220.34512	        P1	
 409.84125	 268.65661	  18.53370	        P1	
 369.48765	 412.81381	 489.59856	        P1	
 356.87715	 380.77889	  65.38275	        P1	
 373.27080	 206.77092	 289.84649	        P1	
 213.11745	 390.97181	 389.20769	        P1	
 456.50009	 407.71733	  78.25342	        P1	
 177.80805	 404.07701	  69.50137	        P1	
 167.71965	 140.51688	 460.76834	        P1	
 196.72380	 486.34853	  73.61999	        P1	
 321.56775	 452.12941	  69.50137	        P1	
 428.75700	 353.84041	 142.09170	        P1	
  60.53040	   8.73680	  26.25607	        P1	
 176.54700	 222.78840	 353.68477	        P1	
  63.05250	 346.55973	 462.82768	        P1	
 292.56360	 216.96389	 187.39627	        P1	
 365.70450	  36.40332	 388.69289	        P1	
 237.07740	  94.64868	 287.78715	        P1	
 335.43930	  77.17508	 100.90568	        P1	
  89.53455	 156.53432	 362.43681	        P1	
 372.00975	  98.28900	  67.95690	        P1	
  13.87155	 194.39380	 247.11599	        P1	
 408.58020	 326.17389	 244.54185	        P1	
 126.10500	 100.47320	 464.88696	        P1	
 197.98485	 471.05913	 294.47991	        P1	
 272.38680	 391.69989	 250.71975	        P1	
 300.12990	 189.29732	 140.03242	        P1	
 271.12575	 360.39301	 352.14029	        P1	
 250.94895	 255.55141	 123.55800	        P1	
  50.44200	 272.29692	 376.33709	        P1	
 426.23490	 314.52481	 409.28586	        P1	
 337.96140	 125.22748	 324.85455	        P1	
  46.65885	 455.04169	  39.12668	        P1	
  41.61465	 187.11312	 326.91389	        P1	
 152.58705	  89.55220	 172.98120	        P1	
 388.40340	 257.73561	 273.37207	        P1	
 237.07740	  81.54348	  22.13745	        P1	
  87.01245	 494.35729	  40.67115	        P1	
 194.20170	 297.05121	 203.87069	        P1	
  85.75140	 246.08652	 424.21581	        P1	
 317.78460	 196.57800	 179.15910	        P1	
 305.17410	 327.63001	  88.03507	        P1	
 339.22245	 283.21792	 289.84649	        P1	
 377.05395	 232.25329	 355.74404	        P1	
 384.62025	   9.46488	 226.00815	        P1	
 406.05810	 433.92773	  10.29652	        P1	
 340.48350	 212.59549	  22.13745	        P1	
  59.26935	 398.25249	  51.48248	        P1	
 436.32330	 369.85789	 168.86258	        P1	
 242.12160	 352.38429	  65.38275	        P1	
 122.32185	 329.81421	 409.28586	        P1	
  26.48205	 160.90272	 302.20229	        P1	
 315.26250	 473.24333	   4.11862	        P1	
 136.19340	  26.21040	 483.42066	        P1	
 489.28739	 458.68201	   7.72237	        P1	
   0.00000	 394.61213	 214.16722	        P1	
 414.88545	 478.33981	 433.99746	        P1	
 257.25420	 397.52441	 413.91929	        P1	
 350.57190	 308.70029	 226.00815	        P1	
 162.67545	 233.70941	 395.38559	        P1	
  13.87155	 226.42872	 376.33709	        P1	
  81.96825	  21.11392	 444.29398	        P1	
 317.78460	 308.70029	 343.38825	        P1	
 108.45030	 112.12228	 212.10787	        P1	
 160.15335	 204.58672	 326.91389	        P1	
 225.72795	 300.69153	  90.60922	        P1	
 464.06639	 449.94521	 296.53919	        P1	
 432.54015	 220.60420	 166.80330	        P1	
 470.37164	 206.04289	 107.08358	        P1	
 472.89374	 168.18340	 483.42066	        P1	
 486.76529	 192.20960	 366.04057	        P1	
 470.37164	  26.93848	 164.22915	        P1	
  17.65470	 142.70108	 323.31007	        P1	
 493.07054	 123.04328	 232.18605	        P1	
   5.04420	 176.19212	 362.43681	        P1	
  60.53040	 366.94561	 142.09170	        P1	
 281.21415	 417.18221	 376.85189	        P1	
 310.21830	 352.38429	 188.94075	        P1	
 477.93794	 290.49861	 143.63617	        P1	
 107.18925	 236.62169	 273.88687	        P1	
  25.22100	 489.26081	  18.53370	        P1	
 466.58849	  43.68400	 279.54997	        P1	
 446.41170	 422.27869	  32.94878	        P1	
 104.66715	 233.70941	 384.57426	        P1	
 186.63540	 243.17429	 312.49875	        P1	
 317.78460	 161.63080	 174.52567	        P1	
 168.98070	 297.05121	  75.67927	        P1	
 324.08985	  92.46448	  63.83828	        P1	
 182.85225	  77.90312	 203.35589	        P1	
  79.44615	 471.05913	 116.86529	        P1	
  51.70305	 172.55180	 199.23727	        P1	
  70.61880	 200.94640	 395.38559	        P1	
 288.78045	 165.27112	  11.84100	        P1	
 314.00145	 284.67409	 318.67665	        P1	
 151.32600	 278.12149	 310.95427	        P1	
 252.21000	  84.45572	 343.90311	        P1	
   7.56630	 447.03293	 232.70091	        P1	
 110.97240	  85.91188	 479.30204	        P1	
 460.28324	 313.79673	  22.65232	        P1	
 324.08985	 478.33981	 223.94887	        P1	
 412.36335	 468.14689	 182.76285	        P1	
  74.40195	 286.13021	 193.05937	        P1	
 245.90475	  95.37672	  30.37469	        P1	
 257.25420	  13.10520	 426.27509	        P1	
 363.18240	 218.42000	 335.15107	        P1	
  23.95995	 357.48073	 469.00558	        P1	
 158.89230	  90.28028	 125.61728	        P1	
 496.85369	 492.17309	 374.27774	        P1	
 259.77630	 104.84160	   6.17790	        P1	
   5.04420	 298.50733	 418.03791	        P1	
 238.33845	 195.84992	 269.76831	        P1	
 196.72380	 474.69949	 255.35317	        P1	
 382.09815	  31.30688	 477.75757	        P1	
 171.50280	  43.68400	 366.04057	        P1	
 419.92965	 278.84952	 363.98129	        P1	
 379.57605	 274.48112	  22.65232	        P1	
 387.14235	   6.55260	  94.21297	        P1	
 224.46690	 476.15561	 477.24276	        P1	
 147.54285	 133.23620	 458.70906	        P1	
 340.48350	 167.45532	 326.91389	        P1	
 319.04565	 340.00713	 257.41251	        P1	
 197.98485	  77.90312	 462.82768	        P1	
 213.11745	  57.51728	 298.59847	        P1	
 474.15479	 283.94601	 366.04057	        P1	
 494.33159	 436.84001	  69.50137	        P1	
 176.54700	 142.70108	 131.79518	        P1	
 388.40340	 444.12069	 267.70897	        P1	
 334.17825	 150.70980	 290.36129	        P1	
 442.62855	 406.98929	  39.12668	        P1	
 254.73210	 186.38509	  70.01618	        P1	
 457.76114	  21.11392	 178.64429	        P1	
  76.92405	 255.55141	 230.12677	        P1	
  32.78730	 339.27909	 343.38825	        P1	
 370.74870	 394.61213	  22.65232	        P1	
 295.08570	  46.59628	 102.45015	        P1	
 435.06225	 109.93808	 403.62277	        P1	
 122.32185	 184.20089	 219.83025	        P1	
  29.00415	 478.33981	 339.78449	        P1	
 430.01805	 310.88449	 205.92997	        P1	
 389.66445	 405.53313	 164.74402	        P1	
 283.73625	 275.93729	  59.20485	        P1	
 239.59950	 123.77132	 411.86001	        P1	
 484.24319	 454.31361	 341.32897	        P1	
  94.57875	 264.28821	 347.50687	        P1	
 291.30255	 476.88369	 137.97308	        P1	
 176.54700	  46.59628	  82.37198	        P1	
 360.66030	 385.87533	 127.67662	        P1	
  83.22930	 104.84160	  12.35580	        P1	
 221.94480	  26.21040	  57.14557	        P1	
 461.54429	  32.03492	 442.74951	        P1	
 185.37435	 195.84992	 475.18348	        P1	
  22.69890	  37.85948	 127.16175	        P1	
 122.32185	 277.39341	  37.06740	        P1	
 388.40340	 198.03412	 197.17799	        P1	
   1.26105	 140.51688	 477.75757	        P1	
 200.50695	 452.12941	 259.47179	        P1	
 443.88960	 275.20921	 261.01627	        P1	
 471.63269	  75.71892	  72.07552	        P1	
 462.80534	 179.83249	 403.62277	        P1	
  73.14090	 224.24452	 343.90311	        P1	
 383.35920	 262.10401	  67.95690	        P1	
 279.95310	 492.17309	 415.97857	        P1	
 197.98485	 134.69232	  16.47442	        P1	
 470.37164	 420.09449	  71.56065	        P1	
 230.77215	 248.27072	  90.60922	        P1	
 365.70450	 435.38389	 182.76285	        P1	
 199.24590	 345.10361	 228.58229	        P1	
 471.63269	 221.33229	 244.54185	        P1	
 177.80805	 235.16552	 214.16722	        P1	
 267.34260	 123.77132	 172.46639	        P1	
  66.83565	 176.92020	 413.91929	        P1	
 114.75555	  73.53472	 363.98129	        P1	
 319.04565	 134.69232	 115.32082	        P1	
  74.40195	 210.41129	 113.26148	        P1	
 150.06495	 485.62049	  14.41508	        P1	
  49.18095	 481.25209	 386.63354	        P1	
  52.96410	   4.36840	 296.53919	        P1	
  29.00415	 370.58593	 246.60119	        P1	
 293.82465	 309.42833	 220.34512	        P1	
 416.14650	 429.55933	 331.54731	        P1	
  51.70305	  28.39460	 413.91929	        P1	
 166.45860	 288.31441	 228.58229	        P1	
 335.43930	 214.05160	 364.49609	        P1	
 204.29010	 180.56052	  96.78712	        P1	
 165.19755	 383.69113	 475.18348	        P1	
 395.96970	 195.12189	 213.65235	        P1	
  47.91990	  56.78920	 328.97317	        P1	
 145.02075	 220.60420	 223.94887	        P1	
 172.76385	 350.20009	  76.19408	        P1	
 121.06080	 120.85908	 329.48797	        P1	
 127.36605	 277.39341	 199.23727	        P1	
 235.81635	 258.46369	 428.33437	        P1	
  41.61465	 300.69153	 475.18348	        P1	
 414.88545	 444.84873	 333.09179	        P1	
 489.28739	 382.96309	 491.65784	        P1	
 476.67689	 270.84081	 230.12677	        P1	
 102.14505	 468.14689	  59.20485	        P1	
 460.28324	   6.55260	 304.26157	        P1	
 293.82465	 229.34101	 341.32897	        P1	
 286.25835	 318.16513	 308.38019	        P1	
 122.32185	 322.53353	 461.28321	        P1	
 194.20170	 133.96428	 361.92194	        P1	
 316.52355	 334.18261	 440.17536	        P1	
 369.48765	  21.11392	 424.21581	        P1	
 287.51940	 283.94601	 302.71709	        P1	
 286.25835	 169.63952	 399.50421	        P1	
  61.79145	   5.09648	 199.75207	        P1	
 310.21830	 489.26081	 321.25079	        P1	
 281.21415	 291.95473	 127.67662	        P1	
 163.93650	 109.21000	 376.85189	        P1	
 311.47935	 267.20049	 477.75757	        P1	
  18.91575	 380.77889	 273.88687	        P1	
 416.14650	 142.70108	 114.80595	        P1	
 356.87715	  61.88568	 343.38825	        P1	
  11.34945	 210.41129	   9.78165	        P1	
 399.75285	 338.55101	 469.52039	        P1	
  26.48205	 332.72649	 354.19957	        P1	
  37.83150	 187.84120	 457.16459	        P1	
 317.78460	 425.19093	 203.35589	        P1	
 168.98070	 151.43788	 255.35317	        P1	
 330.39510	 385.87533	 123.04319	        P1	
 181.59120	 206.77092	 444.29398	        P1	
 126.10500	 346.55973	 129.22109	        P1	
  36.57045	 127.41168	 491.65784	        P1	
 393.44760	 302.87573	  16.47442	        P1	
 189.15750	 384.41921	   6.17790	        P1	
 195.46275	 479.79593	 442.74951	        P1	
 403.53600	 187.84120	 118.92457	        P1	
 408.58020	  93.19252	 320.73599	        P1	
 234.55530	 219.87612	 195.63352	        P1	
  54.22515	 395.34021	  55.60110	        P1	
 284.99730	 481.98013	 283.66859	        P1	
 498.11474	 163.81500	 284.18339	        P1	
 423.71280	 126.68360	  57.14557	        P1	
  37.83150	   2.91228	 386.63354	        P1	
 485.50424	 299.23541	 298.08367	        P1	
 498.11474	 367.67369	 181.21837	        P1	
 273.64785	 376.41049	 323.31007	        P1	
 445.15065	  77.90312	 456.64978	        P1	
 298.86885	  35.67528	 275.43135	        P1	
  13.87155	 182.74472	   4.11862	        P1	
 224.46690	 267.92852	 141.57689	        P1	
 170.24175	 366.21753	 160.11059	        P1	
 238.33845	  32.76300	 426.27509	        P1	
 385.88130	 333.45453	 313.01361	        P1	
 172.76385	   9.46488	  94.72778	        P1	
 258.51525	 319.62129	 182.76285	        P1	
  29.00415	  37.13140	 240.93809	        P1	
 129.88815	 251.18301	 131.28037	        P1	
 176.54700	 246.08652	  30.37469	        P1	
 361.92135	 162.35888	 219.83025	        P1	
 398.49180	 442.66453	 123.04319	        P1	
 196.72380	 165.99920	  61.77900	        P1	
  87.01245	  13.83328	 107.08358	        P1	
 341.74455	 379.32273	 442.74951	        P1	
 481.72109	 267.92852	 209.53379	        P1	
 229.51110	 278.12149	 226.00815	        P1	
 176.54700	 215.50772	  18.01890	        P1	
 179.06910	  96.10480	 162.16987	        P1	
 363.18240	 390.24373	  47.36392	        P1	
 365.70450	  48.05240	  55.60110	        P1	
 326.61195	 294.86701	 469.52039	        P1	
 258.51525	 108.48192	 394.87079	        P1	
  47.91990	  17.47360	  67.95690	        P1	
 305.17410	 298.50733	  85.97579	        P1	
   3.78315	 166.72728	 199.75207	        P1	
 199.24590	 183.47280	  92.66850	        P1	
 330.39510	 241.71812	 201.81142	        P1	
 329.13405	 216.23580	 211.59307	        P1	
 218.16165	 293.41089	 378.91117	        P1	
 435.06225	 273.02501	 457.16459	        P1	
 267.34260	 262.10401	 174.52567	        P1	
  54.22515	  31.30688	 323.31007	        P1	
 388.40340	 270.84081	  13.90027	        P1	
  71.87985	 475.42753	 246.60119	        P1	
 291.30255	  53.14888	 436.05674	        P1	
  31.52625	 415.72609	  53.02695	        P1	
  70.61880	 448.48909	 127.16175	        P1	
 392.18655	  24.02620	   7.72237	        P1	
 455.23904	 420.09449	 162.68468	        P1	
  22.69890	 279.57761	 321.25079	        P1	
 199.24590	 133.96428	  59.20485	        P1	
 296.34675	 457.95393	   5.66310	        P1	
 142.49865	 265.74432	 401.04869	        P1	
  21.43785	 187.11312	 401.04869	        P1	
 163.93650	  46.59628	 324.85455	        P1	
 472.89374	  40.04368	 485.47994	        P1	
 181.59120	 364.03333	  41.18602	        P1	
 171.50280	 343.64749	  90.09435	        P1	
 443.88960	 314.52481	 279.54997	        P1	
  59.26935	 357.48073	 419.58238	        P1	
 221.94480	  14.56132	  67.44209	        P1	
 271.12575	 188.56929	 348.02167	        P1	
 481.72109	 183.47280	 148.26960	        P1	
 310.21830	 120.85908	 491.65784	        P1	
 436.32330	 429.55933	 456.64978	        P1	
 448.93379	 167.45532	  96.78712	        P1	
  31.52625	 323.98969	 483.93547	        P1	
 388.40340	 123.77132	 245.05671	        P1	
 308.95725	  16.74552	 473.63901	        P1	
  44.13675	 482.70821	 197.69279	        P1	
 279.95310	 438.29613	  96.78712	        P1	
 258.51525	 393.88409	 137.97308	        P1	
 292.56360	 100.47320	  20.07817	        P1	
 437.58435	 326.90193	 469.00558	        P1	
 155.10915	 303.60381	 464.88696	        P1	
 424.97385	 353.11233	 209.53379	        P1	
 477.93794	  35.67528	 286.24267	        P1	
 440.10645	 134.69232	 271.31279	        P1	
 209.33430	 359.66493	 189.45562	        P1	
 353.09400	 135.42040	 149.81407	        P1	
 427.49595	 197.30609	 120.98385	        P1	
 339.22245	 399.70861	 217.77097	        P1	
 450.19484	  47.32432	 296.02439	        P1	
  76.92405	 415.72609	 329.48797	        P1	
 137.45445	 421.55061	 446.35326	        P1	
 233.29425	 456.49781	 285.72787	        P1	
 372.00975	 157.99048	 422.15647	        P1	
 452.71694	 497.26953	  59.71972	        P1	
 426.23490	  87.36800	 216.22649	        P1	
  58.00830	 331.99841	 168.34777	        P1	
 276.16995	 415.72609	  40.67115	        P1	
 303.91305	 210.41129	 205.92997	        P1	
  37.83150	 193.66572	 127.67662	        P1	
 480.46004	  56.06112	 203.35589	        P1	
 147.54285	  69.16632	 368.61471	        P1	
   2.52210	   5.82452	  92.15369	        P1	
 379.57605	 404.07701	 191.51489	        P1	
  37.83150	 272.29692	 481.36138	        P1	
 340.48350	 161.63080	 142.09170	        P1	
  56.74725	 357.48073	 258.95699	        P1	
 395.96970	  84.45572	 277.49069	        P1	
  83.22930	 479.06789	   2.05928	        P1	
 215.63955	   2.18420	 302.71709	        P1	
 450.19484	   2.18420	  18.53370	        P1	
 401.01390	 417.91029	   9.78165	        P1	
  99.62295	   0.72808	 293.96505	        P1	
 291.30255	 453.58553	 380.97051	        P1	
 462.80534	 220.60420	 427.81956	        P1	
  25.22100	  46.59628	 318.67665	        P1	
 148.80390	 365.48949	  59.20485	        P1	
 288.78045	 188.56929	 312.49875	        P1	
 477.93794	 447.76101	 149.81407	        P1	
 257.25420	  17.47360	 240.93809	        P1	
 421.19070	  56.78920	 123.55800	        P1	
 401.01390	 404.80509	 168.86258	        P1	
 445.15065	 427.37513	 418.03791	        P1	
  44.13675	 303.60381	 222.40439	        P1	
 268.60365	 303.60381	 341.32897	        P1	
 180.33015	 144.88528	 471.57967	        P1	
 292.56360	 449.94521	  30.88950	        P1	
  31.52625	 160.90272	  59.71972	        P1	
 401.01390	 183.47280	 118.92457	        P1	
 350.57190	 267.92852	  28.83022	        P1	
 332.91720	 445.57681	 376.85189	        P1	
  93.31770	 350.92813	 152.38822	        P1	
  93.31770	 364.03333	 345.44759	        P1	
 474.15479	  32.03492	 393.32631	        P1	
 257.25420	  46.59628	 436.05674	        P1	
 109.71135	 144.88528	 145.69545	        P1	
 158.89230	 221.33229	 490.11337	        P1	
 339.22245	 370.58593	 350.08101	        P1	
 350.57190	  45.14012	 436.57161	        P1	
 398.49180	 318.89321	 142.09170	        P1	
 370.74870	 365.48949	 249.17527	        P1	
 158.89230	 138.33268	 188.94075	        P1	
 466.58849	 487.80469	  14.41508	        P1	
 205.55115	 232.25329	  63.83828	        P1	
 219.42270	 227.15681	 125.10247	        P1	
 204.29010	 234.43749	 224.46367	        P1	
 161.41440	  34.94720	  61.77900	        P1	
 262.29840	 110.66612	 462.82768	        P1	
   0.00000	 464.50653	 399.50421	        P1	
 406.05810	 431.01549	  94.72778	        P1	
 401.01390	 253.36721	 366.04057	        P1	
 102.14505	 326.90193	 380.97051	        P1	
 277.43100	 474.69949	 273.88687	        P1	
 451.45589	 112.12228	 312.49875	        P1	
  95.83980	 227.15681	  61.77900	        P1	
  42.87570	 260.64789	 310.95427	        P1	
 271.12575	 492.90113	  41.18602	        P1	
  90.79560	 132.50812	 380.97051	        P1	
 407.31915	 265.74432	 308.38019	        P1	
 133.67130	 107.75388	  40.67115	        P1	
 295.08570	   1.45612	  61.26419	        P1	
 143.75970	 381.50693	 320.73599	        P1	
 228.25005	  85.18380	 248.66047	        P1	
 364.44345	  42.95592	 102.96502	        P1	
 459.02219	  58.24532	 424.21581	        P1	
 316.52355	  38.58752	 178.64429	        P1	
 418.66860	 195.12189	 306.32085	        P1	
 158.89230	 248.99881	 228.58229	        P1	
 127.36605	 136.14848	 306.32085	        P1	
  75.66300	  20.38588	 473.12414	        P1	
 284.99730	 165.99920	  38.61187	        P1	
 269.86470	  72.80668	 187.39627	        P1	
 290.04150	 401.89281	  69.50137	        P1	
 423.71280	 340.73521	 273.37207	        P1	
  18.91575	 152.16592	 339.26969	        P1	
 390.92550	  34.94720	 284.18339	        P1	
 464.06639	 484.89241	   0.00000	        P1	
 273.64785	 105.56968	  28.31535	        P1	
 263.55945	  24.02620	 328.97317	        P1	
 142.49865	 356.02461	 253.29389	        P1	
 110.97240	 273.75309	 310.95427	        P1	
 339.22245	 408.44541	 162.16987	        P1	
 493.07054	 291.95473	 320.73599	        P1	
 133.67130	 208.22709	 306.32085	        P1	
 203.02905	 216.23580	 203.87069	        P1	
 290.04150	  74.26280	 403.10796	        P1	
 496.85369	 302.87573	 343.90311	        P1	
 170.24175	  73.53472	 166.28849	        P1	
  70.61880	 433.92773	 314.55809	        P1	
 370.74870	 267.92852	 475.18348	        P1	
 243.38265	 290.49861	 376.85189	        P1	
 230.77215	 358.93689	 100.90568	        P1	
 345.52770	 214.05160	 143.63617	        P1	
 287.51940	 299.96349	 405.16724	        P1	
 187.89645	 395.34021	 378.39637	        P1	
  69.35775	 286.13021	 403.10796	        P1	
 346.78875	   0.72808	 273.88687	        P1	
 412.36335	 367.67369	 107.08358	        P1	
 448.93379	 147.06948	 403.62277	        P1	
 129.88815	 230.79712	  67.44209	        P1	
 455.23904	 421.55061	 240.93809	        P1	
 365.70450	 366.94561	  81.85717	        P1	
 119.79975	 238.07781	  74.13480	        P1	
 474.15479	 196.57800	 228.58229	        P1	
 153.84810	 298.50733	 269.76831	        P1	
 210.59535	 181.28860	 413.91929	        P1	
 129.88815	 348.74393	 320.73599	        P1	
  12.61050	 480.52401	 211.59307	        P1	
 321.56775	 222.06032	 331.54731	        P1	
 469.11059	 419.36641	  61.77900	        P1	
 462.80534	 157.99048	 354.19957	        P1	
 131.14920	  34.94720	 298.08367	        P1	
 374.53185	  47.32432	 363.98129	        P1	
  97.10085	   9.46488	 292.42057	        P1	
 201.76800	 416.45413	 184.82219	        P1	
 249.68790	 110.66612	 387.14841	        P1	
 208.07325	 275.93729	 366.55537	        P1	
 408.58020	 393.15601	 366.04057	        P1	
 315.26250	  33.49108	 341.84377	        P1	
 403.53600	  58.24532	 430.39371	        P1	
 490.54844	 217.69192	 282.12411	        P1	
 157.63125	 338.55101	  49.42320	        P1	
 446.41170	 413.54189	 471.57967	        P1	
 436.32330	  77.17508	 164.22915	        P1	
   7.56630	 377.13853	  16.47442	        P1	
 314.00145	  53.14888	 195.11865	        P1	
 268.60365	 210.41129	 158.05125	        P1	
 377.05395	 144.88528	  90.09435	        P1	
 324.08985	  69.16632	 419.58238	        P1	
 233.29425	  86.63992	 135.39899	        P1	
 370.74870	 115.03452	  79.79789	        P1	
 272.38680	 186.38509	 275.43135	        P1	
 427.49595	 224.97260	 199.23727	        P1	
 484.24319	 193.66572	 289.84649	        P1	
 100.88400	 167.45532	  11.84100	        P1	
 306.43515	  26.93848	 466.94624	        P1	
   7.56630	 260.64789	  94.72778	        P1	
   8.82735	 351.65621	 111.20220	        P1	
  13.87155	 181.28860	 143.63617	        P1	
 229.51110	 404.80509	  46.84905	        P1	
 459.02219	 171.82372	 363.98129	        P1	
 340.48350	 148.52560	 438.63089	        P1	
 312.74040	 301.41961	 390.75216	        P1	
 191.67960	 237.34972	 221.88959	        P1	
  85.75140	 265.01629	 127.16175	        P1	
 264.82050	 441.20841	 390.75216	        P1	
 208.07325	 239.53392	 197.17799	        P1	
 102.14505	 319.62129	 423.70094	        P1	
 122.32185	 240.99009	   2.05928	        P1	
 474.15479	 276.66532	 444.29398	        P1	
 311.47935	   3.64032	 141.57689	        P1	
 214.37850	 292.68281	 376.85189	        P1	
  20.17680	 334.91069	 100.90568	        P1	
 145.02075	  89.55220	 223.94887	        P1	
 350.57190	  88.82412	 418.03791	        P1	
 208.07325	  13.83328	 341.84377	        P1	
 467.84954	 248.27072	 265.13489	        P1	
 438.84540	 438.29613	  28.83022	        P1	
 103.40610	  78.63120	 370.67399	        P1	
 346.78875	 157.99048	 417.52304	        P1	
 250.94895	 489.98889	 256.89765	        P1	
  70.61880	 390.24373	 140.03242	        P1	
 380.83710	 452.85749	 232.18605	        P1	
 496.85369	 346.55973	 424.21581	        P1	
  41.61465	 223.51649	 317.13217	        P1	
  13.87155	 401.16473	 485.99481	        P1	
 271.12575	 469.60301	 427.81956	        P1	
 424.97385	 431.74353	 269.76831	        P1	
 356.87715	 326.90193	 221.88959	        P1	
 324.08985	 412.81381	 230.12677	        P1	
 359.39925	 434.65581	 228.58229	        P1	
 394.70865	 217.69192	 121.49872	        P1	
  65.57460	 398.98053	 195.63352	        P1	
  10.08840	  71.35052	 401.04869	        P1	
 185.37435	 494.35729	 133.33965	        P1	
 247.16580	 433.92773	  79.79789	        P1	
 161.41440	 417.91029	  15.95955	        P1	
 134.93235	 357.48073	  59.71972	        P1	
 356.87715	 188.56929	 331.03245	        P1	
 162.67545	 168.18340	 333.60659	        P1	
  56.74725	  86.63992	 313.01361	        P1	
 224.46690	 355.29653	 393.32631	        P1	
  20.17680	 480.52401	 230.12677	        P1	
 160.15335	 463.77849	 133.33965	        P1	
 411.10230	 218.42000	 100.39087	        P1	
 253.47105	 262.83209	 269.25345	        P1	
 281.21415	 465.23461	  67.95690	        P1	
 432.54015	 323.98969	 448.41254	        P1	
 272.38680	 160.17469	 230.64157	        P1	
 397.23075	  32.76300	  75.67927	        P1	
 419.92965	 208.95512	 160.11059	        P1	
 442.62855	  10.92100	 296.53919	        P1	
 278.69205	 386.60341	 137.45827	        P1	
 141.23760	  16.01748	 164.22915	        P1	
 237.07740	 109.21000	 166.80330	        P1	
  61.79145	 136.14848	 337.21035	        P1	
 431.27910	  94.64868	  77.73855	        P1	
 243.38265	 418.63833	 492.17271	        P1	
 493.07054	 290.49861	  80.31270	        P1	
 466.58849	 131.05200	 413.91929	        P1	
 247.16580	 299.96349	 483.93547	        P1	
 117.27765	  58.97340	 322.79527	        P1	
  10.08840	  81.54348	 162.68468	        P1	
   0.00000	 216.96389	   2.05928	        P1	
 416.14650	  42.22788	 380.45564	        P1	
 344.26665	 210.41129	 261.53107	        P1	
 155.10915	 363.30529	 372.73327	        P1	
 388.40340	 209.68320	  75.67927	        P1	
 269.86470	  75.71892	 228.06749	        P1	
 440.10645	 286.13021	 259.47179	        P1	
  65.57460	 394.61213	 462.82768	        P1	
  83.22930	 106.29772	  36.55259	        P1	
  59.26935	 370.58593	 450.47188	        P1	
 469.11059	 182.01669	 263.07555	        P1	
 495.59264	 243.90232	 172.46639	        P1	
 431.27910	 414.99801	  75.67927	        P1	
  40.35360	 302.87573	  24.19679	        P1	
 448.93379	 353.84041	 123.55800	        P1	
 205.55115	  34.21912	 407.22658	        P1	
 205.55115	  70.62248	  88.54988	        P1	
 200.50695	  79.35928	  83.91645	        P1	
 393.44760	 394.61213	  65.89762	        P1	
 206.81220	 317.43709	 422.15647	        P1	
 142.49865	  95.37672	 306.83571	        P1	
 232.03320	 103.38548	 224.46367	        P1	
 247.16580	 417.91029	 199.75207	        P1	
   6.30525	  86.63992	 351.62549	        P1	
 226.98900	 161.63080	 471.06486	        P1	
  81.96825	 159.44660	 265.64969	        P1	
 132.41025	  34.21912	 393.32631	        P1	
  69.35775	   5.09648	 205.92997	        P1	
 372.00975	 252.63912	 277.49069	        P1	
  29.00415	  79.35928	 119.43938	        P1	
 113.49450	 420.82253	  41.18602	        P1	
 177.80805	  63.34180	 117.38010	        P1	
 252.21000	 272.29692	   5.66310	        P1	
 453.97799	  68.43828	 335.66587	        P1	
 158.89230	 278.12149	 249.17527	        P1	
 451.45589	 441.20841	 197.69279	        P1	
 239.59950	 253.36721	 106.56877	        P1	
 446.41170	 477.61173	 333.09179	        P1	
  73.14090	 308.70029	 182.76285	        P1	
 142.49865	 118.67488	 398.98934	        P1	
 233.29425	 149.25368	 273.88687	        P1	
 496.85369	 141.24492	 456.64978	        P1	
  30.26520	 230.06909	  15.95955	        P1	
 128.62710	 428.10321	 401.56349	        P1	
  22.69890	 234.43749	 368.09984	        P1	
 353.09400	 480.52401	 210.04859	        P1	
 162.67545	 318.16513	 337.72521	        P1	
  29.00415	 402.62089	 187.39627	        P1	
 306.43515	 273.02501	 421.64166	        P1	
 268.60365	 185.65700	 347.50687	        P1	
  79.44615	 383.69113	 178.64429	        P1	
 153.84810	 167.45532	 135.39899	        P1	
 189.15750	  77.17508	 150.32888	        P1	
  54.22515	 291.95473	 461.28321	        P1	
 343.00560	 349.47201	  24.71160	        P1	
  63.05250	 103.38548	 337.21035	        P1	
 401.01390	 221.33229	   2.05928	        P1	
 418.66860	 425.19093	 116.86529	        P1	
 467.84954	 356.02461	  26.25607	        P1	
 457.76114	 273.02501	 223.94887	        P1	
  88.27350	 487.80469	  63.83828	        P1	
 257.25420	  78.63120	 477.24276	        P1	
 393.44760	 495.08533	 296.02439	        P1	
 211.85640	 272.29692	 294.47991	        P1	
 248.42685	 153.62208	 477.75757	        P1	
 219.42270	  24.75428	 199.75207	        P1	
 153.84810	 299.96349	  51.48248	        P1	
  58.00830	   2.91228	   2.05928	        P1	
 129.88815	 367.67369	 181.21837	        P1	
 151.32600	 253.36721	  94.21297	        P1	
 361.92135	  76.44700	 125.10247	        P1	
 136.19340	 103.38548	 386.63354	        P1	
 264.82050	 387.33149	  34.49325	        P1	
 448.93379	 483.43629	 213.65235	        P1	
  83.22930	 391.69989	 392.81144	        P1	
 166.45860	  23.29812	 405.68211	        P1	
 452.71694	 433.19969	 300.14295	        P1	
 118.53870	 208.22709	 182.76285	        P1	
 145.02075	 102.65740	 440.17536	        P1	
 403.53600	 295.59509	 378.91117	        P1	
 358.13820	 315.98093	 418.03791	        P1	
 380.83710	 425.19093	 209.53379	        P1	
 218.16165	  22.57008	 354.19957	        P1	
  66.83565	 149.25368	 403.62277	        P1	
 464.06639	 374.22629	 422.15647	        P1	
  68.09670	 465.96269	 405.16724	        P1	
 361.92135	 305.05993	 442.74951	        P1	
 440.10645	  44.41208	 471.57967	        P1	
 331.65615	 287.58632	 147.75479	        P1	
 496.85369	 230.06909	 366.55537	        P1	
  70.61880	 215.50772	 251.23461	        P1	
 116.01660	 154.35012	  96.78712	        P1	
  88.27350	 104.84160	 160.62540	        P1	
 226.98900	  65.52600	   0.00000	        P1	
 428.75700	  11.64908	 256.89765	        P1	
 315.26250	 230.06909	 306.32085	        P1	
 308.95725	 350.20009	 398.98934	        P1	
   1.26105	 214.77969	 442.23464	        P1	
 242.12160	 479.06789	 415.97857	        P1	
 216.90060	 458.68201	  26.25607	        P1	
  22.69890	  27.66652	 492.17271	        P1	
 225.72795	  18.20168	 269.25345	        P1	
  39.09255	 302.14769	 175.04047	        P1	
 409.84125	 222.06032	 333.09179	        P1	
  15.13260	  30.57880	  20.07817	        P1	
 336.70035	 283.21792	  90.60922	        P1	
 419.92965	 200.21832	  72.07552	        P1	
 441.36750	 314.52481	 242.48257	        P1	
 387.14235	 175.46409	 107.08358	        P1	
  52.96410	 117.94680	 118.92457	        P1	
 254.73210	 192.20960	 248.66047	        P1	
 408.58020	 447.03293	 153.93269	        P1	
 436.32330	 177.64829	 417.52304	        P1	
 103.40610	  62.61372	 455.10531	        P1	
 232.03320	  80.08732	 302.20229	        P1	
 392.18655	 109.93808	  63.83828	        P1	
 110.97240	 329.08613	  79.79789	        P1	
 118.53870	 198.03412	 141.57689	        P1	
 412.36335	 123.04328	 199.75207	        P1	
 195.46275	 412.81381	 481.87619	        P1	
 442.62855	 130.32392	 350.08101	        P1	
 375.79290	 276.66532	 442.74951	        P1	
  37.83150	  23.29812	 294.47991	        P1	
 192.94065	 433.19969	 182.76285	        P1	
 435.06225	   9.46488	 131.79518	        P1	
   8.82735	 293.41089	 331.03245	        P1	
 387.14235	 227.88489	 386.63354	        P1	
 366.96555	 240.99009	  20.59298	        P1	
 179.06910	 148.52560	  26.25607	        P1	
  56.74725	 152.16592	 300.65781	        P1	
 128.62710	 308.70029	 398.98934	        P1	
 200.50695	 366.21753	 425.76028	        P1	
  22.69890	 122.31520	 240.93809	        P1	
 378.31500	 182.01669	 490.11337	        P1	
 430.01805	 273.02501	 352.14029	        P1	
 498.11474	 219.14809	 164.22915	        P1	
 186.63540	  34.94720	   1.54447	        P1	
 472.89374	  15.28940	 481.87619	        P1	
  94.57875	 185.65700	 253.29389	        P1	
 354.35505	 372.04209	 417.52304	        P1	
 179.06910	 110.66612	 141.57689	        P1	
 430.01805	 401.16473	 485.99481	        P1	
 459.02219	  69.89440	 335.15107	        P1	
 363.18240	 480.52401	 366.04057	        P1	
  50.44200	 460.13813	 153.93269	        P1	
 163.93650	 182.01669	 343.38825	        P1	
 199.24590	 273.75309	 317.13217	        P1	
 488.02634	 172.55180	 296.53919	        P1	
 190.41855	  26.93848	 386.63354	        P1	
 330.39510	 451.40133	 265.13489	        P1	
 431.27910	 192.20960	 358.31819	        P1	
 433.80120	 457.22589	 298.59847	        P1	
 114.75555	  29.85072	 356.25891	        P1	
  44.13675	 383.69113	 442.74951	        P1	
 194.20170	 160.17469	 213.65235	        P1	
   8.82735	  45.86820	 366.04057	        P1	
 145.02075	 274.48112	 473.63901	        P1	
 138.71550	 449.94521	 179.15910	        P1	
 184.11330	 455.76973	 153.93269	        P1	
 306.43515	 463.77849	  96.27225	        P1	
 234.55530	 203.85869	 107.08358	        P1	
 319.04565	 194.39380	 376.85189	        P1	
 132.41025	  74.99088	 337.21035	        P1	
 311.47935	 220.60420	 304.26157	        P1	
 346.78875	 350.20009	 337.21035	        P1	
 223.20585	   8.00872	  47.36392	        P1	
  60.53040	 222.78840	 335.15107	        P1	
 482.98214	 174.00792	  85.97579	        P1	
   8.82735	  82.27152	 271.31279	        P1	
  58.00830	 490.71693	 251.23461	        P1	
 156.37020	 270.84081	 228.58229	        P1	
 100.88400	  10.19292	 337.72521	        P1	
 460.28324	 120.13100	  92.66850	        P1	
 493.07054	 181.28860	  12.35580	        P1	
 491.80949	 372.77013	  67.44209	        P1	
 401.01390	 151.43788	 249.17527	        P1	
 348.04980	 327.63001	  74.13480	        P1	
  12.61050	  23.29812	 333.09179	        P1	
  81.96825	 306.51609	 127.16175	        P1	
 263.55945	 259.91981	 370.67399	        P1	
 355.61610	 199.49029	  34.49325	        P1	
 431.27910	 374.22629	 343.38825	        P1	
 476.67689	 445.57681	  12.35580	        P1	
 303.91305	 372.04209	 207.47445	        P1	
 354.35505	 450.67329	  77.73855	        P1	
  68.09670	 234.43749	 263.07555	        P1	
 114.75555	  29.85072	  48.90839	        P1	
  85.75140	  93.19252	 455.10531	        P1	
  54.22515	 236.62169	 113.26148	        P1	
 472.89374	  25.48232	 370.15919	        P1	
 346.78875	 198.76220	  18.53370	        P1	
 122.32185	 373.49821	  26.25607	        P1	
 126.10500	 369.85789	 460.76834	        P1	
  56.74725	  12.37712	 102.96502	        P1	
 321.56775	 257.00752	 456.64978	        P1	
 170.24175	 297.77929	 428.33437	        P1	
 252.21000	 401.89281	 240.93809	        P1	
  63.05250	 410.62961	 199.23727	        P1	
 147.54285	 176.92020	  26.25607	        P1	
 162.67545	 160.90272	  98.33159	        P1	
 365.70450	 283.94601	 118.92457	        P1	
 460.28324	 150.70980	 378.39637	        P1	
 215.63955	 356.02461	 265.64969	        P1	
   7.56630	 243.17429	 267.70897	        P1	
 424.97385	  48.78048	 429.87884	        P1	
 388.40340	 195.12189	 113.26148	        P1	
 485.50424	 203.13060	  37.06740	        P1	
 452.71694	 245.35849	 329.48797	        P1	
  44.13675	 306.51609	  77.73855	        P1	
 349.31085	  83.72768	 477.75757	        P1	
 259.77630	 448.48909	 398.98934	        P1	
 448.93379	 473.24333	 343.90311	        P1	
 451.45589	 419.36641	  12.35580	        P1	
 235.81635	 412.81381	 234.76019	        P1	
 129.88815	 176.92020	 149.81407	        P1	
 189.15750	   7.28068	 150.32888	        P1	
 341.74455	 358.93689	 329.48797	        P1	
  37.83150	 257.73561	 105.02430	        P1	
 476.67689	  94.64868	  32.94878	        P1	
 271.12575	  60.42952	 265.13489	        P1	
 192.94065	 171.09569	 446.86807	        P1	
 112.23345	  77.90312	 405.68211	        P1	
 369.48765	 195.84992	  48.90839	        P1	
   5.04420	 286.85829	 341.84377	        P1	
 148.80390	   2.91228	 448.41254	        P1	
 189.15750	 219.87612	  48.90839	        P1	
 276.16995	 369.12981	  43.24530	        P1	
 426.23490	 281.03373	 283.66859	        P1	
 401.01390	  42.22788	 280.06477	        P1	
 423.71280	 227.15681	 105.02430	        P1	
 383.35920	 154.35012	 455.10531	        P1	
 185.37435	 428.83129	 213.65235	        P1	
 464.06639	 390.24373	 220.34512	        P1	
 326.61195	 114.30648	 250.71975	        P1	
 380.83710	 244.63041	  18.53370	        P1	
 262.29840	  30.57880	  38.61187	        P1	
 216.90060	 273.75309	  51.48248	        P1	
  12.61050	  39.31560	 210.04859	        P1	
 484.24319	  21.84200	 199.23727	        P1	
  35.30940	  75.71892	 226.52302	        P1	
 364.44345	 332.72649	  34.49325	        P1	
 127.36605	 243.90232	  36.55259	        P1	
 203.02905	   8.00872	 300.65781	        P1	
 459.02219	 120.85908	 317.13217	        P1	
  15.13260	 451.40133	 153.93269	        P1	
   2.52210	 254.82332	 430.39371	        P1	
 471.63269	 256.27949	 119.43938	        P1	
 443.88960	 320.34933	 351.62549	        P1	
  15.13260	 117.94680	 475.69829	        P1	
 291.30255	 181.28860	 261.01627	        P1	
  56.74725	  95.37672	 308.38019	        P1	
 286.25835	 361.84913	  96.78712	        P1	
 413.62440	  97.56092	 325.36941	        P1	
 197.98485	 200.21832	 425.76028	        P1	
 148.80390	 409.17349	 293.96505	        P1	
 192.94065	 310.88449	 292.42057	        P1	
 109.71135	 328.35809	 298.59847	        P1	
 250.94895	 243.90232	 424.21581	        P1	
 443.88960	 404.80509	 249.17527	        P1	
  83.22930	 231.52521	  63.32347	        P1	
 162.67545	 273.02501	 247.11599	        P1	
 319.04565	  18.20168	   9.78165	        P1	
 136.19340	  94.64868	 244.54185	        P1	
 142.49865	 115.76260	 253.29389	        P1	
 250.94895	 306.51609	 269.25345	        P1	
 488.02634	 443.39261	 298.08367	        P1	
 185.37435	 271.56889	 242.99737	        P1	
 413.62440	 474.69949	 151.87335	        P1	
 235.81635	 105.56968	 293.96505	        P1	
  12.61050	 349.47201	 407.74139	        P1	
  71.87985	 401.16473	 370.15919	        P1	
 341.74455	 207.49900	 446.35326	        P1	
 375.79290	 253.36721	  92.66850	        P1	
 377.05395	  28.39460	 111.20220	        P1	
 442.62855	 153.62208	  70.01618	        P1	
 441.36750	   7.28068	  88.54988	        P1	
  42.87570	 120.85908	 374.27774	        P1	
 397.23075	 203.13060	  30.88950	        P1	
 206.81220	 285.40213	 135.39899	        P1	
 437.58435	 146.34140	  80.31270	        P1	
 470.37164	  15.28940	 396.93006	        P1	
 486.76529	  65.52600	 240.93809	        P1	
 480.46004	 489.98889	 114.80595	        P1	
   3.78315	  80.81540	  63.32347	        P1	
 171.50280	 254.82332	  35.00812	        P1	
 269.86470	 473.24333	 405.68211	        P1	
 490.54844	 479.79593	 456.64978	        P1	
 250.94895	 156.53432	 456.64978	        P1	
 213.11745	 443.39261	  13.90027	        P1	
  70.61880	 362.57721	 483.42066	        P1	
 230.77215	  40.04368	 331.03245	        P1	
 360.66030	 428.10321	 328.97317	        P1	
 364.44345	 236.62169	 263.07555	        P1	
 310.21830	 476.15561	 321.25079	        P1	
 139.97655	 136.14848	 411.34514	        P1	
  92.05665	  10.92100	 389.20769	        P1	
   1.26105	 307.97221	 166.80330	        P1	
 252.21000	 165.99920	 265.64969	        P1	
 311.47935	  50.23660	 426.27509	        P1	
 137.45445	 127.41168	 310.95427	        P1	
  89.53455	 424.46289	 442.23464	        P1	
 209.33430	 455.76973	 209.53379	        P1	
 229.51110	 356.75269	 114.80595	        P1	
 477.93794	  26.93848	 473.12414	        P1	
 411.10230	 318.89321	 248.66047	        P1	
  98.36190	   8.73680	 426.27509	        P1	
 355.61610	 397.52441	 222.40439	        P1	
  25.22100	 198.03412	 363.98129	        P1	
 437.58435	 360.39301	 168.34777	        P1	
  39.09255	  42.95592	 141.57689	        P1	
  39.09255	  64.79792	  22.65232	        P1	
 277.43100	  61.15760	 457.16459	        P1	
 398.49180	  52.42080	 131.28037	        P1	
 214.37850	 364.03333	 431.93818	        P1	
 139.97655	 195.84992	 337.72521	        P1	
 387.14235	  85.18380	 273.37207	        P1	
 489.28739	 393.15601	 304.26157	        P1	
 493.07054	  57.51728	   8.23718	        P1	
 403.53600	 417.91029	 397.44487	        P1	
 220.68375	 262.83209	 238.36395	        P1	
 392.18655	 150.70980	  98.84640	        P1	
 187.89645	 402.62089	 479.30204	        P1	
 475.41584	  96.83288	  90.09435	        P1	
 293.82465	 386.60341	 254.83837	        P1	
 145.02075	 439.02421	 205.41517	        P1	
 272.38680	 270.84081	 415.46376	        P1	
  27.74310	 263.56012	   5.66310	        P1	
 399.75285	  21.11392	  92.15369	        P1	
 404.79705	 131.78008	  34.49325	        P1	
 200.50695	  98.28900	 335.15107	        P1	
 279.95310	 380.05081	  38.61187	        P1	
  27.74310	 460.13813	 251.23461	        P1	
 472.89374	 299.23541	  12.35580	        P1	
 477.93794	 497.26953	 265.13489	        P1	
 408.58020	 356.75269	 306.32085	        P1	
  87.01245	 140.51688	 226.00815	        P1	
   1.26105	 427.37513	 387.14841	        P1	
 114.75555	 449.21713	 271.31279	        P1	
 167.71965	 213.32352	 258.95699	        P1	
 121.06080	 281.03373	 166.28849	        P1	
 421.19070	 403.34893	 258.95699	        P1	
 433.80120	 218.42000	 248.66047	        P1	
  95.83980	 342.19133	  16.47442	        P1	
  80.70720	 419.36641	  30.88950	        P1	
 214.37850	 141.24492	 288.30201	        P1	
 397.23075	 300.69153	 245.05671	        P1	
 277.43100	 179.10440	  98.84640	        P1	
  25.22100	 481.98013	 431.93818	        P1	
 383.35920	 254.82332	 405.68211	        P1	
 469.11059	 149.98172	 153.93269	        P1	
 385.88130	 216.96389	 125.61728	        P1	
 104.66715	 382.23501	 222.40439	        P1	
 247.16580	 164.54309	 127.16175	        P1	
 272.38680	 262.10401	  81.85717	        P1	
 343.00560	 225.70069	 230.64157	        P1	
 249.68790	 343.64749	 267.70897	        P1	
 250.94895	 312.34061	  74.13480	        P1	
  46.65885	 178.37632	 283.66859	        P1	
  95.83980	 353.84041	 310.43947	        P1	
 445.15065	 178.37632	 172.46639	        P1	
 340.48350	 247.54269	 485.47994	        P1	
 264.82050	 278.12149	  15.95955	        P1	
 215.63955	 107.02580	  20.07817	        P1	
 330.39510	 342.19133	 177.09982	        P1	
 305.17410	 366.94561	 302.71709	        P1	
   1.26105	 273.02501	 440.17536	        P1	
  23.95995	 402.62089	 158.05125	        P1	
 360.66030	 160.17469	 133.33965	        P1	
  16.39365	 222.06032	 296.02439	        P1	
 179.06910	   0.00000	 111.20220	        P1	
 254.73210	 413.54189	 337.21035	        P1	
 235.81635	 348.74393	 140.03242	        P1	
 332.91720	 480.52401	 149.81407	        P1	
 104.66715	  42.95592	 475.18348	        P1	
 317.78460	 339.27909	 255.35317	        P1	
 179.06910	 302.87573	 141.57689	        P1	
 116.01660	 208.22709	 238.36395	        P1	
 399.75285	 191.48152	 170.92192	        P1	
 315.26250	 243.17429	 440.69017	        P1	
 138.71550	 147.06948	 275.43135	        P1	
 148.80390	 337.82293	 399.50421	        P1	
 466.58849	  78.63120	 370.67399	        P1	
 316.52355	 187.11312	 228.06749	        P1	
 103.40610	 356.75269	 176.58495	        P1	
 114.75555	 447.76101	 191.51489	        P1	
 282.47520	 378.59469	 261.53107	        P1	
 455.23904	 444.84873	 172.46639	        P1	
 455.23904	 111.39420	 450.98669	        P1	
 494.33159	  91.73640	 193.05937	        P1	
 128.62710	 174.73600	 186.88147	        P1	
 456.50009	 278.12149	 423.70094	        P1	
  55.48620	 388.78761	 279.54997	        P1	
 235.81635	 283.21792	 207.98932	        P1	
 346.78875	  12.37712	 376.33709	        P1	
  56.74725	 303.60381	 180.70357	        P1	
  10.08840	  36.40332	 201.81142	        P1	
 317.78460	 414.99801	  24.71160	        P1	
 356.87715	 194.39380	 242.48257	        P1	
 172.76385	 133.23620	 234.76019	        P1	
 430.01805	 150.70980	 458.70906	        P1	
 290.04150	 248.99881	 228.58229	        P1	
 395.96970	 481.98013	  16.47442	        P1	
 153.84810	 496.54149	 218.28577	        P1	
 331.65615	 133.23620	 291.90577	        P1	
   1.26105	  42.95592	 146.21032	        P1	
 430.01805	  60.42952	  79.79789	        P1	
  83.22930	 468.87493	 288.30201	        P1	
 213.11745	 360.39301	 483.42066	        P1	
 322.82880	 190.75349	 156.50678	        P1	
 296.34675	 446.30489	 156.50678	        P1	
 399.75285	 358.93689	 207.47445	        P1	
 157.63125	  35.67528	 409.80067	        P1	
 281.21415	 141.97300	 471.06486	        P1	
 310.21830	 286.85829	 397.44487	        P1	
  41.61465	 133.23620	  26.25607	        P1	
 153.84810	 313.06869	 343.38825	        P1	
 479.19899	  27.66652	 127.67662	        P1	
 470.37164	  98.28900	 366.04057	        P1	
 220.68375	 131.78008	 213.65235	        P1	
  41.61465	 386.60341	 186.88147	        P1	
 103.40610	 380.05081	 267.19417	        P1	
  16.39365	 296.32313	 407.22658	        P1	
  66.83565	 134.69232	 141.57689	        P1	
 180.33015	 155.07820	 415.46376	        P1	
 189.15750	 113.57840	 396.93006	        P1	
 211.85640	 161.63080	 464.88696	        P1	
 496.85369	 141.24492	 140.03242	        P1	
 374.53185	 447.76101	  61.77900	        P1	
 414.88545	 278.84952	  35.00812	        P1	
 340.48350	 136.87652	 214.16722	        P1	
 232.03320	   2.91228	 436.05674	        P1	
 392.18655	 201.67449	 176.58495	        P1	
  18.91575	  25.48232	 382.51499	        P1	
 365.70450	 279.57761	 117.38010	        P1	
 225.72795	 144.88528	 349.56614	        P1	
 356.87715	 201.67449	 423.70094	        P1	
 253.47105	 267.20049	 337.21035	        P1	
  74.40195	 222.06032	 240.42329	        P1	
  40.35360	 364.03333	 419.58238	        P1	
  84.49035	 353.11233	  59.71972	        P1	
 403.53600	 355.29653	  98.33159	        P1	
 175.28595	 315.25289	 230.64157	        P1	
 331.65615	  95.37672	 479.81691	        P1	
 184.11330	  18.92972	 214.16722	        P1	
 286.25835	 322.53353	 135.39899	        P1	
 358.13820	 151.43788	 281.60925	        P1	
 176.54700	  65.52600	 475.69829	        P1	
  73.14090	 349.47201	  94.21297	        P1	
 372.00975	 153.62208	 477.75757	        P1	
 476.67689	 305.78801	 304.26157	        P1	
 208.07325	 290.49861	 420.09719	        P1	
  49.18095	 289.04249	 286.24267	        P1	
  29.00415	 197.30609	 378.91117	        P1	
 156.37020	 350.92813	 436.57161	        P1	
  98.36190	 419.36641	 483.42066	        P1	
 235.81635	 289.04249	 317.13217	        P1	
 326.61195	  64.79792	 252.77909	        P1	
 190.41855	 153.62208	  88.54988	        P1	
 479.19899	 313.06869	 479.30204	        P1	
 477.93794	 300.69153	  90.60922	        P1	
 224.46690	 123.77132	  47.36392	        P1	
 105.92820	 471.78721	  20.07817	        P1	
  78.18510	 155.80628	 409.80067	        P1	
 163.93650	 208.22709	 466.94624	        P1	
 259.77630	 262.10401	 148.26960	        P1	
 208.07325	 373.49821	 333.60659	        P1	
 286.25835	 302.14769	 102.45015	        P1	
 230.77215	 446.30489	 348.02167	        P1	
  11.34945	  72.07860	 353.68477	        P1	
 374.53185	 130.32392	 214.16722	        P1	
 268.60365	  92.46448	 195.11865	        P1	
 327.87300	  49.50852	  47.36392	        P1	
 403.53600	 331.99841	 469.52039	        P1	
 355.61610	 265.01629	  28.31535	        P1	
  36.57045	 440.48033	 121.49872	        P1	
 182.85225	 198.76220	 180.70357	        P1	
 181.59120	 431.01549	  46.84905	        P1	
 244.64370	 396.06829	 331.03245	        P1	
 239.59950	 104.84160	  30.88950	        P1	
 476.67689	 428.10321	  94.21297	        P1	
 399.75285	 125.95552	 467.46111	        P1	
 123.58290	 317.43709	 434.51227	        P1	
 126.10500	  18.92972	 158.56612	        P1	
 126.10500	  81.54348	  22.13745	        P1	
 456.50009	 116.49068	 366.55537	        P1	
  73.14090	 317.43709	  82.37198	        P1	
  11.34945	 114.30648	 403.62277	        P1	
 182.85225	 476.88369	 360.37747	        P1	
 136.19340	 458.68201	 279.54997	        P1	
 257.25420	  96.10480	  74.13480	        P1	
 305.17410	 352.38429	 292.42057	        P1	
 450.19484	 197.30609	 207.47445	        P1	
 417.40755	 252.63912	  53.54182	        P1	
 252.21000	  39.31560	 372.21847	        P1	
   7.56630	 138.33268	 348.02167	        P1	
 350.57190	  17.47360	 463.34249	        P1	
 131.14920	 177.64829	 287.78715	        P1	
 452.71694	  74.99088	 108.62805	        P1	
  69.35775	 385.14729	 238.36395	        P1	
  99.62295	 293.41089	 465.40177	        P1	
  15.13260	 254.82332	 102.96502	        P1	
  25.22100	  75.71892	 277.49069	        P1	
 402.27495	 434.65581	  81.85717	        P1	
 446.41170	 221.33229	  77.73855	        P1	
 324.08985	 390.97181	 403.10796	        P1	
 192.94065	 210.41129	  77.73855	        P1	
 348.04980	 378.59469	 360.37747	        P1	
 489.28739	 308.70029	 170.40705	        P1	
 326.61195	 239.53392	 277.49069	        P1	
 343.00560	 302.87573	 133.85452	        P1	
 131.14920	  61.15760	 469.52039	        P1	
 399.75285	 254.09529	 490.11337	        P1	
 411.10230	 439.75229	 392.81144	        P1	
 464.06639	 177.64829	  40.67115	        P1	
 166.45860	 257.73561	 433.99746	        P1	
 104.66715	 441.93649	 398.98934	        P1	
 132.41025	 243.90232	 116.86529	        P1	
 131.14920	 342.19133	 351.62549	        P1	
 187.89645	 328.35809	 108.62805	        P1	
 273.64785	 363.30529	 304.77637	        P1	
  59.26935	  41.49980	 296.53919	        P1	
 139.97655	  96.83288	 181.21837	        P1	
 498.11474	 219.14809	  46.84905	        P1	
 397.23075	 184.20089	 372.73327	        P1	
 450.19484	  74.99088	  71.56065	        P1	
  74.40195	   2.18420	 285.72787	        P1	
 298.86885	 488.53273	  22.65232	        P1	
 351.83295	  82.27152	 479.81691	        P1	
  44.13675	 137.60460	 370.67399	        P1	
 310.21830	 112.12228	 466.94624	        P1	
 181.59120	  77.17508	  51.48248	        P1	
 104.66715	 316.70901	 203.87069	        P1	
 255.99315	 115.76260	 240.93809	        P1	
 355.61610	 224.24452	 492.17271	        P1	
 232.03320	 339.27909	 188.94075	        P1	
 170.24175	 405.53313	 152.38822	        P1	
 438.84540	 431.01549	 448.41254	        P1	
  65.57460	 136.87652	 207.98932	        P1	
 464.06639	 420.82253	   4.11862	        P1	
 361.92135	 190.02540	 316.61737	        P1	
 322.82880	 215.50772	 351.62549	        P1	
 403.53600	 314.52481	 433.99746	        P1	
 349.31085	 318.16513	 425.76028	        P1	
 286.25835	 421.55061	 100.39087	        P1	
 451.45589	 138.33268	 466.94624	        P1	
 128.62710	 142.70108	 391.26697	        P1	
 179.06910	 285.40213	 405.68211	        P1	
 208.07325	 353.11233	 469.00558	        P1	
 326.61195	 248.27072	 296.02439	        P1	
 370.74870	 182.01669	  45.30458	        P1	
 268.60365	 450.67329	  96.27225	        P1	
 170.24175	 471.05913	 394.87079	        P1	
 171.50280	 368.40173	 319.19151	        P1	
 163.93650	  78.63120	 415.46376	        P1	
 457.76114	  93.92060	 395.38559	        P1	
 296.34675	 305.05993	  24.19679	        P1	
 441.36750	 461.59429	 156.50678	        P1	
 485.50424	 489.98889	 361.92194	        P1	
 308.95725	 166.72728	 280.06477	        P1	
 163.93650	 174.73600	  69.50137	        P1	
 464.06639	  77.17508	 212.10787	        P1	
  25.22100	 409.17349	 306.32085	        P1	
 229.51110	 247.54269	 405.16724	        P1	
 249.68790	 432.47161	 384.57426	        P1	
 390.92550	 358.20881	 174.52567	        P1	
 442.62855	 300.69153	 282.12411	        P1	
 107.18925	 450.67329	  57.66038	        P1	
 118.53870	 265.01629	 150.32888	        P1	
 235.81635	 283.21792	 350.08101	        P1	
 268.60365	  12.37712	 442.74951	        P1	
 348.04980	 295.59509	 219.83025	        P1	
 292.56360	 433.92773	 183.27772	        P1	
 446.41170	 315.98093	 493.71718	        P1	
 459.02219	 445.57681	 285.72787	        P1	
 109.71135	  24.02620	 148.26960	        P1	
