2167.00000	   0.00000	   0.00000	   0.00000	
 213.11745	  26.93848	  32.94878	        P1	
 358.13820	 377.13853	  24.19679	        P1	
 306.43515	 380.77889	 100.90568	        P1	
 469.11059	  77.17508	 465.40177	        P1	
 174.02490	 391.69989	 195.11865	        P1	
 112.23345	 350.20009	 267.70897	        P1	
  44.13675	 229.34101	 247.11599	        P1	
 152.58705	 455.04169	 176.58495	        P1	
 411.10230	 400.43669	 310.95427	        P1	
  46.65885	 226.42872	  59.71972	        P1	
 210.59535	 176.92020	 475.69829	        P1	
 153.84810	 113.57840	 438.63089	        P1	
  29.00415	 239.53392	   5.66310	        P1	
 465.32744	 146.34140	 389.20769	        P1	
 279.95310	 263.56012	  36.55259	        P1	
 210.59535	 312.34061	  12.35580	        P1	
   0.00000	 302.87573	 314.55809	        P1	
  45.39780	 304.33189	 139.51755	        P1	
 209.33430	 301.41961	 358.31819	        P1	
 361.92135	  40.04368	  22.13745	        P1	
 161.41440	 407.71733	 374.79261	        P1	
 174.02490	 397.52441	 403.10796	        P1	
 282.47520	 477.61173	 308.38019	        P1	
 403.53600	 473.24333	  72.07552	        P1	
  29.00415	 160.90272	 201.81142	        P1	
 126.10500	 318.89321	 339.78449	        P1	
 327.87300	  23.29812	 104.50949	        P1	
  42.87570	  49.50852	 351.62549	        P1	
  20.17680	 141.24492	 469.00558	        P1	
 190.41855	 274.48112	 331.54731	        P1	
 192.94065	 300.69153	 473.63901	        P1	
 165.19755	 469.60301	 129.73590	        P1	
 406.05810	 396.06829	  45.30458	        P1	
  12.61050	 123.77132	  48.90839	        P1	
 171.50280	 340.73521	 186.88147	        P1	
 234.55530	 182.01669	  15.95955	        P1	
 141.23760	 476.15561	 347.50687	        P1	
 453.97799	 101.92932	 306.83571	        P1	
 366.96555	 143.42912	 467.46111	        P1	
 172.76385	 357.48073	 129.22109	        P1	
 220.68375	   9.46488	 361.92194	        P1	
  90.79560	  56.78920	 179.15910	        P1	
 315.26250	 199.49029	 131.79518	        P1	
 358.13820	  27.66652	  28.83022	        P1	
 485.50424	 491.44501	 155.99197	        P1	
 489.28739	  64.06988	 226.00815	        P1	
 494.33159	 298.50733	 306.83571	        P1	
 287.51940	 385.87533	  36.55259	        P1	
 339.22245	 254.09529	 120.98385	        P1	
 355.61610	  97.56092	 387.14841	        P1	
 194.20170	 489.26081	 420.09719	        P1	
 121.06080	 260.64789	 113.26148	        P1	
 443.88960	 364.03333	  55.08629	        P1	
 455.23904	 399.70861	 366.04057	        P1	
  81.96825	 433.19969	 485.47994	        P1	
 210.59535	 383.69113	 325.36941	        P1	
  11.34945	  96.83288	   8.23718	        P1	
 126.10500	  69.89440	 463.34249	        P1	
  66.83565	 325.44581	 432.45299	        P1	
 211.85640	 468.87493	 197.17799	        P1	
 136.19340	 176.19212	 226.52302	        P1	
 122.32185	  10.92100	 409.28586	        P1	
  61.79145	 207.49900	 285.72787	        P1	
 272.38680	 113.57840	 222.40439	        P1	
 306.43515	 174.00792	 265.13489	        P1	
  10.08840	 295.59509	 479.30204	        P1	
 292.56360	 238.80589	 312.49875	        P1	
 105.92820	 266.47241	 131.28037	        P1	
 179.06910	  66.98212	 252.77909	        P1	
 225.72795	  70.62248	 133.33965	        P1	
 273.64785	   3.64032	 172.46639	        P1	
 489.28739	  11.64908	 422.15647	        P1	
 203.02905	 395.34021	 197.69279	        P1	
   7.56630	  24.75428	 137.97308	        P1	
 224.46690	 228.61292	 485.99481	        P1	
 388.40340	  88.82412	  73.61999	        P1	
 319.04565	 133.23620	 168.34777	        P1	
 479.19899	 138.33268	 428.33437	        P1	
 422.45175	 463.77849	 114.80595	        P1	
 147.54285	 286.13021	 125.10247	        P1	
 486.76529	   0.00000	 154.44750	        P1	
  37.83150	  85.91188	 212.10787	        P1	
  10.08840	 219.87612	 362.43681	        P1	
  30.26520	 381.50693	   4.11862	        P1	
 330.39510	 452.85749	 378.91117	        P1	
 305.17410	 409.17349	 261.53107	        P1	
 152.58705	 246.81461	 310.43947	        P1	
 382.09815	 187.11312	 473.63901	        P1	
  88.27350	 317.43709	 341.84377	        P1	
 314.00145	  67.71020	  55.60110	        P1	
 203.02905	  79.35928	 162.68468	        P1	
 220.68375	 481.25209	 466.94624	        P1	
 114.75555	 462.32233	 363.98129	        P1	
 456.50009	 136.87652	  41.18602	        P1	
 406.05810	 294.13893	 158.56612	        P1	
 282.47520	 455.76973	 337.72521	        P1	
 372.00975	 360.39301	 125.10247	        P1	
 414.88545	 351.65621	 180.70357	        P1	
   5.04420	  34.94720	 278.00549	        P1	
  42.87570	  58.24532	 387.14841	        P1	
  93.31770	 426.64709	 144.15098	        P1	
 422.45175	 305.05993	 289.84649	        P1	
 145.02075	 446.30489	 238.36395	        P1	
 341.74455	 423.00673	 153.93269	        P1	
 174.02490	 167.45532	  92.15369	        P1	
 261.03735	  44.41208	 193.57417	        P1	
  54.22515	 144.88528	 187.39627	        P1	
  97.10085	 485.62049	  90.09435	        P1	
 264.82050	 116.49068	 361.92194	        P1	
 118.53870	  16.01748	  15.95955	        P1	
 364.44345	  88.09608	  88.54988	        P1	
 388.40340	 259.19172	 294.47991	        P1	
 252.21000	 435.38389	 436.05674	        P1	
 190.41855	 274.48112	 246.60119	        P1	
 232.03320	 291.22669	 372.73327	        P1	
 138.71550	 305.78801	  88.03507	        P1	
 321.56775	  50.23660	 129.73590	        P1	
 163.93650	 275.20921	  26.25607	        P1	
 210.59535	 251.18301	 230.12677	        P1	
 353.09400	  24.75428	 380.45564	        P1	
 395.96970	 409.17349	 310.95427	        P1	
 324.08985	 176.92020	 370.67399	        P1	
 165.19755	 157.99048	  28.31535	        P1	
 399.75285	 281.76181	 341.32897	        P1	
 295.08570	 479.06789	 485.47994	        P1	
 390.92550	 372.77013	 351.62549	        P1	
 414.88545	 296.32313	  96.78712	        P1	
 102.14505	 220.60420	 279.54997	        P1	
 273.64785	 267.20049	  51.48248	        P1	
 272.38680	 479.06789	 107.08358	        P1	
 185.37435	 120.13100	  32.43397	        P1	
  83.22930	 356.75269	  39.12668	        P1	
 165.19755	 182.74472	 407.22658	        P1	
  87.01245	 198.76220	 247.11599	        P1	
 287.51940	 380.05081	 335.15107	        P1	
 494.33159	 278.12149	 207.47445	        P1	
 229.51110	 304.33189	 397.44487	        P1	
 121.06080	 103.38548	  40.67115	        P1	
 108.45030	 465.96269	   2.05928	        P1	
  32.78730	 416.45413	  85.97579	        P1	
 311.47935	  99.74512	 104.50949	        P1	
  26.48205	 369.12981	 191.51489	        P1	
 337.96140	  93.19252	 127.67662	        P1	
 208.07325	  67.71020	 395.38559	        P1	
 262.29840	 176.19212	  59.71972	        P1	
 311.47935	   3.64032	 191.00009	        P1	
 343.00560	 372.77013	 123.04319	        P1	
 466.58849	 452.85749	   9.78165	        P1	
  58.00830	  52.42080	 222.40439	        P1	
 204.29010	  52.42080	 438.63089	        P1	
 118.53870	 131.05200	 142.09170	        P1	
 498.11474	  82.27152	 289.84649	        P1	
 404.79705	 449.21713	 203.35589	        P1	
 389.66445	 463.77849	  77.73855	        P1	
 320.30670	 374.22629	  28.31535	        P1	
  93.31770	 152.89400	 327.42869	        P1	
 107.18925	 195.84992	 405.68211	        P1	
  46.65885	 195.84992	 152.38822	        P1	
 243.38265	 296.32313	 333.09179	        P1	
 238.33845	  86.63992	 331.54731	        P1	
 266.08155	 101.20128	 156.50678	        P1	
 306.43515	 425.91901	  55.60110	        P1	
 282.47520	 442.66453	 343.90311	        P1	
  34.04835	 191.48152	 374.79261	        P1	
 278.69205	 291.95473	 362.43681	        P1	
 370.74870	 101.92932	 319.19151	        P1	
  87.01245	 487.07661	 125.10247	        P1	
 186.63540	 476.15561	 339.78449	        P1	
 432.54015	 273.02501	 298.08367	        P1	
 267.34260	 330.54229	 323.31007	        P1	
   7.56630	 216.96389	 415.97857	        P1	
 447.67274	 270.11272	 289.84649	        P1	
  60.53040	 198.03412	  35.00812	        P1	
 369.48765	  47.32432	  16.47442	        P1	
 182.85225	  89.55220	 316.61737	        P1	
 421.19070	 193.66572	  22.65232	        P1	
 195.46275	 188.56929	 119.43938	        P1	
 221.94480	 301.41961	 279.54997	        P1	
 264.82050	  39.31560	 284.18339	        P1	
 160.15335	 117.21872	 320.73599	        P1	
 186.63540	 183.47280	 420.09719	        P1	
 325.35090	 438.29613	   4.11862	        P1	
 494.33159	  91.73640	 413.91929	        P1	
 191.67960	 149.98172	  35.00812	        P1	
 209.33430	 481.98013	 493.71718	        P1	
  65.57460	 457.22589	 436.05674	        P1	
 264.82050	 176.19212	 258.95699	        P1	
 479.19899	  50.96468	  22.13745	        P1	
  39.09255	 331.27033	 450.47188	        P1	
 219.42270	 346.55973	 127.67662	        P1	
 171.50280	 378.59469	 175.04047	        P1	
 301.39095	 373.49821	 384.57426	        P1	
 348.04980	 135.42040	   7.72237	        P1	
 344.26665	 236.62169	  15.95955	        P1	
 117.27765	 261.37592	  73.61999	        P1	
 308.95725	 466.69073	 456.64978	        P1	
 393.44760	 467.41881	  86.49060	        P1	
 312.74040	 222.78840	 253.29389	        P1	
  83.22930	 246.08652	 362.43681	        P1	
 261.03735	 297.77929	 331.03245	        P1	
  37.83150	 409.17349	 281.60925	        P1	
 128.62710	  30.57880	 296.53919	        P1	
  64.31355	 169.63952	 183.27772	        P1	
  71.87985	 396.79633	   4.11862	        P1	
 148.80390	 196.57800	 154.44750	        P1	
 192.94065	 303.60381	 483.42066	        P1	
 300.12990	 112.12228	 261.53107	        P1	
 326.61195	  40.04368	 158.05125	        P1	
 351.83295	 283.21792	 363.98129	        P1	
 122.32185	 374.95433	 320.73599	        P1	
  80.70720	 317.43709	   3.60375	        P1	
  40.35360	  56.78920	 271.82759	        P1	
  42.87570	 113.57840	 210.04859	        P1	
  26.48205	 131.78008	 219.83025	        P1	
  49.18095	 201.67449	  76.19408	        P1	
 435.06225	 334.18261	 489.59856	        P1	
 464.06639	 232.98132	 351.62549	        P1	
   0.00000	 285.40213	  10.29652	        P1	
   8.82735	 182.74472	 116.86529	        P1	
 464.06639	 496.54149	 318.67665	        P1	
 385.88130	 305.78801	 450.98669	        P1	
 143.75970	 248.99881	  57.14557	        P1	
 171.50280	  27.66652	 411.86001	        P1	
  35.30940	 419.36641	 278.00549	        P1	
  93.31770	 474.69949	 242.99737	        P1	
 460.28324	 495.81341	 322.79527	        P1	
 174.02490	 302.87573	  30.37469	        P1	
  51.70305	 265.74432	 306.83571	        P1	
 112.23345	  28.39460	 366.04057	        P1	
 459.02219	 253.36721	 433.99746	        P1	
 424.97385	 195.84992	 306.83571	        P1	
  37.83150	  45.14012	  24.19679	        P1	
 126.10500	 262.10401	  67.95690	        P1	
 436.32330	 486.34853	 485.99481	        P1	
 491.80949	 289.77053	  84.43132	        P1	
 302.65200	 265.01629	 411.34514	        P1	
 393.44760	 247.54269	  90.09435	        P1	
  69.35775	 213.32352	 302.20229	        P1	
 221.94480	  90.28028	 442.23464	        P1	
   2.52210	  26.21040	 345.96239	        P1	
 324.08985	 230.79712	 331.54731	        P1	
 233.29425	  44.41208	  94.72778	        P1	
  18.91575	 374.95433	 337.72521	        P1	
 205.55115	 127.41168	  22.13745	        P1	
 230.77215	  63.34180	 345.96239	        P1	
 408.58020	 489.26081	  61.77900	        P1	
 316.52355	 404.07701	 131.28037	        P1	
 496.85369	 295.59509	 378.91117	        P1	
 279.95310	  72.80668	 281.60925	        P1	
 264.82050	 366.94561	 191.51489	        P1	
 199.24590	 288.31441	 427.81956	        P1	
  16.39365	  80.81540	 444.80879	        P1	
 460.28324	  12.37712	 220.34512	        P1	
 204.29010	 384.41921	 203.87069	        P1	
   3.78315	 456.49781	 100.39087	        P1	
 428.75700	 110.66612	 232.70091	        P1	
 315.26250	 161.63080	 217.77097	        P1	
 137.45445	 495.81341	 370.67399	        P1	
   0.00000	  71.35052	 178.64429	        P1	
 404.79705	 415.72609	  14.41508	        P1	
 211.85640	 182.01669	 440.69017	        P1	
 267.34260	  77.17508	 133.33965	        P1	
 462.80534	 366.21753	 215.71169	        P1	
 158.89230	 422.27869	 176.58495	        P1	
 383.35920	 384.41921	 488.05409	        P1	
 211.85640	 304.33189	  14.41508	        P1	
 210.59535	  60.42952	  30.37469	        P1	
 142.49865	  44.41208	  90.09435	        P1	
 459.02219	 133.96428	 361.92194	        P1	
 470.37164	 440.48033	 387.14841	        P1	
 242.12160	 349.47201	  98.84640	        P1	
  66.83565	 306.51609	  39.12668	        P1	
 451.45589	 304.33189	 448.41254	        P1	
 248.42685	 280.30569	 349.56614	        P1	
 422.45175	 310.88449	 491.65784	        P1	
 344.26665	 249.72689	 341.84377	        P1	
 171.50280	 435.38389	 317.13217	        P1	
   2.52210	 356.75269	 453.04597	        P1	
 126.10500	 393.15601	 203.87069	        P1	
 336.70035	  91.00832	  53.54182	        P1	
 423.71280	 186.38509	 378.91117	        P1	
  41.61465	  77.90312	 263.59041	        P1	
 485.50424	 364.76141	 335.15107	        P1	
 123.58290	 352.38429	  76.19408	        P1	
 337.96140	 460.13813	 376.33709	        P1	
 244.64370	 142.70108	 144.15098	        P1	
 171.50280	 100.47320	 236.30467	        P1	
  71.87985	 358.93689	 158.05125	        P1	
 185.37435	 412.81381	 390.75216	        P1	
 315.26250	 449.94521	 488.05409	        P1	
   8.82735	 283.21792	 209.53379	        P1	
 335.43930	 393.15601	 112.74667	        P1	
  94.57875	 456.49781	 210.04859	        P1	
 127.36605	 181.28860	 137.45827	        P1	
 213.11745	 207.49900	 203.87069	        P1	
 235.81635	 143.42912	 393.32631	        P1	
 209.33430	  53.87692	 282.12411	        P1	
 126.10500	  36.40332	  42.73049	        P1	
  79.44615	 187.11312	 296.02439	        P1	
 456.50009	 445.57681	 433.99746	        P1	
 453.97799	 362.57721	 112.74667	        P1	
 272.38680	 165.99920	 366.04057	        P1	
 102.14505	 146.34140	 308.89499	        P1	
  98.36190	 460.13813	 152.38822	        P1	
 243.38265	 207.49900	 135.91380	        P1	
 123.58290	  96.10480	  32.43397	        P1	
 142.49865	 367.67369	 466.94624	        P1	
  54.22515	  77.90312	 376.33709	        P1	
 343.00560	 116.49068	  71.56065	        P1	
 116.01660	 364.03333	 380.97051	        P1	
   8.82735	  96.83288	 429.87884	        P1	
 119.79975	 270.11272	  47.36392	        P1	
 298.86885	 408.44541	 129.73590	        P1	
  70.61880	 232.98132	  85.97579	        P1	
  42.87570	 455.76973	 368.61471	        P1	
 486.76529	 345.10361	 137.45827	        P1	
 436.32330	 144.15720	  63.32347	        P1	
 442.62855	  42.95592	 455.10531	        P1	
 108.45030	 401.89281	 372.21847	        P1	
 143.75970	 304.33189	 207.47445	        P1	
 284.99730	 196.57800	 488.05409	        P1	
 493.07054	  26.93848	 485.47994	        P1	
 245.90475	 318.16513	 129.22109	        P1	
  50.44200	 433.92773	 407.22658	        P1	
 453.97799	  30.57880	 333.60659	        P1	
 284.99730	 382.96309	  76.19408	        P1	
 349.31085	 206.04289	  53.02695	        P1	
  66.83565	 463.77849	 226.00815	        P1	
 184.11330	 215.50772	 183.27772	        P1	
 223.20585	   6.55260	 129.73590	        P1	
   5.04420	  16.01748	 466.94624	        P1	
   1.26105	 262.83209	  45.30458	        P1	
 360.66030	 337.82293	  41.18602	        P1	
 350.57190	 480.52401	 162.16987	        P1	
 233.29425	 104.11352	 485.99481	        P1	
 471.63269	  33.49108	 256.89765	        P1	
 297.60780	 285.40213	 127.67662	        P1	
 134.93235	 174.00792	 147.75479	        P1	
  27.74310	 200.94640	 433.99746	        P1	
 296.34675	  73.53472	 127.67662	        P1	
 146.28180	 416.45413	 283.66859	        P1	
 450.19484	 273.02501	 290.36129	        P1	
 364.44345	 351.65621	   1.54447	        P1	
   3.78315	 455.04169	  96.27225	        P1	
  45.39780	 122.31520	 160.62540	        P1	
 230.77215	 147.79752	 450.47188	        P1	
 428.75700	 461.59429	  32.94878	        P1	
 322.82880	 381.50693	 350.08101	        P1	
  71.87985	  56.06112	 127.67662	        P1	
 228.25005	 312.34061	 125.10247	        P1	
 496.85369	 493.62921	 420.09719	        P1	
 148.80390	 484.89241	 457.16459	        P1	
 187.89645	 440.48033	   4.11862	        P1	
 490.54844	  32.76300	 106.56877	        P1	
 399.75285	  12.37712	  30.37469	        P1	
 199.24590	 225.70069	 324.85455	        P1	
 418.66860	 340.73521	 483.42066	        P1	
 172.76385	  64.79792	 221.88959	        P1	
 437.58435	 488.53273	 164.74402	        P1	
 445.15065	 201.67449	 275.43135	        P1	
 255.99315	 404.07701	 401.56349	        P1	
  23.95995	 155.07820	 240.93809	        P1	
 305.17410	 461.59429	 440.69017	        P1	
  66.83565	  53.14888	 423.70094	        P1	
 295.08570	 173.27989	 459.22387	        P1	
 143.75970	  16.01748	 331.03245	        P1	
 372.00975	 141.97300	 234.76019	        P1	
 346.78875	 367.67369	 459.22387	        P1	
 301.39095	 350.20009	 238.36395	        P1	
 365.70450	 263.56012	 431.93818	        P1	
 361.92135	 123.04328	 490.11337	        P1	
 447.67274	 450.67329	 219.83025	        P1	
 230.77215	 273.02501	 217.77097	        P1	
 404.79705	 312.34061	 384.57426	        P1	
 433.80120	 267.92852	 294.47991	        P1	
  47.91990	 195.12189	  28.31535	        P1	
  22.69890	 352.38429	 219.83025	        P1	
 114.75555	   9.46488	 119.43938	        P1	
  51.70305	 242.44621	 112.74667	        P1	
 184.11330	 333.45453	 246.60119	        P1	
 430.01805	 334.18261	 267.19417	        P1	
  47.91990	 412.08573	 337.72521	        P1	
 287.51940	 317.43709	 286.24267	        P1	
 332.91720	 225.70069	 374.27774	        P1	
 374.53185	 286.13021	  81.85717	        P1	
  49.18095	 175.46409	 422.15647	        P1	
 378.31500	  71.35052	 296.02439	        P1	
 224.46690	 231.52521	 458.70906	        P1	
 230.77215	 204.58672	  16.47442	        P1	
 102.14505	  47.32432	  10.29652	        P1	
 128.62710	 329.08613	 294.47991	        P1	
  61.79145	 436.11193	 158.56612	        P1	
 435.06225	 389.51569	 213.65235	        P1	
 389.66445	  47.32432	 475.18348	        P1	
  20.17680	 330.54229	 280.06477	        P1	
 315.26250	  39.31560	 440.17536	        P1	
 320.30670	  82.99960	 112.74667	        P1	
  87.01245	  92.46448	 428.33437	        P1	
 244.64370	  26.21040	 118.92457	        P1	
  13.87155	 409.90153	 345.44759	        P1	
   7.56630	 356.75269	 361.92194	        P1	
 332.91720	 129.59588	 230.64157	        P1	
  52.96410	 431.01549	 417.52304	        P1	
 481.72109	 407.71733	 123.04319	        P1	
 109.71135	 289.04249	 125.61728	        P1	
 225.72795	 181.28860	  57.14557	        P1	
 145.02075	 424.46289	 287.78715	        P1	
 346.78875	  12.37712	 350.08101	        P1	
  29.00415	 150.70980	 186.88147	        P1	
 312.74040	  94.64868	 479.30204	        P1	
 163.93650	 123.77132	 110.68739	        P1	
 419.92965	  16.74552	 387.14841	        P1	
 477.93794	 334.18261	 345.96239	        P1	
   5.04420	  97.56092	 487.53928	        P1	
 143.75970	 302.87573	 164.74402	        P1	
 242.12160	 237.34972	  79.79789	        P1	
 110.97240	 138.33268	 188.94075	        P1	
  21.43785	 472.51529	 409.80067	        P1	
 471.63269	  26.21040	 111.20220	        P1	
 116.01660	 353.84041	 433.99746	        P1	
  13.87155	 303.60381	  44.78977	        P1	
  71.87985	 312.34061	 475.69829	        P1	
 445.15065	 120.13100	 253.29389	        P1	
 175.28595	 245.35849	 483.93547	        P1	
 234.55530	 339.27909	 201.29655	        P1	
 175.28595	 404.07701	 413.91929	        P1	
  63.05250	  77.17508	 127.16175	        P1	
 279.95310	  59.70148	 391.26697	        P1	
  63.05250	 198.03412	 320.73599	        P1	
 374.53185	 236.62169	 386.63354	        P1	
  17.65470	 298.50733	 380.97051	        P1	
 399.75285	 243.90232	 265.13489	        P1	
 436.32330	 410.62961	 216.22649	        P1	
  68.09670	 305.78801	 372.21847	        P1	
 479.19899	 401.89281	 180.70357	        P1	
 461.54429	   1.45612	 425.76028	        P1	
  13.87155	 191.48152	 345.44759	        P1	
 247.16580	 307.24413	 424.21581	        P1	
 452.71694	 450.67329	  59.20485	        P1	
 346.78875	 389.51569	  34.49325	        P1	
 244.64370	 209.68320	  18.53370	        P1	
  98.36190	 353.84041	 111.20220	        P1	
 462.80534	 447.76101	 483.42066	        P1	
  27.74310	 299.96349	 263.07555	        P1	
 383.35920	 397.52441	 446.35326	        P1	
  31.52625	 207.49900	 279.54997	        P1	
 127.36605	 363.30529	 212.10787	        P1	
 399.75285	 300.69153	 314.55809	        P1	
 233.29425	 436.11193	  65.89762	        P1	
 250.94895	  89.55220	  81.85717	        P1	
  75.66300	 468.87493	  61.26419	        P1	
 346.78875	  22.57008	  63.83828	        P1	
 136.19340	  75.71892	 418.03791	        P1	
 268.60365	 190.02540	 372.21847	        P1	
 220.68375	 441.93649	  59.20485	        P1	
  92.05665	 319.62129	  28.31535	        P1	
  59.26935	  99.74512	 289.84649	        P1	
 337.96140	 487.80469	 405.16724	        P1	
  60.53040	 222.78840	 432.45299	        P1	
 348.04980	  27.66652	 368.61471	        P1	
 436.32330	 115.03452	 380.97051	        P1	
 133.67130	 256.27949	 250.71975	        P1	
  60.53040	 248.99881	 253.29389	        P1	
 119.79975	 257.00752	  78.25342	        P1	
 113.49450	 282.48989	 304.77637	        P1	
 382.09815	 210.41129	 385.08907	        P1	
 138.71550	 495.08533	 152.38822	        P1	
 456.50009	 299.96349	  94.72778	        P1	
 286.25835	  54.60500	  20.07817	        P1	
  12.61050	 378.59469	 317.13217	        P1	
 464.06639	 397.52441	 378.39637	        P1	
 461.54429	 113.57840	 481.87619	        P1	
 485.50424	 251.18301	 413.91929	        P1	
 443.88960	 142.70108	 374.27774	        P1	
 418.66860	 384.41921	 353.68477	        P1	
 349.31085	 401.16473	  16.47442	        P1	
 314.00145	 277.39341	 420.09719	        P1	
 354.35505	 171.09569	 466.94624	        P1	
 250.94895	 392.42793	 183.27772	        P1	
 368.22660	 353.84041	 106.56877	        P1	
 273.64785	  31.30688	 405.16724	        P1	
 257.25420	 120.85908	  63.83828	        P1	
 102.14505	 114.30648	 405.16724	        P1	
 443.88960	  42.22788	 324.85455	        P1	
  98.36190	 203.85869	 162.68468	        P1	
  29.00415	 497.26953	  41.18602	        P1	
  65.57460	 266.47241	  43.24530	        P1	
  37.83150	  27.66652	 425.76028	        P1	
  75.66300	 136.87652	 226.52302	        P1	
 453.97799	 388.78761	  49.42320	        P1	
 204.29010	 426.64709	 263.07555	        P1	
 348.04980	 307.24413	  61.26419	        P1	
 293.82465	 439.02421	  43.24530	        P1	
 305.17410	 225.70069	 150.32888	        P1	
 437.58435	  92.46448	 415.97857	        P1	
 224.46690	 490.71693	 475.18348	        P1	
  55.48620	 366.94561	  44.78977	        P1	
 151.32600	 471.78721	 254.83837	        P1	
  20.17680	 192.20960	 383.02979	        P1	
 320.30670	  50.96468	 415.97857	        P1	
 196.72380	 334.91069	 151.87335	        P1	
 327.87300	 473.24333	 405.68211	        P1	
 460.28324	 370.58593	 153.93269	        P1	
 382.09815	  88.09608	  46.84905	        P1	
 123.58290	 291.22669	 261.53107	        P1	
  58.00830	 247.54269	 280.06477	        P1	
 141.23760	 371.31401	  24.71160	        P1	
 118.53870	 435.38389	  83.91645	        P1	
 345.52770	 265.01629	 422.15647	        P1	
 375.79290	 174.73600	 477.24276	        P1	
 364.44345	 291.95473	 300.65781	        P1	
 339.22245	 120.13100	 364.49609	        P1	
 128.62710	  81.54348	 145.69545	        P1	
  10.08840	  75.71892	 424.21581	        P1	
 476.67689	 346.55973	 275.94621	        P1	
 490.54844	 249.72689	  45.30458	        P1	
 142.49865	 462.32233	  79.79789	        P1	
 171.50280	 282.48989	  70.01618	        P1	
 166.45860	 212.59549	 440.69017	        P1	
 133.67130	 145.61332	 357.80339	        P1	
 228.25005	  16.74552	 394.87079	        P1	
 108.45030	 431.01549	  70.01618	        P1	
 461.54429	  94.64868	 195.11865	        P1	
 480.46004	 195.84992	 184.82219	        P1	
 119.79975	 165.27112	 493.71718	        P1	
 185.37435	 118.67488	 392.81144	        P1	
 470.37164	 396.79633	 351.62549	        P1	
 132.41025	   9.46488	 120.98385	        P1	
  68.09670	 244.63041	 254.83837	        P1	
 300.12990	 407.71733	 153.93269	        P1	
 442.62855	 453.58553	 399.50421	        P1	
 385.88130	 135.42040	 372.21847	        P1	
 339.22245	 296.32313	  18.01890	        P1	
 296.34675	 249.72689	 181.21837	        P1	
 395.96970	 298.50733	 251.23461	        P1	
 495.59264	  13.83328	 145.69545	        P1	
 470.37164	 124.49940	 197.69279	        P1	
 475.41584	  79.35928	 471.57967	        P1	
 474.15479	 334.91069	 479.30204	        P1	
 225.72795	 420.09449	 207.47445	        P1	
 272.38680	 364.03333	 357.80339	        P1	
 407.31915	 243.90232	 300.65781	        P1	
   7.56630	 438.29613	 493.71718	        P1	
 398.49180	 409.17349	 491.65784	        P1	
 191.67960	 214.05160	 457.16459	        P1	
 330.39510	 164.54309	 286.24267	        P1	
 150.06495	  41.49980	  44.78977	        P1	
  55.48620	 294.13893	 221.88959	        P1	
 136.19340	 270.84081	 135.91380	        P1	
 431.27910	 486.34853	 184.82219	        P1	
 455.23904	  86.63992	 331.54731	        P1	
  78.18510	  74.26280	 483.42066	        P1	
 392.18655	 112.85032	 170.92192	        P1	
 229.51110	  90.28028	 199.75207	        P1	
 171.50280	 301.41961	 341.32897	        P1	
 348.04980	 168.91149	 181.21837	        P1	
 138.71550	 391.69989	 392.81144	        P1	
 481.72109	 483.43629	 145.69545	        P1	
 123.58290	 228.61292	  53.54182	        P1	
  37.83150	  13.10520	 458.70906	        P1	
 295.08570	 349.47201	 310.43947	        P1	
 490.54844	 406.98929	 102.45015	        P1	
 324.08985	 277.39341	 154.44750	        P1	
 225.72795	 488.53273	 314.55809	        P1	
 276.16995	  18.20168	  83.91645	        P1	
 262.29840	 241.71812	 370.15919	        P1	
  81.96825	  44.41208	  77.73855	        P1	
  20.17680	 468.87493	 257.41251	        P1	
  30.26520	 398.98053	  78.25342	        P1	
 481.72109	 136.87652	 245.05671	        P1	
 261.03735	 273.02501	 285.72787	        P1	
 462.80534	 345.83169	 137.97308	        P1	
  88.27350	 187.84120	 395.38559	        P1	
 147.54285	 146.34140	  80.31270	        P1	
 224.46690	 409.17349	 205.92997	        P1	
 343.00560	 308.70029	 170.40705	        P1	
 249.68790	  16.01748	 380.45564	        P1	
 316.52355	 270.11272	  35.00812	        P1	
 259.77630	 198.03412	 419.58238	        P1	
 181.59120	  11.64908	 434.51227	        P1	
 293.82465	 130.32392	 337.72521	        P1	
 258.51525	 118.67488	  83.91645	        P1	
  80.70720	 471.78721	 248.66047	        P1	
 152.58705	  70.62248	 168.86258	        P1	
 326.61195	 163.81500	 471.06486	        P1	
 452.71694	 363.30529	 442.23464	        P1	
 453.97799	 272.29692	 251.23461	        P1	
 272.38680	 364.03333	 493.71718	        P1	
 311.47935	 159.44660	 444.80879	        P1	
 248.42685	 190.02540	 197.69279	        P1	
 195.46275	 175.46409	 355.74404	        P1	
 311.47935	 105.56968	 374.27774	        P1	
 199.24590	 374.22629	 232.18605	        P1	
 474.15479	  99.01708	 442.23464	        P1	
 485.50424	 383.69113	 127.67662	        P1	
 244.64370	 211.13932	 394.87079	        P1	
 143.75970	  85.91188	 131.79518	        P1	
 433.80120	 474.69949	 133.33965	        P1	
 190.41855	 176.92020	 477.24276	        P1	
 385.88130	 447.03293	  48.90839	        P1	
 108.45030	 198.03412	 133.85452	        P1	
 433.80120	 131.05200	   7.72237	        P1	
 432.54015	 248.27072	 294.47991	        P1	
 383.35920	 174.73600	 469.52039	        P1	
  31.52625	 219.14809	 335.66587	        P1	
 375.79290	  21.84200	 223.94887	        P1	
 350.57190	 275.20921	 254.83837	        P1	
 324.08985	 102.65740	 339.78449	        P1	
   0.00000	 320.34933	  36.55259	        P1	
  30.26520	   4.36840	 154.44750	        P1	
 305.17410	 158.71852	 368.61471	        P1	
 201.76800	  23.29812	 376.33709	        P1	
 293.82465	 406.98929	  94.72778	        P1	
 336.70035	  92.46448	 119.43938	        P1	
 273.64785	 108.48192	 203.35589	        P1	
 336.70035	 185.65700	 345.96239	        P1	
 316.52355	  61.88568	 398.98934	        P1	
 123.58290	 141.24492	 201.81142	        P1	
  13.87155	  98.28900	 310.43947	        P1	
 409.84125	 436.11193	 271.31279	        P1	
 404.79705	 248.27072	 425.76028	        P1	
  39.09255	 111.39420	 389.20769	        P1	
  41.61465	 243.90232	 326.91389	        P1	
 489.28739	 473.24333	 133.85452	        P1	
 155.10915	 466.69073	 121.49872	        P1	
 382.09815	 264.28821	  61.77900	        P1	
 330.39510	 409.17349	 108.62805	        P1	
  42.87570	  53.87692	 197.17799	        P1	
 247.16580	 286.85829	 212.10787	        P1	
 181.59120	 455.76973	 455.10531	        P1	
 267.34260	 398.98053	 394.87079	        P1	
 104.66715	 329.81421	 160.62540	        P1	
 407.31915	  54.60500	 223.94887	        P1	
 424.97385	 331.27033	 438.11608	        P1	
 369.48765	 390.97181	 118.92457	        P1	
 407.31915	 155.07820	 291.90577	        P1	
 297.60780	 135.42040	 489.59856	        P1	
 141.23760	 467.41881	 267.19417	        P1	
 418.66860	 219.87612	 123.04319	        P1	
 132.41025	 102.65740	 370.67399	        P1	
 210.59535	 101.20128	 162.68468	        P1	
 118.53870	 112.12228	 273.88687	        P1	
  87.01245	  29.85072	 343.90311	        P1	
  73.14090	  46.59628	 310.95427	        P1	
 182.85225	 455.04169	 107.08358	        P1	
 401.01390	 480.52401	 426.27509	        P1	
 108.45030	 333.45453	  35.00812	        P1	
 351.83295	 372.04209	 219.83025	        P1	
 127.36605	 443.39261	  86.49060	        P1	
  65.57460	 117.94680	  37.06740	        P1	
 383.35920	 299.96349	 397.44487	        P1	
 303.91305	 455.04169	 213.65235	        P1	
 228.25005	 143.42912	  30.37469	        P1	
 291.30255	  21.11392	 228.06749	        P1	
 311.47935	 203.13060	 364.49609	        P1	
 121.06080	 266.47241	  30.88950	        P1	
 221.94480	 393.15601	  49.42320	        P1	
 451.45589	 116.49068	  59.20485	        P1	
 216.90060	  99.01708	   3.60375	        P1	
 457.76114	 347.28781	 271.82759	        P1	
 272.38680	 417.91029	 127.16175	        P1	
 346.78875	 329.81421	 154.44750	        P1	
 311.47935	 390.97181	  37.06740	        P1	
 438.84540	 483.43629	 232.18605	        P1	
 489.28739	 417.91029	  63.83828	        P1	
 184.11330	 495.08533	 407.22658	        P1	
 187.89645	  76.44700	  13.90027	        P1	
 278.69205	 491.44501	  80.31270	        P1	
 442.62855	 289.04249	 448.41254	        P1	
 279.95310	 397.52441	 383.02979	        P1	
 477.93794	 284.67409	  57.66038	        P1	
  39.09255	  42.95592	 368.61471	        P1	
 322.82880	 471.78721	 304.26157	        P1	
  60.53040	 151.43788	 453.04597	        P1	
 408.58020	 269.38469	 391.26697	        P1	
 143.75970	  14.56132	 456.64978	        P1	
  63.05250	 254.82332	 462.82768	        P1	
 308.95725	 224.97260	 401.56349	        P1	
 196.72380	  77.17508	 207.47445	        P1	
 351.83295	 485.62049	  57.66038	        P1	
 421.19070	 222.78840	 396.93006	        P1	
 317.78460	 265.01629	 280.06477	        P1	
 191.67960	 174.73600	 366.04057	        P1	
  42.87570	 250.45492	  92.15369	        P1	
 330.39510	 454.31361	  63.32347	        P1	
 300.12990	 486.34853	 166.28849	        P1	
  35.30940	 301.41961	 308.89499	        P1	
 233.29425	 114.30648	 267.70897	        P1	
 165.19755	 105.56968	   2.05928	        P1	
  80.70720	 230.06909	  70.01618	        P1	
 148.80390	 219.87612	 164.74402	        P1	
 157.63125	 372.04209	 298.59847	        P1	
 185.37435	 160.90272	 413.40448	        P1	
  65.57460	  10.19292	 195.63352	        P1	
  41.61465	 338.55101	 328.97317	        P1	
 330.39510	 152.89400	 261.01627	        P1	
 138.71550	 476.15561	 180.70357	        P1	
 170.24175	 166.72728	  32.94878	        P1	
 283.73625	 398.25249	 281.60925	        P1	
 131.14920	 372.77013	 456.64978	        P1	
 455.23904	 194.39380	 489.59856	        P1	
 461.54429	 154.35012	 123.04319	        P1	
 421.19070	  68.43828	  14.41508	        P1	
  68.09670	 299.96349	 114.80595	        P1	
 165.19755	 133.23620	 358.31819	        P1	
 107.18925	 300.69153	  79.79789	        P1	
  47.91990	 393.15601	  67.95690	        P1	
  89.53455	 194.39380	 267.19417	        P1	
 118.53870	 473.24333	 419.58238	        P1	
 189.15750	 493.62921	 452.53116	        P1	
 229.51110	 394.61213	 214.16722	        P1	
 185.37435	 117.21872	 492.17271	        P1	
 443.88960	 203.85869	 331.03245	        P1	
 316.52355	  45.86820	 193.05937	        P1	
 428.75700	 429.55933	 104.50949	        P1	
  73.14090	 278.12149	 139.51755	        P1	
 339.22245	 124.49940	 254.83837	        P1	
 226.98900	 244.63041	 415.46376	        P1	
 489.28739	 439.75229	  77.73855	        P1	
 392.18655	   6.55260	 230.12677	        P1	
 268.60365	   6.55260	 290.36129	        P1	
  46.65885	 120.13100	  20.07817	        P1	
 377.05395	 466.69073	  42.73049	        P1	
 344.26665	 342.91941	 335.15107	        P1	
  52.96410	 463.05041	 427.81956	        P1	
 416.14650	 390.24373	  10.29652	        P1	
  10.08840	 222.78840	  86.49060	        P1	
 113.49450	 200.94640	 481.87619	        P1	
   6.30525	 147.79752	 282.12411	        P1	
 266.08155	 267.20049	 127.16175	        P1	
 456.50009	  59.70148	 405.16724	        P1	
 274.90890	  23.29812	  59.71972	        P1	
 424.97385	 147.79752	  18.01890	        P1	
  10.08840	  48.05240	 440.17536	        P1	
 182.85225	 107.02580	   7.72237	        P1	
 377.05395	 169.63952	 109.14292	        P1	
 390.92550	  40.77172	 127.67662	        P1	
  12.61050	 104.84160	 396.93006	        P1	
 477.93794	 182.74472	 343.90311	        P1	
 218.16165	 281.76181	  92.66850	        P1	
 175.28595	  24.02620	 211.59307	        P1	
 448.93379	 429.55933	 110.68739	        P1	
  12.61050	 467.41881	 117.38010	        P1	
 123.58290	 187.84120	 185.33700	        P1	
 255.99315	 175.46409	 287.78715	        P1	
 148.80390	 117.94680	   7.72237	        P1	
 452.71694	 195.84992	  22.65232	        P1	
 292.56360	 470.33109	 318.67665	        P1	
  59.26935	 281.76181	  80.31270	        P1	
 296.34675	 219.14809	 380.45564	        P1	
 466.58849	 132.50812	  72.07552	        P1	
  22.69890	 393.15601	 222.40439	        P1	
 214.37850	 343.64749	 119.43938	        P1	
 147.54285	  77.90312	   4.11862	        P1	
 141.23760	 334.91069	 212.10787	        P1	
 229.51110	 493.62921	 395.38559	        P1	
 314.00145	 341.46329	  59.20485	        P1	
 339.22245	 220.60420	 315.07289	        P1	
 366.96555	  37.13140	 223.94887	        P1	
 292.56360	  72.80668	 372.73327	        P1	
  90.79560	 410.62961	 236.30467	        P1	
  95.83980	  49.50852	   5.66310	        P1	
 157.63125	  16.74552	 326.91389	        P1	
 460.28324	 217.69192	 228.06749	        P1	
 359.39925	 264.28821	 352.14029	        P1	
 278.69205	  73.53472	  41.18602	        P1	
 208.07325	  70.62248	 477.75757	        P1	
 107.18925	 123.04328	 385.08907	        P1	
 127.36605	  45.86820	 131.28037	        P1	
 238.33845	   5.09648	 349.56614	        P1	
 252.21000	 465.96269	 368.09984	        P1	
 351.83295	 261.37592	 469.00558	        P1	
 403.53600	 467.41881	 415.46376	        P1	
 379.57605	 136.14848	 428.33437	        P1	
  30.26520	 481.98013	 238.87881	        P1	
 243.38265	  79.35928	 275.43135	        P1	
 303.91305	 280.30569	 205.92997	        P1	
 152.58705	 134.69232	  98.33159	        P1	
 427.49595	 283.21792	 475.18348	        P1	
 402.27495	 361.84913	 133.85452	        P1	
 364.44345	 313.79673	  92.15369	        P1	
   3.78315	 150.70980	 308.89499	        P1	
 297.60780	 366.94561	  57.14557	        P1	
 127.36605	 127.41168	 107.08358	        P1	
 399.75285	  31.30688	   2.05928	        P1	
 490.54844	  85.18380	 199.23727	        P1	
 489.28739	 154.35012	 473.63901	        P1	
  88.27350	 157.26240	 426.27509	        P1	
 264.82050	 481.98013	 152.38822	        P1	
 224.46690	 374.22629	 212.10787	        P1	
 349.31085	 471.05913	 418.03791	        P1	
 234.55530	 145.61332	 343.90311	        P1	
 156.37020	 406.26121	 310.43947	        P1	
 312.74040	 195.12189	 436.05674	        P1	
 181.59120	 231.52521	  81.85717	        P1	
 290.04150	 171.82372	 345.44759	        P1	
 493.07054	 278.84952	 152.38822	        P1	
 348.04980	 362.57721	 160.62540	        P1	
 479.19899	 364.03333	 296.02439	        P1	
 148.80390	 147.06948	 366.55537	        P1	
 477.93794	 258.46369	 181.21837	        P1	
 263.55945	 455.04169	 201.29655	        P1	
  40.35360	 481.98013	 102.96502	        P1	
 156.37020	 251.91109	 182.76285	        P1	
 179.06910	 192.20960	 162.16987	        P1	
 194.20170	 278.12149	 368.09984	        P1	
 303.91305	 270.11272	  22.65232	        P1	
 327.87300	 364.03333	 350.08101	        P1	
 219.42270	 122.31520	 328.97317	        P1	
 123.58290	 275.20921	 100.39087	        P1	
 116.01660	 167.45532	  65.89762	        P1	
 388.40340	 115.03452	 238.87881	        P1	
 353.09400	 190.75349	 415.97857	        P1	
 200.50695	 335.63873	 123.04319	        P1	
 293.82465	 305.05993	 413.40448	        P1	
  75.66300	 253.36721	 228.58229	        P1	
  95.83980	 193.66572	  92.15369	        P1	
  20.17680	 348.01589	  90.09435	        P1	
 220.68375	 415.72609	  90.09435	        P1	
 131.14920	 142.70108	 170.40705	        P1	
 319.04565	 345.83169	 366.55537	        P1	
  31.52625	 452.12941	 345.96239	        P1	
 287.51940	 132.50812	 129.22109	        P1	
 430.01805	 246.81461	 261.01627	        P1	
  83.22930	 278.12149	 409.80067	        P1	
 409.84125	   8.00872	  79.79789	        P1	
 127.36605	 468.14689	  32.94878	        P1	
 322.82880	  32.03492	 320.73599	        P1	
  90.79560	 179.10440	 199.23727	        P1	
 103.40610	 180.56052	 331.54731	        P1	
 119.79975	 492.90113	 370.15919	        P1	
 311.47935	 427.37513	 308.38019	        P1	
 432.54015	  79.35928	 219.83025	        P1	
 147.54285	 468.14689	 310.95427	        P1	
 288.78045	 345.83169	 255.35317	        P1	
 314.00145	  24.02620	 197.69279	        P1	
  11.34945	  93.92060	 129.73590	        P1	
 126.10500	 365.48949	 324.85455	        P1	
  23.95995	  63.34180	  80.31270	        P1	
  75.66300	 436.84001	 137.45827	        P1	
 365.70450	 496.54149	 485.47994	        P1	
  16.39365	 190.02540	 261.01627	        P1	
 114.75555	  67.71020	  81.85717	        P1	
 407.31915	  91.00832	 172.46639	        P1	
 355.61610	 182.01669	  71.56065	        P1	
 119.79975	 255.55141	 321.25079	        P1	
 233.29425	  44.41208	 440.69017	        P1	
 244.64370	 173.27989	 236.81947	        P1	
  83.22930	  74.26280	 395.38559	        P1	
 320.30670	 422.27869	 417.52304	        P1	
 293.82465	 318.16513	 238.87881	        P1	
 104.66715	 259.91981	 333.60659	        P1	
 290.04150	 265.01629	   8.23718	        P1	
  93.31770	 321.80549	 380.45564	        P1	
  55.48620	 362.57721	 197.69279	        P1	
 461.54429	 305.78801	  86.49060	        P1	
   8.82735	  13.83328	 131.79518	        P1	
  50.44200	  21.84200	 273.37207	        P1	
 234.55530	   0.00000	 450.98669	        P1	
  37.83150	 403.34893	 288.30201	        P1	
 171.50280	 285.40213	 195.63352	        P1	
 476.67689	 123.77132	 320.73599	        P1	
  83.22930	 267.92852	 401.04869	        P1	
  88.27350	 396.06829	 158.05125	        P1	
 235.81635	  15.28940	 339.78449	        P1	
 286.25835	 198.76220	 352.14029	        P1	
 161.41440	 419.36641	 322.79527	        P1	
  84.49035	 341.46329	 164.22915	        P1	
  60.53040	 323.26161	  44.78977	        P1	
 392.18655	  13.83328	 491.65784	        P1	
  84.49035	  16.74552	 492.17271	        P1	
 262.29840	 125.22748	 280.06477	        P1	
 147.54285	 191.48152	 362.43681	        P1	
 233.29425	 357.48073	 116.86529	        P1	
  22.69890	  17.47360	 407.74139	        P1	
 470.37164	 271.56889	 249.17527	        P1	
 102.14505	 181.28860	 463.34249	        P1	
 269.86470	 486.34853	 413.40448	        P1	
 464.06639	 371.31401	 390.75216	        P1	
 271.12575	 312.34061	 234.76019	        P1	
 153.84810	 189.29732	 129.22109	        P1	
  80.70720	  42.22788	 415.97857	        P1	
  92.05665	 137.60460	 420.09719	        P1	
 250.94895	 265.74432	  28.83022	        P1	
 320.30670	 123.77132	 424.21581	        P1	
 153.84810	 307.24413	 300.65781	        P1	
 175.28595	 485.62049	 304.77637	        P1	
 298.86885	 334.18261	 279.54997	        P1	
 252.21000	 289.77053	 172.46639	        P1	
  88.27350	 350.92813	 308.38019	        P1	
 452.71694	 187.11312	 419.58238	        P1	
 374.53185	  96.83288	 238.36395	        P1	
 353.09400	 157.26240	  98.84640	        P1	
 258.51525	  24.02620	 432.45299	        P1	
 426.23490	 219.87612	   4.11862	        P1	
 379.57605	 331.27033	  92.15369	        P1	
 252.21000	 205.31480	  43.24530	        P1	
  71.87985	 364.76141	 364.49609	        P1	
 158.89230	 139.78880	 432.45299	        P1	
  65.57460	 366.94561	 211.59307	        P1	
 336.70035	 357.48073	  98.33159	        P1	
 229.51110	 352.38429	 256.89765	        P1	
 186.63540	 219.87612	 172.46639	        P1	
 187.89645	 433.19969	 181.21837	        P1	
 335.43930	  17.47360	 217.77097	        P1	
  92.05665	 390.97181	  50.96767	        P1	
  76.92405	  28.39460	 415.46376	        P1	
 432.54015	 169.63952	 374.79261	        P1	
 384.62025	 472.51529	  76.19408	        P1	
 408.58020	 116.49068	 187.39627	        P1	
 431.27910	 182.01669	 465.40177	        P1	
 121.06080	  64.06988	 267.70897	        P1	
 424.97385	 494.35729	 156.50678	        P1	
 331.65615	 219.14809	 417.52304	        P1	
 464.06639	 324.71773	 189.45562	        P1	
  74.40195	 444.84873	 479.81691	        P1	
 128.62710	 452.85749	 331.03245	        P1	
 437.58435	 291.95473	 326.91389	        P1	
 330.39510	 138.33268	 465.40177	        P1	
 295.08570	 404.80509	  15.95955	        P1	
 175.28595	 383.69113	 469.00558	        P1	
 325.35090	 259.19172	 228.06749	        P1	
 485.50424	 322.53353	 394.87079	        P1	
 226.98900	 490.71693	 289.84649	        P1	
 467.84954	 220.60420	 117.38010	        P1	
 283.73625	 227.88489	 448.41254	        P1	
  32.78730	 490.71693	 405.68211	        P1	
  12.61050	 339.27909	 429.87884	        P1	
 452.71694	 393.88409	 107.08358	        P1	
 143.75970	 278.12149	 323.31007	        P1	
 298.86885	 404.07701	 390.75216	        P1	
 314.00145	 342.91941	 333.60659	        P1	
 495.59264	  24.02620	 261.01627	        P1	
 147.54285	 465.23461	 489.59856	        P1	
 262.29840	 147.06948	 485.47994	        P1	
 147.54285	 361.84913	 265.13489	        P1	
  97.10085	  95.37672	 325.36941	        P1	
 134.93235	  10.92100	 403.10796	        P1	
  41.61465	 309.42833	   4.11862	        P1	
 230.77215	 316.70901	 407.74139	        P1	
 108.45030	 474.69949	 471.57967	        P1	
   5.04420	 407.71733	 419.58238	        P1	
 158.89230	 480.52401	 117.38010	        P1	
 366.96555	 338.55101	  43.24530	        P1	
 243.38265	   5.09648	 236.81947	        P1	
 411.10230	 158.71852	 277.49069	        P1	
 431.27910	 350.92813	 214.16722	        P1	
  49.18095	 303.60381	 117.38010	        P1	
 365.70450	 390.24373	 405.68211	        P1	
 203.02905	 131.78008	 366.55537	        P1	
 109.71135	 350.20009	 483.93547	        P1	
 370.74870	 454.31361	 186.88147	        P1	
 293.82465	 159.44660	 135.91380	        P1	
 337.96140	 313.06869	 298.59847	        P1	
 254.73210	 232.98132	 177.09982	        P1	
 472.89374	 277.39341	 186.88147	        P1	
 243.38265	 178.37632	 455.10531	        P1	
  54.22515	   0.72808	  82.37198	        P1	
   7.56630	  34.94720	 413.91929	        P1	
 385.88130	 133.96428	 255.35317	        P1	
 176.54700	 168.91149	 300.14295	        P1	
   0.00000	 483.43629	 182.76285	        P1	
 482.98214	 449.21713	  59.71972	        P1	
 445.15065	 450.67329	 448.41254	        P1	
 402.27495	 134.69232	 450.47188	        P1	
  11.34945	 393.88409	 385.08907	        P1	
 407.31915	 191.48152	 357.80339	        P1	
  73.14090	 318.89321	  80.31270	        P1	
 228.25005	 160.90272	  41.18602	        P1	
 282.47520	 490.71693	 121.49872	        P1	
 498.11474	  19.65780	 390.75216	        P1	
 268.60365	 424.46289	 368.09984	        P1	
  10.08840	 173.27989	 107.08358	        P1	
 388.40340	 329.08613	 442.74951	        P1	
 494.33159	 342.19133	 102.96502	        P1	
 279.95310	 331.99841	 261.01627	        P1	
 442.62855	 252.63912	  28.83022	        P1	
 136.19340	 126.68360	 125.10247	        P1	
  12.61050	 417.91029	 267.70897	        P1	
 402.27495	 270.11272	 326.91389	        P1	
 160.15335	 476.88369	 102.45015	        P1	
 192.94065	 485.62049	 385.08907	        P1	
   7.56630	 476.15561	 327.42869	        P1	
 345.52770	  24.75428	 304.77637	        P1	
 184.11330	 327.63001	 253.29389	        P1	
 350.57190	  72.80668	 298.59847	        P1	
 196.72380	 471.78721	 372.21847	        P1	
 116.01660	  68.43828	  70.01618	        P1	
  89.53455	 254.09529	 212.10787	        P1	
 336.70035	 147.79752	   4.11862	        P1	
 435.06225	 251.18301	 366.04057	        P1	
  71.87985	 363.30529	 409.80067	        P1	
 257.25420	 199.49029	  82.37198	        P1	
 317.78460	  46.59628	 207.47445	        P1	
 167.71965	 392.42793	  10.29652	        P1	
 196.72380	 263.56012	  90.60922	        P1	
 427.49595	 340.00713	 492.17271	        P1	
 335.43930	 311.61253	 191.00009	        P1	
 277.43100	 394.61213	 339.26969	        P1	
  88.27350	 371.31401	 125.10247	        P1	
 413.62440	 265.01629	  76.19408	        P1	
 368.22660	 128.13972	  30.37469	        P1	
 201.76800	 410.62961	 440.17536	        P1	
 156.37020	 381.50693	 343.90311	        P1	
 360.66030	 407.71733	  67.44209	        P1	
 221.94480	 230.06909	 108.62805	        P1	
 446.41170	 187.84120	 321.25079	        P1	
   1.26105	  61.88568	 182.76285	        P1	
 340.48350	 206.77092	 115.32082	        P1	
 176.54700	 129.59588	 238.36395	        P1	
 165.19755	 374.95433	  67.44209	        P1	
 195.46275	 104.11352	 226.52302	        P1	
 325.35090	 221.33229	 107.08358	        P1	
 113.49450	 165.99920	 372.21847	        P1	
 278.69205	 481.25209	 341.84377	        P1	
 225.72795	 220.60420	 481.87619	        P1	
 228.25005	 447.76101	 222.40439	        P1	
  16.39365	 456.49781	 223.94887	        P1	
  71.87985	 248.27072	 444.29398	        P1	
  35.30940	  50.96468	 158.05125	        P1	
 319.04565	 363.30529	  70.01618	        P1	
  68.09670	  82.99960	 106.56877	        P1	
 365.70450	 439.75229	 354.19957	        P1	
 254.73210	 187.84120	 193.05937	        P1	
 404.79705	 184.20089	 273.88687	        P1	
 339.22245	 404.07701	 131.28037	        P1	
   6.30525	 376.41049	 409.80067	        P1	
 440.10645	  37.13140	  20.07817	        P1	
 324.08985	 281.76181	  55.60110	        P1	
  83.22930	 334.91069	 374.27774	        P1	
 239.59950	 390.24373	 424.21581	        P1	
 368.22660	 272.29692	 461.28321	        P1	
 482.98214	  85.18380	 458.70906	        P1	
  97.10085	  60.42952	 129.22109	        P1	
  20.17680	  81.54348	 287.78715	        P1	
  11.34945	 439.02421	  75.67927	        P1	
 392.18655	 369.12981	 154.44750	        P1	
 489.28739	 298.50733	  73.61999	        P1	
 160.15335	 309.42833	  59.71972	        P1	
 484.24319	  36.40332	 401.04869	        P1	
 234.55530	 218.42000	  43.24530	        P1	
  32.78730	 149.98172	 197.17799	        P1	
 204.29010	 177.64829	 304.77637	        P1	
  21.43785	  28.39460	 290.36129	        P1	
  93.31770	 163.08692	  36.55259	        P1	
  99.62295	 163.81500	 464.88696	        P1	
 414.88545	 476.88369	 403.62277	        P1	
 114.75555	 418.63833	 339.26969	        P1	
  69.35775	 190.02540	 191.51489	        P1	
 409.84125	 382.23501	 395.38559	        P1	
  25.22100	 438.29613	 481.36138	        P1	
 248.42685	 334.18261	 407.74139	        P1	
  97.10085	 128.86780	 409.28586	        P1	
 268.60365	 305.05993	 382.51499	        P1	
 455.23904	 456.49781	 458.70906	        P1	
 122.32185	 495.81341	 149.81407	        P1	
 128.62710	 276.66532	 158.56612	        P1	
 480.46004	 305.05993	  78.25342	        P1	
 374.53185	 134.69232	 240.42329	        P1	
 192.94065	 281.76181	 179.15910	        P1	
 326.61195	 395.34021	 172.98120	        P1	
 296.34675	  35.67528	 479.30204	        P1	
 404.79705	  37.13140	  69.50137	        P1	
 451.45589	 326.17389	 341.84377	        P1	
 247.16580	 125.22748	 366.55537	        P1	
 343.00560	 321.80549	 236.81947	        P1	
 220.68375	 220.60420	 247.11599	        P1	
 498.11474	 328.35809	 459.22387	        P1	
 244.64370	 410.62961	 296.53919	        P1	
 456.50009	  24.75428	 403.62277	        P1	
 402.27495	 485.62049	 317.13217	        P1	
 431.27910	  52.42080	 345.96239	        P1	
  42.87570	 385.87533	 110.68739	        P1	
 393.44760	 333.45453	 282.12411	        P1	
 341.74455	 374.95433	 257.41251	        P1	
  12.61050	 256.27949	 485.47994	        P1	
  25.22100	  65.52600	  43.24530	        P1	
 349.31085	 463.77849	 273.88687	        P1	
 224.46690	 122.31520	  44.78977	        P1	
 433.80120	 173.27989	  34.49325	        P1	
 491.80949	 128.13972	 380.97051	        P1	
 286.25835	 261.37592	  79.79789	        P1	
 254.73210	   4.36840	 217.77097	        P1	
 267.34260	  58.24532	 195.63352	        P1	
  60.53040	 279.57761	 197.69279	        P1	
 392.18655	  48.78048	 378.91117	        P1	
 156.37020	 125.22748	 164.22915	        P1	
 109.71135	 433.19969	 386.63354	        P1	
 232.03320	 483.43629	 127.16175	        P1	
 163.93650	 196.57800	 407.74139	        P1	
 489.28739	 120.85908	  28.31535	        P1	
 312.74040	 199.49029	  39.12668	        P1	
 416.14650	  23.29812	  84.43132	        P1	
 288.78045	 405.53313	 368.61471	        P1	
 368.22660	 318.89321	 395.38559	        P1	
  63.05250	 308.70029	 107.08358	        P1	
 430.01805	   6.55260	 217.77097	        P1	
 372.00975	 255.55141	 203.87069	        P1	
 465.32744	 124.49940	 341.32897	        P1	
 182.85225	 463.77849	 485.47994	        P1	
 440.10645	 485.62049	  71.56065	        P1	
 422.45175	  44.41208	 300.14295	        P1	
 464.06639	  64.06988	 378.91117	        P1	
 201.76800	 101.92932	  53.54182	        P1	
   5.04420	  85.91188	  22.13745	        P1	
  31.52625	 258.46369	 409.80067	        P1	
 146.28180	 139.78880	 304.26157	        P1	
 213.11745	 425.91901	 149.81407	        P1	
 491.80949	 138.33268	 168.86258	        P1	
 442.62855	 466.69073	 411.86001	        P1	
 302.65200	 471.78721	 155.99197	        P1	
  83.22930	 149.98172	 245.05671	        P1	
 491.80949	 240.26201	 168.34777	        P1	
 409.84125	 372.04209	 473.12414	        P1	
 155.10915	  86.63992	 382.51499	        P1	
 219.42270	 359.66493	 269.76831	        P1	
 441.36750	 141.24492	 183.27772	        P1	
 233.29425	 340.00713	  67.44209	        P1	
 247.16580	 183.47280	 247.11599	        P1	
 228.25005	 466.69073	 300.65781	        P1	
 192.94065	 417.18221	  75.67927	        P1	
  73.14090	 381.50693	 431.93818	        P1	
  30.26520	 180.56052	 246.60119	        P1	
 490.54844	 117.21872	 121.49872	        P1	
  84.49035	 281.76181	 117.38010	        P1	
 495.59264	 478.33981	 273.37207	        P1	
 382.09815	 114.30648	 232.18605	        P1	
 364.44345	  24.02620	 148.26960	        P1	
  10.08840	 409.17349	 415.97857	        P1	
 303.91305	 307.97221	 475.69829	        P1	
  10.08840	 413.54189	  22.13745	        P1	
 181.59120	 372.77013	 269.76831	        P1	
 167.71965	 203.13060	 370.67399	        P1	
 377.05395	  16.74552	 448.92741	        P1	
 375.79290	 106.29772	 257.41251	        P1	
 393.44760	 428.10321	 327.42869	        P1	
 186.63540	  13.10520	 415.46376	        P1	
 430.01805	 259.91981	 296.53919	        P1	
  41.61465	 188.56929	 100.90568	        P1	
 465.32744	 356.02461	 155.99197	        P1	
 366.96555	 471.05913	 177.09982	        P1	
 488.02634	 372.04209	 201.29655	        P1	
 402.27495	 447.76101	 143.63617	        P1	
 327.87300	  80.08732	 462.82768	        P1	
  18.91575	  37.13140	 359.86267	        P1	
 253.47105	 468.14689	 317.13217	        P1	
 129.88815	 287.58632	 326.91389	        P1	
 438.84540	  10.19292	 123.04319	        P1	
 482.98214	  10.92100	 438.63089	        P1	
 172.76385	 492.90113	 178.64429	        P1	
 291.30255	   0.72808	  20.59298	        P1	
 442.62855	 473.97141	 372.21847	        P1	
 440.10645	  86.63992	 387.14841	        P1	
 199.24590	 101.92932	 413.40448	        P1	
 392.18655	  58.97340	 352.14029	        P1	
 286.25835	 318.16513	 438.11608	        P1	
 455.23904	 353.11233	  47.36392	        P1	
 247.16580	 234.43749	 139.51755	        P1	
 374.53185	  51.69272	 115.32082	        P1	
 489.28739	 323.26161	 433.99746	        P1	
  15.13260	 317.43709	 385.08907	        P1	
 363.18240	 149.98172	  18.01890	        P1	
 388.40340	 101.92932	 326.91389	        P1	
 232.03320	 107.75388	  83.91645	        P1	
   8.82735	 239.53392	 203.35589	        P1	
 234.55530	  96.10480	 452.53116	        P1	
 418.66860	 391.69989	 201.29655	        P1	
 350.57190	 177.64829	 354.19957	        P1	
 302.65200	 426.64709	  20.59298	        P1	
 424.97385	 351.65621	 155.99197	        P1	
  52.96410	 348.01589	 448.41254	        P1	
  88.27350	  81.54348	 269.25345	        P1	
 432.54015	 243.90232	 277.49069	        P1	
 490.54844	 357.48073	 102.96502	        P1	
 377.05395	 473.97141	 154.44750	        P1	
 445.15065	 240.99009	 429.87884	        P1	
 418.66860	 160.17469	 249.17527	        P1	
 303.91305	 348.74393	 370.15919	        P1	
 293.82465	  67.71020	 191.51489	        P1	
 355.61610	 289.77053	 184.82219	        P1	
 249.68790	 442.66453	 475.18348	        P1	
 310.21830	 439.75229	 409.80067	        P1	
   0.00000	 442.66453	 374.79261	        P1	
 448.93379	 190.75349	 354.19957	        P1	
 142.49865	 128.86780	 421.64166	        P1	
 442.62855	 322.53353	 467.46111	        P1	
 109.71135	 111.39420	 203.87069	        P1	
  50.44200	  75.71892	 257.41251	        P1	
 311.47935	 191.48152	 195.63352	        P1	
  35.30940	 104.84160	 100.39087	        P1	
 259.77630	 208.22709	 403.62277	        P1	
 266.08155	 121.58712	 177.09982	        P1	
  80.70720	 352.38429	  76.19408	        P1	
 273.64785	  98.28900	  61.77900	        P1	
 474.15479	 473.24333	 177.09982	        P1	
  61.79145	 134.69232	  65.89762	        P1	
 184.11330	 487.80469	  96.27225	        P1	
 363.18240	  82.99960	 168.34777	        P1	
  52.96410	 323.26161	 409.28586	        P1	
 301.39095	 227.88489	 205.92997	        P1	
  61.79145	 328.35809	 275.43135	        P1	
 437.58435	 197.30609	 317.13217	        P1	
   5.04420	  96.10480	   7.72237	        P1	
 406.05810	 436.84001	 376.85189	        P1	
  78.18510	 116.49068	 331.03245	        P1	
 287.51940	 281.03373	 405.68211	        P1	
   0.00000	 101.92932	 141.57689	        P1	
  68.09670	 211.13932	 221.88959	        P1	
 467.84954	 200.21832	  96.78712	        P1	
  74.40195	 307.97221	 236.30467	        P1	
 215.63955	 208.95512	 184.82219	        P1	
 240.86055	 176.92020	 353.68477	        P1	
  89.53455	 226.42872	 209.53379	        P1	
 204.29010	 396.06829	 348.02167	        P1	
 488.02634	 287.58632	 251.23461	        P1	
 126.10500	 397.52441	 234.76019	        P1	
 269.86470	  65.52600	 278.00549	        P1	
 213.11745	 344.37553	 469.00558	        P1	
 195.46275	  88.09608	 471.57967	        P1	
 133.67130	  52.42080	 137.45827	        P1	
  89.53455	 332.72649	 324.85455	        P1	
 119.79975	 197.30609	 139.51755	        P1	
 218.16165	 155.07820	 100.39087	        P1	
 148.80390	 310.15641	 322.79527	        P1	
 211.85640	 222.78840	 148.26960	        P1	
 426.23490	  68.43828	 292.42057	        P1	
 335.43930	 352.38429	  70.01618	        P1	
 380.83710	 109.21000	 222.40439	        P1	
 216.90060	 308.70029	 156.50678	        P1	
 167.71965	 488.53273	 296.02439	        P1	
 402.27495	 437.56809	 422.15647	        P1	
 482.98214	 417.18221	 353.68477	        P1	
 373.27080	 270.84081	   0.00000	        P1	
 288.78045	  70.62248	  82.37198	        P1	
 327.87300	   0.00000	   0.00000	        P1	
  52.96410	 198.03412	 399.50421	        P1	
  55.48620	  74.26280	  26.25607	        P1	
 448.93379	 432.47161	 284.18339	        P1	
 277.43100	 438.29613	 313.01361	        P1	
 107.18925	 224.97260	 302.71709	        P1	
 190.41855	 444.84873	 158.56612	        P1	
 230.77215	  58.97340	 413.91929	        P1	
 229.51110	 208.22709	 397.44487	        P1	
 134.93235	 405.53313	 374.79261	        P1	
 163.93650	 310.15641	  32.43397	        P1	
  93.31770	 211.13932	 102.96502	        P1	
 172.76385	  73.53472	 461.28321	        P1	
 189.15750	 473.24333	 485.99481	        P1	
 302.65200	 171.82372	 407.22658	        P1	
 132.41025	 133.23620	 125.10247	        P1	
  18.91575	 235.16552	 444.29398	        P1	
 431.27910	 155.80628	 145.69545	        P1	
 298.86885	 204.58672	 456.64978	        P1	
 418.66860	  56.78920	 236.30467	        P1	
  92.05665	  37.13140	 131.28037	        P1	
 445.15065	 420.09449	 355.74404	        P1	
 272.38680	  62.61372	 302.20229	        P1	
 211.85640	  68.43828	 398.98934	        P1	
 392.18655	 495.81341	 396.93006	        P1	
 344.26665	 293.41089	 114.80595	        P1	
 461.54429	 419.36641	  86.49060	        P1	
 245.90475	 370.58593	 147.75479	        P1	
 230.77215	 194.39380	   7.72237	        P1	
 167.71965	 109.93808	 490.11337	        P1	
 427.49595	 249.72689	  94.72778	        P1	
 110.97240	 473.24333	 308.38019	        P1	
  75.66300	  49.50852	 203.35589	        P1	
 156.37020	 231.52521	 248.66047	        P1	
 252.21000	 409.17349	 244.54185	        P1	
 353.09400	 269.38469	 348.02167	        P1	
 456.50009	 288.31441	 440.17536	        P1	
  88.27350	 414.99801	 464.88696	        P1	
 498.11474	  92.46448	 417.52304	        P1	
 428.75700	 269.38469	 201.29655	        P1	
 358.13820	 112.12228	 454.59044	        P1	
  13.87155	 257.00752	 492.17271	        P1	
 137.45445	 408.44541	 261.01627	        P1	
 481.72109	 256.27949	 360.37747	        P1	
 305.17410	 119.40292	 209.53379	        P1	
 297.60780	 400.43669	  26.77088	        P1	
 186.63540	 115.03452	  79.79789	        P1	
 340.48350	  94.64868	 182.76285	        P1	
 160.15335	  61.88568	 213.65235	        P1	
 428.75700	 273.75309	  51.48248	        P1	
 259.77630	  96.10480	 285.72787	        P1	
 197.98485	  53.14888	 411.34514	        P1	
 142.49865	 210.41129	 120.98385	        P1	
 407.31915	 220.60420	 396.93006	        P1	
 131.14920	 163.08692	  67.44209	        P1	
 421.19070	 449.94521	 211.59307	        P1	
  99.62295	 344.37553	 425.76028	        P1	
  99.62295	 182.74472	 135.39899	        P1	
  92.05665	 278.84952	 289.84649	        P1	
 479.19899	 193.66572	  18.01890	        P1	
 358.13820	 346.55973	 300.65781	        P1	
  69.35775	 238.07781	 421.64166	        P1	
 244.64370	 390.24373	  79.79789	        P1	
 395.96970	 260.64789	  53.02695	        P1	
 157.63125	 344.37553	  53.54182	        P1	
 123.58290	 385.87533	 191.00009	        P1	
   2.52210	 279.57761	 259.47179	        P1	
 160.15335	  58.97340	 234.76019	        P1	
  98.36190	 297.05121	 242.48257	        P1	
 279.95310	 262.10401	 284.18339	        P1	
 291.30255	  34.21912	 333.09179	        P1	
 112.23345	 146.34140	 143.63617	        P1	
 182.85225	 121.58712	 394.87079	        P1	
 257.25420	 479.06789	 385.08907	        P1	
 311.47935	 305.05993	 123.04319	        P1	
  73.14090	 393.15601	  50.96767	        P1	
 305.17410	 263.56012	 214.16722	        P1	
 336.70035	  40.04368	 417.52304	        P1	
 389.66445	 137.60460	 302.71709	        P1	
 472.89374	 350.20009	 286.24267	        P1	
 368.22660	 324.71773	 411.86001	        P1	
 330.39510	 422.27869	  40.67115	        P1	
 472.89374	 144.88528	 127.16175	        P1	
 148.80390	 174.73600	 471.06486	        P1	
  90.79560	 225.70069	 131.79518	        P1	
 214.37850	 285.40213	 333.09179	        P1	
 272.38680	 403.34893	 269.76831	        P1	
 370.74870	 117.94680	 316.61737	        P1	
 292.56360	 222.78840	 353.68477	        P1	
 476.67689	  43.68400	 432.45299	        P1	
 278.69205	 312.34061	 464.88696	        P1	
 312.74040	 451.40133	 473.63901	        P1	
  71.87985	  64.79792	  48.90839	        P1	
 435.06225	 150.70980	 186.88147	        P1	
 462.80534	  66.25408	 256.89765	        P1	
 389.66445	 239.53392	 475.18348	        P1	
 152.58705	  26.93848	 372.73327	        P1	
  99.62295	 157.99048	   9.78165	        P1	
  21.43785	 172.55180	  75.67927	        P1	
 167.71965	 195.84992	 424.21581	        P1	
 239.59950	 193.66572	 288.30201	        P1	
 441.36750	 101.92932	 493.71718	        P1	
 288.78045	 340.00713	 343.90311	        P1	
  51.70305	 453.58553	 178.64429	        P1	
 417.40755	 168.18340	 100.39087	        P1	
 383.35920	  24.75428	 127.16175	        P1	
 187.89645	 428.83129	 454.59044	        P1	
 137.45445	 475.42753	 419.58238	        P1	
 218.16165	 478.33981	  18.53370	        P1	
  18.91575	 236.62169	 403.62277	        P1	
 118.53870	 463.05041	 457.16459	        P1	
 186.63540	 391.69989	 471.57967	        P1	
 401.01390	 170.36760	 223.94887	        P1	
 442.62855	 472.51529	 318.67665	        P1	
  94.57875	 423.00673	 178.64429	        P1	
  13.87155	  96.83288	 306.32085	        P1	
 361.92135	 265.74432	 314.55809	        P1	
 208.07325	  69.16632	 382.51499	        P1	
 131.14920	 115.03452	 271.31279	        P1	
 368.22660	 355.29653	 314.55809	        P1	
  93.31770	  77.17508	 440.69017	        P1	
 114.75555	 213.32352	  11.84100	        P1	
 117.27765	 283.21792	 438.11608	        P1	
 363.18240	 447.03293	 363.98129	        P1	
 242.12160	  90.28028	 107.08358	        P1	
 457.76114	 299.23541	 389.20769	        P1	
 408.58020	 254.82332	 492.17271	        P1	
   6.30525	  34.21912	 419.58238	        P1	
 252.21000	 382.96309	 232.18605	        P1	
 324.08985	 259.91981	 415.46376	        P1	
 158.89230	 320.34933	  79.79789	        P1	
 306.43515	 392.42793	 376.33709	        P1	
 364.44345	  28.39460	 413.91929	        P1	
 127.36605	 178.37632	 438.11608	        P1	
 329.13405	  95.37672	 485.99481	        P1	
 147.54285	 389.51569	 335.66587	        P1	
 363.18240	 431.01549	 108.62805	        P1	
 171.50280	 384.41921	 370.67399	        P1	
 221.94480	  42.22788	 250.71975	        P1	
  88.27350	 138.33268	 349.56614	        P1	
 145.02075	 168.18340	 106.56877	        P1	
  95.83980	 397.52441	 427.81956	        P1	
 214.37850	  40.77172	 325.36941	        P1	
 383.35920	 318.89321	 347.50687	        P1	
 419.92965	   5.09648	 361.92194	        P1	
 320.30670	 247.54269	 473.12414	        P1	
 247.16580	  96.10480	 353.68477	        P1	
  92.05665	 305.05993	  28.83022	        P1	
 314.00145	 478.33981	 372.21847	        P1	
 460.28324	  98.28900	 290.36129	        P1	
  80.70720	 407.71733	 448.92741	        P1	
  90.79560	 349.47201	  50.96767	        P1	
 417.40755	 405.53313	 129.22109	        P1	
 123.58290	 171.82372	 461.28321	        P1	
 496.85369	 470.33109	 273.88687	        P1	
 204.29010	 480.52401	 407.74139	        P1	
 293.82465	  50.23660	 427.81956	        P1	
 194.20170	 362.57721	  67.95690	        P1	
 158.89230	 289.77053	 394.87079	        P1	
 324.08985	  48.78048	  77.73855	        P1	
 218.16165	 418.63833	 382.51499	        P1	
 393.44760	 199.49029	 108.62805	        P1	
 467.84954	 325.44581	 469.52039	        P1	
 131.14920	 426.64709	 453.04597	        P1	
 267.34260	 192.20960	  13.90027	        P1	
 448.93379	 304.33189	 448.41254	        P1	
  26.48205	 325.44581	 247.11599	        P1	
 269.86470	 444.12069	  26.77088	        P1	
 181.59120	 187.84120	 118.92457	        P1	
 404.79705	 388.05953	 170.92192	        P1	
 343.00560	 209.68320	 296.53919	        P1	
 457.76114	 277.39341	  20.07817	        P1	
 364.44345	 255.55141	 458.70906	        P1	
 375.79290	 126.68360	 433.99746	        P1	
 337.96140	 358.20881	 457.16459	        P1	
 298.86885	 149.25368	 199.75207	        P1	
 466.58849	 479.06789	 113.26148	        P1	
 272.38680	 286.85829	  82.37198	        P1	
 141.23760	 291.22669	 100.90568	        P1	
 214.37850	 454.31361	 111.20220	        P1	
  42.87570	 493.62921	 310.43947	        P1	
  87.01245	 255.55141	 248.66047	        P1	
  61.79145	 350.20009	 218.28577	        P1	
 136.19340	  93.19252	 393.32631	        P1	
 484.24319	 232.98132	 135.39899	        P1	
 467.84954	 166.72728	 386.63354	        P1	
 329.13405	 258.46369	 403.62277	        P1	
 176.54700	   2.91228	 158.05125	        P1	
 266.08155	 111.39420	 345.96239	        P1	
 192.94065	 468.14689	 226.00815	        P1	
 335.43930	 221.33229	 440.69017	        P1	
 317.78460	   8.73680	  30.88950	        P1	
 335.43930	 135.42040	   7.72237	        P1	
 408.58020	  56.78920	 433.99746	        P1	
 466.58849	 182.01669	  14.41508	        P1	
 436.32330	 476.15561	 450.98669	        P1	
 148.80390	 205.31480	 352.14029	        P1	
 148.80390	 429.55933	  85.97579	        P1	
 283.73625	 273.02501	 279.54997	        P1	
 438.84540	 115.03452	 123.04319	        P1	
 471.63269	 451.40133	  79.79789	        P1	
 380.83710	 117.94680	 345.96239	        P1	
 368.22660	 416.45413	  24.19679	        P1	
 310.21830	 168.91149	  96.27225	        P1	
 353.09400	 321.80549	 275.43135	        P1	
 213.11745	 409.90153	 258.95699	        P1	
  11.34945	  99.74512	 110.68739	        P1	
 306.43515	 136.14848	 292.42057	        P1	
 370.74870	 406.26121	 370.67399	        P1	
 459.02219	 403.34893	 493.71718	        P1	
 271.12575	 478.33981	  86.49060	        P1	
 208.07325	 226.42872	  98.33159	        P1	
 219.42270	 251.91109	 120.98385	        P1	
 192.94065	 370.58593	 350.08101	        P1	
 185.37435	 431.74353	 123.04319	        P1	
 370.74870	 426.64709	 324.85455	        P1	
 229.51110	 160.17469	 263.07555	        P1	
 102.14505	 208.95512	 351.62549	        P1	
  46.65885	  53.14888	 187.39627	        P1	
 150.06495	 455.04169	 242.99737	        P1	
 145.02075	  60.42952	 337.72521	        P1	
 143.75970	 147.06948	 131.79518	        P1	
 451.45589	 329.08613	 413.40448	        P1	
 482.98214	 471.05913	 289.84649	        P1	
 277.43100	 480.52401	 254.83837	        P1	
 308.95725	 139.06072	 345.44759	        P1	
 179.06910	  18.92972	 140.03242	        P1	
 306.43515	 364.76141	 247.11599	        P1	
 455.23904	 369.12981	 327.42869	        P1	
 331.65615	 232.25329	  22.13745	        P1	
 325.35090	   7.28068	 205.92997	        P1	
 296.34675	 434.65581	  74.13480	        P1	
 177.80805	 310.88449	 485.47994	        P1	
 160.15335	 283.21792	 245.05671	        P1	
 203.02905	 468.14689	 391.26697	        P1	
  98.36190	 142.70108	  70.01618	        P1	
 242.12160	 174.73600	  38.61187	        P1	
 306.43515	 210.41129	 415.97857	        P1	
 288.78045	 471.05913	 308.38019	        P1	
 462.80534	  80.81540	 285.72787	        P1	
 158.89230	  93.19252	 158.56612	        P1	
 220.68375	 258.46369	   2.05928	        P1	
  30.26520	 131.05200	 315.07289	        P1	
 258.51525	 450.67329	  94.72778	        P1	
 205.55115	 105.56968	 403.62277	        P1	
 104.66715	 366.21753	 313.01361	        P1	
 187.89645	 201.67449	  46.84905	        P1	
 185.37435	  13.83328	 442.23464	        P1	
 235.81635	 267.20049	  57.66038	        P1	
  46.65885	  70.62248	 343.38825	        P1	
 394.70865	  38.58752	 302.20229	        P1	
 105.92820	 254.82332	 387.14841	        P1	
  78.18510	 192.20960	 407.74139	        P1	
   1.26105	 357.48073	  61.26419	        P1	
 266.08155	 462.32233	 343.90311	        P1	
  87.01245	 475.42753	 467.46111	        P1	
  69.35775	 268.65661	 240.93809	        P1	
 228.25005	 456.49781	  63.32347	        P1	
 411.10230	 487.80469	 374.27774	        P1	
 261.03735	 214.77969	 131.79518	        P1	
 235.81635	 243.90232	 399.50421	        P1	
 103.40610	 155.80628	  39.12668	        P1	
 398.49180	 123.77132	  78.25342	        P1	
 274.90890	 256.27949	 473.12414	        P1	
 168.98070	 136.87652	 425.76028	        P1	
 404.79705	 485.62049	 205.92997	        P1	
 387.14235	   8.00872	  36.55259	        P1	
 278.69205	  26.93848	 164.22915	        P1	
 201.76800	 260.64789	 385.08907	        P1	
 457.76114	  73.53472	  84.43132	        P1	
 276.16995	 321.07741	 149.81407	        P1	
 283.73625	 386.60341	 273.37207	        P1	
 155.10915	 239.53392	  90.60922	        P1	
 171.50280	 464.50653	 394.87079	        P1	
 197.98485	  34.21912	 265.13489	        P1	
 436.32330	 407.71733	 356.25891	        P1	
 372.00975	 335.63873	  41.18602	        P1	
 157.63125	 278.84952	  48.90839	        P1	
 370.74870	 282.48989	 151.87335	        P1	
 498.11474	  61.88568	  14.41508	        P1	
 329.13405	  32.76300	  20.07817	        P1	
 496.85369	  93.19252	 345.44759	        P1	
  84.49035	 277.39341	 271.82759	        P1	
 465.32744	 473.97141	  61.77900	        P1	
 228.25005	 455.04169	 119.43938	        P1	
 428.75700	 168.91149	 156.50678	        P1	
 298.86885	 305.05993	 115.32082	        P1	
  60.53040	 387.33149	 304.77637	        P1	
 224.46690	 109.21000	 199.23727	        P1	
  17.65470	 426.64709	 361.92194	        P1	
 211.85640	 382.96309	 144.15098	        P1	
 411.10230	 308.70029	 125.61728	        P1	
 408.58020	 286.85829	 442.23464	        P1	
 152.58705	 262.83209	 114.80595	        P1	
 359.39925	 363.30529	  22.13745	        P1	
 269.86470	  11.64908	 422.15647	        P1	
 457.76114	 204.58672	 240.42329	        P1	
 418.66860	 256.27949	  45.30458	        P1	
 486.76529	 451.40133	 339.26969	        P1	
 186.63540	  36.40332	 207.98932	        P1	
 441.36750	  48.05240	 117.38010	        P1	
 416.14650	 310.15641	 193.05937	        P1	
 287.51940	  24.75428	 335.66587	        P1	
 167.71965	 409.90153	 258.95699	        P1	
 277.43100	  59.70148	 460.76834	        P1	
 339.22245	 497.26953	 362.43681	        P1	
 330.39510	 438.29613	 133.85452	        P1	
 200.50695	 373.49821	 489.59856	        P1	
 389.66445	 310.88449	  40.67115	        P1	
 335.43930	 318.89321	 384.57426	        P1	
 168.98070	 375.68241	 359.86267	        P1	
 493.07054	 261.37592	  53.54182	        P1	
 324.08985	 163.81500	 291.90577	        P1	
  42.87570	 377.13853	 123.04319	        P1	
 443.88960	 394.61213	 141.57689	        P1	
 199.24590	 283.94601	 216.22649	        P1	
 422.45175	  67.71020	 475.69829	        P1	
  85.75140	 378.59469	 440.69017	        P1	
 124.84395	   5.09648	 485.47994	        P1	
 132.41025	 431.74353	  18.01890	        P1	
  25.22100	 132.50812	 275.94621	        P1	
 495.59264	 219.14809	 100.90568	        P1	
 291.30255	 300.69153	 467.46111	        P1	
 303.91305	 286.13021	 427.81956	        P1	
 424.97385	  40.04368	   3.60375	        P1	
 452.71694	 181.28860	 347.50687	        P1	
 464.06639	 234.43749	 201.29655	        P1	
 226.98900	 281.03373	 184.82219	        P1	
  42.87570	 209.68320	 471.06486	        P1	
  36.57045	 481.25209	 386.63354	        P1	
  34.04835	 188.56929	 281.60925	        P1	
 269.86470	 154.35012	 473.63901	        P1	
 148.80390	 381.50693	 177.09982	        P1	
 245.90475	 401.16473	  41.18602	        P1	
 234.55530	 342.19133	 220.34512	        P1	
  52.96410	 483.43629	 120.98385	        P1	
 139.97655	 353.11233	 481.36138	        P1	
 249.68790	 410.62961	 279.54997	        P1	
 228.25005	 459.41009	 343.38825	        P1	
 332.91720	   5.82452	 160.11059	        P1	
 474.15479	  94.64868	 238.36395	        P1	
 252.21000	 391.69989	 306.32085	        P1	
 471.63269	 254.82332	  36.55259	        P1	
  22.69890	 305.78801	 236.30467	        P1	
 118.53870	   7.28068	 137.97308	        P1	
 269.86470	 235.89361	  81.85717	        P1	
 327.87300	 391.69989	  77.73855	        P1	
 401.01390	   2.91228	 238.36395	        P1	
  59.26935	  34.21912	 362.43681	        P1	
 117.27765	 150.70980	 100.39087	        P1	
 137.45445	  67.71020	 154.44750	        P1	
  66.83565	 131.78008	 415.97857	        P1	
  88.27350	 165.99920	 254.83837	        P1	
 393.44760	 372.77013	 333.09179	        P1	
 148.80390	 243.17429	 323.31007	        P1	
 377.05395	  86.63992	  35.00812	        P1	
 261.03735	 424.46289	 335.66587	        P1	
 213.11745	 112.85032	 425.76028	        P1	
  23.95995	 453.58553	 102.96502	        P1	
  65.57460	 311.61253	  98.33159	        P1	
 126.10500	  20.38588	  94.72778	        P1	
 124.84395	 357.48073	 141.57689	        P1	
 237.07740	  26.21040	 186.88147	        P1	
  49.18095	 208.95512	 350.08101	        P1	
  65.57460	 125.22748	 158.05125	        P1	
 204.29010	 371.31401	  43.24530	        P1	
 341.74455	 440.48033	 129.22109	        P1	
 356.87715	 440.48033	 172.46639	        P1	
  30.26520	  77.17508	 360.37747	        P1	
 406.05810	 298.50733	 201.81142	        P1	
  95.83980	 103.38548	 162.68468	        P1	
 368.22660	 237.34972	 252.77909	        P1	
 363.18240	  97.56092	 245.05671	        P1	
 257.25420	 189.29732	 487.53928	        P1	
 235.81635	 402.62089	 150.32888	        P1	
 457.76114	  25.48232	 407.22658	        P1	
  29.00415	  64.79792	 191.00009	        P1	
 438.84540	  45.14012	  28.83022	        P1	
  69.35775	 144.88528	 348.02167	        P1	
 254.73210	 292.68281	 296.53919	        P1	
 278.69205	 431.74353	 308.38019	        P1	
  74.40195	  69.16632	 234.24539	        P1	
  13.87155	 425.91901	  86.49060	        P1	
 365.70450	 317.43709	 213.65235	        P1	
  56.74725	 326.90193	 127.67662	        P1	
  64.31355	 124.49940	 236.30467	        P1	
 118.53870	 100.47320	  88.03507	        P1	
 201.76800	  55.33308	  22.13745	        P1	
 392.18655	 453.58553	 115.32082	        P1	
  60.53040	 120.85908	  82.37198	        P1	
 228.25005	 406.98929	 465.40177	        P1	
 112.23345	 361.84913	 277.49069	        P1	
 482.98214	 441.93649	 372.73327	        P1	
  65.57460	   5.82452	 121.49872	        P1	
 423.71280	 266.47241	 296.53919	        P1	
 201.76800	 429.55933	  48.90839	        P1	
 431.27910	 135.42040	 205.41517	        P1	
  20.17680	 359.66493	 214.16722	        P1	
 168.98070	   5.82452	 363.98129	        P1	
 344.26665	  15.28940	 179.15910	        P1	
 109.71135	 370.58593	   5.66310	        P1	
 374.53185	 342.91941	 290.36129	        P1	
 451.45589	 489.26081	 488.05409	        P1	
 475.41584	 278.84952	 481.36138	        P1	
 170.24175	 417.18221	 203.87069	        P1	
 181.59120	 473.24333	 209.53379	        P1	
 488.02634	 347.28781	 335.15107	        P1	
 185.37435	 481.25209	 263.07555	        P1	
 123.58290	 320.34933	 127.67662	        P1	
 180.33015	 479.79593	 183.27772	        P1	
 209.33430	  21.84200	 193.05937	        P1	
 326.61195	  89.55220	 452.53116	        P1	
 253.47105	 214.77969	 405.16724	        P1	
 448.93379	 282.48989	   9.78165	        P1	
  78.18510	 336.36681	 137.45827	        P1	
  36.57045	 273.02501	 155.99197	        P1	
  88.27350	 269.38469	 137.97308	        P1	
 219.42270	 282.48989	 107.08358	        P1	
  45.39780	 152.89400	 415.46376	        P1	
 395.96970	  13.10520	  63.32347	        P1	
 372.00975	 456.49781	 366.04057	        P1	
 441.36750	 142.70108	 429.87884	        P1	
 485.50424	 436.11193	 313.01361	        P1	
  76.92405	 412.81381	  69.50137	        P1	
 382.09815	 469.60301	 401.56349	        P1	
  25.22100	 431.01549	  57.66038	        P1	
 279.95310	  71.35052	 306.83571	        P1	
  40.35360	 361.12109	 119.43938	        P1	
 129.88815	 424.46289	 304.77637	        P1	
 187.89645	 275.93729	 417.52304	        P1	
 438.84540	  30.57880	 185.33700	        P1	
 102.14505	 216.23580	  80.31270	        P1	
 174.02490	 184.92892	 115.32082	        P1	
  79.44615	 171.09569	 423.70094	        P1	
 158.89230	  59.70148	 137.97308	        P1	
 350.57190	 431.01549	 170.40705	        P1	
 110.97240	  91.73640	  63.32347	        P1	
 401.01390	 318.89321	 316.61737	        P1	
 185.37435	  95.37672	 462.82768	        P1	
 398.49180	   1.45612	  90.60922	        P1	
 282.47520	 190.75349	 372.73327	        P1	
 186.63540	  65.52600	 433.99746	        P1	
 298.86885	 478.33981	 407.74139	        P1	
 474.15479	 136.87652	 166.28849	        P1	
 424.97385	 372.04209	 337.21035	        P1	
 344.26665	 374.95433	  55.08629	        P1	
 210.59535	 108.48192	  30.37469	        P1	
 186.63540	 377.13853	 271.31279	        P1	
 116.01660	 282.48989	 423.70094	        P1	
 360.66030	 356.75269	 250.71975	        P1	
 192.94065	 305.05993	 201.81142	        P1	
 464.06639	 218.42000	  57.14557	        P1	
 288.78045	 337.09489	 275.43135	        P1	
 134.93235	 182.74472	 265.13489	        P1	
  64.31355	 482.70821	 247.11599	        P1	
 142.49865	 409.90153	 405.68211	        P1	
 322.82880	 432.47161	 390.75216	        P1	
 401.01390	  94.64868	 201.29655	        P1	
 385.88130	  80.08732	 201.81142	        P1	
 308.95725	  18.20168	 442.23464	        P1	
 360.66030	 152.89400	 396.93006	        P1	
  59.26935	 329.81421	 135.91380	        P1	
 462.80534	 213.32352	 152.38822	        P1	
 127.36605	 408.44541	 142.09170	        P1	
 417.40755	 257.00752	 325.36941	        P1	
  30.26520	 436.84001	 383.02979	        P1	
 155.10915	 271.56889	 298.59847	        P1	
 134.93235	 197.30609	  70.01618	        P1	
  59.26935	 226.42872	  59.71972	        P1	
 345.52770	 276.66532	 115.32082	        P1	
  46.65885	 427.37513	 380.97051	        P1	
 433.80120	  42.22788	 114.80595	        P1	
 486.76529	 259.19172	 140.03242	        P1	
   0.00000	 165.99920	 247.11599	        P1	
 219.42270	 315.98093	 184.82219	        P1	
  71.87985	  64.79792	 201.81142	        P1	
  16.39365	 117.21872	 121.49872	        P1	
 419.92965	 321.07741	 415.46376	        P1	
 107.18925	 294.86701	 322.79527	        P1	
 160.15335	 481.25209	 168.86258	        P1	
 325.35090	 299.96349	 230.64157	        P1	
 126.10500	  97.56092	 269.76831	        P1	
  37.83150	 285.40213	 135.39899	        P1	
 406.05810	 414.99801	 413.91929	        P1	
 385.88130	 468.87493	  53.54182	        P1	
 494.33159	 174.73600	 271.82759	        P1	
 393.44760	  36.40332	 370.15919	        P1	
 249.68790	 155.80628	 391.26697	        P1	
 417.40755	 296.32313	 140.03242	        P1	
 471.63269	  21.84200	  49.42320	        P1	
 134.93235	 393.88409	 168.86258	        P1	
 194.20170	 369.85789	 219.83025	        P1	
 455.23904	 160.90272	 455.10531	        P1	
 175.28595	 290.49861	 185.33700	        P1	
 476.67689	 173.27989	  94.72778	        P1	
 321.56775	 478.33981	 345.96239	        P1	
 290.04150	 214.05160	 364.49609	        P1	
  83.22930	 276.66532	 430.39371	        P1	
 464.06639	 353.84041	 415.46376	        P1	
 369.48765	 462.32233	 289.84649	        P1	
   8.82735	 203.13060	 222.40439	        P1	
 412.36335	   8.00872	 350.08101	        P1	
 327.87300	 428.10321	 254.83837	        P1	
 171.50280	 374.22629	 343.38825	        P1	
 364.44345	  80.81540	 143.63617	        P1	
  29.00415	  44.41208	 343.38825	        P1	
 370.74870	 125.22748	 108.62805	        P1	
 167.71965	 307.97221	  98.84640	        P1	
 334.17825	 254.09529	  59.20485	        P1	
  40.35360	 276.66532	  67.44209	        P1	
 253.47105	 382.23501	 481.87619	        P1	
   2.52210	 364.03333	 425.76028	        P1	
 290.04150	 441.20841	 253.29389	        P1	
 356.87715	 303.60381	 333.60659	        P1	
 114.75555	 399.70861	  13.90027	        P1	
 447.67274	 210.41129	 415.97857	        P1	
  23.95995	 398.25249	 417.52304	        P1	
 108.45030	 195.12189	 304.77637	        P1	
 374.53185	 302.14769	 471.57967	        P1	
 232.03320	  42.22788	 490.11337	        P1	
 308.95725	 481.25209	  70.01618	        P1	
 467.84954	 249.72689	 422.15647	        P1	
  26.48205	 489.98889	  28.31535	        P1	
  27.74310	 288.31441	 358.31819	        P1	
  59.26935	  60.42952	 302.20229	        P1	
 271.12575	  64.79792	 269.76831	        P1	
 279.95310	 132.50812	 271.31279	        P1	
 103.40610	  88.82412	  16.47442	        P1	
 332.91720	  71.35052	 275.94621	        P1	
 320.30670	 116.49068	 193.57417	        P1	
 305.17410	 243.17429	   9.78165	        P1	
 113.49450	 177.64829	 366.55537	        P1	
 486.76529	  10.19292	 363.98129	        P1	
  52.96410	 413.54189	 378.91117	        P1	
 128.62710	 113.57840	 471.06486	        P1	
  99.62295	 203.13060	 471.06486	        P1	
 480.46004	 372.04209	 181.21837	        P1	
 460.28324	 130.32392	 350.08101	        P1	
 480.46004	 102.65740	 321.25079	        P1	
 189.15750	 349.47201	 174.52567	        P1	
 151.32600	 495.08533	 450.47188	        P1	
 128.62710	 203.85869	  59.20485	        P1	
 307.69620	 177.64829	 491.65784	        P1	
  56.74725	 366.21753	 357.80339	        P1	
 364.44345	 315.25289	  63.83828	        P1	
 127.36605	 262.83209	 306.32085	        P1	
 273.64785	 220.60420	 339.78449	        P1	
 474.15479	   0.00000	 273.37207	        P1	
 416.14650	  64.06988	  39.12668	        P1	
 139.97655	 249.72689	  88.54988	        P1	
 148.80390	 160.17469	 244.54185	        P1	
 138.71550	  39.31560	 366.04057	        P1	
  56.74725	 139.06072	 425.76028	        P1	
   5.04420	 221.33229	  20.59298	        P1	
 475.41584	 396.79633	 240.42329	        P1	
 297.60780	 144.15720	 364.49609	        P1	
 457.76114	 232.25329	 119.43938	        P1	
  41.61465	 313.79673	  78.25342	        P1	
 360.66030	 199.49029	 256.89765	        P1	
 284.99730	 340.73521	  18.53370	        P1	
 287.51940	   7.28068	  57.66038	        P1	
  68.09670	 176.19212	 302.20229	        P1	
 387.14235	 261.37592	 302.20229	        P1	
 456.50009	 432.47161	 142.09170	        P1	
 175.28595	 111.39420	 230.12677	        P1	
  70.61880	 320.34933	 407.22658	        P1	
  75.66300	 259.19172	   4.11862	        P1	
 450.19484	 332.72649	 317.13217	        P1	
 109.71135	 229.34101	 118.92457	        P1	
  83.22930	  34.94720	 129.73590	        P1	
 462.80534	  96.83288	 224.46367	        P1	
 287.51940	 269.38469	 300.14295	        P1	
 247.16580	 200.94640	   1.54447	        P1	
 307.69620	 298.50733	 294.47991	        P1	
 327.87300	  50.96468	 137.97308	        P1	
 102.14505	 488.53273	 388.69289	        P1	
 310.21830	 330.54229	   2.05928	        P1	
 427.49595	  57.51728	  34.49325	        P1	
 460.28324	 428.83129	 236.81947	        P1	
 247.16580	 474.69949	   2.05928	        P1	
 141.23760	 270.84081	 223.94887	        P1	
   5.04420	 212.59549	 293.96505	        P1	
 441.36750	 282.48989	 151.87335	        P1	
 156.37020	  65.52600	 217.77097	        P1	
 316.52355	  15.28940	 162.16987	        P1	
 331.65615	 316.70901	 452.53116	        P1	
 281.21415	  95.37672	 430.39371	        P1	
  13.87155	 115.76260	  13.90027	        P1	
 297.60780	 123.77132	 172.46639	        P1	
 390.92550	 275.20921	  26.25607	        P1	
  83.22930	  29.12268	 249.17527	        P1	
 116.01660	  20.38588	 181.21837	        P1	
 479.19899	 182.01669	 460.76834	        P1	
 327.87300	 315.98093	 479.81691	        P1	
 482.98214	 277.39341	   6.17790	        P1	
 385.88130	 403.34893	 492.17271	        P1	
 238.33845	 143.42912	 147.75479	        P1	
 411.10230	 131.05200	 489.59856	        P1	
 345.52770	  30.57880	 172.98120	        P1	
 259.77630	  62.61372	 357.80339	        P1	
 350.57190	 416.45413	 325.36941	        P1	
 185.37435	 374.95433	 214.16722	        P1	
 274.90890	 177.64829	 335.66587	        P1	
 139.97655	 232.25329	 107.08358	        P1	
  73.14090	  26.21040	  67.95690	        P1	
  11.34945	 363.30529	 306.32085	        P1	
 180.33015	 383.69113	 343.90311	        P1	
 315.26250	 358.20881	   0.00000	        P1	
 414.88545	 417.18221	 370.67399	        P1	
 200.50695	 264.28821	 234.76019	        P1	
 392.18655	   2.18420	 149.81407	        P1	
 109.71135	 144.88528	 113.26148	        P1	
 291.30255	 492.90113	 283.66859	        P1	
 390.92550	 431.01549	 403.62277	        P1	
 155.10915	 382.23501	 327.42869	        P1	
   6.30525	  85.18380	 193.05937	        P1	
 137.45445	 107.02580	 228.58229	        P1	
 211.85640	 161.63080	 426.27509	        P1	
 308.95725	 131.78008	  76.19408	        P1	
 494.33159	 448.48909	  77.73855	        P1	
 387.14235	 418.63833	 275.94621	        P1	
 199.24590	 479.06789	   9.78165	        P1	
  52.96410	 247.54269	 485.47994	        P1	
  83.22930	 177.64829	 127.16175	        P1	
  29.00415	 385.14729	 139.51755	        P1	
 263.55945	 291.95473	 302.20229	        P1	
 175.28595	 274.48112	 380.97051	        P1	
 435.06225	 150.70980	 242.48257	        P1	
 298.86885	 191.48152	  24.19679	        P1	
 465.32744	  13.83328	 119.43938	        P1	
 132.41025	  93.92060	 273.37207	        P1	
 365.70450	 473.24333	 393.32631	        P1	
  50.44200	 348.01589	 391.26697	        P1	
 167.71965	 430.28741	 321.25079	        P1	
 452.71694	 424.46289	  94.72778	        P1	
 414.88545	 364.76141	  50.96767	        P1	
  49.18095	 236.62169	 368.09984	        P1	
 160.15335	 440.48033	 275.94621	        P1	
 192.94065	 364.76141	 345.96239	        P1	
 317.78460	 483.43629	 168.86258	        P1	
 491.80949	  72.80668	  39.12668	        P1	
 151.32600	 265.01629	 372.73327	        P1	
 116.01660	 420.82253	 331.54731	        P1	
 100.88400	 471.78721	 444.80879	        P1	
 470.37164	  40.04368	 348.02167	        P1	
  41.61465	  28.39460	  74.13480	        P1	
 353.09400	 492.17309	 236.81947	        P1	
 223.20585	 171.09569	 434.51227	        P1	
 124.84395	 267.20049	 199.75207	        P1	
 428.75700	  45.14012	 407.22658	        P1	
 174.02490	  52.42080	 217.77097	        P1	
 128.62710	 113.57840	 359.86267	        P1	
 274.90890	  50.96468	  22.13745	        P1	
 370.74870	 470.33109	 312.49875	        P1	
 330.39510	 165.99920	 452.53116	        P1	
 271.12575	 338.55101	 242.48257	        P1	
 315.26250	 465.96269	 151.87335	        P1	
 452.71694	  77.90312	  59.71972	        P1	
 145.02075	 468.14689	 127.16175	        P1	
 102.14505	 184.20089	 415.97857	        P1	
 143.75970	  11.64908	 145.69545	        P1	
 395.96970	 313.06869	 139.51755	        P1	
 404.79705	  13.83328	  76.19408	        P1	
 361.92135	  86.63992	 215.71169	        P1	
 407.31915	 210.41129	  46.84905	        P1	
 187.89645	 446.30489	  70.01618	        P1	
 119.79975	 258.46369	 158.05125	        P1	
 245.90475	 405.53313	 343.90311	        P1	
 161.41440	 267.92852	 288.30201	        P1	
 197.98485	 424.46289	 182.76285	        P1	
 418.66860	  34.94720	  63.32347	        P1	
 204.29010	 412.08573	 178.64429	        P1	
 416.14650	  27.66652	 418.03791	        P1	
 340.48350	 131.05200	 353.68477	        P1	
 252.21000	 119.40292	 431.93818	        P1	
 438.84540	 110.66612	 160.11059	        P1	
 327.87300	 278.12149	 471.57967	        P1	
  81.96825	 109.93808	 170.40705	        P1	
  37.83150	  75.71892	 282.12411	        P1	
 348.04980	 302.87573	 153.93269	        P1	
 248.42685	 363.30529	 397.44487	        P1	
 330.39510	 349.47201	 285.72787	        P1	
 176.54700	 346.55973	 153.93269	        P1	
 284.99730	 126.68360	  38.61187	        P1	
 326.61195	 190.02540	 427.81956	        P1	
 196.72380	 190.75349	 436.05674	        P1	
 129.88815	 112.85032	 183.27772	        P1	
  66.83565	 233.70941	  86.49060	        P1	
 432.54015	 302.14769	 168.86258	        P1	
 255.99315	 383.69113	  59.71972	        P1	
 295.08570	 343.64749	 176.58495	        P1	
 358.13820	 388.78761	 105.02430	        P1	
   8.82735	  18.20168	 459.22387	        P1	
 248.42685	 169.63952	 146.21032	        P1	
 340.48350	 133.96428	  40.67115	        P1	
 214.37850	 243.17429	 471.57967	        P1	
 390.92550	 343.64749	 448.41254	        P1	
 358.13820	 208.22709	  46.84905	        P1	
 355.61610	 286.85829	 133.33965	        P1	
 384.62025	 224.97260	 154.44750	        P1	
  71.87985	 460.86621	 409.28586	        P1	
  56.74725	 370.58593	 326.91389	        P1	
  68.09670	  42.22788	 212.10787	        P1	
 102.14505	 133.23620	 273.37207	        P1	
 426.23490	 339.27909	  40.67115	        P1	
  31.52625	  88.09608	 137.97308	        P1	
 161.41440	 481.98013	 245.05671	        P1	
 141.23760	 186.38509	 224.46367	        P1	
 204.29010	 313.06869	  76.19408	        P1	
  84.49035	 374.95433	 444.29398	        P1	
 477.93794	 144.88528	  71.56065	        P1	
 110.97240	 224.24452	 226.52302	        P1	
 404.79705	 171.09569	 479.30204	        P1	
  34.04835	  44.41208	 423.70094	        P1	
 238.33845	  60.42952	 326.91389	        P1	
 466.58849	 375.68241	 302.71709	        P1	
 360.66030	  81.54348	 188.94075	        P1	
 114.75555	 143.42912	  47.36392	        P1	
 104.66715	 226.42872	  10.29652	        P1	
 298.86885	 153.62208	 207.47445	        P1	
  84.49035	 162.35888	 137.97308	        P1	
 360.66030	 345.10361	 358.31819	        P1	
 224.46690	  58.24532	 419.58238	        P1	
 177.80805	 239.53392	 363.98129	        P1	
 343.00560	 132.50812	 418.03791	        P1	
 350.57190	 419.36641	 403.10796	        P1	
 477.93794	 342.91941	 160.62540	        P1	
 354.35505	 191.48152	  11.84100	        P1	
 153.84810	  13.10520	 123.55800	        P1	
 196.72380	 349.47201	 489.59856	        P1	
 334.17825	 491.44501	 279.54997	        P1	
 388.40340	 164.54309	 411.34514	        P1	
 180.33015	 105.56968	  34.49325	        P1	
 441.36750	 361.12109	 145.69545	        P1	
 459.02219	 299.96349	 386.63354	        P1	
 211.85640	 216.96389	 125.61728	        P1	
 136.19340	  96.10480	 308.89499	        P1	
 205.55115	  91.00832	 178.64429	        P1	
 194.20170	 209.68320	  88.03507	        P1	
 146.28180	 272.29692	 121.49872	        P1	
 438.84540	 382.96309	 137.97308	        P1	
  64.31355	 471.05913	 207.98932	        P1	
 426.23490	 442.66453	 147.75479	        P1	
 102.14505	  57.51728	 114.80595	        P1	
 424.97385	  73.53472	 339.26969	        P1	
 306.43515	 466.69073	 263.59041	        P1	
 472.89374	  50.23660	 179.15910	        P1	
 335.43930	 176.19212	 123.04319	        P1	
 291.30255	 377.86661	  63.32347	        P1	
  40.35360	 198.03412	 209.53379	        P1	
 177.80805	  45.86820	 347.50687	        P1	
 156.37020	 196.57800	   1.54447	        P1	
 413.62440	 248.99881	 401.56349	        P1	
 438.84540	 262.10401	  55.60110	        P1	
 129.88815	 376.41049	 473.12414	        P1	
  44.13675	 185.65700	   1.54447	        P1	
 195.46275	 293.41089	 176.58495	        P1	
 431.27910	 407.71733	 411.86001	        P1	
 436.32330	 480.52401	 322.79527	        P1	
  92.05665	  12.37712	  98.33159	        P1	
 126.10500	 463.05041	  30.88950	        P1	
 310.21830	 334.91069	 440.69017	        P1	
 175.28595	 174.00792	 405.68211	        P1	
 138.71550	  99.01708	 273.88687	        P1	
 361.92135	 406.98929	  83.91645	        P1	
 457.76114	 264.28821	 279.54997	        P1	
 204.29010	 215.50772	 251.23461	        P1	
 408.58020	 436.84001	  13.90027	        P1	
  76.92405	 150.70980	 271.82759	        P1	
 406.05810	 315.98093	 313.01361	        P1	
 401.01390	 390.24373	 102.96502	        P1	
 472.89374	 277.39341	  37.06740	        P1	
 452.71694	 127.41168	 182.76285	        P1	
 209.33430	 189.29732	 170.92192	        P1	
 239.59950	 216.96389	 442.23464	        P1	
  63.05250	  10.19292	  28.83022	        P1	
 441.36750	 285.40213	 467.46111	        P1	
  81.96825	  76.44700	 401.56349	        P1	
 266.08155	 259.91981	 390.75216	        P1	
 224.46690	 104.84160	 396.93006	        P1	
  26.48205	   2.18420	 222.40439	        P1	
 213.11745	 174.00792	 178.64429	        P1	
 317.78460	 467.41881	 409.28586	        P1	
 190.41855	 475.42753	 438.11608	        P1	
 490.54844	 389.51569	 133.33965	        P1	
 446.41170	 288.31441	 296.53919	        P1	
 494.33159	 163.08692	  22.65232	        P1	
 210.59535	 198.76220	   6.17790	        P1	
  68.09670	 323.26161	 211.59307	        P1	
   6.30525	  31.30688	  59.20485	        P1	
 136.19340	 222.78840	 155.99197	        P1	
 228.25005	  26.93848	 323.31007	        P1	
  79.44615	  57.51728	 378.91117	        P1	
 179.06910	 187.84120	 471.06486	        P1	
 365.70450	 387.33149	 454.59044	        P1	
 481.72109	 308.70029	 490.11337	        P1	
 491.80949	 184.92892	 363.98129	        P1	
 385.88130	  23.29812	  16.47442	        P1	
 250.94895	 302.14769	 386.63354	        P1	
 181.59120	  64.06988	 242.99737	        P1	
 138.71550	 163.08692	 331.54731	        P1	
 461.54429	 174.73600	 426.27509	        P1	
  89.53455	  70.62248	  14.41508	        P1	
 395.96970	 398.98053	 240.42329	        P1	
  51.70305	 185.65700	 347.50687	        P1	
 460.28324	 303.60381	 223.94887	        P1	
  50.44200	 452.85749	 372.73327	        P1	
 324.08985	 208.95512	 289.84649	        P1	
 237.07740	 486.34853	 141.57689	        P1	
 316.52355	  60.42952	 455.10531	        P1	
  50.44200	 275.20921	 450.98669	        P1	
 122.32185	  22.57008	 490.11337	        P1	
 155.10915	 265.74432	 405.68211	        P1	
  93.31770	  91.73640	  12.35580	        P1	
 200.50695	 411.35769	 471.57967	        P1	
  90.79560	 452.85749	 304.77637	        P1	
 269.86470	 480.52401	 296.53919	        P1	
  12.61050	 372.77013	 258.95699	        P1	
 272.38680	 211.13932	 189.45562	        P1	
 370.74870	 318.89321	 240.93809	        P1	
 284.99730	 219.87612	   4.11862	        P1	
 498.11474	 411.35769	 434.51227	        P1	
 200.50695	  15.28940	 290.36129	        P1	
 147.54285	 345.83169	 366.55537	        P1	
 315.26250	 409.17349	  46.84905	        P1	
 488.02634	  12.37712	 232.70091	        P1	
 150.06495	  57.51728	 446.86807	        P1	
 128.62710	 406.26121	  61.77900	        P1	
 450.19484	 255.55141	 172.98120	        P1	
 320.30670	  30.57880	  18.53370	        P1	
 284.99730	 263.56012	 258.95699	        P1	
 235.81635	 395.34021	 267.19417	        P1	
  63.05250	 343.64749	 133.33965	        P1	
   2.52210	 136.87652	 493.71718	        P1	
 136.19340	 103.38548	 409.80067	        P1	
 474.15479	 155.80628	 323.31007	        P1	
 235.81635	 271.56889	 428.33437	        P1	
 374.53185	 307.97221	 155.99197	        P1	
 399.75285	 259.91981	 248.66047	        P1	
 348.04980	 468.87493	 473.63901	        P1	
 389.66445	 210.41129	  20.59298	        P1	
 493.07054	 356.02461	 131.28037	        P1	
 191.67960	 122.31520	  44.78977	        P1	
 462.80534	 340.00713	 357.80339	        P1	
 216.90060	  72.80668	 281.60925	        P1	
 239.59950	 406.26121	 339.78449	        P1	
 243.38265	 495.81341	 308.89499	        P1	
 312.74040	  29.12268	 162.68468	        P1	
 399.75285	 386.60341	 222.40439	        P1	
 399.75285	 165.27112	 129.22109	        P1	
 448.93379	 409.17349	 164.22915	        P1	
 293.82465	 179.83249	 107.08358	        P1	
 244.64370	 107.75388	 354.19957	        P1	
 228.25005	 123.04328	 331.03245	        P1	
 243.38265	 305.05993	 240.42329	        P1	
 414.88545	  48.78048	 428.33437	        P1	
 479.19899	 244.63041	 100.39087	        P1	
 351.83295	  82.27152	 288.30201	        P1	
 119.79975	 165.27112	 448.92741	        P1	
 268.60365	 310.88449	 212.10787	        P1	
 297.60780	 406.26121	 247.11599	        P1	
  11.34945	 404.07701	  12.35580	        P1	
 489.28739	 295.59509	 335.66587	        P1	
  50.44200	 476.15561	 358.31819	        P1	
  35.30940	 195.12189	 125.61728	        P1	
 155.10915	 179.83249	  22.13745	        P1	
 491.80949	 196.57800	 302.71709	        P1	
  63.05250	 451.40133	  47.36392	        P1	
 213.11745	 270.11272	  84.43132	        P1	
 438.84540	 455.76973	 424.21581	        P1	
 451.45589	  91.73640	  74.13480	        P1	
 324.08985	 449.21713	 146.21032	        P1	
  31.52625	 332.72649	 397.44487	        P1	
 250.94895	 293.41089	  32.94878	        P1	
 110.97240	 270.84081	 407.74139	        P1	
  95.83980	 112.12228	 471.57967	        P1	
 382.09815	 455.04169	 199.75207	        P1	
 431.27910	 149.98172	  98.33159	        P1	
 195.46275	 191.48152	 485.99481	        P1	
 411.10230	 337.82293	 288.30201	        P1	
 314.00145	 227.88489	 422.15647	        P1	
  73.14090	 260.64789	 477.75757	        P1	
 307.69620	 157.26240	 143.63617	        P1	
 204.29010	 266.47241	 401.56349	        P1	
 105.92820	 417.91029	 440.69017	        P1	
 336.70035	 223.51649	  14.41508	        P1	
 447.67274	  69.16632	  61.26419	        P1	
 209.33430	 136.87652	 177.09982	        P1	
 437.58435	 108.48192	  72.07552	        P1	
 253.47105	 305.05993	 467.46111	        P1	
 341.74455	  57.51728	 378.91117	        P1	
 397.23075	 136.14848	 324.85455	        P1	
   3.78315	 334.18261	 401.56349	        P1	
 175.28595	 316.70901	 211.59307	        P1	
 306.43515	 191.48152	 325.36941	        P1	
 263.55945	 181.28860	  49.42320	        P1	
 229.51110	 470.33109	 267.70897	        P1	
 378.31500	 429.55933	  85.97579	        P1	
 374.53185	 265.74432	 357.80339	        P1	
 377.05395	 353.11233	  65.89762	        P1	
 427.49595	 466.69073	 288.30201	        P1	
 327.87300	 455.76973	  85.97579	        P1	
 301.39095	 404.07701	 149.81407	        P1	
 172.76385	 428.83129	  88.54988	        P1	
  60.53040	   2.91228	 397.44487	        P1	
 175.28595	 123.04328	 127.16175	        P1	
 385.88130	 417.91029	 250.71975	        P1	
 276.16995	 408.44541	 267.19417	        P1	
  30.26520	 364.03333	 331.54731	        P1	
 141.23760	  14.56132	 407.22658	        P1	
 329.13405	 495.81341	  26.25607	        P1	
 215.63955	  54.60500	 302.71709	        P1	
 233.29425	 441.93649	 131.79518	        P1	
 317.78460	  93.19252	  41.18602	        P1	
 326.61195	 121.58712	 121.49872	        P1	
 355.61610	 107.75388	 417.52304	        P1	
  95.83980	  27.66652	 368.61471	        P1	
 117.27765	 478.33981	 155.99197	        P1	
 437.58435	 115.76260	 247.11599	        P1	
 107.18925	 258.46369	 199.75207	        P1	
 155.10915	   2.18420	 358.31819	        P1	
  44.13675	 270.11272	 456.64978	        P1	
  23.95995	 127.41168	 256.89765	        P1	
 218.16165	  25.48232	 177.09982	        P1	
 210.59535	 185.65700	 223.94887	        P1	
 360.66030	  13.10520	   0.00000	        P1	
 399.75285	  51.69272	 475.18348	        P1	
 303.91305	 469.60301	 254.83837	        P1	
  13.87155	 452.12941	 353.68477	        P1	
 259.77630	 151.43788	 372.73327	        P1	
  17.65470	 429.55933	 221.88959	        P1	
 370.74870	 410.62961	 259.47179	        P1	
