2167.00000	   0.00000	   0.00000	   0.00000	
 269.86470	  71.35052	 228.06749	        P1	
 403.53600	  71.35052	  67.44209	        P1	
 230.77215	 112.85032	 444.29398	        P1	
 189.15750	 368.40173	 407.22658	        P1	
 230.77215	 427.37513	 258.95699	        P1	
 133.67130	  65.52600	 100.39087	        P1	
 210.59535	 118.67488	 411.34514	        P1	
 437.58435	 284.67409	 335.66587	        P1	
 337.96140	  97.56092	   5.66310	        P1	
 127.36605	 271.56889	 485.47994	        P1	
  17.65470	 320.34933	 405.68211	        P1	
 452.71694	 312.34061	  20.07817	        P1	
 283.73625	 275.93729	 428.33437	        P1	
  37.83150	 444.12069	  57.66038	        P1	
 398.49180	  29.12268	 119.43938	        P1	
 467.84954	 187.11312	 356.25891	        P1	
 282.47520	 142.70108	 341.84377	        P1	
 300.12990	 237.34972	 289.84649	        P1	
 329.13405	 457.95393	 302.20229	        P1	
 340.48350	   1.45612	 177.09982	        P1	
 424.97385	  12.37712	 209.53379	        P1	
  36.57045	 415.72609	 331.03245	        P1	
 364.44345	 347.28781	  94.21297	        P1	
 431.27910	 241.71812	 473.63901	        P1	
 431.27910	  88.82412	 170.92192	        P1	
  69.35775	   2.18420	 155.99197	        P1	
 326.61195	 286.13021	 236.30467	        P1	
 190.41855	  82.27152	 394.87079	        P1	
 103.40610	 362.57721	 223.94887	        P1	
  95.83980	 436.84001	  37.06740	        P1	
 470.37164	  22.57008	 113.26148	        P1	
 279.95310	 235.89361	 384.57426	        P1	
 283.73625	 278.84952	 172.46639	        P1	
 416.14650	 265.01629	  77.73855	        P1	
  27.74310	 382.96309	 337.21035	        P1	
  32.78730	 234.43749	 440.69017	        P1	
 102.14505	  13.83328	 205.92997	        P1	
  97.10085	 388.05953	  59.71972	        P1	
 163.93650	 269.38469	 219.83025	        P1	
 330.39510	 449.94521	  12.35580	        P1	
 305.17410	 237.34972	  78.25342	        P1	
 310.21830	 495.08533	 351.62549	        P1	
 185.37435	 124.49940	 452.53116	        P1	
  95.83980	 321.80549	 232.18605	        P1	
 105.92820	 324.71773	 172.46639	        P1	
 424.97385	 475.42753	 444.29398	        P1	
 488.02634	  37.13140	 403.10796	        P1	
 459.02219	  11.64908	 405.16724	        P1	
 167.71965	 257.00752	 362.43681	        P1	
 223.20585	 446.30489	 170.40705	        P1	
  56.74725	  19.65780	 450.98669	        P1	
 432.54015	 360.39301	 489.59856	        P1	
  73.14090	 350.92813	 456.64978	        P1	
 383.35920	 304.33189	 454.59044	        P1	
 300.12990	 377.13853	 214.16722	        P1	
 274.90890	 164.54309	 230.64157	        P1	
 274.90890	  84.45572	 351.62549	        P1	
 243.38265	 418.63833	 394.87079	        P1	
 476.67689	 441.20841	 193.05937	        P1	
 142.49865	 479.79593	 405.68211	        P1	
 395.96970	 184.92892	 469.00558	        P1	
  65.57460	 490.71693	  84.43132	        P1	
 311.47935	 185.65700	  57.14557	        P1	
 496.85369	 375.68241	 464.88696	        P1	
 103.40610	  50.96468	 423.70094	        P1	
  32.78730	 451.40133	  78.25342	        P1	
 272.38680	 244.63041	 259.47179	        P1	
 196.72380	 200.94640	 321.25079	        P1	
 482.98214	 408.44541	 254.83837	        P1	
 383.35920	 352.38429	 131.79518	        P1	
 180.33015	 487.07661	 396.93006	        P1	
 369.48765	 153.62208	 281.60925	        P1	
 461.54429	 420.82253	 492.17271	        P1	
   5.04420	 225.70069	 176.58495	        P1	
 359.39925	 159.44660	  67.95690	        P1	
 330.39510	 180.56052	 387.14841	        P1	
 330.39510	 168.91149	 100.90568	        P1	
 155.10915	 463.77849	 434.51227	        P1	
 471.63269	 294.13893	 215.71169	        P1	
 160.15335	 353.11233	 271.31279	        P1	
 239.59950	  77.17508	 324.85455	        P1	
  70.61880	 183.47280	 278.00549	        P1	
 239.59950	 100.47320	 302.71709	        P1	
 307.69620	 184.92892	 252.77909	        P1	
 300.12990	 212.59549	 391.26697	        P1	
 461.54429	 244.63041	  80.31270	        P1	
  99.62295	 207.49900	 148.26960	        P1	
 495.59264	  16.74552	 424.21581	        P1	
 461.54429	 311.61253	 277.49069	        P1	
 221.94480	 269.38469	 108.62805	        P1	
   5.04420	 103.38548	 133.33965	        P1	
 336.70035	 354.56849	 459.22387	        P1	
 240.86055	 364.76141	  55.60110	        P1	
   5.04420	 468.87493	 195.63352	        P1	
 277.43100	 336.36681	   1.54447	        P1	
 498.11474	 274.48112	 469.00558	        P1	
 107.18925	 363.30529	 114.80595	        P1	
 424.97385	 370.58593	 455.10531	        P1	
 340.48350	 350.92813	 226.52302	        P1	
 278.69205	 424.46289	 286.24267	        P1	
 192.94065	  61.88568	  14.41508	        P1	
   7.56630	 123.77132	  30.37469	        P1	
 383.35920	 324.71773	 127.67662	        P1	
 290.04150	 202.40252	 170.92192	        P1	
 276.16995	 117.21872	  30.37469	        P1	
 369.48765	 291.95473	 455.10531	        P1	
 330.39510	 117.94680	 162.16987	        P1	
  20.17680	 345.10361	  88.03507	        P1	
 424.97385	 226.42872	 339.26969	        P1	
 163.93650	  20.38588	 120.98385	        P1	
 262.29840	 282.48989	 162.68468	        P1	
 370.74870	 289.77053	 110.68739	        P1	
 474.15479	 174.73600	 321.25079	        P1	
  25.22100	 318.89321	 242.48257	        P1	
 392.18655	 168.18340	 267.19417	        P1	
 417.40755	 144.88528	 232.18605	        P1	
 442.62855	 248.27072	 109.14292	        P1	
 402.27495	  40.04368	 490.11337	        P1	
 457.76114	 482.70821	  50.96767	        P1	
 349.31085	 450.67329	 460.76834	        P1	
  58.00830	 454.31361	 168.34777	        P1	
 337.96140	 139.78880	  12.35580	        P1	
 136.19340	 385.87533	  61.26419	        P1	
  26.48205	  42.95592	 289.84649	        P1	
  65.57460	 432.47161	  81.85717	        P1	
 315.26250	  68.43828	  90.09435	        P1	
   1.26105	 440.48033	 133.85452	        P1	
  64.31355	 286.13021	 172.98120	        P1	
  11.34945	 433.19969	 466.94624	        P1	
 176.54700	 218.42000	 179.15910	        P1	
 131.14920	  40.77172	 104.50949	        P1	
 346.78875	 459.41009	 170.40705	        P1	
 308.95725	  24.02620	 302.71709	        P1	
 204.29010	  40.77172	 325.36941	        P1	
 247.16580	 145.61332	  48.90839	        P1	
 126.10500	 334.91069	 127.16175	        P1	
 475.41584	 462.32233	 207.98932	        P1	
 105.92820	  20.38588	  77.73855	        P1	
  46.65885	 267.20049	  15.95955	        P1	
 441.36750	 174.73600	 273.37207	        P1	
  92.05665	 235.16552	 104.50949	        P1	
 276.16995	   8.00872	  36.55259	        P1	
  65.57460	  21.84200	  81.85717	        P1	
 321.56775	 363.30529	 144.15098	        P1	
 281.21415	 112.85032	  96.78712	        P1	
 274.90890	 417.91029	 125.61728	        P1	
 215.63955	 427.37513	 238.87881	        P1	
 180.33015	  82.27152	 363.98129	        P1	
 153.84810	 136.87652	 413.40448	        P1	
 160.15335	 143.42912	 226.52302	        P1	
 455.23904	 182.74472	 401.04869	        P1	
 272.38680	  84.45572	 462.82768	        P1	
 379.57605	  48.78048	 491.65784	        P1	
  16.39365	   6.55260	  43.24530	        P1	
 481.72109	 179.10440	 271.82759	        P1	
 263.55945	 494.35729	 490.11337	        P1	
 296.34675	 430.28741	 339.78449	        P1	
 146.28180	 307.24413	 283.66859	        P1	
 271.12575	 261.37592	 203.35589	        P1	
 216.90060	 313.06869	 483.93547	        P1	
 432.54015	 406.98929	 176.58495	        P1	
 412.36335	 460.86621	  80.31270	        P1	
 100.88400	 468.87493	  84.43132	        P1	
   6.30525	 165.27112	 430.39371	        P1	
 110.97240	 183.47280	 328.97317	        P1	
 464.06639	 227.15681	 100.39087	        P1	
 126.10500	 173.27989	 343.38825	        P1	
  10.08840	 331.99841	 285.72787	        P1	
 224.46690	 445.57681	  49.42320	        P1	
 460.28324	 130.32392	 275.94621	        P1	
 364.44345	 293.41089	  70.01618	        P1	
 160.15335	 210.41129	 176.58495	        P1	
 247.16580	  13.10520	 310.43947	        P1	
 121.06080	  62.61372	 399.50421	        P1	
 253.47105	 431.74353	  24.19679	        P1	
 161.41440	 422.27869	 255.35317	        P1	
 268.60365	 273.02501	 407.74139	        P1	
 413.62440	 148.52560	 279.54997	        P1	
 150.06495	 232.25329	  70.01618	        P1	
 136.19340	 295.59509	  32.94878	        P1	
 124.84395	 163.81500	 403.10796	        P1	
 419.92965	 249.72689	 213.65235	        P1	
 327.87300	 398.98053	  41.18602	        P1	
 282.47520	  42.22788	 361.92194	        P1	
 482.98214	  53.14888	 465.40177	        P1	
 380.83710	  52.42080	 488.05409	        P1	
 316.52355	 380.77889	 473.12414	        P1	
 136.19340	 155.80628	 485.47994	        P1	
 211.85640	 380.05081	 193.05937	        P1	
 451.45589	 327.63001	  43.24530	        P1	
 179.06910	 244.63041	 366.04057	        P1	
  10.08840	  68.43828	 182.76285	        P1	
 146.28180	 310.15641	 205.41517	        P1	
 128.62710	 390.24373	  59.71972	        P1	
 452.71694	 386.60341	  74.13480	        P1	
 303.91305	 283.21792	 133.85452	        P1	
 180.33015	 414.26993	 277.49069	        P1	
 446.41170	  81.54348	 108.62805	        P1	
  20.17680	 238.80589	 176.58495	        P1	
 279.95310	  69.89440	 210.04859	        P1	
  47.91990	 176.19212	 209.53379	        P1	
 441.36750	   0.00000	 444.80879	        P1	
 283.73625	  60.42952	 331.54731	        P1	
 174.02490	 352.38429	 156.50678	        P1	
 272.38680	 128.13972	 152.38822	        P1	
 316.52355	 340.00713	 121.49872	        P1	
   5.04420	 278.12149	 267.70897	        P1	
 268.60365	  64.79792	 146.21032	        P1	
  47.91990	 394.61213	 351.62549	        P1	
 409.84125	 367.67369	  70.01618	        P1	
  69.35775	 264.28821	 395.38559	        P1	
 218.16165	  56.06112	  59.71972	        P1	
 471.63269	 234.43749	 293.96505	        P1	
 389.66445	 484.16433	  98.33159	        P1	
 215.63955	 341.46329	   2.05928	        P1	
 474.15479	 369.85789	 423.70094	        P1	
 482.98214	 468.14689	 349.56614	        P1	
 197.98485	  63.34180	 162.16987	        P1	
 319.04565	 249.72689	 440.69017	        P1	
 494.33159	 361.12109	 349.56614	        P1	
 181.59120	 467.41881	 193.05937	        P1	
 452.71694	 395.34021	 210.04859	        P1	
 317.78460	 231.52521	 230.12677	        P1	
 490.54844	 245.35849	 158.05125	        P1	
 219.42270	 431.01549	 139.51755	        P1	
 443.88960	 269.38469	 331.03245	        P1	
 404.79705	 299.23541	 191.51489	        P1	
 354.35505	 262.83209	  32.94878	        P1	
 354.35505	  77.90312	 425.76028	        P1	
 442.62855	 450.67329	 113.26148	        P1	
 166.45860	 164.54309	 471.57967	        P1	
 147.54285	 210.41129	 193.57417	        P1	
 413.62440	 196.57800	 426.27509	        P1	
 263.55945	 197.30609	 312.49875	        P1	
 287.51940	 320.34933	 424.21581	        P1	
 321.56775	 386.60341	 149.81407	        P1	
 156.37020	 320.34933	 102.96502	        P1	
 317.78460	 250.45492	 275.94621	        P1	
  41.61465	 492.90113	 481.36138	        P1	
 219.42270	  94.64868	 114.80595	        P1	
 141.23760	 368.40173	 411.86001	        P1	
 136.19340	 352.38429	 355.74404	        P1	
 117.27765	 216.23580	 341.32897	        P1	
 100.88400	 176.19212	 339.26969	        P1	
 320.30670	 131.05200	 172.98120	        P1	
  85.75140	 330.54229	 250.71975	        P1	
 387.14235	 101.20128	  70.01618	        P1	
 277.43100	  99.01708	 448.41254	        P1	
  85.75140	 331.99841	  69.50137	        P1	
 274.90890	 142.70108	 244.54185	        P1	
 375.79290	 179.10440	 444.80879	        P1	
 215.63955	 108.48192	 450.47188	        P1	
  70.61880	 313.06869	 423.70094	        P1	
 293.82465	 439.02421	 335.15107	        P1	
 103.40610	 442.66453	 133.85452	        P1	
 137.45445	   5.09648	 392.81144	        P1	
 179.06910	  45.14012	  41.18602	        P1	
 474.15479	 318.89321	 440.17536	        P1	
  55.48620	  20.38588	 267.70897	        P1	
  64.31355	  29.85072	 461.28321	        P1	
  85.75140	 109.21000	 444.80879	        P1	
  40.35360	 324.71773	 308.38019	        P1	
 479.19899	  32.03492	 374.79261	        P1	
 369.48765	 351.65621	 452.53116	        P1	
 498.11474	  13.83328	 168.86258	        P1	
 278.69205	 120.13100	 123.55800	        P1	
 287.51940	  17.47360	 376.85189	        P1	
 208.07325	   3.64032	 387.14841	        P1	
 138.71550	 246.08652	 245.05671	        P1	
 131.14920	 157.26240	 259.47179	        P1	
 346.78875	 150.70980	 223.94887	        P1	
 184.11330	 243.17429	  77.73855	        P1	
 301.39095	 354.56849	 374.27774	        P1	
  74.40195	 214.77969	 317.13217	        P1	
 325.35090	 106.29772	 152.38822	        P1	
 100.88400	 136.87652	 258.95699	        P1	
 215.63955	 363.30529	 201.29655	        P1	
 427.49595	 305.05993	 368.61471	        P1	
 334.17825	 495.81341	 458.70906	        P1	
 378.31500	  21.84200	 390.75216	        P1	
 206.81220	 481.98013	  72.07552	        P1	
 385.88130	  11.64908	 150.32888	        P1	
  78.18510	 463.05041	  75.67927	        P1	
  66.83565	 160.90272	  85.97579	        P1	
 244.64370	 254.82332	 450.47188	        P1	
 148.80390	 441.20841	 321.25079	        P1	
 126.10500	  24.75428	 490.11337	        P1	
  42.87570	 209.68320	 315.07289	        P1	
 419.92965	 417.18221	 298.08367	        P1	
 254.73210	  69.89440	 475.69829	        P1	
 277.43100	 193.66572	  85.97579	        P1	
  92.05665	 478.33981	 389.20769	        P1	
 389.66445	 297.77929	 465.40177	        P1	
  71.87985	  88.09608	 230.64157	        P1	
 153.84810	 182.01669	 360.37747	        P1	
 432.54015	 224.97260	 458.70906	        P1	
  64.31355	 182.74472	   4.11862	        P1	
 384.62025	 273.02501	 452.53116	        P1	
 336.70035	  22.57008	 164.22915	        P1	
   0.00000	 313.06869	 108.62805	        P1	
  17.65470	 471.78721	 452.53116	        P1	
  65.57460	  55.33308	 119.43938	        P1	
 239.59950	 155.80628	 127.16175	        P1	
 259.77630	 321.80549	 485.47994	        P1	
 269.86470	  48.05240	 444.80879	        P1	
 311.47935	 412.81381	 438.63089	        P1	
  40.35360	   5.82452	 191.00009	        P1	
 366.96555	 203.13060	 415.46376	        P1	
 401.01390	 419.36641	 137.45827	        P1	
  46.65885	 433.19969	 139.51755	        P1	
 117.27765	 354.56849	  51.48248	        P1	
  12.61050	 141.24492	 469.00558	        P1	
  66.83565	 131.78008	 300.14295	        P1	
 413.62440	 350.92813	 425.76028	        P1	
 110.97240	  91.73640	 407.74139	        P1	
  11.34945	 408.44541	  94.21297	        P1	
  17.65470	  40.77172	 141.57689	        P1	
 254.73210	 397.52441	 154.44750	        P1	
 160.15335	  85.18380	 193.05937	        P1	
   3.78315	 261.37592	 183.27772	        P1	
 460.28324	 430.28741	 433.99746	        P1	
  15.13260	  69.89440	 409.28586	        P1	
  59.26935	 473.97141	 298.08367	        P1	
 150.06495	 137.60460	 321.25079	        P1	
 233.29425	 131.78008	  94.72778	        P1	
 317.78460	 276.66532	 277.49069	        P1	
 253.47105	  41.49980	 475.69829	        P1	
  75.66300	 131.05200	  43.24530	        P1	
 181.59120	 279.57761	 131.28037	        P1	
 316.52355	  41.49980	  61.77900	        P1	
 365.70450	 247.54269	 292.42057	        P1	
 486.76529	 265.01629	 275.43135	        P1	
 488.02634	 372.04209	 341.84377	        P1	
 267.34260	  40.77172	 306.83571	        P1	
 290.04150	 244.63041	 457.16459	        P1	
 335.43930	 250.45492	 201.81142	        P1	
 209.33430	 225.70069	 250.71975	        P1	
  22.69890	 436.84001	 328.97317	        P1	
  55.48620	 465.96269	 107.08358	        P1	
 108.45030	 273.75309	 100.90568	        P1	
  84.49035	 374.95433	  90.60922	        P1	
  35.30940	 200.94640	 364.49609	        P1	
  50.44200	 465.96269	   3.60375	        P1	
 447.67274	 128.86780	  75.67927	        P1	
  59.26935	 342.91941	 457.16459	        P1	
 230.77215	  31.30688	 287.78715	        P1	
 369.48765	 162.35888	 287.78715	        P1	
 395.96970	 123.77132	 487.53928	        P1	
 283.73625	 328.35809	 341.84377	        P1	
 456.50009	 305.78801	 446.35326	        P1	
 485.50424	 192.93769	 120.98385	        P1	
 408.58020	 426.64709	 281.60925	        P1	
 138.71550	 409.17349	 368.09984	        P1	
 432.54015	 453.58553	 102.96502	        P1	
 209.33430	  30.57880	 488.05409	        P1	
  35.30940	   0.00000	  80.31270	        P1	
 281.21415	 101.20128	  46.84905	        P1	
 320.30670	  82.99960	   0.00000	        P1	
 349.31085	 176.92020	  98.84640	        P1	
  41.61465	 377.86661	 242.48257	        P1	
 199.24590	 231.52521	 383.02979	        P1	
 360.66030	 161.63080	 370.67399	        P1	
 109.71135	 386.60341	 489.59856	        P1	
 185.37435	  83.72768	 440.69017	        P1	
 481.72109	 353.84041	 273.37207	        P1	
 315.26250	 119.40292	 283.66859	        P1	
 190.41855	  53.14888	 119.43938	        P1	
 146.28180	 193.66572	 413.40448	        P1	
 383.35920	   1.45612	 320.73599	        P1	
  74.40195	 274.48112	 399.50421	        P1	
 379.57605	 380.77889	  71.56065	        P1	
 118.53870	 410.62961	 172.98120	        P1	
 272.38680	 377.13853	 438.11608	        P1	
 495.59264	  86.63992	 152.38822	        P1	
 298.86885	 406.98929	 341.84377	        P1	
  78.18510	 272.29692	 275.94621	        P1	
 423.71280	 365.48949	 267.70897	        P1	
 266.08155	 220.60420	 129.73590	        P1	
  85.75140	  13.10520	  24.71160	        P1	
 305.17410	 473.24333	 203.35589	        P1	
 402.27495	 229.34101	 271.82759	        P1	
 284.99730	 165.99920	 290.36129	        P1	
 208.07325	 251.18301	 302.71709	        P1	
 124.84395	 460.86621	 464.88696	        P1	
 464.06639	 406.26121	 143.63617	        P1	
 375.79290	   2.91228	 298.59847	        P1	
 414.88545	 187.11312	 425.76028	        P1	
 137.45445	  44.41208	  15.95955	        P1	
  89.53455	 104.11352	   4.11862	        P1	
  74.40195	 488.53273	 492.17271	        P1	
 166.45860	  82.99960	 440.17536	        P1	
 427.49595	  69.16632	 462.82768	        P1	
  32.78730	  14.56132	  92.15369	        P1	
 491.80949	 116.49068	 100.90568	        P1	
 408.58020	 323.26161	 191.51489	        P1	
 408.58020	 126.68360	 118.92457	        P1	
 455.23904	 376.41049	 188.94075	        P1	
 150.06495	 124.49940	 172.98120	        P1	
 223.20585	 147.79752	  84.43132	        P1	
 480.46004	 118.67488	 232.18605	        P1	
  40.35360	  71.35052	 294.47991	        P1	
 139.97655	 249.72689	 323.31007	        P1	
 194.20170	 291.22669	 380.45564	        P1	
  22.69890	 394.61213	 333.09179	        P1	
  47.91990	 110.66612	 461.28321	        P1	
  98.36190	 451.40133	 271.31279	        P1	
 235.81635	 182.74472	  85.97579	        P1	
 453.97799	 333.45453	 191.00009	        P1	
  60.53040	  36.40332	 387.14841	        P1	
  64.31355	 414.26993	 374.79261	        P1	
 452.71694	 326.90193	 263.59041	        P1	
 359.39925	 404.07701	 118.92457	        P1	
 366.96555	 136.14848	  20.59298	        P1	
 303.91305	 348.74393	 228.06749	        P1	
 351.83295	 306.51609	 281.60925	        P1	
 269.86470	  29.12268	 182.76285	        P1	
 298.86885	 141.97300	 185.33700	        P1	
 445.15065	 415.72609	 281.60925	        P1	
 421.19070	 410.62961	 137.45827	        P1	
 209.33430	 208.22709	 372.73327	        P1	
  25.22100	 195.12189	 409.80067	        P1	
 388.40340	 369.85789	 151.87335	        P1	
 322.82880	 260.64789	 459.22387	        P1	
 311.47935	 264.28821	 322.79527	        P1	
 152.58705	 274.48112	 109.14292	        P1	
 359.39925	 261.37592	 258.95699	        P1	
  34.04835	 208.95512	  78.25342	        P1	
 161.41440	  65.52600	 390.75216	        P1	
 453.97799	 414.99801	 261.01627	        P1	
 475.41584	  31.30688	 120.98385	        P1	
 242.12160	 219.87612	 413.40448	        P1	
 277.43100	 275.20921	 203.87069	        P1	
 292.56360	 167.45532	 430.39371	        P1	
 205.55115	 118.67488	 422.15647	        P1	
 199.24590	 449.94521	 234.76019	        P1	
 105.92820	 113.57840	 481.87619	        P1	
  25.22100	 129.59588	 372.73327	        P1	
 411.10230	 286.85829	 398.98934	        P1	
  55.48620	 377.13853	 469.00558	        P1	
  12.61050	 333.45453	 444.29398	        P1	
 274.90890	 476.15561	 100.39087	        P1	
 340.48350	  30.57880	 352.14029	        P1	
 197.98485	 401.16473	  16.47442	        P1	
 152.58705	 274.48112	 110.68739	        P1	
 214.37850	 154.35012	 234.24539	        P1	
 168.98070	 381.50693	 376.33709	        P1	
 128.62710	  97.56092	 252.77909	        P1	
 226.98900	 240.26201	 389.20769	        P1	
 493.07054	 111.39420	 236.30467	        P1	
 372.00975	 115.76260	 203.87069	        P1	
 139.97655	 479.79593	 345.44759	        P1	
 224.46690	 356.75269	 119.43938	        P1	
 369.48765	  50.23660	 413.91929	        P1	
   3.78315	  40.04368	 100.90568	        P1	
 295.08570	 160.17469	 156.50678	        P1	
 215.63955	 450.67329	 170.40705	        P1	
 354.35505	 210.41129	 391.26697	        P1	
 455.23904	  99.74512	  48.90839	        P1	
 117.27765	 385.14729	 250.71975	        P1	
 172.76385	 243.90232	  30.37469	        P1	
 225.72795	  82.27152	  16.47442	        P1	
 397.23075	 252.63912	 234.24539	        P1	
 496.85369	  39.31560	 395.38559	        P1	
 228.25005	 203.13060	 298.08367	        P1	
 349.31085	 136.14848	 337.21035	        P1	
 489.28739	 422.27869	 151.87335	        P1	
  20.17680	 149.98172	  16.47442	        P1	
 419.92965	 390.97181	  38.61187	        P1	
  64.31355	 128.86780	 248.66047	        P1	
 112.23345	 239.53392	  28.83022	        P1	
  21.43785	 128.86780	 438.63089	        P1	
 232.03320	  99.01708	 337.21035	        P1	
  18.91575	  56.06112	 370.15919	        P1	
 258.51525	 441.93649	 415.97857	        P1	
 214.37850	  21.84200	 401.56349	        P1	
 253.47105	 117.21872	 178.64429	        P1	
  58.00830	  18.92972	 411.86001	        P1	
 142.49865	 456.49781	 457.16459	        P1	
 332.91720	 445.57681	 308.89499	        P1	
 448.93379	  27.66652	 116.86529	        P1	
 494.33159	 353.84041	 427.81956	        P1	
 124.84395	  16.74552	 277.49069	        P1	
  10.08840	 129.59588	 107.08358	        P1	
 264.82050	 279.57761	 321.25079	        P1	
 168.98070	 211.13932	   4.11862	        P1	
 421.19070	 279.57761	 179.15910	        P1	
  30.26520	  65.52600	 341.32897	        P1	
 218.16165	 434.65581	 452.53116	        P1	
  84.49035	 219.14809	 479.30204	        P1	
 368.22660	 307.24413	  36.55259	        P1	
 467.84954	 401.16473	 492.17271	        P1	
 404.79705	  83.72768	 310.95427	        P1	
  70.61880	 126.68360	 222.40439	        P1	
 388.40340	 425.19093	  48.90839	        P1	
 394.70865	 372.04209	 473.12414	        P1	
  58.00830	 184.92892	 419.58238	        P1	
  65.57460	 352.38429	  96.27225	        P1	
 327.87300	 334.91069	 150.32888	        P1	
 317.78460	 152.89400	  49.42320	        P1	
 375.79290	 174.73600	 285.72787	        P1	
  79.44615	  80.81540	 186.88147	        P1	
  21.43785	 351.65621	 415.46376	        P1	
 441.36750	 454.31361	 488.05409	        P1	
 200.50695	 361.84913	 333.09179	        P1	
 482.98214	  29.85072	 160.11059	        P1	
 303.91305	 460.86621	 180.70357	        P1	
  37.83150	 302.87573	 442.74951	        P1	
 491.80949	 123.77132	 394.87079	        P1	
 157.63125	 172.55180	  20.07817	        P1	
 129.88815	 257.00752	 195.63352	        P1	
 105.92820	  36.40332	 493.71718	        P1	
 272.38680	 441.20841	 291.90577	        P1	
 191.67960	 136.87652	  85.97579	        P1	
 423.71280	   5.82452	 164.74402	        P1	
 218.16165	 351.65621	  24.71160	        P1	
  15.13260	 414.99801	 111.20220	        P1	
   2.52210	 196.57800	 210.04859	        P1	
 315.26250	 164.54309	 232.18605	        P1	
 249.68790	  27.66652	 331.54731	        P1	
 436.32330	 116.49068	 236.81947	        P1	
 176.54700	 183.47280	 444.80879	        P1	
 259.77630	 225.70069	 471.57967	        P1	
 331.65615	 115.76260	 302.71709	        P1	
 108.45030	 401.89281	 302.71709	        P1	
 205.55115	  31.30688	 490.11337	        P1	
 441.36750	 369.85789	 133.33965	        P1	
 480.46004	 385.14729	 205.92997	        P1	
  44.13675	 194.39380	 148.26960	        P1	
 336.70035	 347.28781	 383.02979	        P1	
  87.01245	  61.88568	 181.21837	        P1	
 279.95310	 183.47280	 345.96239	        P1	
 485.50424	 386.60341	 210.04859	        P1	
 368.22660	  64.06988	  51.48248	        P1	
 132.41025	 335.63873	 493.71718	        P1	
 340.48350	  96.10480	 254.83837	        P1	
 414.88545	 190.02540	 284.18339	        P1	
 417.40755	 160.90272	 252.77909	        P1	
 134.93235	 418.63833	 308.38019	        P1	
 452.71694	 165.27112	 269.76831	        P1	
  60.53040	 355.29653	 326.91389	        P1	
 214.37850	 490.71693	 288.30201	        P1	
 433.80120	 288.31441	 426.27509	        P1	
 204.29010	 107.75388	 312.49875	        P1	
  40.35360	 278.12149	 170.40705	        P1	
  47.91990	 432.47161	 253.29389	        P1	
 138.71550	 362.57721	  37.06740	        P1	
  81.96825	 114.30648	  63.83828	        P1	
 225.72795	 390.97181	 172.98120	        P1	
 102.14505	  74.99088	 372.73327	        P1	
 316.52355	  18.20168	 335.66587	        P1	
 369.48765	  72.07860	 407.74139	        P1	
 196.72380	 410.62961	 403.10796	        P1	
  17.65470	 477.61173	 394.87079	        P1	
   0.00000	 334.91069	 280.06477	        P1	
 232.03320	  77.17508	 417.52304	        P1	
 324.08985	 323.98969	 337.21035	        P1	
 234.55530	 346.55973	 129.22109	        P1	
 216.90060	 192.20960	 105.02430	        P1	
 428.75700	 393.15601	 432.45299	        P1	
 414.88545	 149.25368	 125.61728	        P1	
 471.63269	 113.57840	 279.54997	        P1	
 409.84125	 174.00792	  79.79789	        P1	
   8.82735	 323.98969	 300.14295	        P1	
 363.18240	  97.56092	 339.26969	        P1	
 123.58290	 314.52481	 253.29389	        P1	
 277.43100	 174.73600	 433.99746	        P1	
 424.97385	 248.27072	  22.65232	        P1	
 310.21830	  65.52600	 148.26960	        P1	
  85.75140	 404.80509	 261.53107	        P1	
 161.41440	 366.94561	 185.33700	        P1	
 298.86885	 463.77849	 459.22387	        P1	
 387.14235	 372.04209	 385.08907	        P1	
 237.07740	 288.31441	 450.98669	        P1	
 416.14650	  72.80668	  71.56065	        P1	
  70.61880	 113.57840	 166.80330	        P1	
 206.81220	  75.71892	 195.63352	        P1	
  75.66300	 116.49068	 263.07555	        P1	
 167.71965	  63.34180	  67.95690	        P1	
 465.32744	 450.67329	  46.84905	        P1	
  47.91990	  90.28028	 318.67665	        P1	
  81.96825	 299.23541	 302.71709	        P1	
 261.03735	 133.23620	 284.18339	        P1	
 382.09815	 386.60341	 481.87619	        P1	
 379.57605	  42.95592	 116.86529	        P1	
  87.01245	 191.48152	 339.26969	        P1	
 331.65615	 274.48112	 306.83571	        P1	
 432.54015	 404.07701	 463.34249	        P1	
 257.25420	 371.31401	 438.63089	        P1	
 209.33430	 161.63080	  63.32347	        P1	
  76.92405	   6.55260	 166.80330	        P1	
 147.54285	 484.16433	 184.82219	        P1	
 197.98485	 481.25209	 187.39627	        P1	
 409.84125	 166.72728	 415.97857	        P1	
  90.79560	  40.77172	 448.92741	        P1	
 128.62710	 144.15720	 322.79527	        P1	
 243.38265	 249.72689	 403.62277	        P1	
 160.15335	 175.46409	 403.62277	        P1	
 488.02634	 168.18340	 155.99197	        P1	
 283.73625	   8.00872	 308.38019	        P1	
 337.96140	 455.76973	 362.43681	        P1	
 349.31085	  83.72768	 249.17527	        P1	
 103.40610	 282.48989	 403.62277	        P1	
 446.41170	 206.77092	 226.52302	        P1	
  78.18510	 486.34853	 221.88959	        P1	
  89.53455	 134.69232	 127.67662	        P1	
 480.46004	 257.00752	 191.00009	        P1	
  45.39780	 334.91069	  39.12668	        P1	
  27.74310	  40.77172	 356.25891	        P1	
 250.94895	 121.58712	 238.87881	        P1	
  97.10085	 428.83129	 317.13217	        P1	
  29.00415	 370.58593	 411.86001	        P1	
 187.89645	 273.02501	 352.14029	        P1	
 208.07325	 299.23541	 273.37207	        P1	
 334.17825	 255.55141	 180.70357	        P1	
 464.06639	  80.08732	 473.63901	        P1	
 220.68375	 332.72649	 324.85455	        P1	
 438.84540	 200.94640	  94.21297	        P1	
 300.12990	 167.45532	 481.36138	        P1	
  12.61050	 100.47320	 358.31819	        P1	
 355.61610	 368.40173	 246.60119	        P1	
   6.30525	 350.20009	 193.57417	        P1	
 226.98900	 273.75309	 139.51755	        P1	
  65.57460	 154.35012	  98.33159	        P1	
 427.49595	  85.18380	 304.26157	        P1	
 186.63540	 393.15601	   6.17790	        P1	
 145.02075	 197.30609	 267.70897	        P1	
 443.88960	 374.22629	  70.01618	        P1	
 191.67960	 254.82332	 271.31279	        P1	
 394.70865	  80.81540	 353.68477	        P1	
 263.55945	  19.65780	 345.96239	        P1	
 211.85640	 254.82332	  96.78712	        P1	
  89.53455	 152.16592	  55.08629	        P1	
 278.69205	 128.86780	 384.57426	        P1	
 413.62440	 464.50653	 467.46111	        P1	
 107.18925	 345.83169	 256.89765	        P1	
 205.55115	  13.83328	 250.71975	        P1	
 428.75700	 458.68201	 291.90577	        P1	
 452.71694	 160.90272	  47.36392	        P1	
 245.90475	  80.81540	 452.53116	        P1	
 374.53185	 424.46289	 175.04047	        P1	
 215.63955	 482.70821	   0.00000	        P1	
 141.23760	 123.77132	 374.79261	        P1	
 350.57190	 414.99801	 267.19417	        P1	
 302.65200	 122.31520	 143.63617	        P1	
 266.08155	 379.32273	 228.06749	        P1	
 100.88400	 260.64789	 275.43135	        P1	
 182.85225	 144.88528	  90.09435	        P1	
   7.56630	  84.45572	 479.81691	        P1	
 268.60365	 200.21832	 430.39371	        P1	
 476.67689	 404.80509	 448.41254	        P1	
 464.06639	 348.01589	  32.94878	        P1	
 206.81220	 281.03373	 302.20229	        P1	
 261.03735	  73.53472	 275.94621	        P1	
 470.37164	  10.92100	 111.20220	        P1	
  12.61050	 195.12189	   3.60375	        P1	
  78.18510	  23.29812	 277.49069	        P1	
   6.30525	 286.13021	   6.17790	        P1	
 235.81635	 102.65740	 162.16987	        P1	
 360.66030	 100.47320	 316.61737	        P1	
  84.49035	 392.42793	  47.36392	        P1	
 245.90475	 157.99048	 348.02167	        P1	
 103.40610	 362.57721	  88.03507	        P1	
 477.93794	 232.25329	 385.08907	        P1	
 475.41584	 150.70980	 452.53116	        P1	
 311.47935	  89.55220	 440.17536	        P1	
 321.56775	  24.02620	  24.71160	        P1	
  25.22100	 416.45413	 313.01361	        P1	
 105.92820	 135.42040	 273.37207	        P1	
 172.76385	  72.07860	 236.30467	        P1	
 156.37020	   7.28068	  28.31535	        P1	
  55.48620	 336.36681	  37.06740	        P1	
 291.30255	  29.85072	  10.29652	        P1	
 324.08985	 382.23501	  50.96767	        P1	
  41.61465	 249.72689	 398.98934	        P1	
 411.10230	 458.68201	   7.72237	        P1	
 273.64785	 147.79752	  11.84100	        P1	
 388.40340	  69.89440	 118.92457	        P1	
  23.95995	 283.21792	 289.84649	        P1	
 258.51525	 433.19969	 249.17527	        P1	
 271.12575	 277.39341	 254.83837	        P1	
 469.11059	 218.42000	 396.93006	        P1	
  89.53455	 340.00713	   5.66310	        P1	
 335.43930	  24.75428	 368.09984	        P1	
 221.94480	 228.61292	 257.41251	        P1	
 142.49865	  80.81540	  49.42320	        P1	
 327.87300	 248.99881	   6.17790	        P1	
 440.10645	   6.55260	 123.55800	        P1	
   1.26105	 460.86621	 100.39087	        P1	
 491.80949	 141.24492	 448.92741	        P1	
 393.44760	 369.85789	 108.62805	        P1	
 146.28180	 283.94601	 446.35326	        P1	
 259.77630	  45.14012	  65.89762	        P1	
 475.41584	 264.28821	 407.74139	        P1	
 112.23345	 377.86661	 172.98120	        P1	
 421.19070	 103.38548	 236.81947	        P1	
 359.39925	 190.02540	  24.71160	        P1	
  22.69890	 238.80589	  15.95955	        P1	
 435.06225	 369.12981	 172.98120	        P1	
 353.09400	 187.84120	 390.75216	        P1	
 361.92135	  80.81540	 278.00549	        P1	
 384.62025	 463.77849	 354.19957	        P1	
 220.68375	 274.48112	 350.08101	        P1	
 179.06910	 192.20960	 308.89499	        P1	
 245.90475	  88.09608	 139.51755	        P1	
  99.62295	  19.65780	 415.46376	        P1	
 137.45445	  96.83288	  34.49325	        P1	
 141.23760	  27.66652	 209.53379	        P1	
  46.65885	  24.02620	  12.35580	        P1	
  17.65470	 320.34933	 288.30201	        P1	
  59.26935	  38.58752	 313.01361	        P1	
 114.75555	  93.92060	  98.84640	        P1	
  84.49035	 328.35809	 187.39627	        P1	
  63.05250	 449.94521	   6.17790	        P1	
 254.73210	 439.75229	 422.15647	        P1	
  90.79560	 237.34972	  98.33159	        P1	
 205.55115	 123.04328	 312.49875	        P1	
 160.15335	 299.23541	 143.63617	        P1	
 141.23760	 382.96309	 201.29655	        P1	
 295.08570	 253.36721	 321.25079	        P1	
 105.92820	 375.68241	  94.21297	        P1	
  71.87985	 275.93729	 366.55537	        P1	
 346.78875	 204.58672	  28.83022	        P1	
 209.33430	 117.94680	 259.47179	        P1	
 234.55530	  34.94720	  98.84640	        P1	
 460.28324	 224.97260	 155.99197	        P1	
 208.07325	 220.60420	 407.74139	        P1	
 277.43100	 158.71852	 277.49069	        P1	
 312.74040	  34.94720	 166.80330	        P1	
  16.39365	 277.39341	 475.69829	        P1	
  41.61465	  26.93848	   8.23718	        P1	
  79.44615	  34.21912	 197.17799	        P1	
 330.39510	 441.20841	 409.28586	        P1	
 190.41855	 402.62089	  77.73855	        P1	
 303.91305	 210.41129	 249.17527	        P1	
 310.21830	 297.05121	 205.41517	        P1	
 266.08155	 117.21872	 221.88959	        P1	
 366.96555	 197.30609	 267.70897	        P1	
 277.43100	 334.91069	  53.02695	        P1	
 398.49180	 321.80549	  39.12668	        P1	
 482.98214	 300.69153	 220.34512	        P1	
 127.36605	 427.37513	 141.57689	        P1	
 229.51110	 336.36681	 236.30467	        P1	
 255.99315	 211.86740	 481.87619	        P1	
 102.14505	 466.69073	 195.63352	        P1	
 141.23760	 109.21000	 242.48257	        P1	
 242.12160	 126.68360	 185.33700	        P1	
  98.36190	  74.26280	 155.99197	        P1	
  15.13260	 250.45492	 294.47991	        P1	
 398.49180	 184.92892	 399.50421	        P1	
 176.54700	 160.17469	 263.07555	        P1	
 136.19340	 206.77092	 387.14841	        P1	
 472.89374	 353.11233	 393.32631	        P1	
 195.46275	  51.69272	 487.53928	        P1	
  70.61880	 218.42000	 483.42066	        P1	
 479.19899	 269.38469	 436.05674	        P1	
  20.17680	  75.71892	 251.23461	        P1	
 404.79705	 335.63873	 411.86001	        P1	
 166.45860	 163.08692	 269.76831	        P1	
 254.73210	 438.29613	 431.93818	        P1	
 114.75555	 414.26993	 462.82768	        P1	
 324.08985	  82.27152	 479.81691	        P1	
 203.02905	 155.07820	 477.24276	        P1	
 303.91305	 181.28860	 315.07289	        P1	
 426.23490	 461.59429	 263.07555	        P1	
 336.70035	 194.39380	 396.93006	        P1	
 276.16995	 165.27112	 252.77909	        P1	
 153.84810	 212.59549	 300.14295	        P1	
 479.19899	 149.98172	 184.82219	        P1	
 190.41855	 174.00792	 467.46111	        P1	
 273.64785	 370.58593	  90.60922	        P1	
  92.05665	 396.79633	 257.41251	        P1	
 466.58849	  75.71892	 129.22109	        P1	
 314.00145	 427.37513	 275.94621	        P1	
  47.91990	 149.98172	 456.64978	        P1	
 372.00975	 398.25249	 298.59847	        P1	
 162.67545	 460.86621	 111.20220	        P1	
  69.35775	  47.32432	 363.98129	        P1	
 465.32744	 390.97181	 186.88147	        P1	
 372.00975	 488.53273	 393.32631	        P1	
  37.83150	 283.94601	 364.49609	        P1	
 108.45030	  11.64908	 417.52304	        P1	
 372.00975	 465.23461	  55.60110	        P1	
  39.09255	 485.62049	 263.07555	        P1	
  40.35360	 346.55973	  84.43132	        P1	
 283.73625	 441.93649	 144.15098	        P1	
 273.64785	  96.83288	  53.02695	        P1	
 223.20585	 341.46329	 306.32085	        P1	
 364.44345	 257.00752	  78.25342	        P1	
 417.40755	  76.44700	  86.49060	        P1	
 136.19340	  21.84200	 304.26157	        P1	
 201.76800	 477.61173	 289.84649	        P1	
 152.58705	 206.04289	 181.21837	        P1	
 305.17410	 211.13932	 115.32082	        P1	
  64.31355	 131.78008	 114.80595	        P1	
 163.93650	 457.22589	 415.97857	        P1	
 379.57605	 354.56849	 286.24267	        P1	
  27.74310	  97.56092	 152.38822	        P1	
  66.83565	 194.39380	 463.34249	        P1	
 249.68790	  39.31560	 240.93809	        P1	
 474.15479	 345.10361	 131.28037	        P1	
 177.80805	  57.51728	 465.40177	        P1	
 485.50424	  82.27152	  35.00812	        P1	
 142.49865	 441.93649	 453.04597	        P1	
 361.92135	  19.65780	 211.59307	        P1	
 290.04150	 174.73600	 247.11599	        P1	
 346.78875	 217.69192	 289.84649	        P1	
 213.11745	 434.65581	 228.58229	        P1	
 390.92550	 243.17429	 188.94075	        P1	
 162.67545	 168.18340	 105.02430	        P1	
 421.19070	 107.75388	 125.61728	        P1	
 281.21415	  32.76300	  63.32347	        P1	
 343.00560	 113.57840	 315.07289	        P1	
  30.26520	  48.05240	  61.77900	        P1	
  39.09255	 401.16473	  30.37469	        P1	
 315.26250	 189.29732	 221.88959	        P1	
  92.05665	 252.63912	 382.51499	        P1	
  17.65470	 149.98172	  16.47442	        P1	
 408.58020	 219.87612	 152.38822	        P1	
 493.07054	 257.00752	 326.91389	        P1	
 442.62855	 214.77969	 267.70897	        P1	
 387.14235	  73.53472	 370.15919	        P1	
 337.96140	   4.36840	 471.06486	        P1	
 220.68375	 392.42793	 102.96502	        P1	
  95.83980	  81.54348	 131.79518	        P1	
 119.79975	 455.04169	 261.53107	        P1	
  26.48205	 300.69153	 350.08101	        P1	
 459.02219	 480.52401	 296.53919	        P1	
 498.11474	 312.34061	 185.33700	        P1	
 218.16165	 492.90113	 240.42329	        P1	
  61.79145	  85.18380	 168.34777	        P1	
  29.00415	 386.60341	 345.96239	        P1	
 330.39510	  62.61372	  65.89762	        P1	
 310.21830	 116.49068	  63.83828	        P1	
 461.54429	 294.13893	  96.78712	        P1	
 133.67130	 433.92773	 234.24539	        P1	
 114.75555	 455.04169	 175.04047	        P1	
  80.70720	 163.08692	 376.33709	        P1	
 235.81635	 290.49861	 135.91380	        P1	
 484.24319	  88.82412	 442.74951	        P1	
  66.83565	 243.90232	 473.63901	        P1	
  59.26935	  72.07860	 370.67399	        P1	
  59.26935	 243.90232	 141.57689	        P1	
 307.69620	 265.01629	 343.38825	        P1	
 150.06495	 259.91981	 426.27509	        P1	
  41.61465	 444.84873	 160.11059	        P1	
 355.61610	 393.15601	 308.89499	        P1	
 418.66860	  80.08732	 158.56612	        P1	
 474.15479	 227.15681	 149.81407	        P1	
 445.15065	 489.98889	 131.79518	        P1	
 314.00145	 109.93808	 230.64157	        P1	
 249.68790	 165.99920	 426.27509	        P1	
  75.66300	 349.47201	  94.21297	        P1	
 261.03735	  37.13140	 284.18339	        P1	
 327.87300	 487.80469	 100.90568	        P1	
  27.74310	  91.73640	 278.00549	        P1	
   5.04420	  34.94720	 333.60659	        P1	
 336.70035	 207.49900	 149.81407	        P1	
 363.18240	 380.05081	 438.63089	        P1	
  35.30940	 174.73600	 358.31819	        P1	
 490.54844	 203.13060	 131.28037	        P1	
 464.06639	 260.64789	 269.25345	        P1	
  60.53040	 382.96309	 168.86258	        P1	
 453.97799	 342.19133	 221.88959	        P1	
 414.88545	  13.83328	 398.98934	        P1	
 426.23490	 406.26121	 302.71709	        P1	
 155.10915	 440.48033	 382.51499	        P1	
 315.26250	 212.59549	 398.98934	        P1	
 315.26250	 492.17309	 125.61728	        P1	
 224.46690	 358.20881	 172.98120	        P1	
 375.79290	 356.75269	 465.40177	        P1	
 195.46275	 450.67329	 423.70094	        P1	
 235.81635	 342.91941	 267.19417	        P1	
 344.26665	 420.09449	 422.15647	        P1	
  55.48620	 336.36681	 471.06486	        P1	
 443.88960	 420.82253	 195.63352	        P1	
  37.83150	 209.68320	  57.14557	        P1	
 290.04150	 407.71733	 189.45562	        P1	
 311.47935	   3.64032	  10.29652	        P1	
 297.60780	 377.13853	 184.82219	        P1	
 232.03320	 147.06948	  59.20485	        P1	
 417.40755	 283.21792	 393.32631	        P1	
 375.79290	 157.26240	 216.22649	        P1	
 233.29425	 316.70901	 223.94887	        P1	
 237.07740	 269.38469	 164.22915	        P1	
 121.06080	 448.48909	 144.15098	        P1	
  29.00415	 258.46369	 176.58495	        P1	
 443.88960	 101.92932	  73.61999	        P1	
 187.89645	 259.91981	  80.31270	        P1	
 378.31500	 158.71852	 228.06749	        P1	
 445.15065	 401.16473	 201.81142	        P1	
 238.33845	 150.70980	  81.85717	        P1	
 447.67274	 211.86740	 242.48257	        P1	
 151.32600	 410.62961	  26.25607	        P1	
  16.39365	 222.06032	 362.43681	        P1	
 379.57605	 406.98929	 374.27774	        P1	
 208.07325	 235.16552	  96.78712	        P1	
 392.18655	 401.16473	 357.80339	        P1	
  80.70720	 442.66453	 215.71169	        P1	
 445.15065	 248.27072	 325.36941	        P1	
 426.23490	 266.47241	 179.15910	        P1	
 412.36335	  60.42952	 158.56612	        P1	
 187.89645	 134.69232	 135.39899	        P1	
 243.38265	 452.12941	 401.56349	        P1	
 436.32330	 113.57840	 378.39637	        P1	
  25.22100	 431.01549	 267.70897	        P1	
 122.32185	 277.39341	 100.39087	        P1	
 176.54700	 247.54269	 392.81144	        P1	
 215.63955	 128.86780	 137.45827	        P1	
 460.28324	  29.85072	 331.54731	        P1	
 219.42270	  36.40332	  78.25342	        P1	
 435.06225	 230.79712	  22.65232	        P1	
 341.74455	  91.00832	  24.19679	        P1	
  99.62295	  73.53472	 289.84649	        P1	
 390.92550	 419.36641	 352.14029	        P1	
 369.48765	 107.02580	 166.80330	        P1	
 151.32600	 177.64829	 267.70897	        P1	
  63.05250	 467.41881	 444.80879	        P1	
 466.58849	 196.57800	 228.58229	        P1	
 316.52355	 111.39420	 296.53919	        P1	
 191.67960	 372.77013	 481.36138	        P1	
 486.76529	 243.17429	  63.83828	        P1	
 307.69620	  81.54348	 242.99737	        P1	
 286.25835	 471.05913	 442.74951	        P1	
 494.33159	 133.96428	 429.87884	        P1	
 195.46275	 402.62089	 293.96505	        P1	
 346.78875	  32.76300	 236.30467	        P1	
 281.21415	  47.32432	 201.81142	        P1	
 327.87300	  82.99960	 469.52039	        P1	
 273.64785	 182.74472	  35.00812	        P1	
   6.30525	  42.95592	 246.60119	        P1	
  73.14090	 326.17389	 459.22387	        P1	
 414.88545	 374.95433	 258.95699	        P1	
  89.53455	 296.32313	 203.35589	        P1	
 486.76529	 304.33189	 422.15647	        P1	
 351.83295	 185.65700	 352.14029	        P1	
 477.93794	 356.02461	 359.86267	        P1	
  95.83980	 315.98093	 418.03791	        P1	
 369.48765	 226.42872	 401.04869	        P1	
  88.27350	 167.45532	 438.11608	        P1	
  55.48620	 397.52441	 395.38559	        P1	
 408.58020	 461.59429	 213.65235	        P1	
 389.66445	 489.98889	 385.08907	        P1	
 248.42685	 195.84992	 425.76028	        P1	
 494.33159	 125.22748	 199.75207	        P1	
 105.92820	   5.82452	   4.11862	        P1	
 216.90060	 192.20960	  26.25607	        P1	
 486.76529	 460.13813	 203.35589	        P1	
 214.37850	  64.06988	 466.94624	        P1	
 402.27495	  61.88568	 477.75757	        P1	
  97.10085	 495.81341	  75.67927	        P1	
 460.28324	 376.41049	 150.32888	        P1	
 432.54015	 157.99048	 238.36395	        P1	
 229.51110	  37.85948	 107.08358	        P1	
 229.51110	   2.91228	  26.77088	        P1	
 185.37435	 409.90153	  10.29652	        P1	
 126.10500	 257.73561	 335.15107	        P1	
 407.31915	 229.34101	 174.52567	        P1	
 329.13405	 131.78008	 366.55537	        P1	
  39.09255	 491.44501	 471.06486	        P1	
 162.67545	 141.97300	   6.17790	        P1	
  78.18510	  24.75428	 125.61728	        P1	
 469.11059	 163.08692	 271.31279	        P1	
 232.03320	  68.43828	 409.80067	        P1	
 359.39925	 462.32233	 345.44759	        P1	
  92.05665	 417.18221	 426.27509	        P1	
  84.49035	 427.37513	 394.87079	        P1	
 430.01805	  42.95592	 177.09982	        P1	
 129.88815	 230.79712	 183.27772	        P1	
 211.85640	  18.92972	 251.23461	        P1	
 306.43515	  86.63992	  98.33159	        P1	
 302.65200	 256.27949	  20.59298	        P1	
  49.18095	 485.62049	   8.23718	        P1	
 360.66030	 358.20881	 353.68477	        P1	
 127.36605	 309.42833	 172.46639	        P1	
 263.55945	 147.79752	 141.57689	        P1	
 331.65615	  13.83328	 193.57417	        P1	
  54.22515	 125.95552	 388.69289	        P1	
  94.57875	 441.93649	  82.37198	        P1	
 271.12575	   9.46488	 329.48797	        P1	
  75.66300	 321.80549	 242.99737	        P1	
 113.49450	 115.03452	  84.43132	        P1	
 291.30255	 289.04249	  51.48248	        P1	
 268.60365	 340.00713	 282.12411	        P1	
  97.10085	 396.79633	 265.13489	        P1	
 493.07054	 261.37592	 469.00558	        P1	
  81.96825	  92.46448	 298.59847	        P1	
 184.11330	   4.36840	 450.98669	        P1	
 490.54844	 191.48152	  61.26419	        P1	
 482.98214	 455.04169	 479.30204	        P1	
 121.06080	 294.13893	 320.73599	        P1	
 218.16165	 401.16473	 430.39371	        P1	
 160.15335	 364.76141	 315.07289	        P1	
 271.12575	 192.93769	 300.14295	        P1	
 170.24175	 390.97181	 142.09170	        P1	
 368.22660	 449.94521	 290.36129	        P1	
 191.67960	  53.87692	 475.18348	        P1	
 245.90475	 233.70941	 415.46376	        P1	
  26.48205	 457.95393	 133.85452	        P1	
 243.38265	  35.67528	 298.59847	        P1	
 373.27080	 438.29613	 191.00009	        P1	
 329.13405	   9.46488	 267.70897	        P1	
 427.49595	 492.90113	  42.73049	        P1	
 453.97799	 310.15641	 358.31819	        P1	
 255.99315	 278.84952	 129.22109	        P1	
 143.75970	 276.66532	  61.26419	        P1	
  84.49035	 224.97260	 409.28586	        P1	
 418.66860	   4.36840	 302.71709	        P1	
 471.63269	 136.87652	 350.08101	        P1	
 247.16580	 492.17309	 182.76285	        P1	
  85.75140	 174.73600	 248.66047	        P1	
 175.28595	 208.95512	 170.92192	        P1	
  26.48205	 340.00713	 294.47991	        P1	
 254.73210	 426.64709	 453.04597	        P1	
  70.61880	 412.08573	 191.00009	        P1	
 446.41170	 419.36641	  50.96767	        P1	
 477.93794	 248.27072	 288.30201	        P1	
 339.22245	 166.72728	 318.67665	        P1	
 332.91720	 302.87573	 380.97051	        P1	
 259.77630	 278.12149	 479.30204	        P1	
 151.32600	  17.47360	 477.24276	        P1	
 363.18240	 101.92932	 240.42329	        P1	
  95.83980	 101.92932	   5.66310	        P1	
 431.27910	 231.52521	  50.96767	        P1	
 177.80805	 370.58593	  73.61999	        P1	
 316.52355	 414.26993	 184.82219	        P1	
  17.65470	 164.54309	 429.87884	        P1	
  63.05250	   0.00000	 242.48257	        P1	
 441.36750	  69.89440	 463.34249	        P1	
  85.75140	 198.03412	 394.87079	        P1	
 105.92820	 390.24373	 183.27772	        P1	
 128.62710	 286.85829	 255.35317	        P1	
 182.85225	  76.44700	  67.95690	        P1	
 350.57190	 465.96269	 275.43135	        P1	
 268.60365	 306.51609	  59.20485	        P1	
 471.63269	 235.89361	 433.99746	        P1	
 278.69205	 109.93808	 372.73327	        P1	
  29.00415	 433.19969	 485.47994	        P1	
  11.34945	 150.70980	  30.88950	        P1	
 112.23345	 293.41089	 151.87335	        P1	
 288.78045	 411.35769	 238.36395	        P1	
 139.97655	 386.60341	 240.93809	        P1	
 252.21000	 104.84160	 111.20220	        P1	
 129.88815	 293.41089	 448.41254	        P1	
 158.89230	 495.08533	 153.93269	        P1	
 330.39510	 429.55933	 405.68211	        P1	
 162.67545	 313.79673	 413.40448	        P1	
 180.33015	 488.53273	 411.86001	        P1	
 102.14505	 344.37553	 172.46639	        P1	
 239.59950	 353.84041	 199.23727	        P1	
 104.66715	 165.27112	 461.28321	        P1	
  35.30940	 147.06948	 324.85455	        P1	
 453.97799	  36.40332	 245.05671	        P1	
 315.26250	 299.96349	 193.57417	        P1	
   0.00000	 164.54309	 158.05125	        P1	
 104.66715	 374.95433	 195.63352	        P1	
 351.83295	 439.02421	 395.38559	        P1	
 297.60780	 304.33189	 164.22915	        P1	
 424.97385	  42.95592	 456.64978	        P1	
  74.40195	 497.26953	  28.83022	        P1	
 136.19340	 116.49068	 391.26697	        P1	
 408.58020	 222.78840	 131.28037	        P1	
 411.10230	 283.94601	 308.89499	        P1	
 273.64785	 300.69153	 121.49872	        P1	
 343.00560	 403.34893	 370.15919	        P1	
 388.40340	 336.36681	 112.74667	        P1	
 100.88400	 380.05081	 450.98669	        P1	
 455.23904	 153.62208	 466.94624	        P1	
 316.52355	 488.53273	 214.16722	        P1	
 401.01390	 428.10321	 247.11599	        P1	
  30.26520	  96.10480	 160.62540	        P1	
 303.91305	 184.20089	 236.81947	        P1	
 312.74040	 148.52560	 217.77097	        P1	
 417.40755	 452.12941	 315.07289	        P1	
 471.63269	 148.52560	 211.59307	        P1	
 291.30255	 376.41049	 448.41254	        P1	
 190.41855	  83.72768	 415.97857	        P1	
 436.32330	 179.10440	 259.47179	        P1	
 247.16580	 416.45413	 393.32631	        P1	
 290.04150	 218.42000	  18.53370	        P1	
 196.72380	  16.01748	  70.01618	        P1	
  31.52625	 332.72649	 273.88687	        P1	
  74.40195	 147.79752	 147.75479	        P1	
 424.97385	 192.93769	 188.94075	        P1	
 209.33430	  77.17508	 107.08358	        P1	
 292.56360	 230.06909	 354.19957	        P1	
 249.68790	  49.50852	 164.74402	        P1	
 262.29840	 164.54309	  63.83828	        P1	
 196.72380	 154.35012	  65.89762	        P1	
 156.37020	 431.01549	  65.38275	        P1	
 189.15750	 350.92813	 129.22109	        P1	
 310.21830	 292.68281	 117.38010	        P1	
  15.13260	 269.38469	 150.32888	        P1	
 469.11059	 103.38548	 374.27774	        P1	
 316.52355	 347.28781	 322.79527	        P1	
 373.27080	 492.17309	 417.52304	        P1	
 359.39925	 319.62129	  83.91645	        P1	
 353.09400	 269.38469	  40.67115	        P1	
  87.01245	 178.37632	 368.61471	        P1	
 326.61195	  50.23660	 106.56877	        P1	
 423.71280	 423.73481	  49.42320	        P1	
 453.97799	 471.78721	 481.87619	        P1	
 368.22660	 228.61292	 399.50421	        P1	
 259.77630	 196.57800	 366.04057	        P1	
 485.50424	 417.18221	 223.94887	        P1	
 364.44345	 335.63873	 121.49872	        P1	
  44.13675	 240.99009	   3.60375	        P1	
 281.21415	  42.95592	 431.93818	        P1	
 421.19070	 133.96428	 386.63354	        P1	
 218.16165	 171.09569	 145.69545	        P1	
 380.83710	 129.59588	 341.84377	        P1	
 123.58290	 132.50812	 251.23461	        P1	
 486.76529	  56.78920	 265.64969	        P1	
 392.18655	 178.37632	 275.94621	        P1	
 282.47520	 381.50693	 177.09982	        P1	
 209.33430	 228.61292	 102.96502	        P1	
 442.62855	 321.07741	 420.09719	        P1	
 136.19340	 320.34933	  30.37469	        P1	
 142.49865	 344.37553	 109.14292	        P1	
 239.59950	 250.45492	 401.04869	        P1	
 369.48765	 137.60460	 316.61737	        P1	
 404.79705	   5.09648	 397.44487	        P1	
  74.40195	 401.16473	 473.63901	        P1	
 114.75555	 217.69192	 413.40448	        P1	
 223.20585	 245.35849	  77.73855	        P1	
 464.06639	  62.61372	 407.22658	        P1	
  32.78730	 307.24413	 382.51499	        P1	
  50.44200	 235.89361	 302.71709	        P1	
 233.29425	  45.86820	 339.78449	        P1	
 250.94895	 459.41009	  76.19408	        P1	
 442.62855	 367.67369	 230.64157	        P1	
 109.71135	  13.83328	 422.15647	        P1	
 480.46004	 246.81461	 186.88147	        P1	
  81.96825	 125.95552	 133.85452	        P1	
 450.19484	 401.16473	 350.08101	        P1	
 279.95310	 225.70069	 360.37747	        P1	
  46.65885	 401.16473	  61.26419	        P1	
 132.41025	 373.49821	 475.69829	        P1	
 118.53870	 195.12189	 158.05125	        P1	
 226.98900	 333.45453	 455.10531	        P1	
 489.28739	 298.50733	  41.18602	        P1	
  58.00830	 263.56012	 370.15919	        P1	
   5.04420	   0.00000	 199.23727	        P1	
  61.79145	 306.51609	  15.95955	        P1	
   0.00000	 110.66612	 411.86001	        P1	
  52.96410	 342.19133	 442.74951	        P1	
 332.91720	 218.42000	 112.74667	        P1	
 273.64785	 456.49781	  20.07817	        P1	
 459.02219	 225.70069	 415.97857	        P1	
 373.27080	 173.27989	 114.80595	        P1	
 344.26665	 434.65581	 223.94887	        P1	
  78.18510	 333.45453	 314.55809	        P1	
 167.71965	 440.48033	 129.22109	        P1	
 394.70865	 124.49940	 135.91380	        P1	
  85.75140	 129.59588	 446.86807	        P1	
 213.11745	 105.56968	 292.42057	        P1	
 339.22245	 373.49821	 440.17536	        P1	
 225.72795	 460.86621	 149.81407	        P1	
  99.62295	 141.97300	 383.02979	        P1	
 277.43100	 189.29732	 320.73599	        P1	
  37.83150	 307.24413	  79.79789	        P1	
 331.65615	  70.62248	 244.54185	        P1	
  50.44200	 113.57840	 376.85189	        P1	
 218.16165	  44.41208	 236.81947	        P1	
 286.25835	 367.67369	 175.04047	        P1	
 230.77215	 340.00713	 424.21581	        P1	
 104.66715	 424.46289	 188.94075	        P1	
 382.09815	  15.28940	 366.04057	        P1	
 205.55115	 302.14769	  53.02695	        P1	
  36.57045	 478.33981	 407.74139	        P1	
 335.43930	  46.59628	 409.80067	        P1	
 403.53600	 432.47161	  61.77900	        P1	
 200.50695	  82.27152	 382.51499	        P1	
 128.62710	  56.78920	 327.42869	        P1	
 344.26665	 395.34021	 125.10247	        P1	
 462.80534	 130.32392	 339.26969	        P1	
   8.82735	  91.00832	 418.03791	        P1	
 245.90475	  82.27152	 493.71718	        P1	
 433.80120	 448.48909	 397.44487	        P1	
  83.22930	 318.89321	 247.11599	        P1	
   5.04420	 138.33268	 232.18605	        P1	
 235.81635	 139.06072	 473.63901	        P1	
 137.45445	 289.04249	 300.14295	        P1	
 126.10500	  27.66652	 234.24539	        P1	
 480.46004	 484.16433	 195.63352	        P1	
 266.08155	  35.67528	  32.94878	        P1	
 155.10915	 227.88489	 150.32888	        P1	
 399.75285	 472.51529	 218.28577	        P1	
 112.23345	 147.79752	  35.00812	        P1	
  31.52625	  85.18380	  44.78977	        P1	
 163.93650	  80.08732	 127.67662	        P1	
 397.23075	 392.42793	 207.98932	        P1	
  26.48205	 134.69232	 407.22658	        P1	
 195.46275	 367.67369	  83.91645	        P1	
 334.17825	  58.97340	 117.38010	        P1	
 196.72380	  90.28028	 324.85455	        P1	
  40.35360	 481.98013	 350.08101	        P1	
 211.85640	 400.43669	 187.39627	        P1	
 235.81635	   3.64032	 116.86529	        P1	
 488.02634	 208.95512	 405.68211	        P1	
 320.30670	 119.40292	 246.60119	        P1	
 403.53600	 179.10440	  18.53370	        P1	
  46.65885	 482.70821	  49.42320	        P1	
 157.63125	 449.21713	 158.56612	        P1	
 432.54015	  21.11392	 455.10531	        P1	
  51.70305	  50.23660	 335.15107	        P1	
 264.82050	 457.22589	 168.86258	        P1	
 223.20585	 107.02580	 353.68477	        P1	
 314.00145	 268.65661	 427.81956	        P1	
 382.09815	 246.81461	  67.95690	        P1	
 185.37435	  10.92100	 240.93809	        P1	
 490.54844	 143.42912	  78.25342	        P1	
 306.43515	 262.83209	 466.94624	        P1	
 171.50280	 476.15561	 477.24276	        P1	
 359.39925	 433.19969	 199.75207	        P1	
 303.91305	 420.09449	 310.95427	        P1	
 232.03320	  45.14012	  41.18602	        P1	
   8.82735	 492.90113	   4.11862	        P1	
 150.06495	 382.23501	 415.46376	        P1	
 414.88545	 127.41168	 479.30204	        P1	
 470.37164	 488.53273	  65.89762	        P1	
  56.74725	 226.42872	 158.56612	        P1	
  69.35775	  92.46448	 150.32888	        P1	
 431.27910	  37.85948	 244.54185	        P1	
 282.47520	 267.92852	 228.06749	        P1	
 494.33159	 366.94561	 271.82759	        P1	
  20.17680	 339.27909	 442.23464	        P1	
 321.56775	  54.60500	  38.61187	        P1	
  63.05250	 133.96428	 275.43135	        P1	
 131.14920	  80.08732	  65.89762	        P1	
 471.63269	 224.24452	  10.29652	        P1	
 132.41025	 162.35888	 460.76834	        P1	
  31.52625	 344.37553	 479.81691	        P1	
 293.82465	 176.92020	 440.17536	        P1	
 456.50009	 465.96269	  26.77088	        P1	
 151.32600	 184.92892	 401.04869	        P1	
 445.15065	 476.88369	 442.23464	        P1	
 360.66030	 384.41921	 131.28037	        P1	
 192.94065	 420.09449	 218.28577	        P1	
 220.68375	 264.28821	  30.88950	        P1	
 314.00145	  25.48232	 252.77909	        P1	
 264.82050	 228.61292	  53.54182	        P1	
 141.23760	 489.26081	   1.54447	        P1	
  98.36190	 343.64749	  88.54988	        P1	
 443.88960	 476.15561	 384.57426	        P1	
 288.78045	 462.32233	 469.00558	        P1	
  90.79560	 235.89361	  26.25607	        P1	
 370.74870	 381.50693	 246.60119	        P1	
 380.83710	  85.91188	 133.33965	        P1	
  27.74310	  24.75428	 145.69545	        P1	
 211.85640	 406.26121	  18.53370	        P1	
 322.82880	 119.40292	 448.92741	        P1	
 187.89645	 254.09529	 263.07555	        P1	
 244.64370	 171.82372	  18.01890	        P1	
 370.74870	 458.68201	 242.48257	        P1	
 334.17825	 383.69113	 184.82219	        P1	
 441.36750	 256.27949	 329.48797	        P1	
   7.56630	 164.54309	 269.25345	        P1	
  51.70305	 287.58632	 357.80339	        P1	
 433.80120	 352.38429	  70.01618	        P1	
 272.38680	  80.08732	 201.81142	        P1	
 461.54429	 308.70029	  51.48248	        P1	
  89.53455	 415.72609	 144.15098	        P1	
 186.63540	 218.42000	 464.88696	        P1	
 248.42685	 289.04249	  96.27225	        P1	
 267.34260	 100.47320	 322.79527	        P1	
 466.58849	 224.24452	 362.43681	        P1	
  11.34945	 338.55101	 179.15910	        P1	
 204.29010	 359.66493	  67.44209	        P1	
  80.70720	 305.78801	 111.20220	        P1	
 220.68375	 243.90232	 455.10531	        P1	
 209.33430	 295.59509	  51.48248	        P1	
 413.62440	  85.91188	  77.73855	        P1	
 205.55115	 179.83249	  76.19408	        P1	
 204.29010	 234.43749	 145.69545	        P1	
 161.41440	 333.45453	 401.04869	        P1	
 116.01660	 193.66572	 282.12411	        P1	
 162.67545	  19.65780	 155.99197	        P1	
  76.92405	 214.77969	 397.44487	        P1	
 113.49450	 307.24413	 356.25891	        P1	
 291.30255	  13.83328	  34.49325	        P1	
  21.43785	  29.85072	 442.74951	        P1	
 346.78875	 430.28741	 154.44750	        P1	
 462.80534	  92.46448	  32.94878	        P1	
 358.13820	 495.08533	 337.72521	        P1	
 330.39510	 310.15641	 308.89499	        P1	
 437.58435	  40.04368	  77.73855	        P1	
 264.82050	  40.77172	 283.66859	        P1	
 495.59264	 363.30529	 361.92194	        P1	
 455.23904	 259.91981	  80.31270	        P1	
 482.98214	  66.25408	 374.27774	        P1	
 192.94065	 290.49861	 278.00549	        P1	
  23.95995	 473.97141	 247.11599	        P1	
 158.89230	 340.73521	 154.44750	        P1	
 136.19340	  50.96468	 151.87335	        P1	
 160.15335	 340.00713	 350.08101	        P1	
 432.54015	 226.42872	 370.15919	        P1	
  61.79145	 377.86661	 483.42066	        P1	
 494.33159	 391.69989	  94.72778	        P1	
 471.63269	 116.49068	 460.76834	        P1	
 247.16580	 377.13853	 461.28321	        P1	
 315.26250	 413.54189	 150.32888	        P1	
  80.70720	   7.28068	 409.80067	        P1	
 257.25420	  71.35052	  67.44209	        P1	
  21.43785	 130.32392	  78.25342	        P1	
 226.98900	 128.13972	 339.26969	        P1	
  47.91990	  93.19252	 479.81691	        P1	
 162.67545	  74.99088	 360.37747	        P1	
 107.18925	  25.48232	 326.91389	        P1	
 250.94895	  41.49980	 359.86267	        P1	
  40.35360	 412.08573	 333.09179	        P1	
 163.93650	 187.84120	 390.75216	        P1	
  50.44200	 294.13893	   4.11862	        P1	
 423.71280	 340.73521	 125.10247	        P1	
 426.23490	 468.87493	 357.80339	        P1	
  40.35360	 439.75229	 181.21837	        P1	
 316.52355	 473.97141	 304.26157	        P1	
  21.43785	 114.30648	 355.74404	        P1	
  42.87570	 467.41881	 347.50687	        P1	
 389.66445	 495.81341	 426.27509	        P1	
 390.92550	 142.70108	   3.60375	        P1	
 293.82465	 433.19969	 471.57967	        P1	
 365.70450	 311.61253	  30.37469	        P1	
 479.19899	 473.24333	 485.99481	        P1	
 113.49450	 158.71852	  16.47442	        P1	
 345.52770	 333.45453	 325.36941	        P1	
 472.89374	 491.44501	 199.23727	        P1	
 494.33159	  91.73640	 335.15107	        P1	
  69.35775	 331.27033	 245.05671	        P1	
 160.15335	  41.49980	 483.42066	        P1	
 264.82050	 346.55973	 283.66859	        P1	
  35.30940	  93.19252	 339.26969	        P1	
 476.67689	 176.19212	  72.07552	        P1	
 374.53185	 265.74432	 207.98932	        P1	
 430.01805	 123.04328	 397.44487	        P1	
 407.31915	  63.34180	 364.49609	        P1	
 311.47935	 232.25329	  20.59298	        P1	
 450.19484	 485.62049	 151.87335	        P1	
 286.25835	  45.86820	  81.85717	        P1	
  49.18095	 415.72609	 348.02167	        P1	
 411.10230	   0.00000	  81.85717	        P1	
 232.03320	 238.80589	   2.05928	        P1	
  59.26935	 178.37632	 288.30201	        P1	
 184.11330	   2.91228	 454.59044	        P1	
 108.45030	  99.01708	 440.69017	        P1	
 336.70035	 389.51569	  65.38275	        P1	
 356.87715	 166.72728	  96.27225	        P1	
 194.20170	 288.31441	 315.07289	        P1	
 128.62710	 329.08613	  96.78712	        P1	
  20.17680	 237.34972	 456.64978	        P1	
 470.37164	 109.93808	 286.24267	        P1	
 136.19340	  58.24532	 374.79261	        P1	
   8.82735	 472.51529	 158.05125	        P1	
 430.01805	 386.60341	 322.79527	        P1	
 138.71550	 406.26121	 415.46376	        P1	
  44.13675	 156.53432	 258.95699	        P1	
 457.76114	  51.69272	 135.39899	        P1	
 223.20585	 259.91981	 210.04859	        P1	
 153.84810	 288.31441	  81.85717	        P1	
  42.87570	 403.34893	 147.75479	        P1	
 343.00560	 390.24373	 141.57689	        P1	
 344.26665	 248.27072	  28.83022	        P1	
 206.81220	 224.24452	 288.30201	        P1	
 257.25420	 464.50653	 442.74951	        P1	
 226.98900	 374.22629	 113.26148	        P1	
 330.39510	 177.64829	  63.83828	        P1	
 244.64370	  74.26280	  98.84640	        P1	
 443.88960	  61.15760	 265.64969	        P1	
  25.22100	 445.57681	 401.56349	        P1	
  21.43785	 354.56849	 205.92997	        P1	
 336.70035	 217.69192	 350.08101	        P1	
 197.98485	 428.83129	 275.43135	        P1	
 298.86885	 251.18301	 112.74667	        P1	
 335.43930	 227.15681	 352.14029	        P1	
  69.35775	 127.41168	 205.92997	        P1	
 455.23904	 398.25249	  14.41508	        P1	
 229.51110	 435.38389	   3.60375	        P1	
 141.23760	 318.89321	  92.66850	        P1	
  16.39365	 182.74472	 362.43681	        P1	
 232.03320	 133.96428	 108.62805	        P1	
 224.46690	 311.61253	 339.26969	        P1	
 373.27080	 320.34933	 294.47991	        P1	
 269.86470	 381.50693	  59.71972	        P1	
 180.33015	 409.90153	  24.19679	        P1	
 314.00145	 465.23461	 199.23727	        P1	
 213.11745	 446.30489	  65.38275	        P1	
 121.06080	 208.22709	 471.57967	        P1	
 170.24175	  21.11392	 102.96502	        P1	
  15.13260	 356.75269	  51.48248	        P1	
  76.92405	  48.78048	  26.77088	        P1	
  41.61465	 411.35769	  14.41508	        P1	
  27.74310	 457.22589	 224.46367	        P1	
 128.62710	  11.64908	  28.31535	        P1	
 373.27080	  61.15760	 118.92457	        P1	
 235.81635	 457.95393	 475.18348	        P1	
 127.36605	  89.55220	 223.94887	        P1	
 208.07325	 390.97181	 452.53116	        P1	
 185.37435	 261.37592	 302.20229	        P1	
 279.95310	  59.70148	 392.81144	        P1	
  66.83565	 217.69192	 110.68739	        P1	
 326.61195	 271.56889	 232.18605	        P1	
  74.40195	 484.16433	 214.16722	        P1	
  29.00415	  60.42952	 110.68739	        P1	
 438.84540	 177.64829	 158.05125	        P1	
 118.53870	 439.75229	 366.55537	        P1	
 139.97655	 127.41168	 337.21035	        P1	
 422.45175	 162.35888	 242.99737	        P1	
 399.75285	  26.93848	  70.01618	        P1	
 114.75555	   8.00872	 462.82768	        P1	
 380.83710	 232.98132	 129.22109	        P1	
 485.50424	 459.41009	  14.41508	        P1	
 461.54429	  61.15760	 179.15910	        P1	
 114.75555	  22.57008	 448.41254	        P1	
 385.88130	 353.84041	 193.05937	        P1	
 238.33845	 144.88528	  63.83828	        P1	
 406.05810	 147.06948	 423.70094	        P1	
 436.32330	 110.66612	  28.83022	        P1	
 422.45175	 484.16433	 331.54731	        P1	
 121.06080	  75.71892	 343.90311	        P1	
 291.30255	 369.12981	  44.78977	        P1	
 206.81220	 283.94601	 477.24276	        P1	
 329.13405	 210.41129	 205.92997	        P1	
 276.16995	 342.91941	 370.67399	        P1	
  68.09670	 170.36760	 322.79527	        P1	
 399.75285	 143.42912	 475.18348	        P1	
 189.15750	 282.48989	 324.85455	        P1	
 139.97655	  21.11392	 123.04319	        P1	
 433.80120	 393.15601	 477.24276	        P1	
 229.51110	 458.68201	  55.60110	        P1	
 443.88960	 170.36760	 125.10247	        P1	
 278.69205	 149.25368	 119.43938	        P1	
 194.20170	 221.33229	  40.67115	        P1	
 375.79290	 439.75229	 107.08358	        P1	
 197.98485	 176.92020	 339.78449	        P1	
 197.98485	 246.81461	 148.26960	        P1	
 108.45030	 173.27989	 360.37747	        P1	
   0.00000	 314.52481	  63.32347	        P1	
 141.23760	  29.12268	 137.97308	        P1	
 276.16995	  32.76300	  81.85717	        P1	
 364.44345	 190.02540	 172.98120	        P1	
 397.23075	 418.63833	 450.47188	        P1	
 247.16580	 292.68281	  98.84640	        P1	
 131.14920	 449.94521	 149.81407	        P1	
  92.05665	 328.35809	  15.95955	        P1	
 479.19899	 412.08573	  24.19679	        P1	
 467.84954	 261.37592	 461.28321	        P1	
 399.75285	 114.30648	 119.43938	        P1	
 366.96555	 431.74353	  72.07552	        P1	
 175.28595	  64.79792	 325.36941	        P1	
 446.41170	  59.70148	 453.04597	        P1	
  99.62295	 264.28821	 322.79527	        P1	
 151.32600	 179.10440	 137.45827	        P1	
  90.79560	 295.59509	  15.95955	        P1	
 311.47935	 133.23620	 117.38010	        P1	
 266.08155	 274.48112	 345.44759	        P1	
  30.26520	 184.92892	 246.60119	        P1	
 331.65615	  73.53472	 319.19151	        P1	
 446.41170	 349.47201	 469.52039	        P1	
 218.16165	 460.86621	 149.81407	        P1	
 221.94480	 433.92773	 234.24539	        P1	
 340.48350	 342.19133	  59.71972	        P1	
 395.96970	 439.75229	 300.14295	        P1	
 469.11059	 179.10440	 193.05937	        P1	
 455.23904	 488.53273	  10.29652	        P1	
 248.42685	 203.13060	 488.05409	        P1	
  78.18510	 295.59509	 249.17527	        P1	
  94.57875	 227.88489	  71.56065	        P1	
  55.48620	 263.56012	 351.62549	        P1	
 155.10915	 440.48033	 368.61471	        P1	
 129.88815	 291.95473	  78.25342	        P1	
 273.64785	 162.35888	 281.60925	        P1	
 168.98070	  24.75428	 466.94624	        P1	
 407.31915	 156.53432	 123.04319	        P1	
 387.14235	  88.09608	 323.31007	        P1	
 175.28595	 223.51649	 485.47994	        P1	
 321.56775	 286.13021	  24.71160	        P1	
 156.37020	 165.99920	 180.70357	        P1	
  58.00830	 297.05121	 321.25079	        P1	
  84.49035	 485.62049	  22.13745	        P1	
  89.53455	  40.04368	 477.75757	        P1	
 389.66445	 468.14689	  96.27225	        P1	
  63.05250	 123.77132	 363.98129	        P1	
 340.48350	 308.70029	 304.77637	        P1	
 165.19755	 471.05913	 308.38019	        P1	
 310.21830	  32.03492	 258.95699	        P1	
 351.83295	 277.39341	 304.26157	        P1	
  26.48205	 456.49781	 333.60659	        P1	
  40.35360	 275.20921	 223.94887	        P1	
 152.58705	 423.00673	 215.71169	        P1	
 163.93650	 356.75269	 256.89765	        P1	
 122.32185	 246.81461	  80.31270	        P1	
 155.10915	  45.86820	  98.84640	        P1	
   8.82735	 120.13100	  18.53370	        P1	
 348.04980	 219.87612	 405.68211	        P1	
 441.36750	 202.40252	 461.28321	        P1	
 278.69205	 278.84952	 442.74951	        P1	
 292.56360	 426.64709	 355.74404	        P1	
 170.24175	 441.93649	  76.19408	        P1	
 273.64785	   2.18420	 481.87619	        P1	
 485.50424	 268.65661	 143.63617	        P1	
  10.08840	 151.43788	  45.30458	        P1	
 306.43515	 251.18301	   0.00000	        P1	
 307.69620	 227.15681	 143.63617	        P1	
 329.13405	 418.63833	 172.46639	        P1	
 462.80534	 316.70901	 193.05937	        P1	
 113.49450	  20.38588	 232.18605	        P1	
 495.59264	 152.16592	  85.97579	        P1	
 432.54015	 332.72649	 182.76285	        P1	
  17.65470	  18.92972	 424.21581	        P1	
 124.84395	 108.48192	   4.11862	        P1	
 427.49595	 108.48192	 104.50949	        P1	
 268.60365	 213.32352	 263.59041	        P1	
 380.83710	 311.61253	  59.71972	        P1	
 490.54844	 350.20009	 213.65235	        P1	
 214.37850	  40.77172	 215.71169	        P1	
  83.22930	  11.64908	 335.66587	        P1	
 344.26665	 478.33981	 191.51489	        P1	
 480.46004	  50.23660	  94.21297	        P1	
 232.03320	 327.63001	  69.50137	        P1	
  83.22930	 455.76973	 214.16722	        P1	
 477.93794	  72.07860	 290.36129	        P1	
 282.47520	 435.38389	 263.07555	        P1	
 109.71135	 315.25289	  51.48248	        P1	
 366.96555	 457.95393	 104.50949	        P1	
  74.40195	 465.23461	 142.09170	        P1	
 192.94065	 310.88449	 261.53107	        P1	
 146.28180	  42.22788	  45.30458	        P1	
 102.14505	 357.48073	 172.46639	        P1	
 229.51110	 410.62961	 383.02979	        P1	
  20.17680	 259.19172	  36.55259	        P1	
 297.60780	 168.91149	 207.47445	        P1	
 180.33015	  32.76300	 372.21847	        P1	
  34.04835	 476.88369	  32.94878	        P1	
 469.11059	 126.68360	 463.34249	        P1	
  29.00415	 270.11272	  78.25342	        P1	
 472.89374	  72.07860	 452.53116	        P1	
 311.47935	 289.04249	 380.45564	        P1	
 350.57190	 244.63041	 135.91380	        P1	
 336.70035	  28.39460	 452.53116	        P1	
   1.26105	 203.13060	 359.86267	        P1	
 228.25005	 299.23541	  92.66850	        P1	
 162.67545	 395.34021	 199.23727	        P1	
 335.43930	 276.66532	 164.74402	        P1	
 344.26665	 124.49940	 415.46376	        P1	
 232.03320	  33.49108	 361.92194	        P1	
   0.00000	  53.87692	 314.55809	        P1	
  73.14090	 218.42000	 469.52039	        P1	
 307.69620	 195.12189	 176.58495	        P1	
 103.40610	 139.78880	 328.97317	        P1	
 326.61195	 157.99048	  76.19408	        P1	
 273.64785	  41.49980	 488.05409	        P1	
  87.01245	 437.56809	 453.04597	        P1	
  95.83980	 464.50653	 116.86529	        P1	
 477.93794	  70.62248	 306.32085	        P1	
   6.30525	 404.07701	  37.06740	        P1	
 174.02490	  27.66652	 345.44759	        P1	
 349.31085	 417.18221	 446.35326	        P1	
 233.29425	 191.48152	  85.97579	        P1	
 218.16165	 411.35769	 232.18605	        P1	
 375.79290	 400.43669	 139.51755	        P1	
   0.00000	 493.62921	 203.87069	        P1	
 268.60365	 257.00752	 178.64429	        P1	
  85.75140	 241.71812	 283.66859	        P1	
 180.33015	 414.26993	 485.99481	        P1	
 268.60365	 152.16592	  47.36392	        P1	
 489.28739	  43.68400	 427.81956	        P1	
 432.54015	 404.07701	 265.64969	        P1	
 281.21415	  60.42952	  35.00812	        P1	
 204.29010	  14.56132	 294.47991	        P1	
 334.17825	 188.56929	  65.38275	        P1	
 225.72795	  40.04368	 490.11337	        P1	
 310.21830	  45.14012	 258.95699	        P1	
 462.80534	  88.09608	  94.72778	        P1	
 427.49595	 377.86661	 438.63089	        P1	
  87.01245	 321.07741	 488.05409	        P1	
 312.74040	 183.47280	 148.26960	        P1	
 208.07325	 332.72649	   9.78165	        P1	
 322.82880	 476.15561	 446.35326	        P1	
 346.78875	 481.25209	 392.81144	        P1	
 279.95310	 278.12149	  53.02695	        P1	
 426.23490	 205.31480	 353.68477	        P1	
 121.06080	 480.52401	 457.16459	        P1	
 182.85225	 420.09449	 298.59847	        P1	
 104.66715	  45.86820	 191.51489	        P1	
 171.50280	 297.05121	  12.35580	        P1	
 322.82880	 423.73481	  67.95690	        P1	
 228.25005	 444.84873	 232.70091	        P1	
 490.54844	 495.81341	 384.57426	        P1	
  61.79145	 439.02421	 118.92457	        P1	
 116.01660	  49.50852	 102.96502	        P1	
 436.32330	 378.59469	 238.36395	        P1	
 326.61195	 267.20049	  65.38275	        P1	
 375.79290	 183.47280	  50.96767	        P1	
 192.94065	 143.42912	 308.38019	        P1	
 404.79705	 115.76260	 310.43947	        P1	
 305.17410	  26.21040	 129.73590	        P1	
 219.42270	 214.05160	 372.21847	        P1	
 440.10645	  10.92100	 376.85189	        P1	
 239.59950	  61.15760	 302.71709	        P1	
 378.31500	 218.42000	 315.07289	        P1	
 131.14920	 161.63080	 259.47179	        P1	
 351.83295	  50.23660	 143.63617	        P1	
 242.12160	  18.92972	  61.26419	        P1	
 392.18655	 191.48152	 133.85452	        P1	
 490.54844	 433.19969	 218.28577	        P1	
  15.13260	 433.92773	 158.56612	        P1	
  15.13260	 387.33149	 195.11865	        P1	
 384.62025	  25.48232	  90.60922	        P1	
 229.51110	 315.98093	 170.92192	        P1	
 329.13405	 220.60420	 216.22649	        P1	
 229.51110	 212.59549	  90.09435	        P1	
 427.49595	  72.07860	 142.09170	        P1	
 151.32600	 445.57681	 345.96239	        P1	
 223.20585	 466.69073	 407.22658	        P1	
 330.39510	 368.40173	 450.47188	        P1	
 109.71135	  96.83288	 453.04597	        P1	
 470.37164	 446.30489	 436.05674	        P1	
 470.37164	 434.65581	 458.70906	        P1	
 298.86885	  83.72768	 329.48797	        P1	
 496.85369	 120.85908	 261.53107	        P1	
 151.32600	 263.56012	 133.85452	        P1	
  64.31355	 396.79633	 172.46639	        P1	
 171.50280	 237.34972	 257.41251	        P1	
 288.78045	 383.69113	  61.26419	        P1	
  27.74310	 445.57681	 440.17536	        P1	
 382.09815	 423.00673	 251.23461	        P1	
 244.64370	 378.59469	 485.47994	        P1	
 336.70035	  66.25408	 448.41254	        P1	
 312.74040	 345.10361	 427.81956	        P1	
 466.58849	   4.36840	 112.74667	        P1	
  17.65470	 406.26121	  94.21297	        P1	
 414.88545	 294.86701	  38.61187	        P1	
 354.35505	 309.42833	 203.35589	        P1	
 426.23490	 366.94561	 359.86267	        P1	
 186.63540	 477.61173	 411.86001	        P1	
 190.41855	 222.06032	 153.93269	        P1	
 446.41170	  87.36800	 185.33700	        P1	
 194.20170	  69.89440	 345.96239	        P1	
 230.77215	 293.41089	 164.22915	        P1	
  58.00830	 298.50733	  10.29652	        P1	
 139.97655	 323.98969	 300.14295	        P1	
 460.28324	 436.11193	 109.14292	        P1	
  56.74725	 254.09529	  96.27225	        P1	
 465.32744	 124.49940	   6.17790	        P1	
 413.62440	 390.24373	  79.79789	        P1	
 224.46690	 458.68201	 359.86267	        P1	
 142.49865	 328.35809	 300.14295	        P1	
 482.98214	 377.86661	  92.66850	        P1	
 272.38680	 180.56052	 172.46639	        P1	
 242.12160	 461.59429	 176.58495	        P1	
 282.47520	   1.45612	 228.06749	        P1	
 433.80120	  26.21040	 230.12677	        P1	
   7.56630	 208.22709	  65.38275	        P1	
 213.11745	  28.39460	 284.18339	        P1	
  99.62295	 472.51529	   9.78165	        P1	
 384.62025	 428.83129	 360.37747	        P1	
 384.62025	 271.56889	  22.13745	        P1	
  83.22930	 269.38469	 355.74404	        P1	
 124.84395	 460.86621	 154.44750	        P1	
 326.61195	 157.99048	  45.30458	        P1	
  92.05665	 321.07741	 222.40439	        P1	
 346.78875	 455.04169	 144.15098	        P1	
 158.89230	  82.99960	 475.69829	        P1	
  73.14090	 352.38429	 349.56614	        P1	
 196.72380	  68.43828	 485.47994	        P1	
 363.18240	 148.52560	 174.52567	        P1	
 282.47520	  27.66652	 493.71718	        P1	
 302.65200	 331.99841	 481.87619	        P1	
 331.65615	 190.02540	 284.18339	        P1	
 157.63125	 492.90113	  55.08629	        P1	
  32.78730	 299.96349	 423.70094	        P1	
 419.92965	  85.18380	 477.24276	        P1	
  94.57875	 268.65661	 389.20769	        P1	
 192.94065	 412.81381	 155.99197	        P1	
 370.74870	  71.35052	 127.67662	        P1	
  25.22100	 486.34853	 306.83571	        P1	
  27.74310	 269.38469	 392.81144	        P1	
 108.45030	 230.06909	 335.66587	        P1	
  17.65470	 103.38548	 466.94624	        P1	
 276.16995	 364.76141	 137.45827	        P1	
 234.55530	 449.94521	 401.56349	        P1	
 195.46275	 217.69192	 288.30201	        P1	
  40.35360	  56.78920	 383.02979	        P1	
 162.67545	  38.58752	 141.57689	        P1	
 176.54700	  43.68400	 236.30467	        P1	
 295.08570	 449.94521	 345.96239	        P1	
 368.22660	 406.26121	 162.16987	        P1	
 424.97385	 475.42753	 333.09179	        P1	
 295.08570	 285.40213	 197.17799	        P1	
  98.36190	 251.91109	 348.02167	        P1	
 276.16995	 418.63833	 123.04319	        P1	
 248.42685	 376.41049	 483.93547	        P1	
 466.58849	 147.06948	 453.04597	        P1	
 134.93235	 270.11272	 104.50949	        P1	
 261.03735	  88.09608	 386.63354	        P1	
  63.05250	  48.05240	 106.56877	        P1	
 132.41025	 465.23461	 401.56349	        P1	
 339.22245	 223.51649	 473.12414	        P1	
 104.66715	 102.65740	 321.25079	        P1	
 281.21415	 281.76181	 353.68477	        P1	
 213.11745	 125.95552	 450.47188	        P1	
 185.37435	 136.14848	 448.41254	        P1	
 168.98070	 276.66532	 368.61471	        P1	
 292.56360	 198.03412	 314.55809	        P1	
 132.41025	  50.23660	 457.16459	        P1	
 257.25420	 232.98132	  16.47442	        P1	
 223.20585	 172.55180	 403.10796	        P1	
  44.13675	  42.95592	 337.72521	        P1	
 459.02219	 292.68281	 452.53116	        P1	
 490.54844	 337.09489	  51.48248	        P1	
 296.34675	  37.13140	 469.52039	        P1	
 235.81635	 466.69073	 207.98932	        P1	
 355.61610	 179.10440	 345.96239	        P1	
 331.65615	 219.14809	 304.77637	        P1	
 450.19484	 200.21832	 197.17799	        P1	
  76.92405	 235.16552	 158.56612	        P1	
 152.58705	 376.41049	 145.69545	        P1	
 394.70865	 200.21832	 320.73599	        P1	
  84.49035	 436.11193	 331.54731	        P1	
 453.97799	   1.45612	 462.82768	        P1	
 112.23345	 348.74393	 189.45562	        P1	
 108.45030	 173.27989	 119.43938	        P1	
  73.14090	  55.33308	 329.48797	        P1	
 326.61195	 363.30529	 429.87884	        P1	
 493.07054	   3.64032	 238.87881	        P1	
  27.74310	 285.40213	 382.51499	        P1	
 356.87715	  96.83288	  46.84905	        P1	
  32.78730	 125.22748	 261.53107	        P1	
 218.16165	 414.26993	  72.07552	        P1	
  50.44200	  75.71892	  65.89762	        P1	
 451.45589	 334.91069	 323.31007	        P1	
 392.18655	 224.97260	 370.67399	        P1	
  49.18095	 495.81341	 180.70357	        P1	
 490.54844	 152.16592	 115.32082	        P1	
 432.54015	 278.84952	 436.57161	        P1	
 262.29840	 241.71812	 382.51499	        P1	
 267.34260	 495.08533	 438.11608	        P1	
 137.45445	   3.64032	 116.86529	        P1	
 165.19755	 252.63912	 238.87881	        P1	
 245.90475	 165.27112	 141.57689	        P1	
 408.58020	 251.91109	 477.75757	        P1	
  49.18095	 414.26993	 351.62549	        P1	
  78.18510	 464.50653	 257.41251	        P1	
 145.02075	  74.99088	 226.00815	        P1	
 364.44345	 377.86661	 261.01627	        P1	
 250.94895	 258.46369	 238.36395	        P1	
 109.71135	 187.11312	 265.13489	        P1	
 163.93650	 231.52521	   7.72237	        P1	
 252.21000	 448.48909	 133.33965	        P1	
 482.98214	 105.56968	 158.05125	        P1	
 479.19899	 464.50653	 294.47991	        P1	
 456.50009	 422.27869	 459.22387	        P1	
 276.16995	 118.67488	 405.16724	        P1	
 382.09815	 459.41009	 212.10787	        P1	
  88.27350	  27.66652	 308.38019	        P1	
  84.49035	 163.81500	  43.24530	        P1	
 116.01660	 273.75309	 127.16175	        P1	
 496.85369	  77.17508	 114.80595	        P1	
 339.22245	 404.07701	 205.41517	        P1	
 269.86470	 455.76973	 320.73599	        P1	
  44.13675	 310.88449	   9.78165	        P1	
 360.66030	 206.77092	 485.99481	        P1	
 287.51940	 409.17349	 436.05674	        P1	
 176.54700	 455.76973	 345.44759	        P1	
 453.97799	 320.34933	 166.28849	        P1	
 271.12575	 495.81341	 390.75216	        P1	
 127.36605	 245.35849	 120.98385	        P1	
   1.26105	 235.16552	  18.01890	        P1	
 199.24590	  52.42080	 457.16459	        P1	
 228.25005	   8.00872	  78.25342	        P1	
 243.38265	 281.76181	 118.92457	        P1	
 320.30670	  58.24532	 442.74951	        P1	
 359.39925	 392.42793	 153.93269	        P1	
 349.31085	  83.72768	 397.44487	        P1	
 366.96555	 239.53392	   5.66310	        P1	
 100.88400	 308.70029	 335.66587	        P1	
 424.97385	 159.44660	 407.74139	        P1	
  30.26520	 248.99881	 345.96239	        P1	
 416.14650	 170.36760	  38.61187	        P1	
 196.72380	 170.36760	 376.85189	        P1	
 137.45445	 388.05953	 178.64429	        P1	
  15.13260	 371.31401	 230.12677	        P1	
 272.38680	 315.98093	 191.00009	        P1	
 453.97799	 431.01549	 236.81947	        P1	
  88.27350	 435.38389	 374.27774	        P1	
 384.62025	 421.55061	 118.92457	        P1	
 209.33430	 439.75229	 304.77637	        P1	
 200.50695	 433.19969	  28.31535	        P1	
 330.39510	 209.68320	 471.06486	        P1	
 215.63955	 322.53353	 289.84649	        P1	
 283.73625	  63.34180	 291.90577	        P1	
 166.45860	 241.71812	 121.49872	        P1	
 250.94895	 434.65581	 481.87619	        P1	
  23.95995	 152.16592	 226.52302	        P1	
 290.04150	 104.84160	  55.60110	        P1	
 359.39925	  69.16632	 479.81691	        P1	
  18.91575	 248.27072	  53.54182	        P1	
  51.70305	 115.76260	  18.53370	        P1	
 273.64785	 268.65661	 475.69829	        P1	
 314.00145	   5.09648	 100.90568	        P1	
 112.23345	 463.77849	 391.26697	        P1	
 209.33430	 311.61253	  48.90839	        P1	
 196.72380	 310.15641	  92.66850	        P1	
 358.13820	 467.41881	 489.59856	        P1	
 462.80534	 487.07661	 440.17536	        P1	
  56.74725	 323.98969	 306.32085	        P1	
  97.10085	 421.55061	 352.14029	        P1	
 177.80805	 440.48033	 492.17271	        P1	
 456.50009	  65.52600	 446.35326	        P1	
 133.67130	 131.05200	 427.81956	        P1	
  22.69890	 138.33268	 380.45564	        P1	
 163.93650	 461.59429	 249.17527	        P1	
 464.06639	 484.89241	 191.51489	        P1	
 447.67274	 283.21792	 337.72521	        P1	
  64.31355	 159.44660	 403.10796	        P1	
 462.80534	 390.97181	  49.42320	        P1	
   2.52210	  43.68400	 291.90577	        P1	
 354.35505	 479.79593	 399.50421	        P1	
 320.30670	 177.64829	 329.48797	        P1	
 496.85369	 139.78880	 129.73590	        P1	
  70.61880	 119.40292	  59.71972	        P1	
  27.74310	  27.66652	 302.20229	        P1	
 331.65615	 463.77849	 466.94624	        P1	
  27.74310	 451.40133	  72.07552	        P1	
 303.91305	 214.77969	 465.40177	        P1	
 457.76114	 264.28821	 131.28037	        P1	
 131.14920	 211.13932	 302.20229	        P1	
  42.87570	  97.56092	 263.59041	        P1	
 174.02490	 366.94561	 199.23727	        P1	
 348.04980	 110.66612	 277.49069	        P1	
 138.71550	 237.34972	 339.26969	        P1	
 369.48765	 312.34061	 420.09719	        P1	
 442.62855	 264.28821	  55.60110	        P1	
 298.86885	 414.26993	 333.09179	        P1	
 446.41170	 141.24492	 337.72521	        P1	
 223.20585	 305.05993	 240.42329	        P1	
 266.08155	 254.09529	  32.94878	        P1	
  83.22930	  43.68400	 440.17536	        P1	
 351.83295	 326.90193	 492.17271	        P1	
  66.83565	 353.11233	 333.09179	        P1	
 472.89374	  56.06112	 313.01361	        P1	
   6.30525	 111.39420	  24.71160	        P1	
 286.25835	 402.62089	 483.93547	        P1	
 157.63125	 240.99009	 195.11865	        P1	
 430.01805	  95.37672	  90.60922	        P1	
 181.59120	  96.10480	 148.26960	        P1	
  56.74725	  79.35928	 434.51227	        P1	
 417.40755	 380.77889	 479.30204	        P1	
  85.75140	 403.34893	  73.61999	        P1	
 239.59950	 297.05121	 296.53919	        P1	
  15.13260	 122.31520	 162.16987	        P1	
  40.35360	 326.17389	 446.86807	        P1	
 297.60780	 359.66493	 240.42329	        P1	
  51.70305	 361.84913	  28.83022	        P1	
 385.88130	 467.41881	 118.92457	        P1	
  99.62295	  53.14888	 329.48797	        P1	
  20.17680	  52.42080	 395.38559	        P1	
 462.80534	 236.62169	 310.95427	        P1	
 259.77630	 272.29692	 226.52302	        P1	
 286.25835	 340.00713	 109.14292	        P1	
 421.19070	 301.41961	 137.45827	        P1	
 133.67130	 168.91149	  70.01618	        P1	
 291.30255	 431.74353	 411.86001	        P1	
 431.27910	 109.21000	 211.59307	        P1	
  99.62295	 204.58672	 129.22109	        P1	
 218.16165	  56.06112	 339.26969	        P1	
 161.41440	  26.21040	 390.75216	        P1	
 250.94895	 175.46409	 378.91117	        P1	
 382.09815	 405.53313	 356.25891	        P1	
 213.11745	 239.53392	 337.72521	        P1	
 229.51110	 407.71733	 245.05671	        P1	
 307.69620	 454.31361	 148.26960	        P1	
  31.52625	 211.86740	 383.02979	        P1	
   0.00000	 224.24452	 288.30201	        P1	
 460.28324	 415.72609	 120.98385	        P1	
 360.66030	 407.71733	 133.85452	        P1	
  69.35775	 245.35849	 454.59044	        P1	
 310.21830	  14.56132	 170.92192	        P1	
 176.54700	 377.13853	 388.69289	        P1	
 403.53600	 254.82332	 345.44759	        P1	
 104.66715	 144.88528	 485.47994	        P1	
 206.81220	  65.52600	 236.30467	        P1	
 399.75285	  95.37672	 152.38822	        P1	
 443.88960	  62.61372	 158.56612	        P1	
  15.13260	 160.17469	 466.94624	        P1	
 225.72795	 262.83209	 491.65784	        P1	
 112.23345	 476.88369	 226.00815	        P1	
 123.58290	 364.03333	  73.61999	        P1	
 189.15750	 278.12149	  88.54988	        P1	
  49.18095	 428.83129	 145.69545	        P1	
 284.99730	   8.73680	 426.27509	        P1	
 495.59264	 178.37632	 191.00009	        P1	
 430.01805	 182.74472	 407.22658	        P1	
 189.15750	 377.13853	 319.19151	        P1	
 243.38265	 405.53313	 257.41251	        P1	
  41.61465	 485.62049	  88.54988	        P1	
 252.21000	   8.73680	 254.83837	        P1	
 180.33015	 370.58593	  11.84100	        P1	
 175.28595	  32.76300	  44.78977	        P1	
 482.98214	 216.23580	  20.07817	        P1	
 259.77630	 250.45492	 226.52302	        P1	
 488.02634	 257.00752	 263.59041	        P1	
 237.07740	 165.99920	 421.64166	        P1	
 322.82880	 432.47161	 427.81956	        P1	
 325.35090	  16.01748	 213.65235	        P1	
 199.24590	 158.71852	 418.03791	        P1	
 464.06639	 442.66453	 258.95699	        P1	
 397.23075	 131.78008	 409.80067	        P1	
 489.28739	 428.10321	 186.88147	        P1	
   2.52210	 442.66453	 201.81142	        P1	
 350.57190	 410.62961	 240.93809	        P1	
  90.79560	 339.27909	 273.88687	        P1	
  46.65885	  44.41208	 459.22387	        P1	
 453.97799	 148.52560	 420.09719	        P1	
 263.55945	 101.20128	 263.07555	        P1	
  55.48620	 372.77013	 485.99481	        P1	
 165.19755	 437.56809	  77.73855	        P1	
 218.16165	 120.13100	 137.45827	        P1	
 476.67689	 349.47201	 271.82759	        P1	
  13.87155	 184.20089	 261.53107	        P1	
 290.04150	 281.03373	 258.95699	        P1	
 136.19340	 447.03293	 394.87079	        P1	
  11.34945	  57.51728	 212.10787	        P1	
 312.74040	 241.71812	  84.43132	        P1	
  18.91575	 220.60420	 166.80330	        P1	
 261.03735	 334.18261	 415.46376	        P1	
   3.78315	 323.98969	  70.01618	        P1	
 143.75970	 219.87612	  48.90839	        P1	
 387.14235	 485.62049	 479.30204	        P1	
 137.45445	  15.28940	 384.57426	        P1	
 226.98900	 184.92892	  92.15369	        P1	
 274.90890	 253.36721	 352.14029	        P1	
 104.66715	  80.81540	 148.26960	        P1	
 329.13405	   8.00872	   5.66310	        P1	
 480.46004	 243.90232	 258.95699	        P1	
 334.17825	 184.20089	 201.29655	        P1	
 216.90060	   1.45612	 456.64978	        P1	
 264.82050	 420.82253	 438.11608	        P1	
 252.21000	  37.85948	 341.84377	        P1	
 401.01390	 278.12149	 324.85455	        P1	
 440.10645	  15.28940	 347.50687	        P1	
 239.59950	 279.57761	 160.62540	        P1	
 373.27080	 289.77053	  90.60922	        P1	
 476.67689	 403.34893	 339.26969	        P1	
 181.59120	 417.91029	  82.37198	        P1	
 412.36335	 160.90272	 450.47188	        P1	
 174.02490	 171.82372	 431.93818	        P1	
 481.72109	 321.80549	 304.77637	        P1	
 286.25835	 354.56849	 453.04597	        P1	
 442.62855	 258.46369	 114.80595	        P1	
 266.08155	  25.48232	 394.87079	        P1	
  74.40195	  64.79792	 450.47188	        P1	
 389.66445	 361.84913	 331.54731	        P1	
 250.94895	 102.65740	 345.96239	        P1	
 181.59120	 432.47161	 420.09719	        P1	
 155.10915	 220.60420	 321.25079	        P1	
   5.04420	 128.13972	 147.75479	        P1	
 296.34675	 251.18301	 166.80330	        P1	
 104.66715	 233.70941	 347.50687	        P1	
  31.52625	 118.67488	 181.21837	        P1	
  41.61465	 357.48073	 306.83571	        P1	
 187.89645	 200.21832	 184.82219	        P1	
 138.71550	 426.64709	 442.23464	        P1	
 108.45030	 228.61292	 436.57161	        P1	
 278.69205	 443.39261	 440.17536	        P1	
  64.31355	 243.90232	 215.71169	        P1	
 243.38265	 182.74472	 275.94621	        P1	
 467.84954	 316.70901	 489.59856	        P1	
   8.82735	   8.00872	 234.24539	        P1	
  83.22930	  46.59628	 195.11865	        P1	
 185.37435	  77.90312	 104.50949	        P1	
 349.31085	  24.02620	 125.10247	        P1	
  64.31355	 153.62208	 471.57967	        P1	
  26.48205	  50.23660	 174.52567	        P1	
  59.26935	 168.18340	 427.81956	        P1	
 165.19755	   8.00872	  18.01890	        P1	
 388.40340	 333.45453	 221.88959	        P1	
  95.83980	 425.19093	   4.11862	        P1	
 316.52355	 471.05913	 425.76028	        P1	
 427.49595	 370.58593	 419.58238	        P1	
  61.79145	 210.41129	 213.65235	        P1	
 436.32330	 269.38469	 324.85455	        P1	
 242.12160	  91.73640	 211.59307	        P1	
 315.26250	  29.12268	 144.15098	        P1	
 383.35920	 167.45532	 351.62549	        P1	
 287.51940	 445.57681	 315.07289	        P1	
 195.46275	 319.62129	 137.97308	        P1	
 361.92135	 408.44541	 383.02979	        P1	
 124.84395	 174.00792	 288.30201	        P1	
 422.45175	  35.67528	   8.23718	        P1	
 411.10230	 123.77132	 283.66859	        P1	
 146.28180	 291.22669	 304.77637	        P1	
 321.56775	 134.69232	 401.04869	        P1	
 341.74455	  96.83288	 269.25345	        P1	
 187.89645	 316.70901	 211.59307	        P1	
  54.22515	 254.09529	 366.55537	        P1	
  66.83565	 398.25249	 310.95427	        P1	
 165.19755	 232.25329	   8.23718	        P1	
 298.86885	 401.16473	 314.55809	        P1	
 459.02219	  14.56132	 467.46111	        P1	
  66.83565	 307.97221	 137.45827	        P1	
  75.66300	 470.33109	 409.80067	        P1	
 263.55945	 376.41049	 304.77637	        P1	
 126.10500	 387.33149	  82.37198	        P1	
  79.44615	   8.00872	 228.06749	        P1	
 462.80534	  34.21912	 473.63901	        P1	
 310.21830	 324.71773	 356.25891	        P1	
 258.51525	 331.27033	 110.68739	        P1	
 486.76529	 206.77092	 469.00558	        P1	
 142.49865	 309.42833	 195.63352	        P1	
 216.90060	  39.31560	 180.70357	        P1	
 171.50280	 189.29732	 215.71169	        P1	
 263.55945	 379.32273	 363.98129	        P1	
  95.83980	  46.59628	 199.75207	        P1	
 316.52355	   3.64032	 116.86529	        P1	
 329.13405	 478.33981	 364.49609	        P1	
 343.00560	 116.49068	 151.87335	        P1	
 457.76114	 466.69073	  92.15369	        P1	
  78.18510	 378.59469	 113.26148	        P1	
 176.54700	 359.66493	  79.79789	        P1	
 308.95725	 238.07781	 118.92457	        P1	
 298.86885	 353.11233	 170.92192	        P1	
 413.62440	  97.56092	 191.00009	        P1	
 152.58705	 105.56968	  88.54988	        P1	
 133.67130	 359.66493	 232.70091	        P1	
  13.87155	 264.28821	  88.03507	        P1	
 257.25420	 381.50693	 269.76831	        P1	
  10.08840	  84.45572	  65.89762	        P1	
 445.15065	 140.51688	 329.48797	        P1	
 401.01390	 227.15681	 172.98120	        P1	
 122.32185	 401.16473	 263.59041	        P1	
 436.32330	 374.22629	 465.40177	        P1	
 117.27765	 222.06032	  92.15369	        P1	
 196.72380	 298.50733	 220.34512	        P1	
 122.32185	  69.16632	 374.79261	        P1	
 374.53185	 386.60341	 457.16459	        P1	
 287.51940	  72.80668	 275.43135	        P1	
 327.87300	 192.20960	 415.46376	        P1	
 452.71694	  58.97340	  44.78977	        P1	
 305.17410	 241.71812	 258.95699	        P1	
  16.39365	 208.95512	 207.98932	        P1	
 459.02219	 206.77092	 195.63352	        P1	
 462.80534	 229.34101	 415.46376	        P1	
 284.99730	  39.31560	  30.88950	        P1	
 199.24590	 206.77092	 368.61471	        P1	
 121.06080	 148.52560	 477.24276	        P1	
  98.36190	 358.20881	  98.84640	        P1	
  65.57460	 133.96428	 244.54185	        P1	
  78.18510	 423.73481	  81.85717	        P1	
 218.16165	  45.86820	 273.37207	        P1	
 340.48350	 288.31441	 285.72787	        P1	
 436.32330	 193.66572	 110.68739	        P1	
 389.66445	 201.67449	 261.53107	        P1	
 395.96970	 454.31361	  57.14557	        P1	
   3.78315	 405.53313	 473.63901	        P1	
 395.96970	 355.29653	 215.71169	        P1	
 382.09815	 360.39301	  43.24530	        P1	
  60.53040	 199.49029	 273.88687	        P1	
 467.84954	 198.76220	 205.41517	        P1	
  22.69890	 161.63080	 432.45299	        P1	
  13.87155	 144.88528	 263.07555	        P1	
 292.56360	 460.13813	 339.26969	        P1	
  37.83150	  11.64908	 280.06477	        P1	
 143.75970	 311.61253	 462.82768	        P1	
 235.81635	 303.60381	 409.28586	        P1	
 441.36750	 145.61332	 127.67662	        P1	
 348.04980	 170.36760	 222.40439	        P1	
 427.49595	 104.11352	  30.37469	        P1	
  41.61465	 143.42912	 152.38822	        P1	
 190.41855	 181.28860	  32.43397	        P1	
 219.42270	  81.54348	 459.22387	        P1	
 496.85369	 305.78801	   6.17790	        P1	
  61.79145	  21.11392	 234.24539	        P1	
 102.14505	 415.72609	  70.01618	        P1	
  13.87155	  54.60500	  67.95690	        P1	
   8.82735	  41.49980	 230.12677	        P1	
 354.35505	 487.07661	 247.11599	        P1	
 414.88545	 430.28741	 359.86267	        P1	
 205.55115	 433.19969	 380.45564	        P1	
   2.52210	 142.70108	 460.76834	        P1	
  90.79560	 422.27869	 139.51755	        P1	
  31.52625	  19.65780	 438.63089	        P1	
 477.93794	 436.11193	 123.04319	        P1	
 176.54700	 339.27909	 205.92997	        P1	
 438.84540	 163.08692	 110.68739	        P1	
 233.29425	 386.60341	 172.98120	        P1	
  15.13260	 174.73600	  49.42320	        P1	
 496.85369	 414.99801	 211.59307	        P1	
 446.41170	 432.47161	   0.00000	        P1	
  36.57045	 188.56929	 473.12414	        P1	
 432.54015	 252.63912	  85.97579	        P1	
 481.72109	 473.24333	 184.82219	        P1	
 334.17825	 178.37632	 475.18348	        P1	
 269.86470	 474.69949	 306.32085	        P1	
 325.35090	 406.26121	  49.42320	        P1	
 171.50280	 173.27989	 368.09984	        P1	
  49.18095	 418.63833	 394.87079	        P1	
 317.78460	 431.01549	  82.37198	        P1	
 133.67130	 232.98132	 177.09982	        P1	
 302.65200	  91.73640	 438.63089	        P1	
 201.76800	 412.08573	 425.76028	        P1	
 389.66445	 449.21713	 141.57689	        P1	
 240.86055	  60.42952	 147.75479	        P1	
   2.52210	 131.05200	 179.15910	        P1	
 322.82880	 366.94561	 137.45827	        P1	
 398.49180	 362.57721	  63.32347	        P1	
 414.88545	 459.41009	 137.97308	        P1	
  15.13260	 152.89400	 463.34249	        P1	
 476.67689	 400.43669	  94.72778	        P1	
 436.32330	 401.89281	 396.93006	        P1	
 364.44345	 313.79673	 129.22109	        P1	
 234.55530	  32.03492	 269.76831	        P1	
  39.09255	   9.46488	 428.33437	        P1	
 437.58435	 102.65740	 483.42066	        P1	
 300.12990	 321.80549	  34.49325	        P1	
 486.76529	 183.47280	  57.14557	        P1	
 226.98900	 412.08573	 467.46111	        P1	
 179.06910	 477.61173	  61.26419	        P1	
 311.47935	  91.00832	  85.97579	        P1	
 297.60780	 246.08652	 325.36941	        P1	
 103.40610	 414.99801	 149.81407	        P1	
 239.59950	 152.89400	 488.05409	        P1	
 114.75555	 216.23580	  75.67927	        P1	
 244.64370	 350.92813	 368.61471	        P1	
 412.36335	 120.13100	 489.59856	        P1	
 235.81635	  63.34180	 440.17536	        P1	
 369.48765	 176.92020	 321.25079	        P1	
 340.48350	 254.82332	 164.74402	        P1	
 254.73210	 406.26121	 117.38010	        P1	
  51.70305	  72.07860	 222.40439	        P1	
 181.59120	 183.47280	 142.09170	        P1	
 384.62025	 294.86701	 223.94887	        P1	
 436.32330	 444.12069	  88.54988	        P1	
  66.83565	  10.92100	 359.86267	        P1	
 368.22660	 163.08692	 258.95699	        P1	
 370.74870	 484.89241	 135.91380	        P1	
  16.39365	 262.83209	  28.31535	        P1	
 397.23075	 436.11193	 320.73599	        P1	
 336.70035	 469.60301	  20.07817	        P1	
 176.54700	  53.87692	 362.43681	        P1	
 165.19755	   3.64032	 405.68211	        P1	
 161.41440	  65.52600	 376.85189	        P1	
 145.02075	 460.86621	  24.71160	        P1	
  41.61465	 246.81461	 440.17536	        P1	
  32.78730	 342.19133	 296.02439	        P1	
  97.10085	 139.06072	 252.77909	        P1	
 176.54700	 294.13893	  90.60922	        P1	
 332.91720	 484.89241	 302.71709	        P1	
 232.03320	 381.50693	 191.00009	        P1	
 168.98070	  48.05240	 253.29389	        P1	
   3.78315	 465.23461	 339.78449	        P1	
 302.65200	 126.68360	 359.86267	        P1	
 438.84540	 132.50812	  85.97579	        P1	
  11.34945	 315.25289	   3.60375	        P1	
 219.42270	 170.36760	 222.40439	        P1	
 455.23904	 181.28860	 427.81956	        P1	
 196.72380	  17.47360	 488.05409	        P1	
 423.71280	 125.22748	 286.24267	        P1	
 253.47105	 439.02421	 372.21847	        P1	
 264.82050	 435.38389	 219.83025	        P1	
  80.70720	 128.13972	 152.38822	        P1	
  61.79145	 239.53392	 123.04319	        P1	
 427.49595	 414.26993	 221.88959	        P1	
 388.40340	  21.84200	 172.98120	        P1	
 350.57190	 348.01589	 323.31007	        P1	
 351.83295	  92.46448	  96.27225	        P1	
  42.87570	 278.12149	 286.24267	        P1	
