2167.00000	   0.00000	   0.00000	   0.00000	
  64.31355	 232.25329	 144.15098	        P1	
 404.79705	 261.37592	  41.18602	        P1	
 132.41025	 372.04209	 114.80595	        P1	
 480.46004	 281.76181	 426.27509	        P1	
  42.87570	 393.15601	 112.74667	        P1	
 171.50280	  33.49108	 127.16175	        P1	
 158.89230	 433.92773	  47.36392	        P1	
 293.82465	 297.77929	 156.50678	        P1	
 404.79705	 347.28781	  50.96767	        P1	
 345.52770	 413.54189	  51.48248	        P1	
 326.61195	 258.46369	 113.26148	        P1	
 225.72795	 153.62208	 403.62277	        P1	
 435.06225	 195.84992	 306.83571	        P1	
 395.96970	 276.66532	 189.45562	        P1	
 361.92135	 249.72689	  76.19408	        P1	
 349.31085	  66.25408	  71.56065	        P1	
 141.23760	  94.64868	 304.77637	        P1	
 428.75700	 481.98013	  55.08629	        P1	
 296.34675	 326.90193	   5.66310	        P1	
 374.53185	 188.56929	 226.00815	        P1	
 166.45860	 345.10361	 240.93809	        P1	
 308.95725	 220.60420	 271.82759	        P1	
 273.64785	  53.14888	 242.99737	        P1	
  84.49035	 284.67409	 205.92997	        P1	
 284.99730	 403.34893	 393.32631	        P1	
 422.45175	 478.33981	 112.74667	        P1	
 407.31915	 344.37553	 238.87881	        P1	
 221.94480	 314.52481	 321.25079	        P1	
 284.99730	 136.87652	 133.85452	        P1	
 355.61610	   8.73680	  80.31270	        P1	
  59.26935	  29.85072	 481.36138	        P1	
  25.22100	  93.19252	 123.04319	        P1	
 185.37435	 216.23580	 426.27509	        P1	
 330.39510	 260.64789	 199.75207	        P1	
 325.35090	  11.64908	 218.28577	        P1	
 387.14235	 312.34061	 278.00549	        P1	
 315.26250	 243.17429	 250.71975	        P1	
 255.99315	 153.62208	 429.87884	        P1	
 484.24319	 397.52441	 471.06486	        P1	
 186.63540	  26.21040	 353.68477	        P1	
 393.44760	   0.00000	 341.32897	        P1	
 436.32330	 350.92813	  90.60922	        P1	
 138.71550	 333.45453	 473.63901	        P1	
 129.88815	  44.41208	 150.32888	        P1	
 460.28324	 165.27112	 320.73599	        P1	
  88.27350	  24.75428	 380.45564	        P1	
 292.56360	 107.75388	 415.97857	        P1	
 446.41170	 179.10440	   1.54447	        P1	
 424.97385	  24.02620	  24.71160	        P1	
 369.48765	 284.67409	 398.98934	        P1	
 437.58435	 452.12941	 333.60659	        P1	
 479.19899	 350.92813	 319.19151	        P1	
 368.22660	 259.19172	 419.58238	        P1	
 337.96140	 417.91029	 125.61728	        P1	
  61.79145	 420.09449	   3.60375	        P1	
  90.79560	  43.68400	 100.39087	        P1	
 146.28180	 225.70069	  53.02695	        P1	
 151.32600	 126.68360	 236.30467	        P1	
 426.23490	 123.77132	 232.70091	        P1	
 464.06639	 349.47201	 415.46376	        P1	
 412.36335	 453.58553	  18.01890	        P1	
 274.90890	 313.06869	  90.09435	        P1	
 324.08985	 257.00752	 226.52302	        P1	
 344.26665	  51.69272	 245.05671	        P1	
 121.06080	  33.49108	 411.34514	        P1	
  92.05665	 393.88409	 442.23464	        P1	
  97.10085	 409.90153	 461.28321	        P1	
 472.89374	 105.56968	  82.37198	        P1	
  37.83150	 413.54189	 397.44487	        P1	
 221.94480	 313.06869	 378.91117	        P1	
 383.35920	 142.70108	 193.57417	        P1	
  66.83565	 152.16592	 407.22658	        P1	
 142.49865	 334.18261	 118.92457	        P1	
  92.05665	 453.58553	 411.86001	        P1	
 494.33159	 343.64749	  83.91645	        P1	
 104.66715	   9.46488	 212.10787	        P1	
  35.30940	 414.99801	 197.69279	        P1	
 137.45445	 117.21872	 135.39899	        P1	
 123.58290	 451.40133	 300.65781	        P1	
 443.88960	 311.61253	 356.25891	        P1	
 303.91305	 280.30569	 188.94075	        P1	
 170.24175	 489.98889	 286.24267	        P1	
 225.72795	 210.41129	 453.04597	        P1	
 230.77215	 117.21872	 164.74402	        P1	
 414.88545	 131.78008	 100.90568	        P1	
 180.33015	  66.25408	 176.58495	        P1	
  60.53040	 250.45492	 296.02439	        P1	
 255.99315	 207.49900	 426.27509	        P1	
 248.42685	 439.02421	  94.21297	        P1	
 329.13405	 335.63873	 269.76831	        P1	
 326.61195	 385.14729	 269.25345	        P1	
 179.06910	  17.47360	  24.71160	        P1	
 177.80805	 389.51569	 287.78715	        P1	
   2.52210	 254.82332	 462.82768	        P1	
 446.41170	 216.96389	  88.54988	        P1	
 187.89645	  80.81540	 117.38010	        P1	
  70.61880	 270.84081	 162.16987	        P1	
 182.85225	 385.14729	 131.79518	        P1	
 340.48350	 250.45492	   4.11862	        P1	
 361.92135	 345.83169	 162.68468	        P1	
  15.13260	 138.33268	 454.59044	        P1	
 414.88545	 370.58593	 413.40448	        P1	
 237.07740	 378.59469	 125.61728	        P1	
 464.06639	  80.08732	 140.03242	        P1	
 383.35920	 336.36681	 131.28037	        P1	
 494.33159	 337.82293	 431.93818	        P1	
 208.07325	 437.56809	 459.22387	        P1	
 243.38265	 423.00673	 479.81691	        P1	
 482.98214	 277.39341	 259.47179	        P1	
 128.62710	 336.36681	 242.48257	        P1	
 143.75970	 227.15681	 217.77097	        P1	
 308.95725	  66.25408	  65.38275	        P1	
 380.83710	 417.91029	 199.75207	        P1	
  31.52625	  50.23660	 308.89499	        P1	
 110.97240	 371.31401	 384.57426	        P1	
 474.15479	 463.05041	 390.75216	        P1	
 261.03735	 392.42793	 313.01361	        P1	
  93.31770	  36.40332	 110.68739	        P1	
 239.59950	  77.17508	 312.49875	        P1	
 199.24590	  40.77172	 226.52302	        P1	
 437.58435	 184.20089	 490.11337	        P1	
 310.21830	 305.78801	 259.47179	        P1	
 258.51525	 134.69232	 356.25891	        P1	
 174.02490	 186.38509	 417.52304	        P1	
 395.96970	  80.08732	 115.32082	        P1	
 153.84810	 447.03293	 380.97051	        P1	
  59.26935	  91.00832	 387.14841	        P1	
  87.01245	 434.65581	 464.88696	        P1	
 288.78045	 115.76260	 100.39087	        P1	
 402.27495	 348.74393	  96.78712	        P1	
 456.50009	 358.20881	 376.85189	        P1	
 456.50009	 247.54269	 175.04047	        P1	
 252.21000	 160.17469	 219.83025	        P1	
  61.79145	  91.00832	 302.20229	        P1	
 324.08985	 392.42793	 146.21032	        P1	
 165.19755	  61.88568	  34.49325	        P1	
  59.26935	 277.39341	  67.95690	        P1	
 378.31500	 198.03412	 232.70091	        P1	
 374.53185	 361.84913	 300.65781	        P1	
 419.92965	 191.48152	 442.74951	        P1	
 477.93794	 249.72689	 465.40177	        P1	
 150.06495	 118.67488	 477.75757	        P1	
 324.08985	 214.77969	 355.74404	        P1	
 163.93650	 139.78880	  61.77900	        P1	
  93.31770	 371.31401	 426.27509	        P1	
 229.51110	 216.96389	  96.27225	        P1	
 204.29010	 340.73521	 396.93006	        P1	
 409.84125	 208.95512	 234.24539	        P1	
 134.93235	  91.00832	 492.17271	        P1	
 271.12575	 109.93808	 448.41254	        P1	
 281.21415	 277.39341	 438.63089	        P1	
 469.11059	 374.22629	 114.80595	        P1	
 122.32185	 443.39261	 143.63617	        P1	
 334.17825	  26.93848	 312.49875	        P1	
   0.00000	  69.89440	 315.07289	        P1	
 119.79975	 446.30489	 360.37747	        P1	
 279.95310	 336.36681	 396.93006	        P1	
  49.18095	 232.25329	 411.34514	        P1	
 102.14505	 232.25329	 436.05674	        P1	
 373.27080	 195.12189	  14.41508	        P1	
 196.72380	 458.68201	 106.56877	        P1	
  12.61050	 163.08692	 170.92192	        P1	
  56.74725	 163.81500	  98.84640	        P1	
 472.89374	 415.72609	  34.49325	        P1	
 341.74455	 150.70980	 415.46376	        P1	
 343.00560	 426.64709	  63.83828	        P1	
 394.70865	 174.00792	 288.30201	        P1	
 372.00975	 370.58593	  96.78712	        P1	
 112.23345	 102.65740	  38.61187	        P1	
 211.85640	 384.41921	  43.24530	        P1	
 430.01805	  25.48232	 121.49872	        P1	
  54.22515	 297.77929	 293.96505	        P1	
 215.63955	 379.32273	 325.36941	        P1	
 460.28324	 489.98889	 397.44487	        P1	
 461.54429	  43.68400	  81.85717	        P1	
  95.83980	  55.33308	 125.61728	        P1	
  23.95995	 431.74353	 380.97051	        P1	
 316.52355	 105.56968	 454.59044	        P1	
 296.34675	 162.35888	 151.87335	        P1	
 341.74455	  51.69272	  24.19679	        P1	
 203.02905	 348.74393	 475.18348	        P1	
 225.72795	 185.65700	 193.05937	        P1	
  69.35775	 389.51569	 337.21035	        P1	
 191.67960	  99.01708	 485.47994	        P1	
 267.34260	 180.56052	 411.86001	        P1	
  12.61050	 259.19172	 183.27772	        P1	
 286.25835	 277.39341	 440.17536	        P1	
 416.14650	 203.85869	 453.04597	        P1	
 110.97240	 352.38429	 403.62277	        P1	
 146.28180	  64.06988	  20.59298	        P1	
 355.61610	 103.38548	 133.33965	        P1	
  36.57045	 140.51688	 263.07555	        P1	
 141.23760	 148.52560	 162.16987	        P1	
  80.70720	 364.03333	 221.88959	        P1	
  18.91575	   9.46488	  26.77088	        P1	
  46.65885	 405.53313	 201.81142	        P1	
 399.75285	 409.90153	 444.29398	        P1	
 489.28739	  66.98212	  79.79789	        P1	
 205.55115	 291.95473	 102.96502	        P1	
  75.66300	 348.01589	 300.14295	        P1	
 443.88960	 103.38548	 331.03245	        P1	
   3.78315	 475.42753	 442.74951	        P1	
 233.29425	 268.65661	  63.32347	        P1	
 237.07740	  66.98212	  84.43132	        P1	
 421.19070	 377.13853	 436.57161	        P1	
  49.18095	 415.72609	 151.87335	        P1	
 476.67689	 448.48909	 485.47994	        P1	
  92.05665	  16.74552	 170.92192	        P1	
 382.09815	 227.88489	 485.47994	        P1	
 348.04980	  13.10520	 339.78449	        P1	
 234.55530	  13.10520	 148.26960	        P1	
  31.52625	 287.58632	 116.86529	        P1	
 284.99730	  56.78920	 125.10247	        P1	
  50.44200	 206.77092	 368.61471	        P1	
  74.40195	 439.02421	 222.40439	        P1	
 441.36750	 123.77132	 350.08101	        P1	
 104.66715	 369.12981	 316.61737	        P1	
  42.87570	 272.29692	   4.11862	        P1	
  56.74725	 166.72728	  71.56065	        P1	
  88.27350	 484.89241	  88.03507	        P1	
 383.35920	   8.73680	  57.14557	        P1	
 324.08985	   6.55260	 475.69829	        P1	
 443.88960	 209.68320	 259.47179	        P1	
 297.60780	 168.91149	 454.59044	        P1	
 185.37435	  24.02620	 278.00549	        P1	
 114.75555	 332.72649	 378.91117	        P1	
  95.83980	 340.73521	 154.44750	        P1	
  26.48205	 373.49821	 347.50687	        P1	
 278.69205	 420.09449	 331.03245	        P1	
 274.90890	 397.52441	 366.04057	        P1	
 292.56360	 292.68281	 415.46376	        P1	
 315.26250	 305.78801	 154.44750	        P1	
 136.19340	 441.20841	 352.14029	        P1	
 104.66715	 489.98889	 349.56614	        P1	
 119.79975	 194.39380	  75.67927	        P1	
 453.97799	 234.43749	 366.55537	        P1	
 160.15335	  63.34180	 415.46376	        P1	
  39.09255	 307.97221	 469.52039	        P1	
 438.84540	  80.08732	 481.36138	        P1	
 315.26250	 101.92932	 184.82219	        P1	
 329.13405	 443.39261	 185.33700	        P1	
 139.97655	 258.46369	 139.51755	        P1	
 460.28324	  18.20168	 275.43135	        P1	
 370.74870	  65.52600	 123.55800	        P1	
 315.26250	 365.48949	 201.29655	        P1	
  56.74725	  45.86820	 291.90577	        P1	
 197.98485	 287.58632	 407.22658	        P1	
 124.84395	 117.21872	 140.03242	        P1	
 452.71694	  93.92060	 203.87069	        P1	
 273.64785	  31.30688	  77.73855	        P1	
 273.64785	 430.28741	 471.06486	        P1	
 471.63269	 299.96349	 368.09984	        P1	
 469.11059	 390.24373	 104.50949	        P1	
  10.08840	  91.73640	 327.42869	        P1	
 181.59120	  13.10520	  63.32347	        P1	
 471.63269	 119.40292	 289.84649	        P1	
 199.24590	 480.52401	 100.39087	        P1	
 290.04150	 334.91069	 423.70094	        P1	
 303.91305	 395.34021	  26.25607	        P1	
  26.48205	 318.16513	  30.37469	        P1	
  37.83150	 282.48989	  32.94878	        P1	
 117.27765	 198.76220	 117.38010	        P1	
 341.74455	 462.32233	 252.77909	        P1	
  23.95995	 386.60341	 166.80330	        P1	
 249.68790	 431.01549	  51.48248	        P1	
 398.49180	 279.57761	 421.64166	        P1	
 498.11474	 353.11233	  36.55259	        P1	
  37.83150	 164.54309	 102.45015	        P1	
 340.48350	  43.68400	 168.34777	        P1	
 301.39095	 296.32313	  41.18602	        P1	
 295.08570	 157.26240	 185.33700	        P1	
  52.96410	 180.56052	 271.31279	        P1	
 312.74040	 409.17349	 193.57417	        P1	
 252.21000	 129.59588	  34.49325	        P1	
  93.31770	 224.24452	  72.07552	        P1	
 290.04150	  20.38588	  57.66038	        P1	
 408.58020	 331.99841	 308.89499	        P1	
 368.22660	 192.20960	 304.26157	        P1	
 131.14920	 112.12228	 372.73327	        P1	
 442.62855	 475.42753	 407.22658	        P1	
   1.26105	 430.28741	 205.41517	        P1	
  10.08840	  20.38588	 453.04597	        P1	
 447.67274	 465.23461	  38.61187	        P1	
 414.88545	 111.39420	 440.17536	        P1	
 306.43515	 412.81381	  18.53370	        P1	
 152.58705	 302.14769	 205.92997	        P1	
 368.22660	 109.21000	 265.64969	        P1	
 442.62855	 287.58632	 282.12411	        P1	
 303.91305	 270.11272	 399.50421	        P1	
 471.63269	  20.38588	   8.23718	        P1	
 388.40340	 248.99881	 236.30467	        P1	
 368.22660	  50.96468	 341.84377	        P1	
 194.20170	  71.35052	 407.22658	        P1	
 398.49180	 144.15720	   1.54447	        P1	
 447.67274	 172.55180	  24.71160	        P1	
 361.92135	 303.60381	  30.88950	        P1	
 446.41170	 267.92852	  55.08629	        P1	
 301.39095	 485.62049	 292.42057	        P1	
 150.06495	 194.39380	 111.20220	        P1	
 196.72380	 289.77053	 313.01361	        P1	
  93.31770	  78.63120	 452.53116	        P1	
 203.02905	 450.67329	 175.04047	        P1	
  78.18510	  14.56132	 116.86529	        P1	
 311.47935	 482.70821	  69.50137	        P1	
 475.41584	  50.23660	 376.85189	        P1	
  87.01245	 239.53392	 419.58238	        P1	
 335.43930	  26.21040	 477.24276	        P1	
  12.61050	 455.76973	  98.33159	        P1	
 493.07054	 220.60420	  37.06740	        P1	
 166.45860	 251.91109	 293.96505	        P1	
 286.25835	 334.18261	 234.76019	        P1	
 229.51110	 230.06909	   3.60375	        P1	
 418.66860	 391.69989	 261.53107	        P1	
 472.89374	 463.77849	 317.13217	        P1	
 384.62025	 420.09449	 491.65784	        P1	
 273.64785	  60.42952	 487.53928	        P1	
 205.55115	 361.84913	 160.11059	        P1	
 179.06910	 416.45413	  28.83022	        P1	
 242.12160	 192.20960	 217.77097	        P1	
 258.51525	 252.63912	 380.97051	        P1	
 481.72109	 409.17349	 125.61728	        P1	
 378.31500	 495.08533	 109.14292	        P1	
 121.06080	 396.06829	 242.99737	        P1	
 172.76385	 406.98929	  70.01618	        P1	
  66.83565	  60.42952	 399.50421	        P1	
 355.61610	  58.24532	 399.50421	        P1	
 447.67274	  93.92060	 415.46376	        P1	
 354.35505	 389.51569	 312.49875	        P1	
  46.65885	 345.83169	 479.30204	        P1	
 114.75555	 294.86701	 359.86267	        P1	
 112.23345	 289.04249	 199.75207	        P1	
 351.83295	 460.86621	 174.52567	        P1	
 158.89230	 174.73600	 106.56877	        P1	
 104.66715	 252.63912	 197.17799	        P1	
 134.93235	 136.14848	  59.20485	        P1	
 300.12990	 260.64789	  34.49325	        P1	
  46.65885	 449.21713	 411.86001	        P1	
 249.68790	 295.59509	 386.63354	        P1	
 311.47935	 376.41049	 448.41254	        P1	
  87.01245	  58.97340	 358.31819	        P1	
  97.10085	 268.65661	 105.02430	        P1	
 343.00560	   5.82452	 413.40448	        P1	
  58.00830	 492.17309	 306.32085	        P1	
 242.12160	 157.26240	 261.01627	        P1	
 356.87715	  45.86820	 395.38559	        P1	
 283.73625	 406.98929	 232.18605	        P1	
   3.78315	  26.93848	 483.93547	        P1	
 195.46275	 203.13060	  20.07817	        P1	
 156.37020	 342.19133	 263.59041	        P1	
 437.58435	 344.37553	 296.02439	        P1	
 121.06080	 216.96389	  40.67115	        P1	
 182.85225	  34.21912	 170.92192	        P1	
 254.73210	 346.55973	 275.94621	        P1	
 199.24590	 128.13972	 300.65781	        P1	
 142.49865	 137.60460	 358.31819	        P1	
  20.17680	 163.08692	 102.96502	        P1	
 224.46690	 138.33268	 120.98385	        P1	
 356.87715	 169.63952	  41.18602	        P1	
  18.91575	 259.91981	 105.02430	        P1	
 341.74455	  50.23660	  86.49060	        P1	
 374.53185	   8.00872	 418.03791	        P1	
  47.91990	 397.52441	 166.80330	        P1	
 235.81635	 408.44541	 376.85189	        P1	
 263.55945	 452.12941	 364.49609	        P1	
 393.44760	 292.68281	 155.99197	        P1	
 184.11330	   0.00000	  98.84640	        P1	
 344.26665	   3.64032	 394.87079	        P1	
 121.06080	 288.31441	 228.58229	        P1	
 385.88130	 387.33149	 366.55537	        P1	
  44.13675	 222.06032	 424.21581	        P1	
 240.86055	 482.70821	 236.30467	        P1	
  98.36190	 299.96349	   9.78165	        P1	
 345.52770	 177.64829	  15.95955	        P1	
 117.27765	 457.95393	 326.91389	        P1	
 121.06080	 165.99920	  74.13480	        P1	
 321.56775	   3.64032	 153.93269	        P1	
 255.99315	 424.46289	 107.08358	        P1	
 413.62440	 350.92813	  47.36392	        P1	
 225.72795	 117.21872	   4.11862	        P1	
 117.27765	 101.20128	 207.47445	        P1	
 152.58705	  18.20168	 423.70094	        P1	
  78.18510	 298.50733	 337.72521	        P1	
  27.74310	 406.26121	 488.05409	        P1	
 416.14650	 403.34893	 456.64978	        P1	
 368.22660	 235.89361	  75.67927	        P1	
  90.79560	  16.01748	 100.90568	        P1	
 100.88400	  14.56132	 448.92741	        P1	
 107.18925	 188.56929	 219.83025	        P1	
 493.07054	 392.42793	 419.58238	        P1	
  23.95995	 238.07781	 129.73590	        P1	
 278.69205	  72.07860	 413.91929	        P1	
 490.54844	 290.49861	 328.97317	        P1	
 268.60365	 251.18301	 285.72787	        P1	
 414.88545	 115.76260	 248.66047	        P1	
 266.08155	 412.81381	 483.42066	        P1	
 456.50009	  46.59628	 139.51755	        P1	
 113.49450	  87.36800	 316.61737	        P1	
 432.54015	 240.99009	 230.64157	        P1	
 237.07740	  33.49108	 312.49875	        P1	
 238.33845	 315.25289	  46.84905	        P1	
 496.85369	 487.80469	 454.59044	        P1	
 374.53185	  13.83328	 168.86258	        P1	
 179.06910	 477.61173	 308.38019	        P1	
 240.86055	 287.58632	 363.98129	        P1	
 224.46690	 218.42000	 242.48257	        P1	
  75.66300	 282.48989	 372.73327	        P1	
 408.58020	  74.26280	 273.37207	        P1	
 455.23904	  40.04368	 102.45015	        P1	
 122.32185	 424.46289	 354.19957	        P1	
 170.24175	 229.34101	 483.42066	        P1	
 121.06080	 460.13813	 271.31279	        P1	
 237.07740	 396.06829	 329.48797	        P1	
 302.65200	 101.92932	 450.47188	        P1	
 308.95725	  15.28940	 105.02430	        P1	
 126.10500	 355.29653	 184.82219	        P1	
  99.62295	 216.23580	 117.38010	        P1	
 442.62855	 185.65700	 193.05937	        P1	
 182.85225	  93.92060	 179.15910	        P1	
 229.51110	 315.98093	 380.97051	        P1	
 457.76114	 316.70901	 247.11599	        P1	
  63.05250	 362.57721	 464.88696	        P1	
 354.35505	 133.23620	  92.66850	        P1	
  97.10085	 471.05913	  96.78712	        P1	
 346.78875	 124.49940	 253.29389	        P1	
 320.30670	 455.76973	  98.33159	        P1	
 341.74455	 376.41049	 255.35317	        P1	
 107.18925	 121.58712	  65.89762	        P1	
 150.06495	 417.18221	 345.96239	        P1	
  15.13260	 228.61292	 160.11059	        P1	
 484.24319	 409.17349	 374.27774	        P1	
 495.59264	 465.23461	  67.95690	        P1	
   8.82735	 425.91901	 168.34777	        P1	
 428.75700	  68.43828	 429.87884	        P1	
 108.45030	  43.68400	 180.70357	        P1	
  83.22930	 285.40213	 314.55809	        P1	
 234.55530	 243.17429	 193.57417	        P1	
 385.88130	 356.75269	 125.61728	        P1	
 344.26665	 130.32392	  85.97579	        P1	
 450.19484	 130.32392	  22.65232	        P1	
 346.78875	 261.37592	 104.50949	        P1	
  16.39365	  45.86820	 162.16987	        P1	
  47.91990	 241.71812	  42.73049	        P1	
  49.18095	 404.07701	 135.91380	        P1	
  94.57875	  10.92100	   0.00000	        P1	
 314.00145	 289.04249	 144.15098	        P1	
 496.85369	 445.57681	 421.64166	        P1	
  99.62295	 449.21713	 238.87881	        P1	
 482.98214	 468.14689	 213.65235	        P1	
 350.57190	  23.29812	 431.93818	        P1	
 276.16995	 175.46409	  83.91645	        P1	
 423.71280	 375.68241	 217.77097	        P1	
  83.22930	 221.33229	 236.81947	        P1	
 210.59535	 360.39301	 310.43947	        P1	
 375.79290	 433.92773	 238.87881	        P1	
 364.44345	 392.42793	 356.25891	        P1	
 300.12990	 257.73561	 390.75216	        P1	
 141.23760	 283.94601	 339.78449	        P1	
 155.10915	 230.79712	 306.83571	        P1	
 387.14235	  77.90312	 184.82219	        P1	
 341.74455	 423.00673	 215.71169	        P1	
 242.12160	  81.54348	 292.42057	        P1	
  95.83980	 340.73521	  98.84640	        P1	
 139.97655	 344.37553	 191.00009	        P1	
  87.01245	  63.34180	 471.06486	        P1	
 361.92135	 415.72609	 343.38825	        P1	
 185.37435	  42.95592	 442.74951	        P1	
 243.38265	 139.06072	 109.14292	        P1	
 254.73210	 163.08692	 438.11608	        P1	
 268.60365	 127.41168	 477.75757	        P1	
 233.29425	 120.13100	 304.26157	        P1	
 403.53600	 346.55973	 220.34512	        P1	
 312.74040	  99.01708	  63.83828	        P1	
 190.41855	 226.42872	  53.54182	        P1	
 324.08985	 446.30489	 411.34514	        P1	
 240.86055	 152.16592	 487.53928	        P1	
 152.58705	 182.74472	 382.51499	        P1	
 436.32330	 170.36760	 203.87069	        P1	
 226.98900	  30.57880	 390.75216	        P1	
 475.41584	 427.37513	 394.87079	        P1	
  41.61465	 380.77889	 398.98934	        P1	
  49.18095	 187.11312	 189.45562	        P1	
 235.81635	 206.04289	 100.90568	        P1	
 486.76529	 117.94680	 223.94887	        P1	
 230.77215	 217.69192	  30.37469	        P1	
 118.53870	 222.78840	 358.31819	        P1	
  40.35360	 484.89241	 457.16459	        P1	
 403.53600	 463.05041	  74.13480	        P1	
 122.32185	  35.67528	 453.04597	        P1	
 287.51940	   8.73680	 154.44750	        P1	
 259.77630	  85.91188	 100.90568	        P1	
 225.72795	 377.86661	  94.21297	        P1	
  89.53455	  19.65780	 444.80879	        P1	
 390.92550	 203.85869	 317.13217	        P1	
 466.58849	 496.54149	 434.51227	        P1	
 476.67689	 413.54189	  71.56065	        P1	
 104.66715	 487.07661	  69.50137	        P1	
 213.11745	 111.39420	 390.75216	        P1	
 315.26250	 269.38469	 434.51227	        P1	
 104.66715	 325.44581	 389.20769	        P1	
 349.31085	 265.74432	 493.71718	        P1	
 448.93379	   7.28068	 244.54185	        P1	
 208.07325	   6.55260	  18.53370	        P1	
 354.35505	 348.74393	 339.26969	        P1	
 190.41855	  10.92100	 464.88696	        P1	
 484.24319	 375.68241	 310.43947	        P1	
 436.32330	  14.56132	 444.29398	        P1	
 398.49180	 416.45413	 388.69289	        P1	
 170.24175	 185.65700	 180.70357	        P1	
 379.57605	 441.93649	 114.80595	        P1	
  25.22100	 167.45532	   5.66310	        P1	
 203.02905	 227.88489	 471.57967	        P1	
  51.70305	 489.98889	 318.67665	        P1	
 283.73625	 421.55061	 327.42869	        P1	
 384.62025	 141.97300	 420.09719	        P1	
  60.53040	 206.77092	 294.47991	        P1	
  99.62295	 489.98889	 275.43135	        P1	
  58.00830	 362.57721	 203.87069	        P1	
 355.61610	  11.64908	   8.23718	        P1	
 321.56775	  74.99088	 491.65784	        P1	
 177.80805	 299.23541	 471.06486	        P1	
 387.14235	 130.32392	 419.58238	        P1	
 339.22245	 213.32352	  55.08629	        P1	
 223.20585	 131.78008	 236.81947	        P1	
 110.97240	 348.01589	 187.39627	        P1	
  40.35360	 323.26161	 254.83837	        P1	
 451.45589	 283.94601	 396.93006	        P1	
  16.39365	 283.21792	 362.43681	        P1	
 150.06495	 140.51688	  70.01618	        P1	
 288.78045	 401.16473	 153.93269	        P1	
 307.69620	 270.84081	  88.03507	        P1	
 223.20585	 211.86740	 105.02430	        P1	
 200.50695	 149.25368	 460.76834	        P1	
 190.41855	 473.97141	 261.01627	        P1	
 418.66860	  34.94720	 135.91380	        P1	
 195.46275	  73.53472	 442.74951	        P1	
  66.83565	 447.76101	  67.95690	        P1	
 131.14920	 269.38469	 355.74404	        P1	
 240.86055	 267.20049	 199.75207	        P1	
 322.82880	 199.49029	 207.47445	        P1	
 283.73625	  29.85072	  22.65232	        P1	
 276.16995	 329.81421	 216.22649	        P1	
 264.82050	 109.21000	  26.25607	        P1	
 462.80534	  34.21912	 370.15919	        P1	
  30.26520	 414.99801	  80.31270	        P1	
 382.09815	 307.97221	 488.05409	        P1	
 139.97655	 373.49821	 489.59856	        P1	
 416.14650	 283.94601	 247.11599	        P1	
 490.54844	  96.83288	 466.94624	        P1	
  36.57045	  25.48232	  11.84100	        P1	
 245.90475	 114.30648	 378.91117	        P1	
 485.50424	  25.48232	 425.76028	        P1	
 430.01805	 252.63912	  28.83022	        P1	
 288.78045	  57.51728	 108.62805	        P1	
 495.59264	 414.26993	 203.35589	        P1	
 264.82050	 476.15561	  50.96767	        P1	
 302.65200	 212.59549	 366.55537	        P1	
   0.00000	 180.56052	 240.42329	        P1	
 205.55115	   6.55260	  63.32347	        P1	
 272.38680	 468.87493	  96.78712	        P1	
 311.47935	 291.95473	 475.18348	        P1	
 293.82465	  80.81540	  75.67927	        P1	
 103.40610	 115.03452	 430.39371	        P1	
 156.37020	 410.62961	 142.09170	        P1	
  27.74310	 240.26201	 112.74667	        P1	
 403.53600	 337.82293	 104.50949	        P1	
 462.80534	 102.65740	 265.64969	        P1	
 278.69205	  44.41208	 150.32888	        P1	
  50.44200	 256.27949	 485.47994	        P1	
 460.28324	 216.23580	  74.13480	        P1	
 474.15479	 348.01589	 201.29655	        P1	
  18.91575	 207.49900	  37.06740	        P1	
 423.71280	 428.10321	   6.17790	        P1	
 404.79705	  10.92100	 335.15107	        P1	
 464.06639	  59.70148	 366.55537	        P1	
  97.10085	 294.86701	 304.26157	        P1	
 321.56775	 436.11193	  11.84100	        P1	
 464.06639	  58.24532	 492.17271	        P1	
 192.94065	 296.32313	 288.30201	        P1	
  90.79560	 486.34853	 257.41251	        P1	
  27.74310	  75.71892	  79.79789	        P1	
 482.98214	 172.55180	  98.84640	        P1	
 326.61195	  69.16632	  24.19679	        P1	
 392.18655	 175.46409	 485.47994	        P1	
 274.90890	  33.49108	 348.02167	        P1	
  76.92405	 372.04209	 428.33437	        P1	
 330.39510	 463.05041	 322.79527	        P1	
 382.09815	 283.21792	 127.67662	        P1	
 442.62855	 169.63952	 203.35589	        P1	
   3.78315	 133.23620	  88.03507	        P1	
 177.80805	  58.97340	 308.89499	        P1	
  99.62295	 235.16552	 271.31279	        P1	
 335.43930	 339.27909	   8.23718	        P1	
 394.70865	  28.39460	 285.72787	        P1	
 393.44760	  39.31560	 174.52567	        P1	
 308.95725	 182.74472	 201.81142	        P1	
 453.97799	 331.99841	 347.50687	        P1	
 350.57190	 369.85789	  34.49325	        P1	
 281.21415	 172.55180	  98.84640	        P1	
  37.83150	 144.15720	 358.31819	        P1	
   6.30525	 286.13021	  67.95690	        P1	
 119.79975	 267.20049	 226.00815	        P1	
  18.91575	 190.02540	  61.77900	        P1	
 284.99730	  88.82412	 288.30201	        P1	
 358.13820	 489.26081	 203.87069	        P1	
  49.18095	  73.53472	 469.00558	        P1	
 322.82880	 184.92892	 444.29398	        P1	
 208.07325	 232.25329	 405.16724	        P1	
 225.72795	 281.76181	 372.21847	        P1	
 409.84125	 487.07661	 186.88147	        P1	
 179.06910	 232.98132	 350.08101	        P1	
 455.23904	 386.60341	 364.49609	        P1	
  35.30940	 401.89281	 384.57426	        P1	
 290.04150	 202.40252	 121.49872	        P1	
 345.52770	  33.49108	 440.69017	        P1	
 195.46275	 227.88489	 312.49875	        P1	
  66.83565	 166.72728	 466.94624	        P1	
 343.00560	  37.85948	 156.50678	        P1	
 177.80805	 492.90113	 376.33709	        P1	
 462.80534	 114.30648	  32.94878	        P1	
 116.01660	 176.19212	 215.71169	        P1	
 136.19340	 259.19172	  73.61999	        P1	
 141.23760	 129.59588	  96.27225	        P1	
 240.86055	 347.28781	 223.94887	        P1	
 466.58849	 270.84081	 162.16987	        P1	
 191.67960	  52.42080	 440.17536	        P1	
 303.91305	  34.21912	 234.24539	        P1	
 314.00145	 417.18221	 162.16987	        P1	
 322.82880	 100.47320	  32.43397	        P1	
 216.90060	 358.20881	 166.80330	        P1	
 450.19484	  26.93848	 386.63354	        P1	
 453.97799	 228.61292	  73.61999	        P1	
 340.48350	 209.68320	 265.64969	        P1	
 407.31915	 321.07741	  57.14557	        P1	
 301.39095	 367.67369	  32.94878	        P1	
 495.59264	 436.11193	 110.68739	        P1	
 192.94065	 297.77929	   9.78165	        P1	
 388.40340	 413.54189	  71.56065	        P1	
 476.67689	 152.89400	 240.93809	        P1	
 174.02490	 259.19172	 191.00009	        P1	
 267.34260	  66.98212	 442.74951	        P1	
   3.78315	 281.76181	 407.74139	        P1	
 408.58020	 254.82332	  72.07552	        P1	
 190.41855	 347.28781	 285.72787	        P1	
 195.46275	  40.04368	 145.69545	        P1	
 455.23904	  79.35928	 263.07555	        P1	
  27.74310	 398.98053	  30.37469	        P1	
 136.19340	  48.05240	  88.03507	        P1	
 327.87300	 311.61253	  96.78712	        P1	
 305.17410	  71.35052	 493.71718	        P1	
 453.97799	 142.70108	 107.08358	        P1	
 355.61610	 286.85829	 335.66587	        P1	
 174.02490	 465.96269	 446.86807	        P1	
 498.11474	 152.16592	 226.52302	        P1	
 151.32600	 216.96389	 293.96505	        P1	
 259.77630	 103.38548	 312.49875	        P1	
  85.75140	  40.77172	 418.03791	        P1	
   5.04420	 301.41961	 489.59856	        P1	
 337.96140	 120.85908	   2.05928	        P1	
 480.46004	 143.42912	  98.33159	        P1	
 431.27910	 371.31401	 291.90577	        P1	
  85.75140	 336.36681	 304.26157	        P1	
 475.41584	  95.37672	 265.13489	        P1	
 311.47935	 286.13021	 143.63617	        P1	
 334.17825	 192.93769	 286.24267	        P1	
 284.99730	  61.15760	 179.15910	        P1	
 446.41170	 254.82332	 147.75479	        P1	
 244.64370	 318.89321	 197.69279	        P1	
 325.35090	  87.36800	  55.60110	        P1	
 382.09815	  98.28900	 383.02979	        P1	
 486.76529	  53.87692	 363.98129	        P1	
  11.34945	  38.58752	 164.74402	        P1	
 412.36335	  16.74552	 308.38019	        P1	
  15.13260	 365.48949	 385.08907	        P1	
 160.15335	 195.84992	 461.28321	        P1	
 218.16165	 187.11312	  84.43132	        P1	
 124.84395	 399.70861	 347.50687	        P1	
 189.15750	 380.05081	 407.74139	        P1	
 349.31085	 108.48192	 370.15919	        P1	
 100.88400	 132.50812	 444.29398	        P1	
 477.93794	  74.99088	 429.87884	        P1	
 176.54700	 131.05200	 396.93006	        P1	
 337.96140	 161.63080	 149.81407	        P1	
 395.96970	 170.36760	  30.88950	        P1	
 356.87715	  51.69272	 234.24539	        P1	
 262.29840	 416.45413	 475.18348	        P1	
  85.75140	 433.92773	 294.47991	        P1	
  18.91575	 245.35849	 139.51755	        P1	
 172.76385	 226.42872	  10.29652	        P1	
 206.81220	 203.85869	 490.11337	        P1	
 301.39095	 204.58672	 257.41251	        P1	
 427.49595	 229.34101	 302.71709	        P1	
 181.59120	 144.15720	 210.04859	        P1	
 385.88130	  58.24532	 302.20229	        P1	
 214.37850	 473.24333	 431.93818	        P1	
  21.43785	 283.21792	 339.26969	        P1	
 238.33845	 382.23501	   0.00000	        P1	
 206.81220	 294.13893	 141.57689	        P1	
 417.40755	 472.51529	 114.80595	        P1	
 365.70450	 170.36760	 302.71709	        P1	
 409.84125	 111.39420	 285.72787	        P1	
  66.83565	  35.67528	  96.27225	        P1	
  30.26520	  20.38588	 448.41254	        P1	
 345.52770	 112.12228	  65.38275	        P1	
  37.83150	 106.29772	 387.14841	        P1	
 465.32744	 104.11352	 339.26969	        P1	
 302.65200	 413.54189	 454.59044	        P1	
 297.60780	  49.50852	  28.83022	        P1	
 274.90890	 426.64709	 304.77637	        P1	
 189.15750	 132.50812	 258.95699	        P1	
  13.87155	 412.81381	  55.60110	        P1	
 226.98900	 382.96309	 341.84377	        P1	
 158.89230	 333.45453	 177.09982	        P1	
 358.13820	 431.01549	 423.70094	        P1	
 368.22660	 455.76973	  73.61999	        P1	
 314.00145	 489.98889	 343.38825	        P1	
 224.46690	  66.98212	 140.03242	        P1	
 112.23345	 118.67488	  15.95955	        P1	
 475.41584	 227.88489	 156.50678	        P1	
 316.52355	 417.18221	  18.53370	        P1	
 411.10230	  66.98212	  35.00812	        P1	
  41.61465	 396.79633	 203.35589	        P1	
 431.27910	  99.01708	 139.51755	        P1	
 340.48350	 283.94601	 383.02979	        P1	
 223.20585	 226.42872	 376.33709	        P1	
 123.58290	  17.47360	 440.17536	        P1	
  45.39780	   4.36840	 308.89499	        P1	
 132.41025	 370.58593	 104.50949	        P1	
 459.02219	  82.99960	 302.71709	        P1	
  44.13675	 433.19969	 232.18605	        P1	
 139.97655	  51.69272	 388.69289	        P1	
 363.18240	 200.94640	 483.42066	        P1	
 466.58849	 414.99801	 205.41517	        P1	
  11.34945	 323.98969	 460.76834	        P1	
 242.12160	 275.20921	 302.71709	        P1	
 322.82880	  36.40332	 115.32082	        P1	
 355.61610	 149.98172	 166.28849	        P1	
 257.25420	 247.54269	 368.09984	        P1	
  10.08840	 196.57800	 191.51489	        P1	
 151.32600	 384.41921	  74.13480	        P1	
 253.47105	 427.37513	 232.70091	        P1	
 346.78875	 299.23541	 111.20220	        P1	
 136.19340	 481.98013	 368.61471	        P1	
 184.11330	 147.06948	 114.80595	        P1	
 361.92135	 494.35729	  96.27225	        P1	
 104.66715	 497.26953	 170.92192	        P1	
 451.45589	 184.92892	 177.09982	        P1	
 456.50009	  26.21040	 216.22649	        P1	
 127.36605	   9.46488	 120.98385	        P1	
 412.36335	 350.20009	 120.98385	        P1	
 301.39095	 289.04249	 298.59847	        P1	
 186.63540	 142.70108	 182.76285	        P1	
 104.66715	 335.63873	  61.26419	        P1	
 223.20585	 459.41009	 397.44487	        P1	
  54.22515	 321.07741	 438.63089	        P1	
  10.08840	  90.28028	 201.29655	        P1	
 380.83710	  43.68400	 211.59307	        P1	
 475.41584	  37.13140	 172.98120	        P1	
 240.86055	 437.56809	 120.98385	        P1	
 131.14920	 323.26161	 279.54997	        P1	
 281.21415	 160.90272	 438.11608	        P1	
 187.89645	  29.85072	 363.98129	        P1	
  79.44615	 197.30609	 199.75207	        P1	
 165.19755	 271.56889	   8.23718	        P1	
 165.19755	 291.95473	 269.76831	        P1	
 472.89374	   8.00872	 413.40448	        P1	
 226.98900	 241.71812	  55.08629	        P1	
 161.41440	 141.24492	  41.18602	        P1	
 389.66445	 315.25289	  22.13745	        P1	
  81.96825	  56.06112	 183.27772	        P1	
 122.32185	 466.69073	 164.74402	        P1	
 215.63955	 318.16513	 362.43681	        P1	
 171.50280	 214.05160	 310.43947	        P1	
 175.28595	 137.60460	 450.98669	        P1	
 242.12160	 343.64749	 286.24267	        P1	
 383.35920	 334.91069	 244.54185	        P1	
  47.91990	 126.68360	 477.24276	        P1	
 433.80120	 117.94680	   6.17790	        P1	
 158.89230	 372.77013	 277.49069	        P1	
 464.06639	 147.06948	 212.10787	        P1	
 455.23904	 236.62169	 255.35317	        P1	
  42.87570	  88.82412	 116.86529	        P1	
   1.26105	 404.07701	 254.83837	        P1	
 195.46275	 248.27072	 442.74951	        P1	
 445.15065	 118.67488	 331.03245	        P1	
 464.06639	  16.01748	  32.94878	        P1	
 356.87715	  13.83328	 256.89765	        P1	
 368.22660	   5.82452	 438.11608	        P1	
  74.40195	 388.05953	 362.43681	        P1	
 435.06225	 252.63912	 228.06749	        P1	
  92.05665	 312.34061	 174.52567	        P1	
 360.66030	 364.03333	 399.50421	        P1	
  32.78730	 465.96269	  71.56065	        P1	
 192.94065	 377.86661	 172.98120	        P1	
  26.48205	  15.28940	 304.26157	        P1	
  78.18510	 222.78840	 216.22649	        P1	
 453.97799	 288.31441	 185.33700	        P1	
 389.66445	 328.35809	 485.47994	        P1	
  52.96410	 297.05121	 415.46376	        P1	
 370.74870	 445.57681	  86.49060	        P1	
 450.19484	 107.02580	 358.31819	        P1	
 244.64370	  23.29812	 269.76831	        P1	
 254.73210	 165.99920	 106.56877	        P1	
  29.00415	 471.05913	 178.64429	        P1	
 298.86885	 112.85032	 487.53928	        P1	
  64.31355	  93.92060	 240.93809	        P1	
 230.77215	 491.44501	  57.14557	        P1	
 484.24319	 234.43749	 471.57967	        P1	
 137.45445	  99.74512	 129.22109	        P1	
 307.69620	  71.35052	 319.19151	        P1	
 462.80534	 229.34101	  13.90027	        P1	
 279.95310	 232.98132	 158.56612	        P1	
 446.41170	 422.27869	 448.41254	        P1	
  58.00830	  37.85948	 349.56614	        P1	
 397.23075	 417.18221	 389.20769	        P1	
 223.20585	 329.81421	 420.09719	        P1	
 407.31915	 318.16513	  55.08629	        P1	
 283.73625	 248.27072	 164.74402	        P1	
 245.90475	 208.95512	  65.89762	        P1	
 423.71280	 216.96389	 261.53107	        P1	
   5.04420	 422.27869	  65.38275	        P1	
 402.27495	 428.83129	 391.26697	        P1	
   2.52210	 388.78761	 166.80330	        P1	
 311.47935	 172.55180	 261.01627	        P1	
 250.94895	 390.97181	  67.95690	        P1	
 320.30670	 384.41921	 129.73590	        P1	
 314.00145	 468.14689	  15.95955	        P1	
  42.87570	 477.61173	 214.16722	        P1	
 156.37020	 298.50733	  90.60922	        P1	
 158.89230	 350.92813	 110.68739	        P1	
 442.62855	 488.53273	 234.24539	        P1	
 401.01390	 125.22748	 372.73327	        P1	
  78.18510	 483.43629	 125.61728	        P1	
 336.70035	 441.93649	  94.72778	        P1	
 482.98214	  44.41208	 263.07555	        P1	
 365.70450	 269.38469	 119.43938	        P1	
 215.63955	  42.95592	 425.76028	        P1	
  50.44200	 435.38389	 411.34514	        P1	
 153.84810	 117.94680	  30.88950	        P1	
  63.05250	 151.43788	  59.20485	        P1	
  88.27350	 246.08652	  42.73049	        P1	
 257.25420	  62.61372	 438.11608	        P1	
  49.18095	 277.39341	 205.41517	        P1	
 211.85640	  33.49108	 107.08358	        P1	
 440.10645	 227.88489	 335.66587	        P1	
 373.27080	 444.12069	 249.17527	        P1	
 305.17410	 278.12149	 164.22915	        P1	
  79.44615	 224.97260	 186.88147	        P1	
 462.80534	   3.64032	 382.51499	        P1	
 440.10645	 233.70941	 118.92457	        P1	
 107.18925	 137.60460	 248.66047	        P1	
 477.93794	   0.72808	  70.01618	        P1	
 113.49450	 189.29732	 456.64978	        P1	
  98.36190	 246.08652	  42.73049	        P1	
 165.19755	  82.27152	 376.33709	        P1	
  29.00415	 450.67329	  77.73855	        P1	
  36.57045	 357.48073	 308.38019	        P1	
 295.08570	 397.52441	 105.02430	        P1	
  42.87570	  37.85948	 343.38825	        P1	
 485.50424	 254.09529	 368.09984	        P1	
   2.52210	 157.26240	 291.90577	        P1	
 267.34260	 348.01589	  15.95955	        P1	
 226.98900	 270.84081	 278.00549	        P1	
 474.15479	 215.50772	 133.85452	        P1	
  46.65885	 392.42793	  72.07552	        P1	
 370.74870	  23.29812	 302.20229	        P1	
 461.54429	 240.26201	  30.88950	        P1	
 180.33015	  31.30688	 354.19957	        P1	
 467.84954	 491.44501	 328.97317	        P1	
  93.31770	 161.63080	 481.87619	        P1	
 274.90890	 160.17469	 306.32085	        P1	
  76.92405	 211.86740	 197.69279	        P1	
  30.26520	  40.77172	 326.91389	        P1	
 266.08155	  93.92060	 477.24276	        P1	
 166.45860	 202.40252	 487.53928	        P1	
 353.09400	 308.70029	 380.45564	        P1	
 197.98485	 216.23580	 154.44750	        P1	
 238.33845	 259.91981	 352.14029	        P1	
 129.88815	 369.12981	  57.14557	        P1	
 404.79705	 296.32313	   5.66310	        P1	
 201.76800	 298.50733	  35.00812	        P1	
 495.59264	  88.09608	 434.51227	        P1	
 314.00145	 226.42872	 363.98129	        P1	
 288.78045	 406.98929	 428.33437	        P1	
 365.70450	  26.21040	  44.78977	        P1	
 375.79290	  71.35052	 104.50949	        P1	
 427.49595	 325.44581	 123.55800	        P1	
 168.98070	 275.20921	  92.66850	        P1	
 128.62710	  71.35052	  11.84100	        P1	
  21.43785	 243.90232	  85.97579	        P1	
 272.38680	 372.77013	 177.09982	        P1	
 184.11330	 176.19212	 380.97051	        P1	
 494.33159	 442.66453	 424.21581	        P1	
 336.70035	 342.91941	 450.98669	        P1	
 182.85225	 460.86621	 426.27509	        P1	
 153.84810	 269.38469	 139.51755	        P1	
  83.22930	 120.85908	  40.67115	        P1	
 349.31085	 382.23501	 216.22649	        P1	
 365.70450	  29.12268	  39.12668	        P1	
 462.80534	 412.81381	 142.09170	        P1	
 252.21000	 272.29692	 455.10531	        P1	
 138.71550	  29.12268	 440.69017	        P1	
 348.04980	 202.40252	 350.08101	        P1	
 401.01390	 359.66493	  18.01890	        P1	
  98.36190	 200.94640	 267.19417	        P1	
  20.17680	 234.43749	  57.66038	        P1	
  54.22515	 275.93729	 100.90568	        P1	
 358.13820	 391.69989	 318.67665	        P1	
 457.76114	 213.32352	 455.10531	        P1	
 296.34675	 150.70980	 166.80330	        P1	
  54.22515	 421.55061	   1.54447	        P1	
 350.57190	 307.24413	 123.04319	        P1	
 411.10230	  36.40332	 214.16722	        P1	
 145.02075	 153.62208	   9.78165	        P1	
 136.19340	 136.87652	 425.76028	        P1	
 277.43100	 412.08573	 283.66859	        P1	
 292.56360	  78.63120	 321.25079	        P1	
   7.56630	 144.15720	 395.38559	        P1	
 409.84125	 457.95393	  28.83022	        P1	
 127.36605	 369.12981	  12.35580	        P1	
 384.62025	  24.02620	 228.58229	        P1	
  23.95995	 198.76220	  94.21297	        P1	
  51.70305	  88.09608	 261.53107	        P1	
 408.58020	 323.26161	 284.18339	        P1	
 253.47105	 357.48073	 252.77909	        P1	
 170.24175	 306.51609	 429.87884	        P1	
  98.36190	  93.19252	 430.39371	        P1	
 129.88815	 104.11352	  36.55259	        P1	
 321.56775	 487.07661	 366.04057	        P1	
 239.59950	  87.36800	  20.07817	        P1	
 264.82050	 180.56052	 302.20229	        P1	
 340.48350	 486.34853	 215.71169	        P1	
 337.96140	 151.43788	 176.58495	        P1	
   7.56630	 388.78761	 191.51489	        P1	
 481.72109	 262.10401	 352.14029	        P1	
 432.54015	   3.64032	  73.61999	        P1	
 131.14920	 324.71773	 110.68739	        P1	
  68.09670	 372.77013	  92.15369	        P1	
 283.73625	 332.72649	 137.97308	        P1	
 162.67545	  25.48232	 362.43681	        P1	
 355.61610	 417.91029	 349.56614	        P1	
 286.25835	  61.88568	 293.96505	        P1	
 254.73210	  85.91188	 409.80067	        P1	
 293.82465	 358.93689	  57.66038	        P1	
 421.19070	 144.15720	 366.04057	        P1	
 418.66860	 356.75269	 422.15647	        P1	
 297.60780	 480.52401	  92.66850	        P1	
 488.02634	 318.16513	 238.87881	        P1	
 407.31915	  92.46448	  22.13745	        P1	
 461.54429	 474.69949	 100.90568	        P1	
 477.93794	 112.85032	 191.00009	        P1	
 459.02219	  78.63120	 421.64166	        P1	
 121.06080	 167.45532	 141.57689	        P1	
 462.80534	  48.78048	 490.11337	        P1	
 167.71965	 159.44660	 217.77097	        P1	
 162.67545	 393.88409	 150.32888	        P1	
  68.09670	 480.52401	 483.42066	        P1	
 224.46690	 167.45532	 393.32631	        P1	
 426.23490	 241.71812	  30.37469	        P1	
  45.39780	 208.22709	 423.70094	        P1	
  95.83980	 227.15681	 242.48257	        P1	
 359.39925	 350.20009	 218.28577	        P1	
 254.73210	 109.21000	  98.84640	        P1	
 139.97655	 155.07820	 489.59856	        P1	
 194.20170	 266.47241	 168.34777	        P1	
 385.88130	 267.92852	 257.41251	        P1	
 167.71965	 471.05913	  53.54182	        P1	
 435.06225	 150.70980	 154.44750	        P1	
 452.71694	 246.81461	  38.61187	        P1	
  95.83980	 471.78721	 469.52039	        P1	
 253.47105	 434.65581	 376.85189	        P1	
 460.28324	 411.35769	 440.69017	        P1	
 435.06225	 297.77929	 292.42057	        P1	
 368.22660	 425.19093	  67.44209	        P1	
 319.04565	 348.74393	  11.84100	        P1	
 244.64370	 269.38469	 403.62277	        P1	
 155.10915	 206.04289	 465.40177	        P1	
 116.01660	 398.98053	 269.76831	        P1	
 384.62025	 169.63952	 104.50949	        P1	
 461.54429	 413.54189	  77.73855	        P1	
 195.46275	 115.76260	 259.47179	        P1	
 421.19070	 142.70108	 263.07555	        P1	
  76.92405	 386.60341	 203.87069	        P1	
 322.82880	 493.62921	 142.09170	        P1	
  97.10085	 345.83169	 335.66587	        P1	
 262.29840	  36.40332	 172.46639	        P1	
 225.72795	  26.93848	  46.84905	        P1	
 409.84125	 123.04328	 182.76285	        P1	
 170.24175	  85.18380	  43.24530	        P1	
 224.46690	 119.40292	 407.22658	        P1	
 339.22245	 329.81421	  81.85717	        P1	
 107.18925	 165.27112	 345.44759	        P1	
 269.86470	 382.96309	 102.45015	        P1	
 460.28324	 130.32392	 140.03242	        P1	
 157.63125	 328.35809	 108.62805	        P1	
 393.44760	 246.08652	 481.36138	        P1	
 266.08155	 204.58672	 393.32631	        P1	
 344.26665	 150.70980	 236.30467	        P1	
 327.87300	 270.84081	 341.32897	        P1	
 147.54285	 109.93808	 181.21837	        P1	
 422.45175	   5.09648	 195.11865	        P1	
 464.06639	 193.66572	  67.44209	        P1	
 255.99315	 456.49781	 168.34777	        P1	
 346.78875	 383.69113	 140.03242	        P1	
 442.62855	 364.76141	 106.56877	        P1	
 245.90475	 408.44541	 358.31819	        P1	
 134.93235	  82.27152	 469.00558	        P1	
 238.33845	 348.74393	 232.70091	        P1	
  42.87570	 291.22669	  45.30458	        P1	
 423.71280	 477.61173	  79.79789	        P1	
 232.03320	 346.55973	 104.50949	        P1	
 489.28739	 187.84120	 155.99197	        P1	
 233.29425	 465.23461	 290.36129	        P1	
 445.15065	 280.30569	 312.49875	        P1	
 443.88960	 445.57681	 142.09170	        P1	
  20.17680	 320.34933	 394.87079	        P1	
 148.80390	  17.47360	 242.48257	        P1	
   3.78315	 338.55101	 105.02430	        P1	
  55.48620	  52.42080	  44.78977	        P1	
  78.18510	 247.54269	  28.31535	        P1	
 150.06495	 423.00673	 345.44759	        P1	
 422.45175	 310.88449	 331.03245	        P1	
 373.27080	 304.33189	 442.23464	        P1	
 182.85225	   9.46488	 490.11337	        P1	
 172.76385	 363.30529	 485.47994	        P1	
 379.57605	  60.42952	 479.81691	        P1	
 325.35090	 230.06909	 428.33437	        P1	
  99.62295	 488.53273	  59.71972	        P1	
 325.35090	 388.78761	 321.25079	        P1	
 349.31085	 374.95433	 195.63352	        P1	
 387.14235	 240.99009	 162.68468	        P1	
 248.42685	 388.05953	  42.73049	        P1	
 287.51940	  69.89440	 358.31819	        P1	
  12.61050	  33.49108	  53.02695	        P1	
 184.11330	  43.68400	 143.63617	        P1	
 223.20585	 392.42793	  30.37469	        P1	
 103.40610	 272.29692	 319.19151	        P1	
 298.86885	   0.72808	 281.60925	        P1	
 176.54700	  72.80668	 415.97857	        P1	
 450.19484	 175.46409	 318.67665	        P1	
  65.57460	 432.47161	 433.99746	        P1	
 240.86055	 219.14809	  51.48248	        P1	
 340.48350	 468.87493	  98.33159	        P1	
 258.51525	 364.76141	 123.55800	        P1	
 447.67274	 487.07661	 440.17536	        P1	
  66.83565	 401.16473	 245.05671	        P1	
 176.54700	 222.78840	 358.31819	        P1	
 152.58705	 488.53273	 289.84649	        P1	
 402.27495	 396.79633	 343.90311	        P1	
 481.72109	 388.78761	 106.56877	        P1	
 255.99315	 449.21713	 289.84649	        P1	
 124.84395	 401.16473	 271.31279	        P1	
 201.76800	 149.98172	 411.86001	        P1	
 315.26250	 364.03333	 172.46639	        P1	
  18.91575	 165.27112	 401.04869	        P1	
 185.37435	 455.04169	  28.31535	        P1	
 210.59535	 194.39380	 148.26960	        P1	
 494.33159	 433.92773	 201.81142	        P1	
 132.41025	 153.62208	  76.19408	        P1	
 138.71550	 362.57721	 321.25079	        P1	
 229.51110	 209.68320	 469.52039	        P1	
 301.39095	 436.11193	  85.97579	        P1	
  78.18510	 438.29613	 314.55809	        P1	
 138.71550	 396.06829	 275.43135	        P1	
 450.19484	 462.32233	 411.86001	        P1	
 147.54285	   2.18420	 315.07289	        P1	
  56.74725	 191.48152	 251.23461	        P1	
 122.32185	 398.25249	  51.48248	        P1	
 114.75555	 286.13021	 242.48257	        P1	
  55.48620	 225.70069	 454.59044	        P1	
 291.30255	 303.60381	 366.04057	        P1	
 324.08985	 168.18340	 131.28037	        P1	
 390.92550	 282.48989	 170.40705	        P1	
 330.39510	  43.68400	 223.94887	        P1	
 447.67274	 415.72609	 145.69545	        P1	
 380.83710	 243.17429	 114.80595	        P1	
 133.67130	 479.06789	 168.86258	        P1	
 447.67274	 139.06072	 116.86529	        P1	
 219.42270	 436.84001	 248.66047	        P1	
 296.34675	 258.46369	  34.49325	        P1	
 471.63269	 380.05081	   6.17790	        P1	
 394.70865	 281.76181	 273.37207	        P1	
 243.38265	 383.69113	 345.44759	        P1	
 166.45860	 113.57840	  20.07817	        P1	
 355.61610	 174.73600	 193.05937	        P1	
 150.06495	 334.18261	 217.77097	        P1	
  16.39365	  28.39460	  74.13480	        P1	
  35.30940	 183.47280	 302.71709	        P1	
 290.04150	 388.78761	 168.34777	        P1	
 337.96140	  18.92972	 252.77909	        P1	
 356.87715	  10.92100	 310.43947	        P1	
  22.69890	 110.66612	 275.94621	        P1	
 273.64785	 297.77929	 429.87884	        P1	
   6.30525	 401.16473	 407.22658	        P1	
 435.06225	 127.41168	 465.40177	        P1	
  23.95995	 243.90232	 275.94621	        P1	
 295.08570	  58.24532	 220.34512	        P1	
 267.34260	 377.13853	 160.11059	        P1	
 335.43930	   1.45612	 245.05671	        P1	
 162.67545	 190.02540	 413.91929	        P1	
 319.04565	 494.35729	 354.19957	        P1	
 495.59264	 139.06072	 331.54731	        P1	
 200.50695	 462.32233	 189.45562	        P1	
 431.27910	 109.21000	 273.37207	        P1	
 394.70865	 273.02501	 345.96239	        P1	
 208.07325	 450.67329	  28.31535	        P1	
 282.47520	 317.43709	 127.16175	        P1	
 485.50424	 492.90113	 479.81691	        P1	
  87.01245	  88.09608	 108.62805	        P1	
 490.54844	 296.32313	 438.11608	        P1	
  87.01245	 144.88528	 244.54185	        P1	
 390.92550	 257.73561	 143.63617	        P1	
 451.45589	 470.33109	 423.70094	        P1	
 216.90060	 198.03412	 467.46111	        P1	
  35.30940	 438.29613	 265.13489	        P1	
  21.43785	 226.42872	  59.71972	        P1	
 216.90060	  53.87692	 246.60119	        P1	
 319.04565	  98.28900	 370.67399	        P1	
 254.73210	 241.71812	  98.33159	        P1	
 471.63269	 299.96349	  57.66038	        P1	
 175.28595	 331.27033	 394.87079	        P1	
 479.19899	 441.20841	 440.17536	        P1	
  41.61465	 261.37592	 320.73599	        P1	
 117.27765	 383.69113	 283.66859	        P1	
  34.04835	 463.77849	 232.18605	        P1	
 353.09400	  17.47360	  63.32347	        P1	
 467.84954	  13.83328	 417.52304	        P1	
 127.36605	 223.51649	 236.81947	        P1	
  46.65885	 326.90193	 475.18348	        P1	
 306.43515	 353.11233	 115.32082	        P1	
 287.51940	  75.71892	  67.44209	        P1	
 337.96140	 353.84041	 168.34777	        P1	
  55.48620	 246.08652	  84.43132	        P1	
  70.61880	  48.05240	 253.29389	        P1	
 426.23490	 155.80628	 298.59847	        P1	
 332.91720	   5.82452	 382.51499	        P1	
 452.71694	 412.81381	 347.50687	        P1	
  51.70305	 404.07701	 203.87069	        P1	
 451.45589	 235.89361	 160.62540	        P1	
 334.17825	 431.74353	 308.38019	        P1	
 369.48765	 475.42753	  30.37469	        P1	
  95.83980	 387.33149	 429.87884	        P1	
 419.92965	 246.81461	  43.24530	        P1	
 276.16995	 143.42912	 455.10531	        P1	
 310.21830	 337.82293	 166.28849	        P1	
 279.95310	 158.71852	 289.84649	        P1	
  52.96410	  46.59628	 255.35317	        P1	
 372.00975	 120.13100	   7.72237	        P1	
 113.49450	 441.20841	 174.52567	        P1	
 374.53185	 396.79633	 399.50421	        P1	
 488.02634	 396.79633	 288.30201	        P1	
 373.27080	 308.70029	  90.09435	        P1	
 452.71694	 190.02540	 234.76019	        P1	
 436.32330	 311.61253	 357.80339	        P1	
 460.28324	 257.00752	  59.71972	        P1	
 128.62710	  87.36800	 413.91929	        P1	
 131.14920	 467.41881	 315.07289	        P1	
 383.35920	 292.68281	 316.61737	        P1	
  23.95995	 175.46409	 411.34514	        P1	
 356.87715	   9.46488	 175.04047	        P1	
 393.44760	 152.89400	 432.45299	        P1	
  27.74310	  68.43828	 114.80595	        P1	
 166.45860	  27.66652	 110.68739	        P1	
 139.97655	 462.32233	 228.06749	        P1	
 467.84954	 497.26953	 102.96502	        P1	
 397.23075	 271.56889	 108.62805	        P1	
  17.65470	 439.75229	 170.40705	        P1	
 488.02634	 337.09489	 403.62277	        P1	
 273.64785	   6.55260	 129.73590	        P1	
 489.28739	 132.50812	 110.68739	        P1	
 445.15065	  34.21912	 345.44759	        P1	
 100.88400	 133.96428	   9.78165	        P1	
 186.63540	 400.43669	   8.23718	        P1	
 394.70865	 271.56889	 337.21035	        P1	
 470.37164	 296.32313	 277.49069	        P1	
 373.27080	 145.61332	 444.29398	        P1	
 162.67545	 462.32233	 448.92741	        P1	
 377.05395	 471.05913	 140.03242	        P1	
 339.22245	 357.48073	 277.49069	        P1	
  75.66300	 420.82253	 252.77909	        P1	
 301.39095	 417.18221	 259.47179	        P1	
 488.02634	   0.72808	 485.47994	        P1	
 215.63955	 338.55101	 265.64969	        P1	
 490.54844	 204.58672	 296.02439	        P1	
 126.10500	 423.73481	  38.61187	        P1	
 143.75970	 321.80549	 397.44487	        P1	
 375.79290	 147.06948	 188.94075	        P1	
 205.55115	 307.97221	 358.31819	        P1	
 181.59120	 283.94601	 191.51489	        P1	
 258.51525	  12.37712	 306.83571	        P1	
 194.20170	  90.28028	  20.59298	        P1	
   5.04420	  74.26280	 452.53116	        P1	
 334.17825	 176.92020	 469.52039	        P1	
 259.77630	 214.05160	  44.78977	        P1	
  65.57460	 273.75309	 304.77637	        P1	
  36.57045	 201.67449	 263.07555	        P1	
 377.05395	 428.83129	 193.57417	        P1	
 339.22245	 134.69232	  36.55259	        P1	
 488.02634	 366.21753	 430.39371	        P1	
 307.69620	 106.29772	  28.83022	        P1	
 186.63540	 479.06789	 465.40177	        P1	
   0.00000	  43.68400	 440.17536	        P1	
 124.84395	 383.69113	 319.19151	        P1	
 461.54429	 100.47320	  55.60110	        P1	
 482.98214	 178.37632	 430.39371	        P1	
 356.87715	 347.28781	 296.53919	        P1	
 446.41170	  13.10520	  92.66850	        P1	
 165.19755	 283.21792	 363.98129	        P1	
 419.92965	 127.41168	  26.77088	        P1	
 450.19484	 227.88489	 304.77637	        P1	
 248.42685	 401.16473	 164.74402	        P1	
 215.63955	  72.07860	 469.52039	        P1	
 374.53185	 120.13100	 420.09719	        P1	
 372.00975	  12.37712	 232.70091	        P1	
 480.46004	 455.04169	 195.11865	        P1	
 219.42270	 215.50772	 140.03242	        P1	
 384.62025	 121.58712	  16.47442	        P1	
   8.82735	 310.88449	 269.25345	        P1	
 138.71550	 391.69989	 281.60925	        P1	
 150.06495	 356.02461	 413.91929	        P1	
 324.08985	 137.60460	 105.02430	        P1	
 335.43930	 228.61292	  98.33159	        P1	
 163.93650	 174.73600	 253.29389	        P1	
  64.31355	 182.74472	 296.02439	        P1	
 161.41440	 161.63080	  57.14557	        P1	
 297.60780	 232.98132	 189.45562	        P1	
  12.61050	 435.38389	 403.62277	        P1	
 366.96555	 165.27112	 121.49872	        P1	
 409.84125	  42.95592	 294.47991	        P1	
 380.83710	 292.68281	  86.49060	        P1	
 295.08570	 180.56052	 294.47991	        P1	
 451.45589	 487.80469	 108.62805	        P1	
 210.59535	 411.35769	  26.77088	        P1	
 290.04150	 406.26121	 353.68477	        P1	
 320.30670	 447.03293	  53.54182	        P1	
 472.89374	 217.69192	  67.44209	        P1	
 151.32600	 256.27949	 310.95427	        P1	
  30.26520	 120.85908	 479.30204	        P1	
 438.84540	 263.56012	 258.95699	        P1	
  15.13260	  87.36800	 234.76019	        P1	
 276.16995	 251.18301	 483.42066	        P1	
 412.36335	  77.90312	 487.53928	        P1	
 171.50280	   4.36840	 458.70906	        P1	
  34.04835	  22.57008	   8.23718	        P1	
 143.75970	 299.96349	 232.18605	        P1	
  26.48205	  25.48232	 356.25891	        P1	
  21.43785	 243.90232	 228.06749	        P1	
 370.74870	 183.47280	 335.15107	        P1	
 273.64785	 162.35888	 201.29655	        P1	
 428.75700	  39.31560	  32.43397	        P1	
 411.10230	 398.98053	 394.87079	        P1	
 438.84540	 381.50693	 245.05671	        P1	
  52.96410	 372.77013	 102.96502	        P1	
  69.35775	 406.98929	 378.91117	        P1	
 393.44760	 119.40292	  41.18602	        P1	
 307.69620	 222.78840	  67.95690	        P1	
 484.24319	 158.71852	  72.07552	        P1	
 271.12575	 190.02540	 267.19417	        P1	
 344.26665	 230.79712	 240.42329	        P1	
  55.48620	 128.13972	 388.69289	        P1	
 472.89374	 179.83249	 187.39627	        P1	
 191.67960	 393.15601	  37.06740	        P1	
 392.18655	 257.00752	 306.83571	        P1	
 351.83295	 286.13021	 488.05409	        P1	
  98.36190	 262.10401	 395.38559	        P1	
 404.79705	 210.41129	 281.60925	        P1	
 419.92965	 414.26993	 289.84649	        P1	
 209.33430	 366.94561	 248.66047	        P1	
 408.58020	 184.92892	  65.89762	        P1	
 340.48350	  82.99960	 471.06486	        P1	
 153.84810	 416.45413	 234.24539	        P1	
 180.33015	 385.14729	 267.70897	        P1	
 433.80120	 403.34893	 245.05671	        P1	
   0.00000	 115.03452	 246.60119	        P1	
  98.36190	 398.98053	  55.08629	        P1	
 365.70450	 184.92892	 442.74951	        P1	
 443.88960	 221.33229	 436.05674	        P1	
 181.59120	 305.78801	  63.32347	        P1	
 177.80805	 290.49861	 205.41517	        P1	
  45.39780	  71.35052	 485.99481	        P1	
  29.00415	  21.11392	 469.00558	        P1	
 226.98900	 479.06789	 158.05125	        P1	
 424.97385	 306.51609	 306.32085	        P1	
 121.06080	 394.61213	 240.42329	        P1	
 238.33845	 242.44621	  24.71160	        P1	
 114.75555	 306.51609	 310.95427	        P1	
 261.03735	 471.05913	 197.17799	        P1	
  94.57875	  58.97340	   1.54447	        P1	
 336.70035	  83.72768	 483.93547	        P1	
 282.47520	 461.59429	 312.49875	        P1	
 459.02219	 333.45453	  10.29652	        P1	
 310.21830	 214.05160	 452.53116	        P1	
 476.67689	 163.08692	 485.99481	        P1	
 171.50280	 483.43629	 368.09984	        P1	
 407.31915	  24.02620	 290.36129	        P1	
 390.92550	  18.92972	 492.17271	        P1	
 413.62440	 158.71852	 300.65781	        P1	
 330.39510	 375.68241	 339.78449	        P1	
 134.93235	 255.55141	   7.72237	        P1	
 211.85640	 323.26161	  24.71160	        P1	
 327.87300	  45.14012	 220.34512	        P1	
  49.18095	 363.30529	 250.71975	        P1	
  46.65885	  51.69272	 370.15919	        P1	
  16.39365	  95.37672	 319.19151	        P1	
 249.68790	 352.38429	 397.44487	        P1	
 132.41025	   8.00872	 127.67662	        P1	
 284.99730	 256.27949	 372.73327	        P1	
 242.12160	 192.20960	  20.07817	        P1	
 307.69620	 279.57761	  74.13480	        P1	
 368.22660	 190.75349	 366.55537	        P1	
  29.00415	 123.04328	  77.73855	        P1	
 232.03320	 231.52521	  44.78977	        P1	
  16.39365	 146.34140	 401.56349	        P1	
  50.44200	 152.89400	 427.81956	        P1	
 267.34260	 414.99801	 471.06486	        P1	
 448.93379	 346.55973	 265.13489	        P1	
  58.00830	   7.28068	  32.94878	        P1	
 263.55945	 230.79712	 220.34512	        P1	
  44.13675	 121.58712	  59.71972	        P1	
 177.80805	 465.23461	 457.16459	        P1	
 324.08985	 337.09489	 280.06477	        P1	
 168.98070	  39.31560	  81.85717	        P1	
 437.58435	 318.16513	  53.54182	        P1	
 486.76529	  49.50852	  41.18602	        P1	
 258.51525	  85.18380	  61.77900	        P1	
 433.80120	 378.59469	 137.97308	        P1	
 269.86470	 460.13813	 357.80339	        P1	
  97.10085	 367.67369	 230.64157	        P1	
 291.30255	  26.93848	 343.38825	        P1	
 103.40610	 334.91069	 263.07555	        P1	
  27.74310	 471.78721	 333.60659	        P1	
   8.82735	 345.83169	 361.92194	        P1	
 370.74870	 394.61213	  72.07552	        P1	
 407.31915	 239.53392	 207.98932	        P1	
 244.64370	 225.70069	 391.26697	        P1	
 286.25835	 190.02540	 228.58229	        P1	
 156.37020	 196.57800	 271.82759	        P1	
 457.76114	  69.16632	 170.92192	        P1	
 107.18925	 296.32313	 220.34512	        P1	
 220.68375	  22.57008	 331.03245	        P1	
  27.74310	 337.82293	 339.26969	        P1	
 460.28324	 494.35729	 428.33437	        P1	
 276.16995	  16.74552	 467.46111	        P1	
 327.87300	 371.31401	 389.20769	        P1	
 191.67960	 243.17429	 100.90568	        P1	
 477.93794	  34.21912	 479.81691	        P1	
 301.39095	   3.64032	 283.66859	        P1	
 108.45030	 183.47280	 450.98669	        P1	
 204.29010	 234.43749	 119.43938	        P1	
 245.90475	 455.04169	 331.03245	        P1	
 339.22245	  93.92060	  55.60110	        P1	
 432.54015	 377.86661	 148.26960	        P1	
 199.24590	 397.52441	 333.60659	        P1	
 230.77215	 482.70821	 166.80330	        P1	
  22.69890	  82.99960	 193.05937	        P1	
  68.09670	 444.12069	 139.51755	        P1	
 408.58020	 269.38469	 292.42057	        P1	
 171.50280	 361.12109	 213.65235	        P1	
   5.04420	 199.49029	 405.16724	        P1	
   6.30525	 388.05953	 320.73599	        P1	
 460.28324	  21.11392	 473.63901	        P1	
 298.86885	 220.60420	 111.20220	        P1	
 235.81635	 281.76181	 403.10796	        P1	
 350.57190	 410.62961	 284.18339	        P1	
  98.36190	 412.08573	 258.95699	        P1	
 204.29010	  71.35052	 350.08101	        P1	
  51.70305	 418.63833	 220.34512	        P1	
 349.31085	  70.62248	 312.49875	        P1	
  90.79560	 129.59588	 310.95427	        P1	
 287.51940	 259.19172	 343.90311	        P1	
 373.27080	 286.85829	 286.24267	        P1	
 431.27910	 224.24452	 133.85452	        P1	
 428.75700	 353.84041	  61.77900	        P1	
 199.24590	  53.87692	  42.73049	        P1	
 343.00560	 489.26081	  86.49060	        P1	
 108.45030	 119.40292	  48.90839	        P1	
  58.00830	 250.45492	 203.35589	        P1	
  60.53040	  91.73640	 106.56877	        P1	
 264.82050	 441.20841	 403.10796	        P1	
 427.49595	 210.41129	 102.45015	        P1	
 462.80534	  80.81540	 142.09170	        P1	
 261.03735	 120.13100	 372.21847	        P1	
 191.67960	 113.57840	 242.48257	        P1	
 494.33159	 128.13972	 232.70091	        P1	
 192.94065	   8.00872	 133.85452	        P1	
 100.88400	 106.29772	  42.73049	        P1	
 242.12160	 170.36760	 304.26157	        P1	
 317.78460	 339.27909	 238.36395	        P1	
 228.25005	 175.46409	 256.89765	        P1	
  26.48205	 361.84913	 351.62549	        P1	
 486.76529	 331.99841	 413.91929	        P1	
 350.57190	 364.03333	 214.16722	        P1	
  10.08840	 183.47280	 166.80330	        P1	
  85.75140	 355.29653	 357.80339	        P1	
 216.90060	 291.22669	 280.06477	        P1	
 204.29010	  24.75428	 391.26697	        P1	
 185.37435	 289.04249	 131.79518	        P1	
 421.19070	 112.12228	 201.29655	        P1	
 369.48765	 335.63873	 411.86001	        P1	
 192.94065	  53.14888	 286.24267	        P1	
 249.68790	  69.89440	  57.14557	        P1	
 166.45860	 232.98132	 418.03791	        P1	
 237.07740	 240.26201	  86.49060	        P1	
 464.06639	 253.36721	  32.43397	        P1	
 228.25005	 310.88449	 188.94075	        P1	
 312.74040	 285.40213	 300.65781	        P1	
 234.55530	 447.03293	 245.05671	        P1	
 322.82880	 398.98053	  24.19679	        P1	
 104.66715	 197.30609	  59.20485	        P1	
 250.94895	  37.13140	  50.96767	        P1	
 407.31915	  64.79792	  11.84100	        P1	
 480.46004	 356.02461	 230.12677	        P1	
 226.98900	 265.01629	 318.67665	        P1	
 346.78875	 321.07741	 211.59307	        P1	
 472.89374	 200.21832	  59.71972	        P1	
 344.26665	 114.30648	  70.01618	        P1	
  88.27350	 423.73481	  24.71160	        P1	
 171.50280	 409.17349	   2.05928	        P1	
 190.41855	 137.60460	 154.44750	        P1	
 354.35505	 220.60420	 172.98120	        P1	
 432.54015	 153.62208	 286.24267	        P1	
 399.75285	  54.60500	 298.08367	        P1	
 358.13820	 168.91149	 411.34514	        P1	
 340.48350	 283.94601	  13.90027	        P1	
 264.82050	 416.45413	 277.49069	        P1	
 103.40610	 283.94601	 370.67399	        P1	
 133.67130	 481.98013	 362.43681	        P1	
 126.10500	 318.89321	 444.80879	        P1	
 157.63125	 358.93689	 219.83025	        P1	
  98.36190	 180.56052	 160.11059	        P1	
 364.44345	 393.88409	 187.39627	        P1	
  76.92405	 240.99009	   8.23718	        P1	
 470.37164	  96.83288	 102.45015	        P1	
   7.56630	 365.48949	  26.77088	        P1	
 378.31500	 238.80589	 473.12414	        P1	
 112.23345	  48.78048	 293.96505	        P1	
 493.07054	 351.65621	 353.68477	        P1	
 380.83710	 480.52401	 223.94887	        P1	
  46.65885	  37.13140	 322.79527	        P1	
 191.67960	 412.08573	 123.04319	        P1	
 288.78045	 462.32233	 277.49069	        P1	
  42.87570	 227.15681	 180.70357	        P1	
 249.68790	 170.36760	 395.38559	        P1	
  85.75140	 394.61213	 418.03791	        P1	
 470.37164	 374.95433	 141.57689	        P1	
 180.33015	 406.98929	 329.48797	        P1	
 423.71280	 301.41961	 143.63617	        P1	
 368.22660	 192.20960	 290.36129	        P1	
 300.12990	 490.71693	 333.09179	        P1	
 297.60780	 324.71773	  79.79789	        P1	
 248.42685	 109.93808	 127.16175	        P1	
 311.47935	  77.90312	 308.38019	        P1	
 182.85225	 108.48192	 232.70091	        P1	
 411.10230	 308.70029	  59.20485	        P1	
 258.51525	 246.81461	 298.08367	        P1	
 273.64785	 344.37553	  90.60922	        P1	
 325.35090	 349.47201	 304.26157	        P1	
 129.88815	 284.67409	  63.83828	        P1	
 436.32330	 352.38429	  26.77088	        P1	
 450.19484	 411.35769	 405.16724	        P1	
  85.75140	   7.28068	 324.85455	        P1	
 450.19484	 114.30648	 182.76285	        P1	
  73.14090	 368.40173	 485.99481	        P1	
 223.20585	 141.97300	 364.49609	        P1	
 363.18240	 230.06909	 199.75207	        P1	
 113.49450	 115.03452	 467.46111	        P1	
 116.01660	 183.47280	  81.85717	        P1	
 206.81220	 294.13893	  84.43132	        P1	
 436.32330	 343.64749	 238.36395	        P1	
 416.14650	 420.82253	 343.90311	        P1	
 167.71965	 452.12941	 458.70906	        P1	
  27.74310	  18.92972	 234.24539	        P1	
 197.98485	 439.02421	  44.78977	        P1	
 349.31085	  51.69272	 158.56612	        P1	
 330.39510	 123.77132	 419.58238	        P1	
   6.30525	 436.11193	 399.50421	        P1	
 199.24590	 388.78761	  61.77900	        P1	
 450.19484	  80.81540	  61.77900	        P1	
 292.56360	 200.94640	  94.21297	        P1	
  11.34945	 476.88369	 473.12414	        P1	
 258.51525	 402.62089	 354.19957	        P1	
  18.91575	 107.02580	 366.04057	        P1	
  58.00830	 160.17469	 428.33437	        P1	
 253.47105	 402.62089	 398.98934	        P1	
 418.66860	  91.73640	  61.77900	        P1	
 109.71135	 374.95433	  92.15369	        P1	
  88.27350	 216.96389	 465.40177	        P1	
 293.82465	 190.02540	 180.70357	        P1	
 488.02634	  63.34180	 452.53116	        P1	
 186.63540	 476.15561	 322.79527	        P1	
 185.37435	 286.13021	 296.53919	        P1	
   6.30525	 353.11233	 123.04319	        P1	
 129.88815	 335.63873	 251.23461	        P1	
 484.24319	 464.50653	  36.55259	        P1	
  87.01245	 492.90113	  22.65232	        P1	
 213.11745	 409.90153	 164.74402	        P1	
 201.76800	  81.54348	 471.57967	        P1	
 258.51525	 478.33981	 383.02979	        P1	
 165.19755	 185.65700	 427.81956	        P1	
 278.69205	 206.04289	 182.76285	        P1	
 385.88130	 216.96389	 256.89765	        P1	
 204.29010	 321.80549	  57.66038	        P1	
 287.51940	 125.22748	 212.10787	        P1	
 242.12160	 202.40252	 376.33709	        P1	
 215.63955	 112.85032	 160.11059	        P1	
 307.69620	  85.91188	 415.97857	        P1	
 114.75555	 456.49781	 409.28586	        P1	
 194.20170	 428.10321	 284.18339	        P1	
  25.22100	 125.22748	 207.47445	        P1	
 208.07325	 208.95512	   5.66310	        P1	
  88.27350	 278.12149	 256.89765	        P1	
 282.47520	 189.29732	 405.68211	        P1	
 358.13820	  64.06988	 187.39627	        P1	
 240.86055	 322.53353	 418.03791	        P1	
   1.26105	 348.74393	 195.63352	        P1	
 436.32330	 375.68241	  92.66850	        P1	
 334.17825	 121.58712	 380.97051	        P1	
 257.25420	 291.22669	 442.23464	        P1	
 230.77215	 475.42753	 265.13489	        P1	
  94.57875	 127.41168	  51.48248	        P1	
 186.63540	  43.68400	 265.64969	        P1	
   1.26105	 390.97181	 489.59856	        P1	
 426.23490	  16.01748	 392.81144	        P1	
 211.85640	 145.61332	 325.36941	        P1	
  10.08840	 129.59588	  76.19408	        P1	
 240.86055	  28.39460	 322.79527	        P1	
 103.40610	 173.27989	 417.52304	        P1	
 297.60780	 362.57721	 403.10796	        P1	
   8.82735	 427.37513	  11.84100	        P1	
  83.22930	 340.73521	 259.47179	        P1	
 221.94480	 214.05160	  98.84640	        P1	
 235.81635	 139.06072	 393.32631	        P1	
   1.26105	 195.84992	 424.21581	        P1	
 417.40755	 273.02501	  49.42320	        P1	
 134.93235	 495.81341	 137.45827	        P1	
 284.99730	 283.94601	   1.54447	        P1	
 201.76800	 380.05081	 308.89499	        P1	
 295.08570	 352.38429	 442.23464	        P1	
 264.82050	 449.94521	  94.21297	        P1	
 457.76114	 437.56809	 349.56614	        P1	
  68.09670	 398.98053	 300.65781	        P1	
  47.91990	 262.10401	 308.89499	        P1	
 341.74455	 444.84873	 382.51499	        P1	
 118.53870	  53.87692	 405.68211	        P1	
 474.15479	 152.89400	  50.96767	        P1	
  45.39780	  84.45572	 275.94621	        P1	
 171.50280	 452.85749	  83.91645	        P1	
 290.04150	  69.89440	 353.68477	        P1	
 337.96140	  58.24532	 102.96502	        P1	
 119.79975	 109.93808	 280.06477	        P1	
 464.06639	 371.31401	 477.24276	        P1	
 281.21415	  16.74552	  36.55259	        P1	
  30.26520	 151.43788	 255.35317	        P1	
 456.50009	 361.12109	 293.96505	        P1	
 255.99315	 270.11272	 473.63901	        P1	
 316.52355	  32.76300	 185.33700	        P1	
 252.21000	 388.78761	  30.88950	        P1	
 243.38265	 302.14769	 392.81144	        P1	
  31.52625	  37.13140	 149.81407	        P1	
 219.42270	  84.45572	 333.09179	        P1	
 228.25005	 331.27033	 411.86001	        P1	
 216.90060	 495.08533	  11.84100	        P1	
  65.57460	 324.71773	 363.98129	        P1	
  65.57460	  39.31560	 469.52039	        P1	
 118.53870	  69.89440	 450.98669	        P1	
  79.44615	  58.97340	 106.56877	        P1	
  74.40195	   3.64032	 135.39899	        P1	
 264.82050	  26.21040	 333.60659	        P1	
 243.38265	 293.41089	 368.09984	        P1	
 404.79705	 443.39261	 322.79527	        P1	
 151.32600	 315.98093	 252.77909	        P1	
  61.79145	   0.72808	 422.15647	        P1	
  90.79560	 448.48909	 232.18605	        P1	
 179.06910	 147.06948	  26.77088	        P1	
 335.43930	 227.15681	 378.39637	        P1	
 238.33845	 157.99048	 158.05125	        P1	
 496.85369	 481.98013	 238.87881	        P1	
 105.92820	 394.61213	 133.85452	        P1	
 461.54429	 308.70029	 341.84377	        P1	
 228.25005	  24.02620	 117.38010	        P1	
 268.60365	 187.11312	  61.26419	        P1	
 343.00560	 297.05121	 376.85189	        P1	
 356.87715	 139.06072	 442.74951	        P1	
 237.07740	 186.38509	 151.87335	        P1	
  30.26520	  65.52600	 273.37207	        P1	
 200.50695	 351.65621	   7.72237	        P1	
 180.33015	 267.20049	 343.38825	        P1	
 221.94480	   0.00000	  20.07817	        P1	
 302.65200	 265.01629	  28.31535	        P1	
   5.04420	  61.15760	   7.72237	        P1	
 151.32600	 171.82372	  85.97579	        P1	
 358.13820	 246.08652	 388.69289	        P1	
 109.71135	   8.00872	 116.86529	        P1	
  25.22100	 243.17429	  28.31535	        P1	
 306.43515	  95.37672	 275.94621	        P1	
  66.83565	 216.23580	 199.23727	        P1	
 380.83710	 221.33229	 337.21035	        P1	
 147.54285	 230.79712	 413.40448	        P1	
 369.48765	 242.44621	  50.96767	        P1	
 155.10915	 444.84873	 424.21581	        P1	
 319.04565	 476.88369	 170.40705	        P1	
 324.08985	  96.83288	 212.10787	        P1	
 345.52770	  61.15760	 186.88147	        P1	
 128.62710	 391.69989	 139.51755	        P1	
   7.56630	 149.98172	  16.47442	        P1	
 163.93650	 461.59429	 448.41254	        P1	
 157.63125	 487.07661	 253.29389	        P1	
 133.67130	 305.78801	 383.02979	        P1	
 160.15335	 162.35888	 429.87884	        P1	
 431.27910	 215.50772	 401.04869	        P1	
  15.13260	 403.34893	 425.76028	        P1	
 416.14650	 465.96269	  46.84905	        P1	
 167.71965	 296.32313	 302.20229	        P1	
 122.32185	 124.49940	 327.42869	        P1	
 147.54285	 372.04209	 281.60925	        P1	
  78.18510	 441.20841	  94.21297	        P1	
 372.00975	 492.90113	 133.85452	        P1	
 308.95725	 318.16513	 121.49872	        P1	
 176.54700	 318.89321	 172.98120	        P1	
 496.85369	  37.85948	  83.91645	        P1	
 356.87715	 162.35888	 405.16724	        P1	
 133.67130	  77.17508	  26.77088	        P1	
 163.93650	  26.21040	 483.42066	        P1	
 431.27910	 294.13893	 455.10531	        P1	
 379.57605	 460.86621	 347.50687	        P1	
 373.27080	 458.68201	 427.81956	        P1	
 351.83295	 443.39261	 267.19417	        P1	
 225.72795	 137.60460	 328.97317	        P1	
  41.61465	  80.81540	 261.01627	        P1	
 373.27080	 435.38389	 250.71975	        P1	
 345.52770	 461.59429	 207.47445	        P1	
  51.70305	 207.49900	 488.05409	        P1	
 479.19899	  71.35052	 438.11608	        P1	
 196.72380	 246.08652	  22.65232	        P1	
 387.14235	  31.30688	 218.28577	        P1	
 312.74040	 333.45453	 102.96502	        P1	
 469.11059	 423.73481	 407.74139	        P1	
 286.25835	 492.90113	 191.00009	        P1	
 124.84395	 466.69073	 109.14292	        P1	
 113.49450	 273.75309	 162.68468	        P1	
  27.74310	 493.62921	 148.26960	        P1	
 276.16995	 277.39341	  81.85717	        P1	
 479.19899	 313.06869	 145.69545	        P1	
  69.35775	 404.07701	 376.85189	        P1	
 446.41170	 152.89400	 308.89499	        P1	
 435.06225	  24.02620	  57.14557	        P1	
 403.53600	  87.36800	 191.51489	        P1	
 417.40755	 198.76220	  26.25607	        P1	
  49.18095	 293.41089	 205.92997	        P1	
 107.18925	 114.30648	  59.20485	        P1	
 281.21415	 172.55180	 333.60659	        P1	
  42.87570	 428.10321	 364.49609	        P1	
  64.31355	 383.69113	 172.46639	        P1	
 214.37850	 120.85908	 226.00815	        P1	
 116.01660	 209.68320	 230.12677	        P1	
 406.05810	 323.26161	 372.21847	        P1	
 387.14235	 417.18221	   1.54447	        P1	
 208.07325	 257.00752	 275.94621	        P1	
 411.10230	 147.06948	 133.33965	        P1	
 157.63125	  40.04368	  34.49325	        P1	
 134.93235	 111.39420	  88.03507	        P1	
 440.10645	  56.06112	 189.45562	        P1	
  85.75140	 302.87573	 166.28849	        P1	
 459.02219	  43.68400	 230.12677	        P1	
 461.54429	 492.17309	 337.21035	        P1	
  65.57460	 180.56052	  59.71972	        P1	
 457.76114	 341.46329	 150.32888	        P1	
 272.38680	 256.27949	  45.30458	        P1	
 108.45030	 441.20841	 106.56877	        P1	
 437.58435	 287.58632	 382.51499	        P1	
 103.40610	 119.40292	 424.21581	        P1	
 191.67960	 394.61213	 184.82219	        P1	
 283.73625	 402.62089	 269.25345	        P1	
 177.80805	 372.04209	 168.86258	        P1	
 359.39925	 274.48112	 166.28849	        P1	
 372.00975	  41.49980	 488.05409	        P1	
 494.33159	 132.50812	  18.01890	        P1	
 210.59535	 399.70861	 253.29389	        P1	
  76.92405	 385.14729	  71.56065	        P1	
  92.05665	 162.35888	  57.66038	        P1	
  78.18510	 410.62961	  55.60110	        P1	
  15.13260	 355.29653	 438.11608	        P1	
   1.26105	 354.56849	 485.47994	        P1	
 292.56360	 398.98053	 319.19151	        P1	
 137.45445	   6.55260	  38.61187	        P1	
  93.31770	 289.77053	 129.22109	        P1	
 457.76114	 360.39301	  49.42320	        P1	
 350.57190	 364.03333	 164.74402	        P1	
  20.17680	 394.61213	 405.68211	        P1	
 476.67689	 426.64709	 131.79518	        P1	
 298.86885	  92.46448	 329.48797	        P1	
 184.11330	 470.33109	  71.56065	        P1	
 498.11474	 353.11233	 413.40448	        P1	
 238.33845	 112.85032	 172.46639	        P1	
 484.24319	  16.01748	 310.95427	        P1	
 290.04150	 202.40252	 456.64978	        P1	
 162.67545	 105.56968	 329.48797	        P1	
 252.21000	 125.22748	 411.34514	        P1	
 398.49180	 200.94640	  81.85717	        P1	
 214.37850	 216.96389	 466.94624	        P1	
 239.59950	  74.26280	 352.14029	        P1	
 459.02219	   1.45612	 393.32631	        P1	
 276.16995	 222.06032	 306.83571	        P1	
  11.34945	 254.09529	  45.30458	        P1	
  66.83565	 444.84873	 220.34512	        P1	
 307.69620	 352.38429	 318.67665	        P1	
 320.30670	 495.08533	 492.17271	        P1	
 226.98900	 419.36641	 254.83837	        P1	
 486.76529	 377.13853	  22.65232	        P1	
 385.88130	  39.31560	 223.94887	        P1	
   5.04420	 496.54149	 201.29655	        P1	
  97.10085	 436.11193	 215.71169	        P1	
  52.96410	  10.19292	 115.32082	        P1	
 297.60780	  65.52600	 433.99746	        P1	
 477.93794	  83.72768	 409.80067	        P1	
 315.26250	  91.73640	 471.06486	        P1	
 319.04565	 492.90113	  18.01890	        P1	
 397.23075	 195.84992	 319.19151	        P1	
  40.35360	 173.27989	 423.70094	        P1	
 163.93650	 266.47241	 290.36129	        P1	
 126.10500	 487.80469	 187.39627	        P1	
  65.57460	 250.45492	 475.18348	        P1	
 442.62855	  10.92100	 278.00549	        P1	
 254.73210	  96.10480	 370.67399	        P1	
 184.11330	 165.99920	 254.83837	        P1	
  75.66300	  26.21040	 278.00549	        P1	
 143.75970	 221.33229	 207.47445	        P1	
  60.53040	 184.92892	  53.54182	        P1	
 104.66715	 162.35888	  88.54988	        P1	
 337.96140	  18.92972	  85.97579	        P1	
  49.18095	 431.74353	 282.12411	        P1	
  47.91990	 256.27949	 391.26697	        P1	
  12.61050	 221.33229	 329.48797	        P1	
 182.85225	 296.32313	 425.76028	        P1	
 180.33015	 192.93769	  90.09435	        P1	
  90.79560	 352.38429	 250.71975	        P1	
 339.22245	 187.11312	  11.84100	        P1	
  81.96825	 214.77969	 133.33965	        P1	
  34.04835	 420.09449	 409.80067	        P1	
 259.77630	  85.91188	 269.25345	        P1	
 244.64370	 262.10401	 267.19417	        P1	
 200.50695	  34.21912	 240.42329	        P1	
 253.47105	  29.85072	 146.21032	        P1	
 269.86470	 251.91109	  26.77088	        P1	
 290.04150	  58.24532	 380.97051	        P1	
 126.10500	 107.75388	 187.39627	        P1	
 274.90890	 183.47280	 407.74139	        P1	
 293.82465	 392.42793	 370.15919	        P1	
 175.28595	 297.77929	 113.26148	        P1	
 282.47520	 452.85749	 249.17527	        P1	
 448.93379	 461.59429	   2.05928	        P1	
  61.79145	 367.67369	 428.33437	        P1	
 166.45860	 448.48909	 205.92997	        P1	
 286.25835	 489.98889	 158.05125	        P1	
 494.33159	 214.05160	  55.60110	        P1	
 261.03735	 443.39261	  32.43397	        P1	
 421.19070	 451.40133	 172.46639	        P1	
 258.51525	 181.28860	 413.91929	        P1	
 209.33430	 177.64829	 213.65235	        P1	
 375.79290	 281.03373	 314.55809	        P1	
 298.86885	 408.44541	 364.49609	        P1	
 276.16995	  86.63992	 141.57689	        P1	
 226.98900	  93.19252	 424.21581	        P1	
 223.20585	 449.21713	 326.91389	        P1	
  36.57045	 457.95393	 275.94621	        P1	
 273.64785	 168.18340	 420.09719	        P1	
  30.26520	 345.10361	 440.17536	        P1	
 258.51525	 492.90113	 356.25891	        P1	
 335.43930	 355.29653	 153.93269	        P1	
 416.14650	 107.75388	 405.16724	        P1	
 393.44760	 237.34972	 337.72521	        P1	
 368.22660	  78.63120	 240.93809	        P1	
  88.27350	 148.52560	 333.60659	        P1	
  88.27350	 154.35012	  24.19679	        P1	
  42.87570	 176.19212	 263.59041	        P1	
 153.84810	 215.50772	 388.69289	        P1	
 221.94480	 211.13932	 203.35589	        P1	
 403.53600	 436.84001	  80.31270	        P1	
  66.83565	 240.99009	 471.57967	        P1	
   7.56630	 103.38548	  32.94878	        P1	
 262.29840	 483.43629	 230.64157	        P1	
 329.13405	  41.49980	 475.69829	        P1	
 428.75700	 289.77053	 431.93818	        P1	
 380.83710	 171.82372	 376.33709	        P1	
   3.78315	 406.98929	  83.91645	        P1	
  49.18095	 232.25329	 397.44487	        P1	
 393.44760	  50.96468	 168.86258	        P1	
 182.85225	 195.84992	 110.68739	        P1	
   0.00000	 439.75229	 144.15098	        P1	
 466.58849	 388.78761	 296.53919	        P1	
 297.60780	 438.29613	 419.58238	        P1	
   3.78315	 278.84952	 393.32631	        P1	
 197.98485	  58.97340	 433.99746	        P1	
  87.01245	 374.95433	 140.03242	        P1	
 404.79705	  85.18380	  49.42320	        P1	
  73.14090	 186.38509	 392.81144	        P1	
 185.37435	 338.55101	 401.56349	        P1	
 247.16580	 126.68360	 426.27509	        P1	
 161.41440	 248.99881	  32.43397	        P1	
 373.27080	 432.47161	 222.40439	        P1	
 327.87300	 380.05081	 228.58229	        P1	
 158.89230	 291.22669	 465.40177	        P1	
 138.71550	 388.78761	 389.20769	        P1	
 337.96140	  99.01708	 242.99737	        P1	
 139.97655	 388.05953	 351.62549	        P1	
 160.15335	 136.14848	 428.33437	        P1	
 311.47935	 264.28821	 149.81407	        P1	
 103.40610	 449.94521	 327.42869	        P1	
 167.71965	 190.02540	 488.05409	        P1	
 459.02219	  13.10520	 211.59307	        P1	
 291.30255	  58.97340	 383.02979	        P1	
 482.98214	 455.04169	 337.21035	        P1	
 197.98485	 478.33981	 143.63617	        P1	
 388.40340	 416.45413	 152.38822	        P1	
 344.26665	 353.11233	 135.39899	        P1	
  87.01245	   5.09648	 127.16175	        P1	
 353.09400	 321.80549	 349.56614	        P1	
 282.47520	   8.73680	 253.29389	        P1	
 479.19899	 192.20960	  67.95690	        P1	
 462.80534	  61.88568	 368.09984	        P1	
 211.85640	 240.26201	 376.85189	        P1	
 366.96555	 385.14729	  45.30458	        P1	
 145.02075	 249.72689	 168.86258	        P1	
 306.43515	 357.48073	 178.64429	        P1	
 469.11059	 471.78721	  98.84640	        P1	
 152.58705	  31.30688	 224.46367	        P1	
  36.57045	 328.35809	 193.57417	        P1	
 151.32600	  20.38588	 490.11337	        P1	
  10.08840	 248.99881	 444.80879	        P1	
 394.70865	 306.51609	 269.25345	        P1	
 436.32330	 391.69989	  63.83828	        P1	
 276.16995	 468.14689	 466.94624	        P1	
 196.72380	 211.13932	 265.13489	        P1	
 475.41584	  73.53472	 135.39899	        P1	
  61.79145	  34.21912	 407.22658	        P1	
 223.20585	 380.77889	 368.09984	        P1	
 344.26665	  99.74512	 481.36138	        P1	
 156.37020	 279.57761	 135.91380	        P1	
 127.36605	 229.34101	 160.62540	        P1	
 350.57190	 382.96309	 349.56614	        P1	
 369.48765	 274.48112	 438.11608	        P1	
 374.53185	 149.25368	 205.92997	        P1	
 314.00145	 388.05953	 189.45562	        P1	
  66.83565	 487.07661	 197.69279	        P1	
  46.65885	 257.00752	 374.79261	        P1	
 215.63955	 380.77889	 188.94075	        P1	
 240.86055	 274.48112	 104.50949	        P1	
 353.09400	 112.12228	 372.73327	        P1	
   7.56630	  14.56132	 300.65781	        P1	
 147.54285	 195.84992	 479.81691	        P1	
 214.37850	  61.15760	  38.61187	        P1	
 244.64370	 447.03293	 209.53379	        P1	
 126.10500	 471.78721	 457.16459	        P1	
 168.98070	 231.52521	 444.80879	        P1	
 232.03320	  74.26280	  88.03507	        P1	
 344.26665	 249.72689	 230.64157	        P1	
 249.68790	 227.15681	  67.95690	        P1	
 349.31085	 264.28821	 155.99197	        P1	
 209.33430	 422.27869	 329.48797	        P1	
 160.15335	 157.99048	 108.62805	        P1	
  47.91990	 353.84041	 389.20769	        P1	
 446.41170	 215.50772	  67.44209	        P1	
 331.65615	 159.44660	 131.28037	        P1	
 205.55115	 267.20049	 331.03245	        P1	
 210.59535	 383.69113	 121.49872	        P1	
 446.41170	 496.54149	 415.97857	        P1	
 262.29840	 154.35012	 158.56612	        P1	
 314.00145	 310.88449	  88.54988	        P1	
  16.39365	  63.34180	 359.86267	        P1	
 268.60365	 302.14769	 348.02167	        P1	
 225.72795	  70.62248	 249.17527	        P1	
  46.65885	 284.67409	 491.65784	        P1	
 325.35090	   7.28068	 281.60925	        P1	
 457.76114	 421.55061	 322.79527	        P1	
   8.82735	 439.02421	  38.61187	        P1	
 220.68375	  38.58752	 152.38822	        P1	
 491.80949	 152.89400	 407.74139	        P1	
 116.01660	 139.78880	 458.70906	        P1	
 466.58849	 406.26121	 137.45827	        P1	
 412.36335	 409.90153	  35.00812	        P1	
 143.75970	 128.13972	 251.23461	        P1	
  21.43785	  13.83328	 360.37747	        P1	
 491.80949	 253.36721	 193.05937	        P1	
 489.28739	 324.71773	 129.22109	        P1	
 250.94895	 287.58632	  47.36392	        P1	
   5.04420	 493.62921	 457.16459	        P1	
  83.22930	 113.57840	  26.25607	        P1	
 284.99730	 447.03293	 461.28321	        P1	
 237.07740	 393.15601	  13.90027	        P1	
 199.24590	  13.10520	  18.53370	        P1	
 176.54700	 149.98172	 393.32631	        P1	
 462.80534	 242.44621	 142.09170	        P1	
 171.50280	  94.64868	 485.47994	        P1	
 440.10645	 421.55061	 125.10247	        P1	
 187.89645	  32.76300	 432.45299	        P1	
 220.68375	 235.16552	 226.52302	        P1	
 234.55530	 221.33229	 249.17527	        P1	
 384.62025	 144.88528	  15.95955	        P1	
  12.61050	 117.94680	 358.31819	        P1	
  36.57045	 372.04209	 195.11865	        P1	
 390.92550	 276.66532	 448.92741	        P1	
 407.31915	 273.02501	  98.84640	        P1	
 281.21415	  61.88568	 331.03245	        P1	
 406.05810	 320.34933	 147.75479	        P1	
  47.91990	  10.19292	 425.76028	        P1	
 287.51940	 352.38429	 187.39627	        P1	
 489.28739	 331.99841	 322.79527	        P1	
  69.35775	 325.44581	  26.25607	        P1	
 446.41170	 257.73561	 261.01627	        P1	
 378.31500	 380.05081	 125.10247	        P1	
 192.94065	 373.49821	 421.64166	        P1	
 157.63125	 281.76181	 160.62540	        P1	
  13.87155	 307.97221	  69.50137	        P1	
 428.75700	 133.96428	 368.09984	        P1	
 234.55530	 441.20841	 475.69829	        P1	
 181.59120	 267.92852	 343.90311	        P1	
 384.62025	 302.14769	 249.17527	        P1	
 324.08985	 457.95393	 275.94621	        P1	
  47.91990	 481.98013	 289.84649	        P1	
  75.66300	  33.49108	 232.18605	        P1	
 317.78460	  52.42080	 111.20220	        P1	
  41.61465	 112.85032	 407.22658	        P1	
  49.18095	 488.53273	 215.71169	        P1	
  79.44615	  58.97340	 185.33700	        P1	
 479.19899	 203.85869	 162.68468	        P1	
 223.20585	   2.18420	  24.71160	        P1	
  18.91575	 149.25368	 434.51227	        P1	
 423.71280	 412.08573	  61.26419	        P1	
  27.74310	 326.17389	  53.02695	        P1	
 426.23490	 279.57761	 378.39637	        P1	
 284.99730	 315.98093	 343.90311	        P1	
 481.72109	 380.05081	 475.69829	        P1	
 229.51110	  26.21040	  49.42320	        P1	
 230.77215	 379.32273	 102.96502	        P1	
 329.13405	  29.85072	  36.55259	        P1	
 462.80534	 262.83209	 397.44487	        P1	
 203.02905	  61.88568	   8.23718	        P1	
 360.66030	 160.17469	 273.88687	        P1	
  23.95995	 492.90113	 302.20229	        P1	
 382.09815	 270.11272	  28.83022	        P1	
 273.64785	 389.51569	 380.45564	        P1	
 406.05810	 230.06909	  40.67115	        P1	
 409.84125	 481.25209	 261.53107	        P1	
 191.67960	 404.80509	 207.47445	        P1	
 116.01660	 138.33268	  14.41508	        P1	
 218.16165	  83.72768	 372.73327	        P1	
 387.14235	 152.16592	 306.83571	        P1	
  51.70305	 172.55180	 106.56877	        P1	
 274.90890	 289.77053	 436.57161	        P1	
 481.72109	 254.82332	 320.73599	        P1	
 278.69205	 495.81341	 223.94887	        P1	
 116.01660	 190.75349	 263.07555	        P1	
 226.98900	  78.63120	 217.77097	        P1	
 112.23345	  91.00832	 246.60119	        P1	
 211.85640	 128.13972	  35.00812	        P1	
 249.68790	 248.99881	 174.52567	        P1	
 343.00560	 381.50693	 252.77909	        P1	
 112.23345	 262.83209	  71.56065	        P1	
 414.88545	  89.55220	 125.10247	        P1	
 229.51110	 116.49068	  59.20485	        P1	
 238.33845	 185.65700	 370.67399	        P1	
  13.87155	 178.37632	 442.74951	        P1	
   3.78315	  99.74512	 325.36941	        P1	
 486.76529	 219.87612	 195.63352	        P1	
 232.03320	  75.71892	 195.63352	        P1	
 150.06495	 338.55101	 253.29389	        P1	
 346.78875	 334.18261	 489.59856	        P1	
  11.34945	 147.79752	  73.61999	        P1	
 238.33845	  98.28900	 383.02979	        P1	
  25.22100	 248.99881	 339.78449	        P1	
 139.97655	 184.20089	 317.13217	        P1	
  25.22100	  23.29812	 160.11059	        P1	
 156.37020	  32.03492	 430.39371	        P1	
 421.19070	 209.68320	 378.39637	        P1	
  45.39780	 442.66453	 493.71718	        P1	
  84.49035	  25.48232	 492.17271	        P1	
  92.05665	 291.95473	 238.87881	        P1	
 365.70450	 279.57761	 253.29389	        P1	
 211.85640	  74.26280	 111.20220	        P1	
 403.53600	 164.54309	 267.70897	        P1	
 419.92965	 466.69073	 166.28849	        P1	
 133.67130	 331.99841	 310.43947	        P1	
 385.88130	  39.31560	 327.42869	        P1	
 290.04150	 457.22589	  96.27225	        P1	
 339.22245	 283.21792	 424.21581	        P1	
  51.70305	  48.78048	 175.04047	        P1	
 259.77630	 368.40173	 170.92192	        P1	
 211.85640	 131.05200	 123.55800	        P1	
  32.78730	 149.98172	 240.42329	        P1	
 369.48765	 204.58672	  90.60922	        P1	
 419.92965	 361.84913	 407.22658	        P1	
 110.97240	 113.57840	 310.43947	        P1	
 445.15065	 259.91981	 211.59307	        P1	
 261.03735	 190.02540	 475.69829	        P1	
  55.48620	 186.38509	 255.35317	        P1	
  39.09255	 344.37553	  30.37469	        P1	
 171.50280	 157.26240	 347.50687	        P1	
 189.15750	 353.84041	 315.07289	        P1	
  90.79560	 323.26161	 296.53919	        P1	
 258.51525	 472.51529	  88.54988	        P1	
   5.04420	 444.12069	 490.11337	        P1	
 218.16165	 396.79633	 140.03242	        P1	
 295.08570	 227.15681	 179.15910	        P1	
 190.41855	  22.57008	 256.89765	        P1	
 495.59264	 302.14769	 343.38825	        P1	
 427.49595	 137.60460	 197.69279	        P1	
 403.53600	 155.80628	 398.98934	        P1	
 475.41584	 224.97260	 328.97317	        P1	
 450.19484	 482.70821	  86.49060	        P1	
  95.83980	 116.49068	   9.78165	        P1	
 363.18240	   1.45612	  18.01890	        P1	
 242.12160	 275.20921	 409.28586	        P1	
 268.60365	 191.48152	  92.15369	        P1	
 359.39925	 329.81421	 123.55800	        P1	
 305.17410	 495.08533	  47.36392	        P1	
 315.26250	 151.43788	 380.45564	        P1	
 307.69620	 419.36641	 242.48257	        P1	
  35.30940	 232.98132	 209.53379	        P1	
 208.07325	 353.11233	 116.86529	        P1	
 378.31500	  34.94720	 166.80330	        P1	
 216.90060	 448.48909	 331.03245	        P1	
 388.40340	 315.98093	  72.07552	        P1	
 229.51110	 330.54229	 454.59044	        P1	
 361.92135	 179.83249	 355.74404	        P1	
 181.59120	 291.22669	 354.19957	        P1	
 399.75285	 316.70901	 396.93006	        P1	
 276.16995	  35.67528	 201.29655	        P1	
 297.60780	  71.35052	 362.43681	        P1	
 365.70450	 225.70069	 281.60925	        P1	
 311.47935	 240.99009	 348.02167	        P1	
 310.21830	 333.45453	 368.61471	        P1	
  44.13675	 386.60341	 234.76019	        P1	
 276.16995	  66.25408	 263.07555	        P1	
 310.21830	  56.78920	 186.88147	        P1	
  35.30940	 120.85908	 250.71975	        P1	
  42.87570	  87.36800	  55.60110	        P1	
 374.53185	 130.32392	  84.43132	        P1	
 147.54285	 321.07741	  81.85717	        P1	
 482.98214	 235.16552	  61.26419	        P1	
 112.23345	 108.48192	  59.71972	        P1	
 329.13405	 342.91941	  12.35580	        P1	
 249.68790	 490.71693	 238.87881	        P1	
 152.58705	 115.76260	 205.41517	        P1	
 268.60365	   3.64032	 269.76831	        P1	
  49.18095	 453.58553	 442.74951	        P1	
 348.04980	  53.87692	 104.50949	        P1	
 247.16580	 272.29692	 115.32082	        P1	
 203.02905	 392.42793	 431.93818	        P1	
  13.87155	   5.09648	 269.25345	        P1	
  68.09670	 257.73561	 444.80879	        P1	
   6.30525	  34.21912	 251.23461	        P1	
  65.57460	 378.59469	  71.56065	        P1	
  18.91575	 165.27112	 475.18348	        P1	
 172.76385	 309.42833	 442.74951	        P1	
 317.78460	 348.01589	 207.47445	        P1	
  45.39780	 298.50733	  85.97579	        P1	
 426.23490	 205.31480	 409.28586	        P1	
 139.97655	  58.97340	 242.48257	        P1	
 118.53870	  13.10520	 403.10796	        P1	
   8.82735	  25.48232	  90.60922	        P1	
 351.83295	 255.55141	   1.54447	        P1	
 228.25005	 475.42753	  67.44209	        P1	
 240.86055	 398.25249	 460.76834	        P1	
  85.75140	  97.56092	 314.55809	        P1	
 161.41440	 311.61253	 275.94621	        P1	
 460.28324	 213.32352	 473.63901	        P1	
 350.57190	 270.84081	 321.25079	        P1	
  31.52625	  37.13140	 353.68477	        P1	
  87.01245	 456.49781	 420.09719	        P1	
 491.80949	 496.54149	  20.59298	        P1	
 380.83710	 374.22629	 267.70897	        P1	
 427.49595	 489.98889	 263.07555	        P1	
 326.61195	  47.32432	 333.09179	        P1	
  23.95995	 342.91941	 129.73590	        P1	
 163.93650	 449.94521	 216.22649	        P1	
 240.86055	 379.32273	 418.03791	        P1	
  98.36190	  65.52600	 409.28586	        P1	
  29.00415	 172.55180	 154.44750	        P1	
 385.88130	 158.71852	  10.29652	        P1	
 180.33015	 267.20049	 298.59847	        P1	
 423.71280	 339.27909	 454.59044	        P1	
 372.00975	 251.18301	 199.23727	        P1	
 402.27495	 230.79712	  22.65232	        P1	
 292.56360	  56.78920	 427.81956	        P1	
  52.96410	  49.50852	 448.92741	        P1	
  45.39780	 248.99881	 421.64166	        P1	
  44.13675	  83.72768	  20.59298	        P1	
 108.45030	 358.20881	 149.81407	        P1	
 346.78875	 296.32313	 337.72521	        P1	
 438.84540	 355.29653	 283.66859	        P1	
 308.95725	 398.25249	 378.91117	        P1	
 172.76385	 242.44621	 217.77097	        P1	
  65.57460	 266.47241	 100.39087	        P1	
 235.81635	  57.51728	 366.55537	        P1	
  36.57045	 479.79593	 209.53379	        P1	
 327.87300	 474.69949	 417.52304	        P1	
  18.91575	 303.60381	 172.98120	        P1	
 379.57605	 261.37592	 263.59041	        P1	
 375.79290	 428.10321	 316.61737	        P1	
 281.21415	 178.37632	 313.01361	        P1	
 361.92135	 309.42833	 469.00558	        P1	
 479.19899	 342.19133	 296.02439	        P1	
 422.45175	 172.55180	 154.44750	        P1	
 224.46690	 136.87652	 370.15919	        P1	
 379.57605	 455.04169	  63.83828	        P1	
 110.97240	  90.28028	 483.93547	        P1	
 267.34260	 214.05160	  55.60110	        P1	
 288.78045	 406.98929	 403.62277	        P1	
 335.43930	 119.40292	 257.41251	        P1	
  37.83150	 216.96389	 465.40177	        P1	
 124.84395	 357.48073	 203.35589	        P1	
 327.87300	 425.19093	 160.11059	        P1	
 382.09815	  85.18380	  88.03507	        P1	
 137.45445	 351.65621	  94.21297	        P1	
 443.88960	 174.73600	 123.55800	        P1	
  50.44200	  42.22788	  14.41508	        P1	
 358.13820	  40.77172	 357.80339	        P1	
 282.47520	 278.12149	 374.27774	        P1	
 378.31500	 333.45453	 438.11608	        P1	
 243.38265	 305.05993	 436.57161	        P1	
  10.08840	  33.49108	 355.74404	        P1	
  39.09255	 165.27112	 191.00009	        P1	
 472.89374	 358.93689	 275.43135	        P1	
  64.31355	 262.83209	  63.83828	        P1	
 191.67960	 425.19093	 469.00558	        P1	
 416.14650	 348.01589	 125.61728	        P1	
 192.94065	  42.95592	 257.41251	        P1	
 143.75970	 314.52481	 131.28037	        P1	
 344.26665	 206.04289	 187.39627	        P1	
 305.17410	 266.47241	 481.87619	        P1	
 462.80534	 405.53313	 401.04869	        P1	
 180.33015	  60.42952	 234.24539	        P1	
  68.09670	  33.49108	 181.21837	        P1	
 292.56360	 256.27949	  45.30458	        P1	
 331.65615	 258.46369	  51.48248	        P1	
 496.85369	 439.75229	 317.13217	        P1	
 252.21000	  34.94720	 100.39087	        P1	
  99.62295	  80.81540	 186.88147	        P1	
  16.39365	 283.21792	 214.16722	        P1	
 205.55115	 456.49781	 413.91929	        P1	
 151.32600	 182.01669	 168.86258	        P1	
 259.77630	 358.20881	 401.56349	        P1	
 441.36750	 377.13853	 269.76831	        P1	
 310.21830	  42.22788	 213.65235	        P1	
 122.32185	 424.46289	 181.21837	        P1	
 245.90475	 150.70980	 203.87069	        P1	
 247.16580	 126.68360	  55.60110	        P1	
 191.67960	 436.84001	  49.42320	        P1	
 491.80949	  56.78920	  57.14557	        P1	
 486.76529	 473.24333	 220.34512	        P1	
 302.65200	 286.85829	 176.58495	        P1	
 273.64785	 342.91941	 149.81407	        P1	
  10.08840	  16.01748	 230.64157	        P1	
 110.97240	 352.38429	  40.67115	        P1	
  41.61465	 325.44581	 383.02979	        P1	
 205.55115	 188.56929	 411.34514	        P1	
 137.45445	 289.04249	 267.70897	        P1	
 133.67130	 480.52401	 162.16987	        P1	
 498.11474	  83.72768	 368.09984	        P1	
 360.66030	  88.82412	 238.87881	        P1	
  58.00830	 106.29772	 326.91389	        P1	
 385.88130	 484.89241	 271.82759	        P1	
 448.93379	 447.03293	 407.22658	        P1	
  47.91990	 230.06909	 238.36395	        P1	
   6.30525	 385.14729	 446.86807	        P1	
 346.78875	  29.85072	 140.03242	        P1	
 368.22660	  18.92972	  41.18602	        P1	
