2167.00000	   0.00000	   0.00000	   0.00000	
 329.13405	 248.27072	 158.56612	        P1	
  61.79145	 428.83129	 417.52304	        P1	
 136.19340	 330.54229	 477.75757	        P1	
 316.52355	 449.21713	 475.18348	        P1	
  42.87570	 442.66453	 246.60119	        P1	
 344.26665	 312.34061	 352.14029	        P1	
 436.32330	  52.42080	 446.35326	        P1	
 355.61610	  30.57880	 197.69279	        P1	
 389.66445	 439.02421	 304.26157	        P1	
 118.53870	 307.24413	  16.47442	        P1	
 316.52355	 229.34101	 185.33700	        P1	
 314.00145	 242.44621	 450.98669	        P1	
  85.75140	 441.20841	 345.96239	        P1	
  74.40195	  24.02620	 302.71709	        P1	
 118.53870	 158.71852	 246.60119	        P1	
 426.23490	 490.71693	 133.85452	        P1	
  85.75140	 177.64829	 466.94624	        P1	
 113.49450	 183.47280	  12.35580	        P1	
 435.06225	   0.72808	 341.84377	        P1	
 245.90475	 424.46289	 428.33437	        P1	
 416.14650	 356.75269	 398.98934	        P1	
 399.75285	 274.48112	 240.42329	        P1	
 450.19484	 338.55101	  92.66850	        P1	
  42.87570	 136.87652	 326.91389	        P1	
 249.68790	 250.45492	 263.59041	        P1	
 268.60365	 123.04328	 440.69017	        P1	
 466.58849	 339.27909	 107.08358	        P1	
 472.89374	 190.02540	 284.18339	        P1	
 370.74870	  29.12268	 374.27774	        P1	
 301.39095	 111.39420	 123.55800	        P1	
 310.21830	  13.10520	 352.14029	        P1	
 118.53870	 473.24333	 425.76028	        P1	
  95.83980	 441.20841	   6.17790	        P1	
 486.76529	  37.85948	 471.57967	        P1	
 272.38680	 426.64709	  59.20485	        P1	
 404.79705	 392.42793	 288.30201	        P1	
 353.09400	 409.17349	 181.21837	        P1	
  51.70305	 268.65661	 291.90577	        P1	
 145.02075	 489.98889	  65.38275	        P1	
 192.94065	 423.00673	  90.60922	        P1	
  79.44615	 274.48112	 431.93818	        P1	
  65.57460	  82.99960	 117.38010	        P1	
 368.22660	 231.52521	   0.00000	        P1	
 211.85640	 104.84160	  50.96767	        P1	
 175.28595	 441.93649	 201.29655	        P1	
  54.22515	 197.30609	 207.47445	        P1	
 282.47520	 230.06909	 114.80595	        P1	
 119.79975	  86.63992	 413.40448	        P1	
 258.51525	 168.18340	 407.74139	        P1	
  27.74310	 100.47320	 359.86267	        P1	
  87.01245	  13.83328	  82.37198	        P1	
 279.95310	 115.03452	 351.62549	        P1	
 180.33015	 233.70941	 210.04859	        P1	
 128.62710	 340.73521	 464.88696	        P1	
  75.66300	 388.78761	 247.11599	        P1	
 113.49450	 110.66612	 177.09982	        P1	
 234.55530	 439.75229	 156.50678	        P1	
 426.23490	 391.69989	 465.40177	        P1	
 103.40610	 298.50733	  55.08629	        P1	
 382.09815	 284.67409	 151.87335	        P1	
 469.11059	  13.10520	 162.16987	        P1	
   0.00000	 356.75269	 273.88687	        P1	
 472.89374	  60.42952	 265.13489	        P1	
 470.37164	 319.62129	   8.23718	        P1	
  42.87570	 463.05041	 322.79527	        P1	
 447.67274	 236.62169	 281.60925	        P1	
 136.19340	 224.24452	 135.39899	        P1	
 300.12990	  69.89440	 230.12677	        P1	
 447.67274	 305.05993	  11.84100	        P1	
 481.72109	 346.55973	  22.65232	        P1	
 139.97655	 367.67369	  53.02695	        P1	
 279.95310	 126.68360	  67.95690	        P1	
 422.45175	 188.56929	   2.05928	        P1	
 484.24319	 481.98013	  90.60922	        P1	
 172.76385	  98.28900	 129.73590	        P1	
 167.71965	 482.70821	 358.31819	        P1	
 486.76529	 487.80469	  82.37198	        P1	
 485.50424	 306.51609	  76.19408	        P1	
 136.19340	 182.01669	 304.77637	        P1	
 302.65200	 283.94601	 321.25079	        P1	
 127.36605	   9.46488	 409.80067	        P1	
  12.61050	  50.96468	 187.39627	        P1	
 369.48765	 322.53353	 357.80339	        P1	
  79.44615	 414.26993	 388.69289	        P1	
  69.35775	  44.41208	  22.13745	        P1	
 229.51110	 273.75309	 145.69545	        P1	
 163.93650	  49.50852	  22.65232	        P1	
  65.57460	  94.64868	  70.01618	        P1	
 351.83295	 222.06032	 357.80339	        P1	
  85.75140	 183.47280	  81.85717	        P1	
 409.84125	 399.70861	 333.60659	        P1	
 300.12990	  72.80668	 293.96505	        P1	
 319.04565	   6.55260	 298.08367	        P1	
 145.02075	 363.30529	 256.89765	        P1	
  47.91990	 208.22709	 261.53107	        P1	
 430.01805	 323.98969	 207.47445	        P1	
 433.80120	 154.35012	 220.34512	        P1	
 171.50280	 247.54269	 368.09984	        P1	
 129.88815	 388.05953	 326.91389	        P1	
 192.94065	 203.13060	 234.76019	        P1	
  54.22515	 297.77929	 380.45564	        P1	
  52.96410	 125.22748	 483.93547	        P1	
 456.50009	 212.59549	 391.26697	        P1	
 441.36750	 251.91109	  65.38275	        P1	
 382.09815	 133.23620	 125.10247	        P1	
 490.54844	  77.90312	 382.51499	        P1	
 211.85640	 224.24452	  35.00812	        P1	
 195.46275	 172.55180	 247.11599	        P1	
 170.24175	 478.33981	 345.96239	        P1	
 459.02219	 107.75388	 250.71975	        P1	
  95.83980	 368.40173	 308.38019	        P1	
 330.39510	 237.34972	  85.97579	        P1	
 472.89374	 313.79673	 481.36138	        P1	
 261.03735	 436.11193	 109.14292	        P1	
   5.04420	 464.50653	 475.18348	        P1	
 122.32185	 220.60420	 432.45299	        P1	
 225.72795	 291.95473	 153.93269	        P1	
 157.63125	 466.69073	 487.53928	        P1	
 180.33015	 388.05953	 166.28849	        P1	
 369.48765	 163.81500	  38.61187	        P1	
 117.27765	 104.11352	 331.54731	        P1	
 264.82050	 378.59469	 119.43938	        P1	
 384.62025	 340.00713	 257.41251	        P1	
 182.85225	 108.48192	 228.06749	        P1	
  47.91990	  37.85948	 212.10787	        P1	
 341.74455	 296.32313	 475.18348	        P1	
 296.34675	 128.86780	 347.50687	        P1	
 163.93650	 496.54149	 164.22915	        P1	
  89.53455	 236.62169	 465.40177	        P1	
 448.93379	 202.40252	 376.33709	        P1	
 269.86470	 315.98093	 382.51499	        P1	
 364.44345	  13.83328	 261.53107	        P1	
 461.54429	 285.40213	 240.42329	        P1	
  49.18095	  53.14888	 403.62277	        P1	
 119.79975	   9.46488	 224.46367	        P1	
 206.81220	 362.57721	 228.58229	        P1	
 112.23345	 388.05953	 240.42329	        P1	
 215.63955	  88.09608	 219.83025	        P1	
  74.40195	   9.46488	 429.87884	        P1	
 295.08570	 179.10440	 304.26157	        P1	
  61.79145	 152.16592	  55.08629	        P1	
 174.02490	 396.06829	 386.63354	        P1	
 374.53185	 258.46369	  40.67115	        P1	
 332.91720	  10.19292	 170.92192	        P1	
 155.10915	 162.35888	  22.13745	        P1	
   3.78315	 257.00752	 160.11059	        P1	
 190.41855	 356.02461	 261.01627	        P1	
 451.45589	 345.10361	 308.89499	        P1	
 411.10230	 431.01549	 440.69017	        P1	
   0.00000	 139.78880	 166.80330	        P1	
 153.84810	 377.13853	 170.92192	        P1	
 348.04980	 420.82253	 419.58238	        P1	
 442.62855	 252.63912	 178.64429	        P1	
 226.98900	 171.82372	  47.36392	        P1	
 152.58705	 185.65700	 265.64969	        P1	
   6.30525	 315.25289	 312.49875	        P1	
 377.05395	 248.27072	  48.90839	        P1	
  68.09670	  39.31560	 390.75216	        P1	
  12.61050	 136.87652	 228.06749	        P1	
 418.66860	 139.78880	  26.25607	        P1	
 182.85225	 466.69073	 183.27772	        P1	
 276.16995	 293.41089	 304.77637	        P1	
 419.92965	 194.39380	 401.56349	        P1	
 341.74455	  91.00832	  10.29652	        P1	
 345.52770	 187.84120	 475.69829	        P1	
  61.79145	 262.83209	 269.25345	        P1	
 284.99730	 267.92852	 282.12411	        P1	
 372.00975	   2.18420	 432.45299	        P1	
 114.75555	 392.42793	 191.00009	        P1	
 134.93235	 194.39380	 413.91929	        P1	
  44.13675	 118.67488	 417.52304	        P1	
 475.41584	 479.79593	 430.39371	        P1	
 284.99730	 390.24373	 178.64429	        P1	
 218.16165	 395.34021	 376.85189	        P1	
 209.33430	 366.94561	 457.16459	        P1	
 122.32185	 318.16513	 368.61471	        P1	
 242.12160	  68.43828	 261.53107	        P1	
 293.82465	 187.11312	  11.84100	        P1	
 105.92820	 438.29613	 191.00009	        P1	
 399.75285	 428.83129	 151.87335	        P1	
 452.71694	 246.81461	 205.41517	        P1	
   8.82735	  25.48232	 319.19151	        P1	
 496.85369	 307.24413	 207.98932	        P1	
 114.75555	 291.95473	 382.51499	        P1	
 401.01390	  84.45572	 308.38019	        P1	
  52.96410	 315.98093	 357.80339	        P1	
 377.05395	 315.25289	 205.92997	        P1	
 282.47520	 179.10440	 333.60659	        P1	
 461.54429	 221.33229	  83.91645	        P1	
 480.46004	 497.26953	 271.31279	        P1	
 199.24590	 428.10321	 137.45827	        P1	
 486.76529	  32.03492	 350.08101	        P1	
 210.59535	  42.95592	 258.95699	        P1	
 139.97655	   3.64032	 203.35589	        P1	
 460.28324	 402.62089	 232.18605	        P1	
 171.50280	 483.43629	  51.48248	        P1	
  46.65885	 294.86701	  30.88950	        P1	
 116.01660	 481.98013	 448.92741	        P1	
 407.31915	 450.67329	 242.99737	        P1	
 253.47105	 107.02580	 242.48257	        P1	
 123.58290	 324.71773	 228.06749	        P1	
 481.72109	 230.06909	  22.13745	        P1	
 107.18925	  89.55220	  13.90027	        P1	
 208.07325	  72.07860	  98.84640	        P1	
  88.27350	 445.57681	 149.81407	        P1	
 354.35505	 281.76181	 450.98669	        P1	
  87.01245	  77.90312	  18.01890	        P1	
 406.05810	 442.66453	  59.71972	        P1	
 162.67545	 280.30569	 491.65784	        P1	
 470.37164	 139.06072	  72.07552	        P1	
 486.76529	 133.96428	 213.65235	        P1	
  30.26520	 337.82293	 431.93818	        P1	
 100.88400	  45.14012	 177.09982	        P1	
 324.08985	 155.07820	 179.15910	        P1	
 446.41170	  91.73640	 333.60659	        P1	
 481.72109	 378.59469	 385.08907	        P1	
 432.54015	 488.53273	  28.83022	        P1	
 163.93650	 458.68201	 248.66047	        P1	
 116.01660	  59.70148	 448.41254	        P1	
 380.83710	  80.08732	 277.49069	        P1	
 346.78875	 251.18301	  92.66850	        P1	
  10.08840	  71.35052	  85.97579	        P1	
 432.54015	 338.55101	 191.51489	        P1	
 344.26665	 441.93649	 131.79518	        P1	
 244.64370	 202.40252	 487.53928	        P1	
 215.63955	  26.93848	 374.27774	        P1	
  59.26935	  89.55220	 106.56877	        P1	
  74.40195	 466.69073	 170.92192	        P1	
 378.31500	 423.73481	 452.53116	        P1	
 121.06080	 377.13853	  61.26419	        P1	
 116.01660	 487.80469	  39.12668	        P1	
 282.47520	 174.73600	 401.56349	        P1	
  99.62295	 363.30529	  88.54988	        P1	
 220.68375	 402.62089	 434.51227	        P1	
 476.67689	  32.03492	 296.02439	        P1	
 353.09400	 330.54229	 164.22915	        P1	
  25.22100	 289.77053	 238.87881	        P1	
 464.06639	 417.91029	  76.19408	        P1	
  34.04835	 150.70980	   0.00000	        P1	
 380.83710	 464.50653	 296.02439	        P1	
 395.96970	 323.26161	 230.12677	        P1	
  58.00830	 473.24333	 320.73599	        P1	
  89.53455	  26.93848	  83.91645	        P1	
  61.79145	 427.37513	 430.39371	        P1	
   6.30525	 117.21872	 294.47991	        P1	
 269.86470	 417.91029	 107.08358	        P1	
  99.62295	  95.37672	 300.65781	        P1	
 209.33430	 152.89400	 267.19417	        P1	
 103.40610	 219.87612	 448.92741	        P1	
 293.82465	 495.81341	 143.63617	        P1	
  60.53040	 375.68241	 403.10796	        P1	
 219.42270	 126.68360	 166.80330	        P1	
 411.10230	 409.17349	 349.56614	        P1	
 488.02634	 255.55141	 199.23727	        P1	
 279.95310	 211.13932	  96.78712	        P1	
 443.88960	  42.22788	 429.87884	        P1	
 126.10500	 468.87493	 215.71169	        P1	
  79.44615	 300.69153	 333.09179	        P1	
 134.93235	 216.23580	 285.72787	        P1	
 443.88960	 448.48909	 255.35317	        P1	
 103.40610	  62.61372	  78.25342	        P1	
 141.23760	 224.24452	 302.20229	        P1	
 322.82880	 414.99801	  50.96767	        P1	
   7.56630	 467.41881	 135.91380	        P1	
 311.47935	 443.39261	 261.01627	        P1	
  45.39780	 205.31480	 421.64166	        P1	
 457.76114	 168.18340	   7.72237	        P1	
 145.02075	 223.51649	 236.81947	        P1	
  25.22100	  65.52600	  61.77900	        P1	
 235.81635	 473.97141	 327.42869	        P1	
 321.56775	  28.39460	 353.68477	        P1	
 114.75555	  56.06112	 296.02439	        P1	
  75.66300	 487.80469	  77.73855	        P1	
 321.56775	 307.97221	 383.02979	        P1	
 274.90890	 120.85908	 471.57967	        P1	
 329.13405	  10.92100	 489.59856	        P1	
  61.79145	  35.67528	 230.64157	        P1	
 423.71280	 235.89361	 315.07289	        P1	
 161.41440	 147.06948	 403.62277	        P1	
 273.64785	 481.25209	   8.23718	        P1	
  66.83565	 323.98969	  83.91645	        P1	
 255.99315	  79.35928	  77.73855	        P1	
 300.12990	 422.27869	 460.76834	        P1	
 343.00560	 330.54229	 454.59044	        P1	
 221.94480	  33.49108	 405.16724	        P1	
 156.37020	  59.70148	 477.75757	        P1	
 406.05810	 317.43709	 454.59044	        P1	
 423.71280	 273.75309	  39.12668	        P1	
 211.85640	 131.05200	 321.25079	        P1	
 355.61610	 364.03333	 226.52302	        P1	
 243.38265	 412.81381	 290.36129	        P1	
   5.04420	  17.47360	 401.56349	        P1	
 216.90060	 132.50812	 271.31279	        P1	
 127.36605	  25.48232	 209.53379	        P1	
 167.71965	 155.07820	  30.88950	        P1	
 356.87715	 107.02580	 372.21847	        P1	
 288.78045	 136.14848	 199.75207	        P1	
 453.97799	  90.28028	 323.31007	        P1	
 145.02075	 363.30529	 293.96505	        P1	
 330.39510	  96.10480	 203.87069	        P1	
 435.06225	 388.05953	 170.92192	        P1	
 127.36605	 418.63833	 214.16722	        P1	
 414.88545	 315.25289	  39.12668	        P1	
 392.18655	 396.79633	 425.76028	        P1	
 401.01390	  17.47360	 199.23727	        P1	
  66.83565	 163.81500	 407.74139	        P1	
 335.43930	 163.08692	 343.90311	        P1	
  11.34945	 163.81500	 290.36129	        P1	
 238.33845	 233.70941	 438.63089	        P1	
  25.22100	 422.27869	 261.53107	        P1	
  10.08840	 158.71852	  96.78712	        P1	
 295.08570	 470.33109	 300.14295	        P1	
 127.36605	 159.44660	 290.36129	        P1	
 433.80120	 135.42040	  61.77900	        P1	
  60.53040	 176.19212	 325.36941	        P1	
 469.11059	  50.96468	 409.80067	        P1	
 453.97799	 289.77053	 319.19151	        P1	
 271.12575	 128.86780	 160.62540	        P1	
 210.59535	  32.76300	  86.49060	        P1	
 460.28324	 206.04289	  83.91645	        P1	
 197.98485	 354.56849	 249.17527	        P1	
 315.26250	 384.41921	 217.77097	        P1	
 404.79705	 494.35729	  22.13745	        P1	
  36.57045	 487.07661	 438.63089	        P1	
 179.06910	 192.20960	 469.52039	        P1	
 366.96555	 326.90193	 475.18348	        P1	
 418.66860	 345.10361	 401.56349	        P1	
 372.00975	 399.70861	 464.88696	        P1	
 301.39095	  50.23660	  81.85717	        P1	
 257.25420	 378.59469	 479.30204	        P1	
 488.02634	 303.60381	 160.62540	        P1	
 369.48765	 175.46409	 287.78715	        P1	
 389.66445	  76.44700	 284.18339	        P1	
 170.24175	 357.48073	 116.86529	        P1	
 138.71550	  50.96468	 391.26697	        P1	
 334.17825	  54.60500	 180.70357	        P1	
 315.26250	 269.38469	 164.22915	        P1	
 466.58849	 371.31401	 315.07289	        P1	
  75.66300	  21.84200	 205.41517	        P1	
 382.09815	 128.86780	 481.87619	        P1	
 201.76800	 318.89321	 488.05409	        P1	
 192.94065	 479.79593	 455.10531	        P1	
 104.66715	 275.93729	 354.19957	        P1	
 258.51525	 147.79752	 419.58238	        P1	
  39.09255	 494.35729	  26.77088	        P1	
  42.87570	 190.75349	 181.21837	        P1	
 366.96555	 249.72689	 471.57967	        P1	
 218.16165	  25.48232	 461.28321	        P1	
 146.28180	 297.05121	  67.95690	        P1	
 110.97240	 343.64749	 360.37747	        P1	
  70.61880	 323.26161	 390.75216	        P1	
   1.26105	  73.53472	 430.39371	        P1	
  39.09255	  54.60500	  74.13480	        P1	
 153.84810	 433.92773	 102.96502	        P1	
 148.80390	 336.36681	 131.28037	        P1	
 366.96555	 393.88409	 397.44487	        P1	
 340.48350	   5.82452	 251.23461	        P1	
 122.32185	 437.56809	 249.17527	        P1	
 116.01660	 100.47320	 296.53919	        P1	
  70.61880	  58.24532	 380.97051	        P1	
 356.87715	 353.11233	  28.83022	        P1	
   8.82735	 281.76181	 105.02430	        P1	
 288.78045	 155.07820	 180.70357	        P1	
 412.36335	 232.25329	 298.59847	        P1	
 383.35920	 269.38469	  51.48248	        P1	
 221.94480	 372.77013	  22.65232	        P1	
 192.94065	 350.20009	 195.11865	        P1	
 390.92550	 155.80628	 483.93547	        P1	
  52.96410	 260.64789	 466.94624	        P1	
 249.68790	 480.52401	  67.95690	        P1	
 314.00145	 133.23620	 117.38010	        P1	
 493.07054	 405.53313	 300.65781	        P1	
 477.93794	 370.58593	 209.53379	        P1	
 153.84810	 324.71773	 109.14292	        P1	
 438.84540	 227.15681	  13.90027	        P1	
 382.09815	 313.79673	 473.63901	        P1	
 277.43100	   4.36840	 302.71709	        P1	
 472.89374	 141.97300	 265.64969	        P1	
 346.78875	 144.88528	 354.19957	        P1	
  29.00415	 491.44501	  49.42320	        P1	
 326.61195	 152.16592	 339.26969	        P1	
 282.47520	 467.41881	 302.71709	        P1	
  20.17680	 106.29772	 419.58238	        P1	
 147.54285	 159.44660	 179.15910	        P1	
  13.87155	 465.23461	   7.72237	        P1	
 127.36605	 111.39420	  69.50137	        P1	
  68.09670	 397.52441	 409.28586	        P1	
  61.79145	 160.90272	 438.11608	        P1	
 238.33845	 184.20089	  51.48248	        P1	
 205.55115	 220.60420	 339.78449	        P1	
  93.31770	 129.59588	 102.45015	        P1	
 278.69205	   6.55260	 366.04057	        P1	
 297.60780	  18.92972	 419.58238	        P1	
   3.78315	 200.21832	  24.19679	        P1	
 363.18240	 385.87533	  47.36392	        P1	
 146.28180	 160.17469	 335.66587	        P1	
   2.52210	 476.15561	 284.18339	        P1	
 433.80120	 254.82332	 238.87881	        P1	
 248.42685	  61.88568	  57.66038	        P1	
 337.96140	 270.84081	 376.85189	        P1	
 387.14235	 361.84913	 221.88959	        P1	
 261.03735	 184.20089	 219.83025	        P1	
 498.11474	 406.98929	 479.30204	        P1	
 329.13405	 326.90193	  22.65232	        P1	
 428.75700	 371.31401	 302.71709	        P1	
 112.23345	 114.30648	 354.19957	        P1	
  15.13260	 414.99801	 378.39637	        P1	
 179.06910	 203.85869	 144.15098	        P1	
 255.99315	 340.00713	 320.73599	        P1	
  39.09255	  38.58752	 461.28321	        P1	
  46.65885	 150.70980	 186.88147	        P1	
 306.43515	 239.53392	 469.00558	        P1	
 269.86470	 413.54189	 156.50678	        P1	
 184.11330	  30.57880	 290.36129	        P1	
 271.12575	 476.88369	  82.37198	        P1	
 446.41170	 313.06869	 331.03245	        P1	
 206.81220	 331.99841	   7.72237	        P1	
 259.77630	  21.84200	 433.99746	        P1	
 167.71965	 484.16433	 271.31279	        P1	
 460.28324	 396.79633	 166.28849	        P1	
 363.18240	 439.75229	 267.70897	        P1	
 209.33430	  23.29812	 203.35589	        P1	
 481.72109	 174.73600	 457.16459	        P1	
 493.07054	 321.07741	 236.30467	        P1	
 104.66715	 377.86661	  44.78977	        P1	
 219.42270	  52.42080	 372.21847	        P1	
 278.69205	 395.34021	 427.81956	        P1	
 157.63125	   9.46488	 343.38825	        P1	
 220.68375	 252.63912	 479.81691	        P1	
 306.43515	 130.32392	 300.65781	        P1	
 489.28739	 342.19133	  96.78712	        P1	
   3.78315	 353.11233	 448.92741	        P1	
 134.93235	 257.00752	 123.04319	        P1	
 190.41855	   3.64032	 485.99481	        P1	
 431.27910	 234.43749	 391.26697	        P1	
 489.28739	 215.50772	 419.58238	        P1	
 189.15750	 262.10401	  69.50137	        P1	
 221.94480	 390.24373	 226.52302	        P1	
 109.71135	 174.00792	  79.79789	        P1	
 282.47520	 232.98132	 189.45562	        P1	
 387.14235	 430.28741	 395.38559	        P1	
 221.94480	  43.68400	 230.12677	        P1	
 377.05395	 265.74432	 294.47991	        P1	
 465.32744	 316.70901	 174.52567	        P1	
 392.18655	 452.12941	 335.15107	        P1	
  78.18510	 388.78761	 364.49609	        P1	
 370.74870	 209.68320	 341.32897	        P1	
 486.76529	 465.96269	 354.19957	        P1	
 297.60780	 380.05081	 395.38559	        P1	
 216.90060	 345.10361	 488.05409	        P1	
  52.96410	 155.80628	 261.53107	        P1	
  87.01245	 144.88528	 335.66587	        P1	
 477.93794	  82.27152	  48.90839	        P1	
 498.11474	 421.55061	 396.93006	        P1	
 302.65200	 471.78721	 450.98669	        P1	
 271.12575	 322.53353	  41.18602	        P1	
 351.83295	 428.83129	 331.03245	        P1	
 229.51110	 148.52560	  57.14557	        P1	
 199.24590	  16.01748	   2.05928	        P1	
 211.85640	 283.94601	  50.96767	        P1	
 249.68790	   5.82452	 152.38822	        P1	
   8.82735	 315.25289	 397.44487	        P1	
 214.37850	 199.49029	  32.94878	        P1	
  34.04835	  22.57008	   9.78165	        P1	
 134.93235	 182.74472	 127.67662	        P1	
 261.03735	 174.00792	 387.14841	        P1	
 466.58849	  59.70148	 380.45564	        P1	
 109.71135	 240.99009	 343.38825	        P1	
 469.11059	  33.49108	 298.59847	        P1	
 117.27765	 286.13021	 105.02430	        P1	
 364.44345	  91.00832	 184.82219	        P1	
   7.56630	 369.85789	 429.87884	        P1	
 306.43515	 191.48152	 473.63901	        P1	
 460.28324	  22.57008	  96.27225	        P1	
 187.89645	 345.83169	 323.31007	        P1	
 220.68375	 350.20009	 193.57417	        P1	
 119.79975	  91.00832	  10.29652	        P1	
 480.46004	 321.07741	 481.87619	        P1	
  22.69890	 346.55973	 424.21581	        P1	
 384.62025	 417.18221	 197.69279	        P1	
 308.95725	  57.51728	 193.57417	        P1	
  16.39365	  40.04368	 490.11337	        P1	
   6.30525	 412.81381	   6.17790	        P1	
 373.27080	  78.63120	 384.57426	        P1	
  61.79145	 265.74432	 283.66859	        P1	
 460.28324	 433.19969	 378.91117	        P1	
 321.56775	 440.48033	 177.09982	        P1	
 133.67130	 471.78721	 105.02430	        P1	
 168.98070	 340.73521	 117.38010	        P1	
 472.89374	  25.48232	 158.56612	        P1	
 399.75285	 376.41049	 108.62805	        P1	
 346.78875	 370.58593	 263.59041	        P1	
 133.67130	 246.08652	 296.02439	        P1	
 121.06080	 158.71852	 467.46111	        P1	
 261.03735	 345.83169	  77.73855	        P1	
 172.76385	 217.69192	 325.36941	        P1	
 336.70035	 366.21753	 282.12411	        P1	
 373.27080	 205.31480	  57.14557	        P1	
 495.59264	  12.37712	 351.62549	        P1	
 145.02075	 211.86740	 142.09170	        P1	
  56.74725	 271.56889	 182.76285	        P1	
  52.96410	  88.82412	 226.52302	        P1	
 242.12160	 426.64709	 415.97857	        P1	
 394.70865	 118.67488	 238.36395	        P1	
 105.92820	 417.91029	 250.71975	        P1	
 440.10645	 414.26993	 282.12411	        P1	
 206.81220	 177.64829	 114.80595	        P1	
 174.02490	 442.66453	 153.93269	        P1	
 210.59535	 354.56849	  71.56065	        P1	
  78.18510	  61.15760	 403.10796	        P1	
  36.57045	  79.35928	 102.45015	        P1	
 268.60365	 302.14769	 263.07555	        P1	
 237.07740	   5.82452	 240.42329	        P1	
  64.31355	  66.25408	 199.75207	        P1	
 170.24175	 473.97141	 179.15910	        P1	
 442.62855	 286.13021	 160.62540	        P1	
 436.32330	 349.47201	 199.23727	        P1	
 171.50280	 224.24452	 146.21032	        P1	
 160.15335	 204.58672	 265.13489	        P1	
 315.26250	 211.13932	  47.36392	        P1	
  11.34945	 318.16513	  11.84100	        P1	
 239.59950	 116.49068	 436.05674	        P1	
 134.93235	 367.67369	   3.60375	        P1	
 102.14505	 437.56809	 127.16175	        P1	
 305.17410	  65.52600	  94.21297	        P1	
 176.54700	 331.99841	 222.40439	        P1	
 301.39095	   8.00872	 215.71169	        P1	
  88.27350	  24.75428	 205.92997	        P1	
 340.48350	 151.43788	 145.69545	        P1	
 282.47520	   4.36840	 296.53919	        P1	
 272.38680	 419.36641	 409.28586	        P1	
 179.06910	 149.98172	 282.12411	        P1	
 490.54844	 398.25249	  28.31535	        P1	
 223.20585	  88.09608	 429.87884	        P1	
 469.11059	 365.48949	 460.76834	        P1	
 122.32185	 172.55180	 432.45299	        P1	
 263.55945	 487.07661	  69.50137	        P1	
 284.99730	 382.96309	 107.08358	        P1	
 166.45860	 369.85789	 324.85455	        P1	
  54.22515	 462.32233	 418.03791	        P1	
 413.62440	 311.61253	 215.71169	        P1	
 286.25835	   8.00872	 306.83571	        P1	
 177.80805	 492.90113	 135.39899	        P1	
 145.02075	 277.39341	 135.91380	        P1	
 474.15479	  85.91188	  71.56065	        P1	
  26.48205	 195.84992	 424.21581	        P1	
 163.93650	  26.21040	 123.55800	        P1	
 124.84395	  15.28940	  74.13480	        P1	
 287.51940	  69.89440	 471.06486	        P1	
 404.79705	  19.65780	  81.85717	        P1	
 485.50424	 393.88409	  70.01618	        P1	
 267.34260	 315.98093	 191.00009	        P1	
 441.36750	  75.71892	 234.24539	        P1	
 189.15750	 278.12149	   9.78165	        P1	
 105.92820	 394.61213	 257.41251	        P1	
 131.14920	 308.70029	 485.47994	        P1	
  26.48205	 271.56889	 137.97308	        P1	
 180.33015	 449.21713	 214.16722	        P1	
 127.36605	 478.33981	 352.14029	        P1	
  54.22515	 198.76220	 308.89499	        P1	
 494.33159	  88.82412	 308.38019	        P1	
 155.10915	 203.13060	 205.41517	        P1	
 291.30255	  96.83288	 360.37747	        P1	
 266.08155	 270.11272	 172.46639	        P1	
 252.21000	 183.47280	 372.21847	        P1	
  74.40195	 385.14729	 213.65235	        P1	
  69.35775	 390.97181	 290.36129	        P1	
 316.52355	 192.93769	 428.33437	        P1	
 208.07325	   8.00872	 232.70091	        P1	
 245.90475	 431.74353	 184.82219	        P1	
 326.61195	 430.28741	 154.44750	        P1	
 402.27495	 322.53353	 411.86001	        P1	
 351.83295	 258.46369	 335.66587	        P1	
  10.08840	 281.03373	  47.36392	        P1	
 201.76800	 393.15601	 100.39087	        P1	
 404.79705	 319.62129	 485.47994	        P1	
  39.09255	 150.70980	  26.25607	        P1	
 278.69205	 130.32392	 326.91389	        P1	
  75.66300	 439.75229	 446.86807	        P1	
 457.76114	 412.81381	  57.14557	        P1	
 374.53185	 338.55101	 273.37207	        P1	
 470.37164	 190.02540	 166.80330	        P1	
 314.00145	  61.88568	 306.32085	        P1	
  79.44615	 459.41009	 471.57967	        P1	
 161.41440	  20.38588	 261.53107	        P1	
 273.64785	 182.74472	  61.26419	        P1	
 293.82465	 182.74472	  85.97579	        P1	
 278.69205	 211.86740	 168.34777	        P1	
  80.70720	 154.35012	  84.43132	        P1	
 474.15479	 361.12109	 337.21035	        P1	
   8.82735	 175.46409	 287.78715	        P1	
 185.37435	 104.11352	  47.36392	        P1	
 348.04980	 241.71812	 387.14841	        P1	
 121.06080	 337.82293	 302.20229	        P1	
 475.41584	 214.77969	 261.53107	        P1	
 272.38680	 214.05160	  24.71160	        P1	
 234.55530	 200.94640	 376.85189	        P1	
 440.10645	 305.05993	 195.63352	        P1	
 244.64370	 339.27909	 120.98385	        P1	
 102.14505	  19.65780	 179.15910	        P1	
 422.45175	 102.65740	 359.86267	        P1	
 160.15335	 192.93769	 120.98385	        P1	
 189.15750	 460.13813	 246.60119	        P1	
  99.62295	 262.83209	   9.78165	        P1	
 171.50280	 314.52481	  18.53370	        P1	
 375.79290	  58.24532	 195.63352	        P1	
  80.70720	 412.08573	 214.16722	        P1	
 197.98485	 133.23620	 162.16987	        P1	
 364.44345	  64.79792	 282.12411	        P1	
 421.19070	 155.80628	 267.70897	        P1	
 428.75700	 298.50733	 368.61471	        P1	
 210.59535	 444.84873	 146.21032	        P1	
  29.00415	 388.05953	 376.33709	        P1	
 234.55530	 435.38389	 304.77637	        P1	
 238.33845	 108.48192	 209.53379	        P1	
 489.28739	 310.15641	  50.96767	        P1	
 221.94480	 432.47161	 271.82759	        P1	
 254.73210	 496.54149	  82.37198	        P1	
 224.46690	 190.75349	 306.32085	        P1	
 191.67960	 477.61173	 425.76028	        P1	
  32.78730	 250.45492	 302.20229	        P1	
 239.59950	  20.38588	 397.44487	        P1	
 340.48350	 327.63001	 489.59856	        P1	
 233.29425	 351.65621	 488.05409	        P1	
 341.74455	 176.92020	  32.43397	        P1	
 432.54015	 140.51688	  96.27225	        P1	
 279.95310	 361.12109	 281.60925	        P1	
 486.76529	 104.84160	 186.88147	        P1	
 262.29840	 479.06789	 250.71975	        P1	
 151.32600	 382.96309	 114.80595	        P1	
 218.16165	 144.88528	 405.16724	        P1	
 339.22245	 305.05993	 356.25891	        P1	
 118.53870	 308.70029	  45.30458	        P1	
 131.14920	 481.98013	  61.26419	        P1	
 486.76529	 428.10321	 322.79527	        P1	
  84.49035	 478.33981	 433.99746	        P1	
 162.67545	 229.34101	  74.13480	        P1	
 461.54429	 193.66572	 314.55809	        P1	
 475.41584	  48.78048	 361.92194	        P1	
 121.06080	 198.03412	 399.50421	        P1	
 419.92965	 408.44541	 259.47179	        P1	
 168.98070	 155.80628	 195.11865	        P1	
  97.10085	 323.98969	  59.20485	        P1	
 358.13820	 350.92813	  65.89762	        P1	
 267.34260	 353.84041	 172.98120	        P1	
 432.54015	  64.79792	 475.18348	        P1	
  94.57875	 265.74432	 215.71169	        P1	
 238.33845	  72.07860	 359.86267	        P1	
 122.32185	 150.70980	 432.45299	        P1	
 345.52770	 340.73521	 378.39637	        P1	
 283.73625	 468.14689	 360.37747	        P1	
 422.45175	 289.04249	 151.87335	        P1	
 369.48765	 418.63833	 306.83571	        P1	
   3.78315	 348.74393	  24.19679	        P1	
 311.47935	 491.44501	 267.19417	        P1	
 460.28324	  56.06112	 350.08101	        P1	
 467.84954	 478.33981	 203.87069	        P1	
  99.62295	  77.90312	  84.43132	        P1	
 219.42270	 174.73600	 341.32897	        P1	
 105.92820	 369.85789	 144.15098	        P1	
 329.13405	 273.02501	 427.81956	        P1	
 447.67274	 223.51649	 360.37747	        P1	
  26.48205	 367.67369	 139.51755	        P1	
  27.74310	 269.38469	 318.67665	        P1	
 437.58435	 114.30648	 114.80595	        P1	
 203.02905	 264.28821	 321.25079	        P1	
 301.39095	 463.77849	 343.38825	        P1	
 146.28180	  93.19252	 351.62549	        P1	
 475.41584	 172.55180	 372.21847	        P1	
 395.96970	   1.45612	 209.53379	        P1	
 224.46690	 346.55973	 319.19151	        P1	
 269.86470	 305.78801	 396.93006	        P1	
 480.46004	 399.70861	 291.90577	        P1	
 302.65200	 182.01669	 398.98934	        P1	
  65.57460	 436.84001	 432.45299	        P1	
 110.97240	 321.80549	 341.84377	        P1	
 356.87715	 326.90193	 140.03242	        P1	
 351.83295	 473.97141	 211.59307	        P1	
 228.25005	 389.51569	 329.48797	        P1	
 142.49865	 412.81381	 216.22649	        P1	
  89.53455	 489.98889	 182.76285	        P1	
 132.41025	 219.14809	 201.29655	        P1	
 248.42685	 184.20089	 267.70897	        P1	
  10.08840	 224.24452	 115.32082	        P1	
 290.04150	 460.13813	 228.06749	        P1	
 258.51525	  79.35928	 125.61728	        P1	
 128.62710	 329.08613	 238.87881	        P1	
  85.75140	  34.94720	 284.18339	        P1	
  17.65470	 417.91029	 331.03245	        P1	
 480.46004	 217.69192	 313.01361	        P1	
 110.97240	 397.52441	 148.26960	        P1	
  44.13675	  31.30688	  65.38275	        P1	
 123.58290	 349.47201	 261.01627	        P1	
  25.22100	 371.31401	 308.89499	        P1	
 403.53600	 476.15561	 234.76019	        P1	
 216.90060	 298.50733	 183.27772	        P1	
 491.80949	 263.56012	 170.92192	        P1	
 345.52770	 458.68201	 278.00549	        P1	
 359.39925	 101.20128	 261.53107	        P1	
 218.16165	 204.58672	 289.84649	        P1	
 187.89645	  99.74512	 133.85452	        P1	
 491.80949	 324.71773	 121.49872	        P1	
  71.87985	  70.62248	 391.26697	        P1	
 331.65615	 150.70980	 378.39637	        P1	
 426.23490	 129.59588	 263.07555	        P1	
  37.83150	 307.24413	 271.31279	        P1	
 433.80120	 131.05200	 322.79527	        P1	
  85.75140	 449.94521	 358.31819	        P1	
 428.75700	 426.64709	 310.95427	        P1	
  80.70720	 122.31520	 191.51489	        P1	
 353.09400	 366.94561	   1.54447	        P1	
  52.96410	 158.71852	 456.64978	        P1	
 296.34675	 420.09449	 331.03245	        P1	
 379.57605	 278.84952	 479.81691	        P1	
 375.79290	 337.82293	 456.64978	        P1	
 459.02219	 182.01669	 411.34514	        P1	
 175.28595	 248.27072	  42.73049	        P1	
 426.23490	  69.89440	 339.78449	        P1	
 223.20585	 491.44501	 261.01627	        P1	
 485.50424	 133.23620	 432.45299	        P1	
 452.71694	 347.28781	 222.40439	        P1	
 392.18655	 398.25249	  76.19408	        P1	
 292.56360	 259.19172	 183.27772	        P1	
  76.92405	 354.56849	 335.66587	        P1	
  15.13260	 199.49029	 263.07555	        P1	
  88.27350	 103.38548	 144.15098	        P1	
 341.74455	  63.34180	 432.45299	        P1	
 388.40340	 148.52560	 352.14029	        P1	
 443.88960	 448.48909	  71.56065	        P1	
  15.13260	 444.12069	 354.19957	        P1	
 239.59950	 431.01549	  39.12668	        P1	
 321.56775	   6.55260	  67.95690	        P1	
 427.49595	 226.42872	 450.47188	        P1	
 134.93235	 287.58632	  55.08629	        P1	
 141.23760	 477.61173	 257.41251	        P1	
 412.36335	 367.67369	 293.96505	        P1	
 195.46275	 329.81421	 259.47179	        P1	
  41.61465	 488.53273	 289.84649	        P1	
 186.63540	  16.01748	 213.65235	        P1	
 229.51110	 496.54149	 242.99737	        P1	
  98.36190	 129.59588	 343.38825	        P1	
 395.96970	 378.59469	 267.70897	        P1	
   7.56630	 331.99841	 407.74139	        P1	
 114.75555	 290.49861	 267.19417	        P1	
 182.85225	 404.07701	 111.20220	        P1	
  42.87570	 165.99920	 420.09719	        P1	
 138.71550	 269.38469	 263.07555	        P1	
 206.81220	 496.54149	 205.92997	        P1	
 273.64785	 114.30648	 232.18605	        P1	
 262.29840	 247.54269	 335.66587	        P1	
 255.99315	 450.67329	 275.43135	        P1	
 139.97655	 104.11352	 252.77909	        P1	
 340.48350	 196.57800	  63.32347	        P1	
  92.05665	   5.09648	 100.90568	        P1	
 489.28739	 110.66612	 226.52302	        P1	
 375.79290	  69.89440	 333.60659	        P1	
  26.48205	 254.09529	 156.50678	        P1	
  34.04835	 404.07701	 265.64969	        P1	
  79.44615	 318.16513	 308.38019	        P1	
 200.50695	  26.93848	 281.60925	        P1	
 263.55945	 408.44541	 199.23727	        P1	
 158.89230	 480.52401	 335.15107	        P1	
 340.48350	 441.20841	 205.41517	        P1	
  44.13675	 302.14769	 102.45015	        P1	
 146.28180	 455.76973	 333.09179	        P1	
 218.16165	  13.83328	 164.22915	        P1	
 107.18925	 153.62208	 162.68468	        P1	
  18.91575	 273.02501	 118.92457	        P1	
 258.51525	 101.20128	 244.54185	        P1	
 240.86055	 187.11312	 263.59041	        P1	
 417.40755	  72.07860	 125.10247	        P1	
 416.14650	  90.28028	 466.94624	        P1	
 220.68375	  41.49980	  86.49060	        P1	
 112.23345	 497.26953	 252.77909	        P1	
 488.02634	 421.55061	 217.77097	        P1	
 341.74455	  82.27152	  18.01890	        P1	
 431.27910	 193.66572	 178.64429	        P1	
 167.71965	 344.37553	 388.69289	        P1	
 124.84395	 443.39261	 273.37207	        P1	
  22.69890	 345.10361	  30.88950	        P1	
 139.97655	  35.67528	 224.46367	        P1	
 151.32600	 441.20841	 205.41517	        P1	
  68.09670	 364.03333	 240.42329	        P1	
  99.62295	 321.07741	 186.88147	        P1	
 325.35090	  85.91188	 137.97308	        P1	
 230.77215	 373.49821	 316.61737	        P1	
 475.41584	 374.95433	 294.47991	        P1	
 189.15750	  34.94720	 450.98669	        P1	
 421.19070	 157.26240	 372.21847	        P1	
 325.35090	 177.64829	  57.66038	        P1	
 295.08570	 422.27869	 187.39627	        P1	
 462.80534	 344.37553	  85.97579	        P1	
 431.27910	  40.77172	 487.53928	        P1	
 216.90060	 477.61173	 405.68211	        P1	
 460.28324	 444.84873	 170.92192	        P1	
 366.96555	 443.39261	   7.72237	        P1	
   2.52210	 104.84160	 216.22649	        P1	
 394.70865	 388.05953	 275.94621	        P1	
 272.38680	 401.89281	 489.59856	        P1	
 205.55115	 118.67488	 176.58495	        P1	
 281.21415	  80.81540	   7.72237	        P1	
 240.86055	 466.69073	  78.25342	        P1	
 148.80390	 160.17469	 218.28577	        P1	
  30.26520	  21.84200	 364.49609	        P1	
 168.98070	   4.36840	  61.77900	        P1	
  27.74310	  30.57880	 179.15910	        P1	
 281.21415	 307.97221	 409.28586	        P1	
 448.93379	 262.10401	 358.31819	        P1	
 326.61195	 200.21832	 306.83571	        P1	
 397.23075	 325.44581	 440.17536	        P1	
 257.25420	 311.61253	 189.45562	        P1	
  37.83150	 310.15641	 186.88147	        P1	
 389.66445	  61.88568	 317.13217	        P1	
 293.82465	 105.56968	 195.11865	        P1	
  49.18095	  99.74512	  18.01890	        P1	
 247.16580	 103.38548	  34.49325	        P1	
  18.91575	 163.81500	 155.99197	        P1	
  58.00830	 113.57840	 347.50687	        P1	
 225.72795	  45.86820	 166.80330	        P1	
 220.68375	 430.28741	  98.84640	        P1	
 488.02634	  72.07860	 339.78449	        P1	
 156.37020	 417.91029	  32.94878	        P1	
 141.23760	  90.28028	 348.02167	        P1	
 247.16580	 195.12189	 205.92997	        P1	
  50.44200	 496.54149	 261.53107	        P1	
 421.19070	 218.42000	 279.54997	        P1	
 321.56775	  91.00832	 356.25891	        P1	
   0.00000	  75.71892	 160.11059	        P1	
 209.33430	 294.13893	 370.15919	        P1	
 360.66030	 260.64789	  28.31535	        P1	
 223.20585	 157.99048	 473.12414	        P1	
  37.83150	 414.99801	 273.37207	        P1	
 153.84810	 458.68201	 444.80879	        P1	
 226.98900	 155.80628	  82.37198	        P1	
  64.31355	 128.86780	 420.09719	        P1	
   8.82735	 207.49900	 463.34249	        P1	
  71.87985	  48.78048	 120.98385	        P1	
  80.70720	 305.78801	 179.15910	        P1	
 495.59264	 479.79593	 387.14841	        P1	
 443.88960	 330.54229	 310.95427	        P1	
  32.78730	  87.36800	 118.92457	        P1	
 448.93379	  21.84200	 168.34777	        P1	
 451.45589	 299.96349	 125.61728	        P1	
 457.76114	 326.90193	 296.02439	        P1	
  34.04835	 417.18221	  13.90027	        P1	
 443.88960	 136.87652	 195.63352	        P1	
 141.23760	 413.54189	 372.73327	        P1	
 175.28595	  42.95592	 357.80339	        P1	
  94.57875	 204.58672	 356.25891	        P1	
 358.13820	 318.89321	 458.70906	        P1	
  45.39780	 101.92932	 319.19151	        P1	
 317.78460	 460.13813	 288.30201	        P1	
 176.54700	  93.19252	 394.87079	        P1	
  21.43785	 134.69232	  42.73049	        P1	
 287.51940	 358.20881	  24.71160	        P1	
 451.45589	 232.98132	 345.44759	        P1	
 109.71135	 255.55141	 168.34777	        P1	
 332.91720	 288.31441	  32.43397	        P1	
 457.76114	 428.83129	 349.56614	        P1	
 459.02219	 432.47161	 118.92457	        P1	
 196.72380	 317.43709	  77.73855	        P1	
 271.12575	  70.62248	 360.37747	        P1	
  35.30940	  74.26280	 162.16987	        P1	
  58.00830	  77.17508	 244.54185	        P1	
 350.57190	 377.13853	 166.28849	        P1	
 421.19070	  26.21040	 341.32897	        P1	
 278.69205	  44.41208	  20.59298	        P1	
 464.06639	 318.89321	 223.94887	        P1	
 355.61610	 225.70069	 397.44487	        P1	
 456.50009	 285.40213	 413.40448	        P1	
 282.47520	 216.96389	 368.09984	        P1	
 436.32330	 391.69989	  20.59298	        P1	
 277.43100	 253.36721	 364.49609	        P1	
 387.14235	 331.27033	 203.35589	        P1	
 110.97240	 378.59469	 255.35317	        P1	
  64.31355	 466.69073	 374.79261	        P1	
 113.49450	 314.52481	 421.64166	        P1	
 296.34675	 466.69073	 203.35589	        P1	
 406.05810	  66.98212	 419.58238	        P1	
 233.29425	 240.99009	 218.28577	        P1	
 310.21830	 496.54149	 442.23464	        P1	
 287.51940	 364.03333	  47.36392	        P1	
 205.55115	 326.90193	 220.34512	        P1	
 195.46275	 465.23461	 335.15107	        P1	
 359.39925	 471.05913	 362.43681	        P1	
 268.60365	 495.81341	  69.50137	        P1	
 195.46275	 176.92020	 426.27509	        P1	
 329.13405	 406.98929	  51.48248	        P1	
  22.69890	  94.64868	 403.62277	        P1	
 184.11330	 209.68320	 166.80330	        P1	
 150.06495	 310.88449	  77.73855	        P1	
  87.01245	 211.86740	 366.04057	        P1	
 261.03735	 140.51688	  15.95955	        P1	
 176.54700	 348.01589	 298.59847	        P1	
 132.41025	 287.58632	  67.44209	        P1	
 343.00560	 307.24413	 232.70091	        P1	
 168.98070	 129.59588	  51.48248	        P1	
 136.19340	  87.36800	 450.98669	        P1	
 325.35090	 334.91069	 317.13217	        P1	
  61.79145	 117.21872	 277.49069	        P1	
 316.52355	 296.32313	 337.72521	        P1	
 314.00145	 338.55101	  80.31270	        P1	
  50.44200	 182.01669	 385.08907	        P1	
  32.78730	 142.70108	 335.66587	        P1	
  11.34945	 190.02540	 488.05409	        P1	
 167.71965	 447.76101	 483.42066	        P1	
 488.02634	  88.09608	 385.08907	        P1	
 235.81635	  47.32432	 152.38822	        P1	
 190.41855	 364.76141	 162.16987	        P1	
 404.79705	 259.91981	 333.60659	        P1	
  74.40195	 291.95473	 382.51499	        P1	
 422.45175	 162.35888	 331.03245	        P1	
 247.16580	  96.10480	 444.80879	        P1	
  63.05250	 128.13972	 133.85452	        P1	
 261.03735	 354.56849	 428.33437	        P1	
 213.11745	 446.30489	 107.08358	        P1	
 109.71135	 275.93729	 224.46367	        P1	
  71.87985	 472.51529	 372.73327	        P1	
 242.12160	  69.89440	 240.93809	        P1	
  13.87155	 329.81421	 413.91929	        P1	
 290.04150	  59.70148	 483.93547	        P1	
   2.52210	 361.12109	 131.79518	        P1	
 234.55530	 431.01549	 422.15647	        P1	
 339.22245	 217.69192	 170.92192	        P1	
 363.18240	  88.82412	 152.38822	        P1	
 346.78875	 254.09529	  90.09435	        P1	
 384.62025	 229.34101	 358.31819	        P1	
 374.53185	 411.35769	 331.03245	        P1	
 239.59950	 470.33109	 281.60925	        P1	
 438.84540	 355.29653	  10.29652	        P1	
 238.33845	  93.92060	 433.99746	        P1	
 122.32185	 440.48033	 195.63352	        P1	
 424.97385	  19.65780	 464.88696	        P1	
  88.27350	  34.94720	 174.52567	        P1	
 411.10230	 157.26240	 427.81956	        P1	
 247.16580	 380.05081	 160.62540	        P1	
 100.88400	  69.89440	  26.25607	        P1	
 343.00560	  58.24532	  92.15369	        P1	
 209.33430	 438.29613	 357.80339	        P1	
 278.69205	 453.58553	  48.90839	        P1	
 250.94895	 497.26953	 283.66859	        P1	
 336.70035	  76.44700	 302.71709	        P1	
 321.56775	 472.51529	  63.83828	        P1	
  71.87985	 146.34140	 444.80879	        P1	
 273.64785	 373.49821	 335.15107	        P1	
 321.56775	 233.70941	 327.42869	        P1	
 263.55945	 153.62208	  77.73855	        P1	
 466.58849	 334.91069	 434.51227	        P1	
 430.01805	 141.97300	 203.87069	        P1	
 142.49865	 318.16513	  84.43132	        P1	
 245.90475	 171.09569	 195.11865	        P1	
 165.19755	  50.23660	  37.06740	        P1	
 498.11474	   0.72808	 195.11865	        P1	
 153.84810	 436.84001	 438.63089	        P1	
 493.07054	   5.09648	 485.47994	        P1	
 233.29425	  35.67528	  45.30458	        P1	
 435.06225	  76.44700	 477.24276	        P1	
 351.83295	 242.44621	   6.17790	        P1	
 104.66715	 439.02421	 450.98669	        P1	
 330.39510	 436.84001	   6.17790	        P1	
 253.47105	 108.48192	 306.83571	        P1	
  81.96825	 386.60341	 415.46376	        P1	
 122.32185	 491.44501	 168.34777	        P1	
 131.14920	 113.57840	 450.98669	        P1	
 324.08985	 271.56889	 324.85455	        P1	
 157.63125	  29.85072	 394.87079	        P1	
 134.93235	  32.76300	 341.32897	        P1	
   5.04420	 279.57761	 296.53919	        P1	
 201.76800	 327.63001	 135.91380	        P1	
 390.92550	 241.71812	 102.96502	        P1	
 177.80805	 396.79633	  98.33159	        P1	
 175.28595	  82.27152	 493.71718	        P1	
  75.66300	 304.33189	 448.41254	        P1	
 264.82050	 148.52560	 148.26960	        P1	
 456.50009	 470.33109	  77.73855	        P1	
 284.99730	 251.91109	  28.31535	        P1	
  16.39365	 412.81381	 440.17536	        P1	
 446.41170	 366.94561	 230.12677	        P1	
 107.18925	 166.72728	 133.33965	        P1	
 186.63540	 192.20960	 254.83837	        P1	
 242.12160	 177.64829	 170.40705	        P1	
 431.27910	  17.47360	  50.96767	        P1	
 344.26665	 134.69232	 430.39371	        P1	
 255.99315	  48.78048	 187.39627	        P1	
 436.32330	 170.36760	 427.81956	        P1	
 203.02905	 424.46289	 310.95427	        P1	
 276.16995	  69.16632	  59.71972	        P1	
  75.66300	 251.91109	 442.23464	        P1	
  97.10085	 302.14769	  26.77088	        P1	
  98.36190	 414.99801	 160.62540	        P1	
  80.70720	  55.33308	 304.77637	        P1	
 234.55530	 212.59549	 372.73327	        P1	
  63.05250	 444.12069	 348.02167	        P1	
  52.96410	 131.05200	   6.17790	        P1	
 250.94895	 457.95393	  92.15369	        P1	
 471.63269	 240.26201	 310.43947	        P1	
 477.93794	 316.70901	 112.74667	        P1	
 243.38265	 242.44621	 304.26157	        P1	
 431.27910	 317.43709	 281.60925	        P1	
 409.84125	 229.34101	 352.14029	        P1	
 105.92820	 436.84001	 118.92457	        P1	
 459.02219	 391.69989	 107.08358	        P1	
 123.58290	 125.22748	  59.20485	        P1	
 184.11330	 340.73521	 488.05409	        P1	
 348.04980	 422.27869	   3.60375	        P1	
 109.71135	  67.71020	 191.51489	        P1	
  36.57045	 240.99009	 306.32085	        P1	
  21.43785	 105.56968	 429.87884	        P1	
  58.00830	 276.66532	 246.60119	        P1	
 124.84395	 491.44501	 279.54997	        P1	
 244.64370	 380.05081	  20.07817	        P1	
  36.57045	 369.12981	 236.30467	        P1	
 281.21415	 363.30529	  59.20485	        P1	
  64.31355	 271.56889	 168.86258	        P1	
 244.64370	  33.49108	 158.05125	        P1	
 214.37850	  74.26280	 111.20220	        P1	
  56.74725	 194.39380	 137.45827	        P1	
 498.11474	 275.93729	 398.98934	        P1	
 350.57190	 397.52441	 450.98669	        P1	
 264.82050	 361.12109	  59.20485	        P1	
 351.83295	 379.32273	 308.38019	        P1	
 287.51940	  71.35052	 430.39371	        P1	
  75.66300	 294.13893	  42.73049	        P1	
 190.41855	 219.14809	  71.56065	        P1	
 267.34260	 355.29653	 146.21032	        P1	
 103.40610	  61.15760	 162.16987	        P1	
   1.26105	 441.93649	  71.56065	        P1	
  70.61880	 163.08692	 418.03791	        P1	
 186.63540	 409.17349	 471.57967	        P1	
 404.79705	  99.74512	  84.43132	        P1	
 451.45589	   4.36840	 253.29389	        P1	
 132.41025	 278.84952	 251.23461	        P1	
 181.59120	 247.54269	 236.81947	        P1	
 349.31085	  56.06112	 121.49872	        P1	
  36.57045	 230.79712	 203.35589	        P1	
 325.35090	 208.22709	 286.24267	        P1	
 343.00560	 160.17469	 385.08907	        P1	
 282.47520	 495.08533	 102.96502	        P1	
 390.92550	 189.29732	 215.71169	        P1	
 201.76800	  71.35052	 282.12411	        P1	
 402.27495	 169.63952	 172.46639	        P1	
 305.17410	 199.49029	 440.69017	        P1	
 147.54285	 331.27033	 215.71169	        P1	
 413.62440	 203.85869	 151.87335	        P1	
 369.48765	 137.60460	 464.88696	        P1	
 472.89374	 207.49900	  67.95690	        P1	
   6.30525	 463.77849	 162.68468	        P1	
 332.91720	 161.63080	  32.43397	        P1	
  76.92405	 296.32313	 387.14841	        P1	
 165.19755	 217.69192	 271.31279	        P1	
 253.47105	 181.28860	 135.91380	        P1	
 235.81635	 420.09449	 331.03245	        P1	
 210.59535	 281.76181	 191.51489	        P1	
 326.61195	  18.20168	 490.11337	        P1	
  58.00830	 321.80549	 156.50678	        P1	
 428.75700	 148.52560	 279.54997	        P1	
  26.48205	   9.46488	 114.80595	        P1	
 390.92550	 117.94680	 285.72787	        P1	
 232.03320	 256.27949	 428.33437	        P1	
 465.32744	  89.55220	 438.63089	        P1	
 175.28595	 217.69192	 127.67662	        P1	
  75.66300	 315.98093	 177.09982	        P1	
 112.23345	 481.25209	 446.86807	        P1	
 350.57190	 267.92852	 382.51499	        P1	
 321.56775	  93.92060	 265.64969	        P1	
  12.61050	 269.38469	 292.42057	        P1	
 292.56360	 393.15601	  44.78977	        P1	
 348.04980	 190.75349	 249.17527	        P1	
 302.65200	 147.06948	 256.89765	        P1	
 114.75555	 287.58632	 363.98129	        P1	
 165.19755	 369.12981	 335.15107	        P1	
 261.03735	 475.42753	 387.14841	        P1	
 118.53870	  39.31560	 489.59856	        P1	
  44.13675	 373.49821	 223.94887	        P1	
 355.61610	  68.43828	  65.38275	        P1	
 346.78875	 136.14848	  34.49325	        P1	
 442.62855	 280.30569	 341.84377	        P1	
 368.22660	  34.94720	 358.31819	        P1	
 462.80534	  13.83328	 423.70094	        P1	
 320.30670	 422.27869	 205.92997	        P1	
 480.46004	 294.86701	 450.98669	        P1	
 308.95725	 198.76220	 100.39087	        P1	
 326.61195	 204.58672	 339.26969	        P1	
 224.46690	 380.05081	  94.21297	        P1	
 118.53870	 259.19172	 413.40448	        P1	
 453.97799	 250.45492	 350.08101	        P1	
  81.96825	 133.23620	  80.31270	        P1	
 160.15335	 453.58553	  53.54182	        P1	
 491.80949	 270.84081	  98.84640	        P1	
 325.35090	 496.54149	 263.07555	        P1	
 218.16165	 149.25368	 114.80595	        P1	
 329.13405	 123.04328	  96.27225	        P1	
 343.00560	 371.31401	 420.09719	        P1	
 441.36750	  69.89440	 316.61737	        P1	
 358.13820	 428.10321	 205.41517	        P1	
 109.71135	 478.33981	 259.47179	        P1	
 199.24590	 391.69989	  59.20485	        P1	
  51.70305	 299.23541	 389.20769	        P1	
  22.69890	 308.70029	 242.99737	        P1	
 404.79705	 476.88369	  20.59298	        P1	
 194.20170	  13.10520	 413.91929	        P1	
 284.99730	  10.19292	 405.68211	        P1	
 346.78875	 409.90153	  92.15369	        P1	
 160.15335	 446.30489	  40.67115	        P1	
 157.63125	 243.90232	   4.11862	        P1	
  23.95995	  95.37672	 388.69289	        P1	
 374.53185	 136.14848	 380.45564	        P1	
 354.35505	  10.92100	  86.49060	        P1	
 356.87715	 203.13060	 489.59856	        P1	
 380.83710	 241.71812	 357.80339	        P1	
  46.65885	 104.11352	 431.93818	        P1	
 422.45175	 195.84992	 102.96502	        P1	
 255.99315	 130.32392	 121.49872	        P1	
 252.21000	 202.40252	 376.33709	        P1	
 450.19484	 411.35769	 391.26697	        P1	
 195.46275	  70.62248	 298.59847	        P1	
  36.57045	 404.07701	  67.95690	        P1	
 119.79975	 444.84873	 189.45562	        P1	
 440.10645	 332.72649	   3.60375	        P1	
 469.11059	 254.82332	 438.11608	        P1	
 465.32744	   6.55260	 383.02979	        P1	
 390.92550	  81.54348	 460.76834	        P1	
 220.68375	 191.48152	 345.44759	        P1	
 160.15335	 393.88409	 218.28577	        P1	
 142.49865	 421.55061	 205.41517	        P1	
 393.44760	 283.94601	 112.74667	        P1	
 326.61195	  18.20168	 131.79518	        P1	
 113.49450	 269.38469	 201.29655	        P1	
 187.89645	 159.44660	 347.50687	        P1	
 211.85640	 230.06909	 275.43135	        P1	
 379.57605	 478.33981	 291.90577	        P1	
  89.53455	 172.55180	 247.11599	        P1	
   5.04420	 331.99841	 261.01627	        P1	
 184.11330	 429.55933	 234.24539	        P1	
 424.97385	 388.05953	 431.93818	        P1	
 171.50280	  27.66652	 326.91389	        P1	
 363.18240	 227.15681	 420.09719	        P1	
 297.60780	 243.17429	 411.34514	        P1	
 127.36605	 200.21832	 294.47991	        P1	
 258.51525	 162.35888	  59.20485	        P1	
 466.58849	  52.42080	 335.15107	        P1	
 141.23760	 206.77092	 413.40448	        P1	
  58.00830	  10.19292	 115.32082	        P1	
 211.85640	 481.98013	 110.68739	        P1	
 102.14505	 159.44660	 111.20220	        P1	
 243.38265	 495.81341	 290.36129	        P1	
 374.53185	 463.77849	 337.21035	        P1	
 337.96140	  74.26280	 117.38010	        P1	
 353.09400	 391.69989	 286.24267	        P1	
 103.40610	 445.57681	 450.98669	        P1	
 443.88960	 117.94680	 143.63617	        P1	
 118.53870	 380.05081	 376.85189	        P1	
 457.76114	 471.05913	 271.31279	        P1	
 365.70450	 199.49029	 378.91117	        P1	
 286.25835	 159.44660	 315.07289	        P1	
 147.54285	 208.95512	  92.15369	        P1	
 117.27765	 345.83169	 133.33965	        P1	
 189.15750	 330.54229	 403.62277	        P1	
 340.48350	 154.35012	 475.18348	        P1	
 330.39510	  78.63120	 148.26960	        P1	
 273.64785	 222.06032	  73.61999	        P1	
 171.50280	 468.87493	 172.46639	        P1	
  17.65470	 324.71773	 467.46111	        P1	
 464.06639	 230.06909	 269.25345	        P1	
 139.97655	  80.81540	 236.30467	        P1	
 108.45030	 278.12149	 409.80067	        P1	
 302.65200	 189.29732	 424.21581	        P1	
 216.90060	 372.77013	  10.29652	        P1	
 477.93794	 405.53313	 214.16722	        P1	
 200.50695	  50.23660	 118.92457	        P1	
 345.52770	  84.45572	 288.30201	        P1	
   0.00000	  59.70148	 267.70897	        P1	
  71.87985	 184.20089	 434.51227	        P1	
 378.31500	 377.13853	 245.05671	        P1	
  15.13260	 214.05160	 279.54997	        P1	
  90.79560	  50.96468	 256.89765	        P1	
 121.06080	 165.99920	  26.25607	        P1	
 139.97655	 357.48073	 345.44759	        P1	
 218.16165	  57.51728	 230.64157	        P1	
  50.44200	  53.87692	 343.90311	        P1	
 392.18655	 411.35769	 405.16724	        P1	
 457.76114	  37.13140	 452.53116	        P1	
 138.71550	 378.59469	 323.31007	        P1	
 404.79705	 331.27033	 456.64978	        P1	
  83.22930	 460.13813	 492.17271	        P1	
 133.67130	  74.26280	 298.08367	        P1	
  94.57875	 383.69113	 115.32082	        P1	
  88.27350	 288.31441	  61.77900	        P1	
 141.23760	 388.78761	 199.23727	        P1	
  45.39780	 243.17429	 120.98385	        P1	
  73.14090	 203.85869	 348.02167	        P1	
 436.32330	 288.31441	 234.76019	        P1	
 271.12575	   2.18420	 179.15910	        P1	
 403.53600	   2.91228	 405.16724	        P1	
 210.59535	 331.27033	  96.78712	        P1	
 477.93794	 168.18340	 396.93006	        P1	
 374.53185	 281.76181	 433.99746	        P1	
 287.51940	 340.73521	 322.79527	        P1	
  37.83150	 369.85789	 205.92997	        P1	
 447.67274	 353.11233	  79.79789	        P1	
  46.65885	 265.74432	 370.15919	        P1	
  81.96825	 182.74472	 350.08101	        P1	
 370.74870	 203.85869	 232.18605	        P1	
  50.44200	 219.87612	 380.97051	        P1	
 276.16995	 134.69232	  61.26419	        P1	
 465.32744	 184.20089	 465.40177	        P1	
 426.23490	 394.61213	 221.88959	        P1	
 232.03320	 262.10401	 458.70906	        P1	
 349.31085	  40.04368	 168.86258	        P1	
 215.63955	  40.04368	 193.57417	        P1	
 379.57605	 296.32313	 269.76831	        P1	
 138.71550	  97.56092	 183.27772	        P1	
 281.21415	 430.28741	 193.05937	        P1	
 426.23490	 164.54309	 304.77637	        P1	
 153.84810	 433.92773	  35.00812	        P1	
 215.63955	 481.25209	   3.60375	        P1	
 326.61195	 101.20128	 306.32085	        P1	
 127.36605	 415.72609	 100.90568	        P1	
 418.66860	 246.08652	  53.54182	        P1	
  27.74310	 259.19172	 382.51499	        P1	
 261.03735	 111.39420	 216.22649	        P1	
 100.88400	 167.45532	 450.47188	        P1	
 446.41170	 224.24452	  85.97579	        P1	
  83.22930	 294.13893	 288.30201	        P1	
 110.97240	 464.50653	 275.94621	        P1	
  59.26935	 313.79673	 203.35589	        P1	
 409.84125	 313.79673	 294.47991	        P1	
 153.84810	 419.36641	 253.29389	        P1	
 271.12575	 485.62049	 158.05125	        P1	
 201.76800	 195.12189	 102.45015	        P1	
 353.09400	 409.17349	 187.39627	        P1	
 423.71280	 394.61213	  59.71972	        P1	
 189.15750	  39.31560	 345.96239	        P1	
 142.49865	 491.44501	 186.88147	        P1	
 361.92135	 108.48192	 314.55809	        P1	
 436.32330	 419.36641	 450.98669	        P1	
  15.13260	 346.55973	 313.01361	        P1	
 369.48765	  29.85072	 104.50949	        P1	
   7.56630	 372.77013	 308.38019	        P1	
 377.05395	 382.23501	 353.68477	        P1	
 331.65615	 104.11352	  30.37469	        P1	
 382.09815	 404.07701	 389.20769	        P1	
 189.15750	 391.69989	 263.07555	        P1	
 340.48350	 253.36721	 129.73590	        P1	
 334.17825	 316.70901	 427.81956	        P1	
 163.93650	 356.75269	 434.51227	        P1	
 114.75555	 157.99048	 459.22387	        P1	
 495.59264	 290.49861	 149.81407	        P1	
 163.93650	 275.20921	 222.40439	        P1	
  87.01245	 353.11233	  78.25342	        P1	
 393.44760	  16.01748	 281.60925	        P1	
 209.33430	 346.55973	 135.39899	        P1	
 141.23760	 138.33268	 479.30204	        P1	
 109.71135	 453.58553	 209.53379	        P1	
 214.37850	 435.38389	  39.12668	        P1	
 243.38265	 479.79593	 214.16722	        P1	
 172.76385	  64.79792	 399.50421	        P1	
   5.04420	 190.75349	 341.84377	        P1	
   3.78315	 439.02421	 210.04859	        P1	
  74.40195	 124.49940	 409.28586	        P1	
  36.57045	  16.74552	 401.04869	        P1	
 224.46690	 230.06909	 131.79518	        P1	
 296.34675	 386.60341	 261.01627	        P1	
 360.66030	 120.85908	   2.05928	        P1	
 447.67274	 220.60420	  67.95690	        P1	
 335.43930	 132.50812	  79.79789	        P1	
 399.75285	 245.35849	 361.92194	        P1	
  89.53455	 424.46289	 409.80067	        P1	
 374.53185	 404.07701	 197.69279	        P1	
 460.28324	 363.30529	  96.27225	        P1	
 457.76114	 431.74353	 153.93269	        P1	
 409.84125	 431.74353	  10.29652	        P1	
 116.01660	 141.24492	 370.15919	        P1	
 303.91305	 341.46329	 244.54185	        P1	
 224.46690	 476.15561	 254.83837	        P1	
 442.62855	 222.06032	 469.00558	        P1	
 351.83295	 309.42833	 456.64978	        P1	
 424.97385	 297.77929	 249.17527	        P1	
 176.54700	  71.35052	 238.87881	        P1	
 401.01390	 279.57761	 339.78449	        P1	
 258.51525	  96.83288	 293.96505	        P1	
 307.69620	 212.59549	 131.79518	        P1	
 271.12575	 259.91981	 426.27509	        P1	
 465.32744	 388.05953	 296.02439	        P1	
 489.28739	 180.56052	 473.63901	        P1	
 402.27495	   2.18420	 135.91380	        P1	
 184.11330	 384.41921	  38.61187	        P1	
 145.02075	 361.84913	 419.58238	        P1	
  35.30940	 243.17429	  34.49325	        P1	
 237.07740	 281.03373	 308.38019	        P1	
 354.35505	 383.69113	 265.13489	        P1	
 214.37850	  13.10520	   6.17790	        P1	
 363.18240	 454.31361	 370.67399	        P1	
 365.70450	 323.26161	 203.87069	        P1	
 117.27765	 312.34061	 265.64969	        P1	
 393.44760	 203.85869	 273.88687	        P1	
 232.03320	 380.05081	 168.34777	        P1	
 466.58849	 333.45453	 257.41251	        P1	
 366.96555	 109.93808	 286.24267	        P1	
 278.69205	 265.74432	 362.43681	        P1	
 343.00560	 477.61173	 277.49069	        P1	
 324.08985	 131.78008	 429.87884	        P1	
  25.22100	  20.38588	 323.31007	        P1	
 461.54429	 313.06869	  76.19408	        P1	
 276.16995	 402.62089	 125.61728	        P1	
 343.00560	 302.87573	 221.88959	        P1	
 394.70865	  22.57008	 119.43938	        P1	
 464.06639	 107.75388	 317.13217	        P1	
 205.55115	  56.06112	 320.73599	        P1	
  89.53455	 322.53353	 152.38822	        P1	
 208.07325	  98.28900	 234.76019	        P1	
 353.09400	 464.50653	 456.64978	        P1	
 200.50695	 109.93808	 199.75207	        P1	
 189.15750	  64.06988	 403.62277	        P1	
 455.23904	 206.04289	  14.41508	        P1	
 375.79290	 112.12228	 341.84377	        P1	
  71.87985	 405.53313	 473.63901	        P1	
 286.25835	 112.85032	 110.68739	        P1	
 234.55530	  88.82412	 339.26969	        P1	
  23.95995	  99.74512	 153.93269	        P1	
 291.30255	 214.77969	 483.93547	        P1	
 274.90890	 132.50812	 115.32082	        P1	
 423.71280	 165.99920	 203.87069	        P1	
 322.82880	 155.80628	 151.87335	        P1	
 485.50424	 471.05913	 479.81691	        P1	
 279.95310	 174.73600	 205.41517	        P1	
 179.06910	 189.29732	 430.39371	        P1	
 253.47105	 406.98929	 213.65235	        P1	
 187.89645	  41.49980	  67.95690	        P1	
 245.90475	 232.25329	 201.29655	        P1	
 476.67689	 304.33189	 329.48797	        P1	
 250.94895	  67.71020	 401.56349	        P1	
 312.74040	 265.01629	   9.78165	        P1	
 356.87715	  70.62248	 405.16724	        P1	
 433.80120	 119.40292	 189.45562	        P1	
 281.21415	  48.78048	 409.80067	        P1	
 112.23345	  37.13140	 278.00549	        P1	
 372.00975	 175.46409	  28.31535	        P1	
 261.03735	 291.95473	 374.79261	        P1	
 428.75700	 270.84081	 433.99746	        P1	
 437.58435	  64.79792	  10.29652	        P1	
  25.22100	  84.45572	 473.63901	        P1	
 411.10230	  33.49108	 417.52304	        P1	
 230.77215	 449.21713	 220.34512	        P1	
 465.32744	 420.09449	 318.67665	        P1	
 314.00145	 290.49861	  94.21297	        P1	
 206.81220	 149.98172	  79.79789	        P1	
 470.37164	 465.23461	 298.08367	        P1	
 180.33015	  60.42952	 178.64429	        P1	
 339.22245	 427.37513	 308.38019	        P1	
  94.57875	 277.39341	 230.12677	        P1	
 364.44345	   6.55260	 302.71709	        P1	
  10.08840	 112.12228	 429.87884	        P1	
 387.14235	 325.44581	 471.06486	        P1	
 261.03735	 354.56849	   3.60375	        P1	
 284.99730	 257.73561	 123.55800	        P1	
 406.05810	 216.96389	 151.87335	        P1	
 359.39925	 262.83209	 354.19957	        P1	
  16.39365	 291.95473	 333.09179	        P1	
 291.30255	 226.42872	 265.13489	        P1	
 284.99730	 433.92773	 246.60119	        P1	
 433.80120	 253.36721	 483.42066	        P1	
  78.18510	  30.57880	 217.77097	        P1	
 494.33159	 196.57800	 409.28586	        P1	
  46.65885	 466.69073	 306.83571	        P1	
 374.53185	 465.23461	 166.80330	        P1	
 482.98214	  16.74552	 251.23461	        P1	
  95.83980	 272.29692	 326.91389	        P1	
 359.39925	   0.72808	  15.95955	        P1	
 288.78045	 357.48073	 269.76831	        P1	
 320.30670	 356.75269	 238.36395	        P1	
 432.54015	  41.49980	 433.99746	        P1	
 443.88960	 366.94561	  18.53370	        P1	
 153.84810	 148.52560	 298.08367	        P1	
 232.03320	 330.54229	  15.95955	        P1	
  68.09670	 480.52401	 211.59307	        P1	
 157.63125	 240.99009	 267.70897	        P1	
 277.43100	 247.54269	 324.85455	        P1	
 452.71694	  10.92100	 205.41517	        P1	
 274.90890	 457.22589	  22.13745	        P1	
 433.80120	 186.38509	 205.92997	        P1	
 306.43515	 417.18221	  44.78977	        P1	
 390.92550	  11.64908	 267.70897	        P1	
 191.67960	 388.78761	 259.47179	        P1	
 334.17825	 468.14689	 249.17527	        P1	
  54.22515	 414.26993	 296.02439	        P1	
 423.71280	 416.45413	 314.55809	        P1	
 163.93650	 195.12189	 477.75757	        P1	
 211.85640	 157.26240	   7.72237	        P1	
 414.88545	 197.30609	 120.98385	        P1	
 489.28739	 101.92932	 275.94621	        P1	
 443.88960	  55.33308	 374.27774	        P1	
 195.46275	 402.62089	 434.51227	        P1	
 298.86885	 491.44501	 278.00549	        P1	
 370.74870	 205.31480	 322.79527	        P1	
 292.56360	 385.87533	 209.53379	        P1	
  37.83150	 154.35012	   4.11862	        P1	
 303.91305	  58.97340	 271.82759	        P1	
 215.63955	 344.37553	  85.97579	        P1	
 471.63269	 182.01669	 490.11337	        P1	
 112.23345	 332.72649	 386.63354	        P1	
 108.45030	 378.59469	  77.73855	        P1	
 319.04565	 390.97181	 125.10247	        P1	
   0.00000	 480.52401	  94.21297	        P1	
 485.50424	  57.51728	 422.15647	        P1	
 107.18925	 136.14848	  22.13745	        P1	
 191.67960	 458.68201	 135.91380	        P1	
 129.88815	 201.67449	 201.29655	        P1	
 238.33845	 395.34021	 457.16459	        P1	
 486.76529	 436.84001	 409.28586	        P1	
 244.64370	  94.64868	 102.45015	        P1	
 469.11059	  27.66652	 177.09982	        P1	
  79.44615	 262.83209	 195.11865	        P1	
 272.38680	 484.89241	 265.64969	        P1	
 274.90890	 404.80509	 207.47445	        P1	
 235.81635	 236.62169	 164.22915	        P1	
   6.30525	 420.09449	 164.22915	        P1	
 375.79290	 359.66493	 363.98129	        P1	
 290.04150	 107.75388	 139.51755	        P1	
 467.84954	 222.06032	 153.93269	        P1	
 171.50280	 214.05160	 358.31819	        P1	
 399.75285	 220.60420	 242.48257	        P1	
 472.89374	 182.74472	 431.93818	        P1	
 176.54700	 190.75349	 176.58495	        P1	
 274.90890	  42.22788	  20.59298	        P1	
 257.25420	 218.42000	 211.59307	        P1	
 423.71280	 232.98132	 265.13489	        P1	
  10.08840	  78.63120	 389.20769	        P1	
 224.46690	 327.63001	 117.38010	        P1	
 406.05810	 481.98013	 146.21032	        P1	
 137.45445	 216.23580	 370.67399	        P1	
 344.26665	 404.07701	  37.06740	        P1	
  41.61465	 197.30609	 331.03245	        P1	
 292.56360	 214.05160	 223.94887	        P1	
 213.11745	 393.88409	 422.15647	        P1	
  97.10085	 197.30609	 411.34514	        P1	
 250.94895	 194.39380	 327.42869	        P1	
 155.10915	 156.53432	 269.76831	        P1	
 249.68790	 158.71852	 401.04869	        P1	
 213.11745	 172.55180	 308.89499	        P1	
 278.69205	 433.19969	  76.19408	        P1	
 348.04980	 333.45453	 133.85452	        P1	
 424.97385	 402.62089	 329.48797	        P1	
   3.78315	 125.95552	 407.22658	        P1	
 282.47520	  72.80668	 324.85455	        P1	
 450.19484	  77.90312	  36.55259	        P1	
 219.42270	 449.94521	 247.11599	        P1	
 200.50695	 166.72728	 405.16724	        P1	
 287.51940	 227.15681	 174.52567	        P1	
 327.87300	 324.71773	 320.73599	        P1	
  80.70720	 251.91109	 205.92997	        P1	
 170.24175	 379.32273	 320.73599	        P1	
 204.29010	 147.06948	 212.10787	        P1	
 424.97385	 188.56929	 465.40177	        P1	
 181.59120	 243.17429	 360.37747	        P1	
 485.50424	 230.79712	 257.41251	        P1	
 255.99315	 424.46289	  32.94878	        P1	
  63.05250	 305.78801	 155.99197	        P1	
 221.94480	 289.77053	  35.00812	        P1	
  54.22515	 107.02580	 142.09170	        P1	
 494.33159	 269.38469	 442.23464	        P1	
 398.49180	 364.03333	 356.25891	        P1	
 190.41855	 159.44660	 216.22649	        P1	
  59.26935	 379.32273	 473.63901	        P1	
 356.87715	 229.34101	 298.08367	        P1	
 129.88815	 267.20049	 181.21837	        P1	
 365.70450	 228.61292	 160.11059	        P1	
 228.25005	 300.69153	 195.63352	        P1	
 272.38680	 356.75269	  51.48248	        P1	
 398.49180	 394.61213	  79.79789	        P1	
 233.29425	 441.93649	 409.80067	        P1	
  31.52625	 389.51569	 366.55537	        P1	
 166.45860	  71.35052	 269.76831	        P1	
  34.04835	 232.25329	 329.48797	        P1	
 452.71694	 230.79712	 203.35589	        P1	
 220.68375	 112.85032	 133.85452	        P1	
 199.24590	 490.71693	 127.67662	        P1	
 262.29840	 327.63001	 228.58229	        P1	
 253.47105	 150.70980	 234.76019	        P1	
 189.15750	 313.06869	 341.84377	        P1	
 137.45445	 399.70861	 358.31819	        P1	
 145.02075	  91.00832	 257.41251	        P1	
 322.82880	 180.56052	  90.60922	        P1	
 456.50009	 247.54269	  26.77088	        P1	
 171.50280	  93.19252	 413.40448	        P1	
 268.60365	 466.69073	 418.03791	        P1	
 368.22660	 193.66572	  85.97579	        P1	
 176.54700	 262.10401	 296.53919	        P1	
 456.50009	 180.56052	 357.80339	        P1	
  18.91575	 386.60341	 464.88696	        P1	
 441.36750	 222.78840	   0.00000	        P1	
 177.80805	  77.90312	 116.86529	        P1	
 147.54285	 326.90193	 462.82768	        P1	
 127.36605	 146.34140	  26.25607	        P1	
 240.86055	 155.07820	 409.28586	        P1	
  59.26935	 265.74432	 269.76831	        P1	
  68.09670	 110.66612	 289.84649	        P1	
 282.47520	 435.38389	 465.40177	        P1	
  42.87570	 238.80589	 341.84377	        P1	
 155.10915	 112.85032	 166.28849	        P1	
 457.76114	 425.91901	 168.34777	        P1	
 321.56775	 462.32233	  11.84100	        P1	
  47.91990	 476.15561	 228.58229	        P1	
 245.90475	 495.81341	 339.78449	        P1	
 355.61610	 265.01629	  63.83828	        P1	
 332.91720	 193.66572	 201.81142	        P1	
  73.14090	 149.98172	 269.76831	        P1	
 316.52355	 289.04249	 440.69017	        P1	
  23.95995	 289.04249	 434.51227	        P1	
 206.81220	 154.35012	  47.36392	        P1	
 350.57190	  49.50852	 214.16722	        P1	
 281.21415	 184.20089	 263.07555	        P1	
  99.62295	 434.65581	 321.25079	        P1	
 219.42270	 163.08692	 337.72521	        P1	
 368.22660	 101.92932	 214.16722	        P1	
 368.22660	   2.91228	 267.70897	        P1	
 199.24590	 377.13853	 345.44759	        P1	
 189.15750	 244.63041	 413.91929	        P1	
  56.74725	  56.06112	 350.08101	        P1	
 484.24319	 438.29613	  65.89762	        P1	
 276.16995	 166.72728	 261.53107	        P1	
 160.15335	 306.51609	 368.09984	        P1	
 168.98070	 101.92932	 135.39899	        P1	
  32.78730	 199.49029	 127.16175	        P1	
 102.14505	  64.79792	  10.29652	        P1	
  42.87570	 119.40292	 339.26969	        P1	
 262.29840	 377.13853	  72.07552	        P1	
 387.14235	 259.91981	 463.34249	        P1	
 266.08155	 484.16433	 129.22109	        P1	
 253.47105	 147.79752	 129.22109	        P1	
 147.54285	 274.48112	  84.43132	        P1	
 213.11745	  54.60500	 421.64166	        P1	
 288.78045	 190.02540	  86.49060	        P1	
 471.63269	 358.20881	 364.49609	        P1	
 225.72795	 447.76101	 352.14029	        P1	
 197.98485	 232.25329	 100.90568	        P1	
 296.34675	  31.30688	 119.43938	        P1	
   2.52210	  75.71892	 172.46639	        P1	
  98.36190	 490.71693	 294.47991	        P1	
 421.19070	 331.99841	  74.13480	        P1	
 273.64785	 351.65621	 254.83837	        P1	
 219.42270	 263.56012	  35.00812	        P1	
 134.93235	 294.86701	 353.68477	        P1	
  30.26520	 349.47201	 420.09719	        P1	
 306.43515	 115.76260	 271.82759	        P1	
 406.05810	 326.17389	 398.98934	        P1	
 123.58290	 206.77092	 456.64978	        P1	
 174.02490	  74.26280	 149.81407	        P1	
 343.00560	 477.61173	 251.23461	        P1	
 370.74870	 463.05041	  18.53370	        P1	
 186.63540	 428.10321	  38.61187	        P1	
 416.14650	 256.27949	  22.13745	        P1	
 345.52770	 314.52481	  24.71160	        P1	
 488.02634	 353.11233	 296.02439	        P1	
 453.97799	  14.56132	 473.63901	        P1	
 486.76529	 412.08573	 356.25891	        P1	
 180.33015	 369.12981	 328.97317	        P1	
 203.02905	 420.09449	  57.66038	        P1	
 453.97799	  34.94720	 222.40439	        P1	
 127.36605	  58.97340	 345.96239	        P1	
 317.78460	 368.40173	 275.94621	        P1	
 301.39095	  72.07860	 131.28037	        P1	
 156.37020	 232.98132	  53.54182	        P1	
  73.14090	 243.17429	 145.69545	        P1	
 489.28739	 215.50772	 485.99481	        P1	
  58.00830	  20.38588	 459.22387	        P1	
 426.23490	 165.99920	 333.60659	        P1	
 147.54285	 176.92020	 168.34777	        P1	
  74.40195	 380.77889	 151.87335	        P1	
  74.40195	 171.09569	 193.57417	        P1	
 181.59120	 198.03412	 313.01361	        P1	
 334.17825	  69.16632	 436.57161	        P1	
 479.19899	  66.98212	 405.68211	        P1	
  99.62295	 443.39261	 230.12677	        P1	
 166.45860	 414.99801	 407.74139	        P1	
 406.05810	 496.54149	 188.94075	        P1	
  70.61880	 464.50653	 214.16722	        P1	
 273.64785	 303.60381	 489.59856	        P1	
 187.89645	 374.95433	 232.70091	        P1	
 452.71694	 495.81341	 420.09719	        P1	
 409.84125	 358.93689	 244.54185	        P1	
 472.89374	 476.88369	 368.09984	        P1	
 195.46275	  12.37712	 467.46111	        P1	
 290.04150	 136.87652	 271.31279	        P1	
 160.15335	 201.67449	 366.55537	        P1	
 229.51110	 330.54229	 360.37747	        P1	
 177.80805	  83.72768	 182.76285	        P1	
 190.41855	  73.53472	 184.82219	        P1	
 216.90060	 431.01549	   2.05928	        P1	
 258.51525	 497.26953	 110.68739	        P1	
  80.70720	 486.34853	 238.87881	        P1	
  78.18510	 202.40252	 158.56612	        P1	
 113.49450	 436.84001	 409.28586	        P1	
 278.69205	 423.00673	  90.60922	        P1	
  39.09255	 222.06032	 345.44759	        P1	
 211.85640	 339.27909	  39.12668	        P1	
 345.52770	 307.24413	  35.00812	        P1	
 240.86055	 364.76141	 304.26157	        P1	
 436.32330	 393.15601	 396.93006	        P1	
 490.54844	 492.90113	 252.77909	        P1	
 176.54700	 391.69989	 287.78715	        P1	
 240.86055	 472.51529	 477.75757	        P1	
 345.52770	  46.59628	  63.83828	        P1	
 107.18925	  35.67528	  46.84905	        P1	
  12.61050	 435.38389	  70.01618	        P1	
 475.41584	 278.84952	 333.09179	        P1	
 288.78045	 482.70821	 426.27509	        P1	
 100.88400	 225.70069	 348.02167	        P1	
 145.02075	 291.95473	 121.49872	        P1	
 488.02634	 155.07820	 396.93006	        P1	
 185.37435	 328.35809	  39.12668	        P1	
 210.59535	 321.07741	 265.64969	        P1	
 435.06225	 159.44660	 426.27509	        P1	
 424.97385	 168.18340	 469.52039	        P1	
 359.39925	 481.25209	 269.25345	        P1	
 380.83710	 270.84081	 432.45299	        P1	
  68.09670	 182.01669	 385.08907	        P1	
 421.19070	 246.08652	 184.82219	        P1	
 290.04150	 476.15561	 240.93809	        P1	
 383.35920	  37.85948	 411.34514	        P1	
 319.04565	 124.49940	 259.47179	        P1	
 176.54700	 412.08573	 450.47188	        P1	
 430.01805	 481.25209	 374.27774	        P1	
 459.02219	 320.34933	 405.68211	        P1	
 383.35920	 154.35012	 413.40448	        P1	
 312.74040	 189.29732	 407.22658	        P1	
  21.43785	 146.34140	 222.40439	        P1	
 129.88815	 476.88369	 403.62277	        P1	
  45.39780	 393.15601	 310.43947	        P1	
  99.62295	  72.07860	 172.98120	        P1	
 255.99315	  54.60500	 372.21847	        P1	
 200.50695	 312.34061	 149.81407	        P1	
 409.84125	 291.95473	 269.76831	        P1	
   1.26105	 211.86740	  92.66850	        P1	
 384.62025	 436.11193	 405.68211	        P1	
  54.22515	  70.62248	 485.47994	        P1	
   6.30525	 136.14848	  88.54988	        P1	
 208.07325	 447.76101	 378.39637	        P1	
 129.88815	 136.14848	 360.37747	        P1	
 162.67545	 462.32233	 492.17271	        P1	
 186.63540	 272.29692	 177.09982	        P1	
  49.18095	 433.19969	 415.97857	        P1	
 279.95310	 451.40133	 331.54731	        P1	
 471.63269	  49.50852	 325.36941	        P1	
 460.28324	 469.60301	 112.74667	        P1	
 354.35505	 130.32392	 246.60119	        P1	
 461.54429	 164.54309	 127.16175	        P1	
 269.86470	 186.38509	  90.09435	        P1	
 302.65200	 380.05081	  38.61187	        P1	
  35.30940	 199.49029	  94.72778	        P1	
  54.22515	 102.65740	  61.77900	        P1	
 145.02075	 238.07781	 390.75216	        P1	
 293.82465	 137.60460	 339.78449	        P1	
 390.92550	 323.26161	 112.74667	        P1	
 196.72380	 132.50812	 121.49872	        P1	
  40.35360	 241.71812	 201.81142	        P1	
   1.26105	 388.05953	 170.92192	        P1	
 308.95725	 168.18340	 426.27509	        P1	
 230.77215	 273.02501	 100.39087	        P1	
  36.57045	 303.60381	  37.06740	        P1	
 327.87300	 157.26240	 298.08367	        P1	
  29.00415	 109.93808	 465.40177	        P1	
 209.33430	 368.40173	 201.81142	        P1	
 315.26250	 299.96349	 292.42057	        P1	
 339.22245	 152.16592	  24.19679	        P1	
 257.25420	 385.87533	 228.06749	        P1	
  83.22930	  40.77172	  73.61999	        P1	
 176.54700	 330.54229	 238.36395	        P1	
 366.96555	 267.20049	 465.40177	        P1	
 180.33015	 300.69153	  67.44209	        P1	
 470.37164	 325.44581	 315.07289	        P1	
 269.86470	 238.80589	 137.97308	        P1	
 300.12990	 394.61213	  92.15369	        P1	
  32.78730	 384.41921	 117.38010	        P1	
 320.30670	 119.40292	 228.06749	        P1	
 360.66030	 189.29732	 382.51499	        P1	
 358.13820	 205.31480	  57.14557	        P1	
 278.69205	 433.19969	 213.65235	        P1	
 442.62855	 332.72649	 317.13217	        P1	
  65.57460	 324.71773	 320.73599	        P1	
 395.96970	 429.55933	 172.46639	        P1	
 453.97799	 206.77092	 170.92192	        P1	
 466.58849	 171.82372	 240.42329	        P1	
 321.56775	 497.26953	 184.82219	        P1	
 402.27495	 270.11272	  72.07552	        P1	
 455.23904	 360.39301	 321.25079	        P1	
  54.22515	 229.34101	 174.52567	        P1	
 291.30255	 262.83209	 127.16175	        P1	
 103.40610	 495.08533	 306.83571	        P1	
 422.45175	 235.16552	 228.06749	        P1	
 411.10230	 496.54149	 181.21837	        P1	
  61.79145	 130.32392	 172.46639	        P1	
 325.35090	 361.12109	 139.51755	        P1	
 334.17825	 219.14809	  28.31535	        P1	
 448.93379	 356.75269	   3.60375	        P1	
 297.60780	  75.71892	 368.61471	        P1	
 387.14235	 323.98969	 386.63354	        P1	
 104.66715	  51.69272	 102.96502	        P1	
 359.39925	 473.97141	  38.61187	        P1	
   8.82735	 274.48112	 313.01361	        P1	
 189.15750	 323.26161	 302.71709	        P1	
 330.39510	 406.26121	 415.46376	        P1	
 459.02219	  74.26280	  12.35580	        P1	
 307.69620	 340.73521	 481.87619	        P1	
  90.79560	 164.54309	 459.22387	        P1	
 315.26250	 457.22589	 187.39627	        P1	
  41.61465	  16.74552	 363.98129	        P1	
 119.79975	 425.91901	 253.29389	        P1	
  58.00830	 452.85749	  32.94878	        P1	
 226.98900	 398.98053	  98.33159	        P1	
   0.00000	 345.10361	  94.21297	        P1	
  39.09255	 172.55180	  13.90027	        P1	
  11.34945	 463.77849	 219.83025	        P1	
   3.78315	 463.77849	 273.88687	        P1	
 335.43930	 225.70069	 275.43135	        P1	
 137.45445	 108.48192	 183.27772	        P1	
 225.72795	 171.09569	 386.63354	        P1	
   5.04420	   1.45612	 418.03791	        P1	
 266.08155	 406.98929	 193.57417	        P1	
 240.86055	 171.09569	 460.76834	        P1	
 389.66445	 265.74432	 177.09982	        P1	
 284.99730	  49.50852	 462.82768	        P1	
  26.48205	 216.23580	  49.42320	        P1	
 250.94895	 476.88369	 119.43938	        P1	
 204.29010	 477.61173	 350.08101	        P1	
 378.31500	 109.21000	 450.98669	        P1	
 163.93650	 431.01549	   9.78165	        P1	
 340.48350	 470.33109	 275.43135	        P1	
 442.62855	 465.23461	  98.84640	        P1	
  49.18095	 360.39301	 333.60659	        P1	
 136.19340	 123.77132	 462.82768	        P1	
 142.49865	  22.57008	 199.75207	        P1	
 100.88400	  85.91188	 466.94624	        P1	
 133.67130	 275.20921	 389.20769	        P1	
  37.83150	 317.43709	 329.48797	        P1	
 163.93650	 438.29613	 172.46639	        P1	
 489.28739	 479.06789	 170.40705	        P1	
  52.96410	  36.40332	 228.06749	        P1	
  93.31770	 471.78721	 197.69279	        P1	
 143.75970	 128.13972	 362.43681	        P1	
 397.23075	 411.35769	 417.52304	        P1	
  79.44615	 117.21872	 282.12411	        P1	
  70.61880	   2.91228	 392.81144	        P1	
 263.55945	 471.05913	 133.85452	        P1	
 197.98485	 305.05993	 337.72521	        P1	
 441.36750	 269.38469	 193.57417	        P1	
 257.25420	 299.96349	 465.40177	        P1	
  31.52625	 325.44581	 327.42869	        P1	
 355.61610	 350.92813	  73.61999	        P1	
  37.83150	 200.94640	 259.47179	        P1	
 138.71550	 131.05200	 291.90577	        P1	
 213.11745	 262.83209	  70.01618	        P1	
 177.80805	 112.85032	 345.44759	        P1	
 143.75970	 205.31480	 174.52567	        P1	
 498.11474	 465.23461	 154.44750	        P1	
  34.04835	 348.74393	 164.74402	        P1	
 460.28324	 249.72689	 324.85455	        P1	
 220.68375	 382.23501	 364.49609	        P1	
 146.28180	 377.13853	 115.32082	        P1	
  99.62295	 334.18261	 420.09719	        P1	
 403.53600	 186.38509	 250.71975	        P1	
 350.57190	 380.05081	 271.82759	        P1	
 194.20170	  52.42080	 415.46376	        P1	
 424.97385	  25.48232	 319.19151	        P1	
 128.62710	 231.52521	 432.45299	        P1	
 413.62440	 184.92892	 245.05671	        P1	
 471.63269	 464.50653	 493.71718	        P1	
 153.84810	  61.15760	 253.29389	        P1	
 163.93650	 281.03373	 245.05671	        P1	
 190.41855	 160.90272	 166.28849	        P1	
 341.74455	 332.72649	 125.61728	        P1	
 334.17825	 420.09449	 391.26697	        P1	
 456.50009	 486.34853	 177.09982	        P1	
 277.43100	 470.33109	 144.15098	        P1	
 234.55530	 410.62961	 285.72787	        P1	
  52.96410	 444.12069	  20.59298	        P1	
 131.14920	 110.66612	 339.26969	        P1	
 441.36750	 272.29692	 343.90311	        P1	
 272.38680	  91.73640	 174.52567	        P1	
 244.64370	  17.47360	 186.88147	        P1	
 408.58020	  94.64868	 366.55537	        P1	
 314.00145	 101.20128	 201.29655	        P1	
 383.35920	  65.52600	 420.09719	        P1	
 174.02490	 250.45492	  10.29652	        P1	
 494.33159	 426.64709	 403.62277	        P1	
  63.05250	 200.94640	 298.08367	        P1	
 244.64370	 187.84120	 186.88147	        P1	
 302.65200	 463.05041	 415.46376	        P1	
 440.10645	 179.83249	 113.26148	        P1	
 366.96555	 210.41129	 249.17527	        P1	
 186.63540	 200.94640	 477.24276	        P1	
 267.34260	 183.47280	 345.96239	        P1	
 355.61610	 244.63041	 223.94887	        P1	
 103.40610	 275.20921	 291.90577	        P1	
 162.67545	 286.13021	 291.90577	        P1	
 345.52770	 406.26121	  50.96767	        P1	
 466.58849	 423.73481	 216.22649	        P1	
 453.97799	 433.92773	 283.66859	        P1	
   1.26105	 412.81381	 328.97317	        P1	
 418.66860	  36.40332	 345.44759	        P1	
   5.04420	 199.49029	  63.83828	        P1	
  75.66300	 129.59588	  77.73855	        P1	
  70.61880	 103.38548	 477.75757	        P1	
 259.77630	 425.19093	 288.30201	        P1	
 146.28180	   5.82452	  67.44209	        P1	
 402.27495	 230.79712	  42.73049	        P1	
   8.82735	 484.16433	 226.52302	        P1	
 122.32185	  44.41208	 170.40705	        P1	
 482.98214	 155.07820	 345.96239	        P1	
  51.70305	 299.23541	 471.06486	        P1	
  94.57875	 370.58593	 405.68211	        P1	
 366.96555	  45.86820	  81.85717	        P1	
 336.70035	 141.97300	 310.43947	        P1	
  41.61465	 280.30569	 483.93547	        P1	
 341.74455	 316.70901	 372.21847	        P1	
  37.83150	  81.54348	 193.57417	        P1	
 488.02634	 262.83209	  88.54988	        P1	
 464.06639	  21.84200	 172.98120	        P1	
 248.42685	 312.34061	 426.27509	        P1	
 170.24175	 331.27033	   4.11862	        P1	
 488.02634	 484.16433	 294.47991	        P1	
 324.08985	 414.26993	 220.34512	        P1	
 479.19899	 122.31520	 483.42066	        P1	
 229.51110	  48.05240	 353.68477	        P1	
 297.60780	 177.64829	 331.03245	        P1	
 243.38265	 156.53432	 252.77909	        P1	
 477.93794	 360.39301	 372.21847	        P1	
 329.13405	 172.55180	 278.00549	        P1	
 136.19340	 282.48989	 164.22915	        P1	
  70.61880	 489.26081	 261.01627	        P1	
 462.80534	 495.81341	  12.35580	        P1	
 300.12990	 412.08573	 394.87079	        P1	
 167.71965	 252.63912	 302.20229	        P1	
  41.61465	 492.90113	  47.36392	        P1	
 316.52355	 156.53432	 405.68211	        P1	
 372.00975	 134.69232	 357.80339	        P1	
 484.24319	 165.99920	 376.85189	        P1	
  69.35775	 201.67449	 300.14295	        P1	
 177.80805	 219.14809	 150.32888	        P1	
 186.63540	  58.24532	  16.47442	        P1	
 229.51110	 315.98093	 313.01361	        P1	
 351.83295	 369.12981	  30.88950	        P1	
  79.44615	 347.28781	 112.74667	        P1	
 433.80120	 125.22748	  26.77088	        P1	
   8.82735	 305.05993	 257.41251	        P1	
  73.14090	   5.82452	  79.79789	        P1	
 380.83710	 149.98172	 493.71718	        P1	
 279.95310	 429.55933	 345.44759	        P1	
 281.21415	  82.27152	 140.03242	        P1	
 464.06639	  40.77172	 197.17799	        P1	
 464.06639	 186.38509	 324.85455	        P1	
 433.80120	 420.82253	 339.26969	        P1	
 242.12160	 486.34853	 448.92741	        P1	
 206.81220	 234.43749	 232.18605	        P1	
 390.92550	 461.59429	  28.31535	        P1	
 375.79290	 464.50653	 177.09982	        P1	
 233.29425	 409.90153	 343.90311	        P1	
 372.00975	  42.95592	 184.82219	        P1	
  66.83565	 149.25368	 144.15098	        P1	
 327.87300	 269.38469	 113.26148	        P1	
 455.23904	 118.67488	 317.13217	        P1	
 476.67689	 161.63080	 271.82759	        P1	
 196.72380	 401.89281	  18.53370	        P1	
  63.05250	 313.06869	  63.83828	        P1	
 185.37435	 354.56849	 213.65235	        P1	
  66.83565	 369.12981	  69.50137	        P1	
 375.79290	 145.61332	 158.56612	        P1	
 237.07740	 345.10361	 155.99197	        P1	
   7.56630	 299.96349	  88.54988	        P1	
 440.10645	 446.30489	 275.43135	        P1	
 448.93379	 377.13853	 436.57161	        P1	
 195.46275	 360.39301	 347.50687	        P1	
 199.24590	 298.50733	 246.60119	        P1	
 412.36335	 190.02540	 403.10796	        P1	
 157.63125	 459.41009	 471.57967	        P1	
 255.99315	 369.12981	 149.81407	        P1	
  12.61050	 120.85908	 411.34514	        P1	
 118.53870	   5.82452	 467.46111	        P1	
  59.26935	 440.48033	 302.20229	        P1	
  94.57875	 495.81341	 450.98669	        P1	
 373.27080	 228.61292	 133.85452	        P1	
 175.28595	  85.18380	 335.15107	        P1	
 456.50009	 479.06789	 491.65784	        P1	
 225.72795	 415.72609	 397.44487	        P1	
  55.48620	 493.62921	 322.79527	        P1	
 108.45030	  14.56132	 399.50421	        P1	
 271.12575	  99.74512	 424.21581	        P1	
 364.44345	 195.84992	  96.78712	        P1	
 378.31500	 180.56052	  65.89762	        P1	
   6.30525	 190.02540	 186.88147	        P1	
 224.46690	 180.56052	  41.18602	        P1	
  88.27350	 385.87533	 368.61471	        P1	
 325.35090	 486.34853	 405.68211	        P1	
 152.58705	 268.65661	 118.92457	        P1	
 349.31085	 331.27033	 362.43681	        P1	
   5.04420	  49.50852	 419.58238	        P1	
  31.52625	 363.30529	 434.51227	        P1	
 141.23760	 423.73481	 155.99197	        P1	
 160.15335	 338.55101	 383.02979	        P1	
 331.65615	  24.02620	  12.35580	        P1	
 113.49450	 128.13972	 104.50949	        P1	
 340.48350	 192.20960	  24.71160	        P1	
  17.65470	 250.45492	 374.79261	        P1	
 491.80949	 179.10440	  88.03507	        P1	
 157.63125	 206.04289	 354.19957	        P1	
 385.88130	 211.13932	  65.89762	        P1	
  15.13260	 237.34972	 152.38822	        P1	
  66.83565	 125.95552	 455.10531	        P1	
 133.67130	 362.57721	 273.37207	        P1	
 330.39510	 164.54309	 250.71975	        P1	
 234.55530	  87.36800	 316.61737	        P1	
 292.56360	 298.50733	  16.47442	        P1	
 368.22660	 359.66493	 141.57689	        P1	
  84.49035	 462.32233	 308.38019	        P1	
 296.34675	 383.69113	 147.75479	        P1	
  42.87570	 295.59509	 213.65235	        P1	
 406.05810	 356.75269	 366.55537	        P1	
 103.40610	 257.73561	 199.23727	        P1	
 312.74040	 182.01669	 434.51227	        P1	
 199.24590	 196.57800	 463.34249	        P1	
 349.31085	   9.46488	 434.51227	        P1	
 354.35505	 273.02501	  61.77900	        P1	
 243.38265	 219.14809	 212.10787	        P1	
  52.96410	 158.71852	  72.07552	        P1	
 132.41025	  86.63992	 166.28849	        P1	
 441.36750	 404.80509	 249.17527	        P1	
 442.62855	 286.13021	 267.19417	        P1	
  97.10085	  40.04368	  59.20485	        P1	
  60.53040	 230.06909	 417.52304	        P1	
 141.23760	 435.38389	 207.47445	        P1	
 393.44760	 480.52401	 230.12677	        P1	
 252.21000	 281.03373	   5.66310	        P1	
 300.12990	 414.99801	 426.27509	        P1	
 153.84810	 221.33229	 151.87335	        P1	
  37.83150	 444.12069	 195.11865	        P1	
 440.10645	 351.65621	 432.45299	        P1	
  85.75140	 227.15681	  12.35580	        P1	
 245.90475	   9.46488	  63.83828	        P1	
  23.95995	 252.63912	 189.45562	        P1	
 160.15335	  99.74512	 183.27772	        P1	
 200.50695	  72.07860	 395.38559	        P1	
  36.57045	 128.86780	 112.74667	        P1	
 122.32185	  31.30688	 250.71975	        P1	
 430.01805	 294.86701	 341.32897	        P1	
 339.22245	 332.72649	 218.28577	        P1	
 156.37020	  16.01748	 120.98385	        P1	
 307.69620	 161.63080	 383.02979	        P1	
  45.39780	 318.89321	  94.21297	        P1	
 319.04565	 369.12981	  37.06740	        P1	
 340.48350	  99.01708	  20.59298	        P1	
 334.17825	 283.21792	 177.09982	        P1	
 339.22245	  86.63992	 425.76028	        P1	
 330.39510	 251.91109	 267.70897	        P1	
 160.15335	 117.21872	 475.18348	        P1	
 221.94480	 372.77013	  85.97579	        P1	
 244.64370	  58.24532	  96.78712	        P1	
 161.41440	  24.75428	 341.84377	        P1	
 187.89645	 337.09489	 162.68468	        P1	
  32.78730	 133.96428	 281.60925	        P1	
 118.53870	 154.35012	 356.25891	        P1	
 216.90060	 384.41921	 217.77097	        P1	
 163.93650	 431.01549	 176.58495	        P1	
 486.76529	 479.06789	 372.73327	        P1	
 387.14235	 267.20049	  40.67115	        P1	
  78.18510	 288.31441	 471.06486	        P1	
 319.04565	  58.97340	 248.66047	        P1	
 113.49450	 420.82253	  72.07552	        P1	
 153.84810	 238.80589	  45.30458	        P1	
  74.40195	 424.46289	 168.86258	        P1	
 315.26250	 208.22709	 102.45015	        P1	
 489.28739	 131.05200	 352.14029	        P1	
  99.62295	 462.32233	 493.71718	        P1	
 302.65200	   1.45612	 387.14841	        P1	
  74.40195	 268.65661	 353.68477	        P1	
 116.01660	 221.33229	 343.38825	        P1	
 136.19340	 426.64709	 460.76834	        P1	
  49.18095	  92.46448	  63.83828	        P1	
  87.01245	  50.23660	  32.43397	        P1	
 250.94895	 226.42872	 269.76831	        P1	
 496.85369	 265.01629	 102.45015	        P1	
 443.88960	 173.27989	  20.59298	        P1	
   5.04420	   4.36840	 240.93809	        P1	
 182.85225	 385.14729	 428.33437	        P1	
 185.37435	 242.44621	 481.87619	        P1	
  99.62295	 450.67329	 226.00815	        P1	
 172.76385	 136.14848	 175.04047	        P1	
  71.87985	  53.14888	 354.19957	        P1	
 359.39925	  51.69272	  16.47442	        P1	
 446.41170	 397.52441	 310.43947	        P1	
  83.22930	 141.24492	 197.17799	        P1	
 428.75700	 340.73521	  67.95690	        P1	
 210.59535	 274.48112	 339.26969	        P1	
 433.80120	 409.17349	 158.05125	        P1	
 416.14650	 471.78721	  44.78977	        P1	
 136.19340	 289.77053	 209.53379	        P1	
  78.18510	 465.96269	 354.19957	        P1	
 453.97799	  91.73640	 254.83837	        P1	
 433.80120	 425.19093	 240.42329	        P1	
 116.01660	 237.34972	  98.33159	        P1	
 430.01805	  44.41208	 477.75757	        P1	
 494.33159	 334.91069	 238.36395	        P1	
 433.80120	 163.08692	 407.22658	        P1	
 143.75970	 310.15641	 489.59856	        P1	
 211.85640	 423.73481	 242.48257	        P1	
  98.36190	  33.49108	  96.27225	        P1	
  51.70305	  95.37672	 115.32082	        P1	
 257.25420	 310.15641	 197.69279	        P1	
 331.65615	 152.16592	 258.95699	        P1	
 326.61195	 131.78008	 335.66587	        P1	
 418.66860	 168.91149	 256.89765	        P1	
 330.39510	 449.94521	 481.87619	        P1	
  40.35360	 190.75349	  46.84905	        P1	
 184.11330	 202.40252	 326.91389	        P1	
 129.88815	 379.32273	 288.30201	        P1	
 322.82880	 318.89321	 409.28586	        P1	
 137.45445	 255.55141	  12.35580	        P1	
 277.43100	 234.43749	 269.25345	        P1	
 127.36605	 428.83129	 156.50678	        P1	
 469.11059	  49.50852	 288.30201	        P1	
 452.71694	  10.92100	 185.33700	        P1	
  23.95995	 469.60301	 193.05937	        P1	
  16.39365	 321.07741	 205.41517	        P1	
 398.49180	  75.71892	 146.21032	        P1	
 165.19755	 405.53313	 152.38822	        P1	
  34.04835	 423.00673	 178.64429	        P1	
  54.22515	 109.93808	  77.73855	        P1	
 320.30670	 219.87612	  55.08629	        P1	
  23.95995	 294.86701	  20.07817	        P1	
  73.14090	 270.84081	 463.34249	        P1	
 276.16995	 293.41089	 119.43938	        P1	
  10.08840	 238.80589	 405.16724	        P1	
  54.22515	  42.95592	 220.34512	        P1	
 151.32600	 151.43788	 398.98934	        P1	
 450.19484	 415.72609	 238.36395	        P1	
 203.02905	 261.37592	  22.65232	        P1	
 336.70035	 169.63952	 388.69289	        P1	
  37.83150	 138.33268	  71.56065	        P1	
 351.83295	 150.70980	 222.40439	        P1	
 175.28595	 181.28860	  32.43397	        P1	
 151.32600	  64.06988	 442.23464	        P1	
 427.49595	 420.09449	 415.97857	        P1	
  41.61465	 348.74393	 461.28321	        P1	
 109.71135	 385.14729	 287.78715	        P1	
 253.47105	 360.39301	  37.06740	        P1	
 398.49180	 323.26161	 228.58229	        P1	
 245.90475	  74.99088	 273.88687	        P1	
 374.53185	 153.62208	 170.40705	        P1	
 393.44760	  20.38588	 368.09984	        P1	
 446.41170	 390.24373	 448.92741	        P1	
  32.78730	 422.27869	 318.67665	        P1	
  42.87570	 266.47241	 185.33700	        P1	
 315.26250	 260.64789	 335.66587	        P1	
 494.33159	 467.41881	 193.05937	        P1	
 151.32600	 387.33149	 100.90568	        P1	
 124.84395	 345.83169	 361.92194	        P1	
 380.83710	 225.70069	 230.64157	        P1	
 286.25835	 424.46289	  57.66038	        P1	
 462.80534	 194.39380	 222.40439	        P1	
  89.53455	 258.46369	  76.19408	        P1	
 259.77630	 227.15681	 469.52039	        P1	
 194.20170	 486.34853	 110.68739	        P1	
 398.49180	 365.48949	  22.13745	        P1	
 230.77215	 377.86661	 135.91380	        P1	
 218.16165	 402.62089	 144.15098	        P1	
 373.27080	 214.05160	 279.54997	        P1	
  75.66300	 327.63001	 234.76019	        P1	
 389.66445	 321.07741	 106.56877	        P1	
  52.96410	 203.85869	 230.64157	        P1	
  88.27350	  88.82412	 343.90311	        P1	
 403.53600	 219.87612	  73.61999	        P1	
  18.91575	 252.63912	 153.93269	        P1	
  23.95995	  99.74512	  30.37469	        P1	
 359.39925	  16.74552	  85.97579	        P1	
 113.49450	 144.15720	 240.93809	        P1	
 446.41170	 364.03333	 296.02439	        P1	
  64.31355	  79.35928	  63.83828	        P1	
 389.66445	   2.18420	 148.26960	        P1	
  40.35360	 248.99881	 174.52567	        P1	
 470.37164	  66.25408	 429.87884	        P1	
 122.32185	 417.18221	 420.09719	        P1	
 176.54700	 139.78880	 117.38010	        P1	
 254.73210	 481.98013	 164.74402	        P1	
 363.18240	 365.48949	 411.34514	        P1	
 482.98214	 437.56809	  53.02695	        P1	
 412.36335	 376.41049	 108.62805	        P1	
 395.96970	 428.10321	   0.00000	        P1	
  40.35360	 203.85869	 145.69545	        P1	
 472.89374	  63.34180	 321.25079	        P1	
 267.34260	 243.17429	  83.91645	        P1	
 389.66445	 379.32273	 320.73599	        P1	
 244.64370	 342.19133	 345.44759	        P1	
 215.63955	 104.11352	 320.73599	        P1	
 121.06080	 257.73561	 174.52567	        P1	
 370.74870	  14.56132	 283.66859	        P1	
 174.02490	 237.34972	  72.07552	        P1	
 422.45175	 280.30569	 465.40177	        P1	
 157.63125	  69.16632	 263.59041	        P1	
 324.08985	 303.60381	 278.00549	        P1	
  76.92405	 147.79752	 215.71169	        P1	
  89.53455	 392.42793	 438.11608	        P1	
 223.20585	 178.37632	 461.28321	        P1	
 150.06495	 139.06072	 184.82219	        P1	
 150.06495	   2.18420	 489.59856	        P1	
 401.01390	 251.91109	 162.68468	        P1	
 369.48765	 408.44541	 458.70906	        P1	
  66.83565	 460.86621	 118.92457	        P1	
 414.88545	 194.39380	 168.34777	        P1	
 394.70865	  99.74512	 146.21032	        P1	
 437.58435	 220.60420	 339.78449	        P1	
 235.81635	 456.49781	 210.04859	        P1	
 366.96555	 270.11272	  98.33159	        P1	
  26.48205	 302.14769	 113.26148	        P1	
 162.67545	 482.70821	 261.01627	        P1	
 459.02219	 202.40252	  11.84100	        P1	
 325.35090	  18.92972	 201.81142	        P1	
 153.84810	 125.22748	  77.73855	        P1	
 378.31500	  77.17508	 391.26697	        P1	
  80.70720	  77.17508	 453.04597	        P1	
 230.77215	 456.49781	 328.97317	        P1	
   6.30525	  16.74552	  48.90839	        P1	
 203.02905	  64.79792	 135.39899	        P1	
 296.34675	 406.98929	 411.34514	        P1	
 360.66030	 323.26161	 477.24276	        P1	
  87.01245	 331.27033	 380.97051	        P1	
 404.79705	 425.91901	 162.16987	        P1	
 360.66030	 384.41921	 240.93809	        P1	
 176.54700	 152.89400	  75.67927	        P1	
   0.00000	 155.80628	 176.58495	        P1	
 219.42270	 404.80509	  32.94878	        P1	
  26.48205	 302.14769	  83.91645	        P1	
 490.54844	 382.23501	 335.15107	        P1	
 290.04150	 366.94561	 259.47179	        P1	
 133.67130	 155.80628	 300.14295	        P1	
 158.89230	 384.41921	 284.18339	        P1	
 248.42685	 321.07741	 415.46376	        P1	
  49.18095	 128.86780	 384.57426	        P1	
 424.97385	 478.33981	 433.99746	        P1	
 117.27765	 439.02421	  63.32347	        P1	
 148.80390	 314.52481	 433.99746	        P1	
 346.78875	 374.95433	 326.91389	        P1	
 432.54015	  85.18380	 105.02430	        P1	
 151.32600	 476.15561	 316.61737	        P1	
 195.46275	 245.35849	 139.51755	        P1	
   2.52210	 479.06789	 434.51227	        P1	
 272.38680	 231.52521	 197.69279	        P1	
  83.22930	  14.56132	 158.56612	        P1	
 216.90060	  32.03492	 475.18348	        P1	
 482.98214	 204.58672	 140.03242	        P1	
 117.27765	 382.23501	 469.52039	        P1	
 379.57605	 185.65700	 154.44750	        P1	
  75.66300	 364.03333	 442.74951	        P1	
 262.29840	  68.43828	 479.30204	        P1	
 252.21000	 138.33268	  15.95955	        P1	
 281.21415	 374.95433	 214.16722	        P1	
  29.00415	 213.32352	 277.49069	        P1	
 137.45445	 309.42833	 170.92192	        P1	
 428.75700	 346.55973	 135.39899	        P1	
 314.00145	 172.55180	 199.23727	        P1	
 182.85225	  22.57008	 213.65235	        P1	
  98.36190	 342.19133	 147.75479	        P1	
 372.00975	 120.13100	 426.27509	        P1	
  31.52625	 423.00673	 252.77909	        P1	
 301.39095	  91.00832	 263.59041	        P1	
  11.34945	 197.30609	 429.87884	        P1	
 332.91720	 283.94601	 432.45299	        P1	
 354.35505	  50.23660	 432.45299	        P1	
