0  		1.0000000003 		+0.0000000000
0.12  		0.9999961718 		-0.0004978752
0.24  		0.9999665099 		+0.0000034809
0.36  		0.9997734979 		-0.0023331668
0.48  		0.9991899419 		+0.0062735071
0.6  		0.9980706607 		-0.0137463310
0.72  		0.9831840369 		+0.0325467893
0.84  		0.9235278559 		-0.1020834044
0.96  		0.8663661343 		+0.0953417672
1.08  		0.9463642446 		+0.0232341916
1.2  		0.9655127868 		-0.0495812600
1.32  		0.9465227316 		-0.0686337143
1.44  		0.9454952015 		-0.0209073581
1.56  		0.7253629707 		-0.0671881648
1.68  		0.5676631226 		+0.0173002578
1.8  		0.8869707405 		+0.0321441528
1.92  		0.5294409880 		+0.0635802699
2.04  		-0.1608680871 		+0.0800391126
2.16  		0.0402857609 		-0.0334788376
2.28  		-0.0494722711 		+0.1005830963
2.4  		-0.0236155326 		-0.4191395487
2.52  		-0.1871966959 		-0.0492998092
2.64  		0.3955878364 		+0.3986352172
2.76  		0.3081958034 		-0.1443109814
2.88  		0.0853839362 		+0.0557962479
3  		0.7244988519 		-0.0489464807
3.12  		0.4482426858 		-0.0138885157
3.24  		0.5629129784 		-0.0817421042
3.36  		0.0927639254 		-0.0393600158
3.48  		0.3147726029 		+0.0969455018
3.6  		0.3342524199 		-0.0808011323
3.72  		0.3260883514 		+0.2273326266
3.84  		0.2768195188 		-0.3332251879
3.96  		0.0564653943 		+0.1221338482
4.08  		-0.2962346112 		+0.3111325485
4.2  		0.0014726612 		+0.0296667686
4.32  		0.0044460128 		-0.0064946933
4.44  		0.1663009333 		+0.1422043703
4.56  		0.0076368444 		+0.0040717943
4.68  		0.0187031300 		-0.0084390270
4.8  		-0.0321690061 		-0.0228118787
4.92  		0.0092525283 		+0.0023148963
5.04  		0.1372290809 		-0.0947075270
5.16  		-0.3481855692 		-0.0073774828
5.28  		-0.0026573311 		-0.0037405579
5.4  		0.0047203594 		-0.0141200831
5.52  		-0.0518398134 		+0.0198566621
5.64  		-0.0872539324 		-0.0089426681
5.76  		0.0292299964 		-0.0360123420
5.88  		-0.1578014730 		+0.0605574209
6  		0.0015414371 		+0.0008884143
6.12  		-0.0014356947 		-0.0005248786
6.24  		0.0301335128 		-0.0374669846
6.36  		-0.0366567841 		-0.0209728927
6.48  		0.0031503585 		-0.0010825154
6.6  		0.0300023876 		-0.0113942074
6.72  		0.0678577385 		-0.0549981730
6.84  		-0.0333620962 		+0.0576810323
6.96  		-0.0024016374 		-0.0023550995
7.08  		-0.1269766427 		-0.0120607457
7.2  		0.0012715300 		+0.0050170109
7.31999  		-0.0155156381 		-0.0069302470
7.43999  		0.0030535769 		+0.0010580267
7.55999  		0.0007985384 		-0.0145721805
7.67999  		-0.0159621564 		+0.1025263792
7.79999  		-0.0240359359 		-0.0235099036
7.91999  		-0.0147785284 		-0.0029533999
8.03999  		0.0019006871 		-0.0031506290
8.15999  		-0.0009549215 		-0.0007583720
8.27999  		-0.0197955293 		-0.0112173304
8.39999  		0.0492591773 		-0.0002754965
8.51999  		0.0055133693 		+0.0055677733
8.63999  		0.0513861222 		-0.0289727196
8.75999  		0.0039114042 		-0.0036472563
8.87999  		0.0007685861 		-0.0009546839
8.99999  		0.0005136525 		+0.0006526179
9.11999  		0.0000660645 		+0.0003770617
9.23999  		0.0011172171 		+0.0062468033
9.35999  		-0.0351382836 		+0.0102983819
9.47999  		0.0569747525 		-0.0391741218
9.59999  		-0.0089041630 		-0.0034217196
9.71999  		0.0002644366 		-0.0014055167
9.83999  		0.0183593133 		+0.0077802707
9.95999  		-0.0703166379 		+0.0925579731
10.08  		0.0144679924 		-0.0334402095
10.2  		-0.0233247693 		-0.0048926278
10.32  		0.0039237421 		-0.0030102958
10.44  		-0.0473527299 		-0.0362113222
10.56  		0.0358219361 		-0.0315667927
10.68  		-0.0442841770 		-0.0102097204
10.8  		0.0024483853 		-0.0194864731
10.92  		-0.0440273863 		+0.0707236907
11.04  		0.0004486826 		-0.0002546828
11.16  		0.0042828699 		+0.0030863214
11.28  		0.0102013341 		-0.0052473415
11.4  		0.0088452178 		+0.0124258147
11.52  		-0.0267522296 		+0.0222253449
11.64  		0.0461477021 		-0.0757023835
11.76  		0.0383614799 		-0.0344687341
11.88  		-0.0012584920 		+0.0000795735
