0  		1.0000000004 		+0.0000000000
0.12  		0.9999607341 		+0.0018441060
0.24  		0.9998062527 		-0.0105990347
0.36  		0.9942740244 		+0.0327370810
0.48  		0.9793982614 		-0.1404903454
0.6  		0.7218450582 		-0.5352259171
0.72  		0.8897687938 		-0.2161545358
0.84  		0.7021135125 		+0.1120194804
0.96  		0.9063521288 		-0.1404757280
1.08  		0.8151678837 		+0.0539040104
1.2  		0.0939675802 		+0.2146724685
1.32  		0.5032560404 		-0.1011945743
1.44  		0.9179665133 		-0.0121783259
1.56  		0.8346266760 		-0.2080741827
1.68  		0.5916818374 		-0.0530501298
1.8  		0.7531671465 		-0.2314832924
1.92  		0.7566778885 		+0.1231860171
2.04  		0.8814928092 		+0.0277989263
2.16  		0.3665704034 		-0.0854268441
2.28  		0.8365554240 		+0.0123760963
2.4  		0.6250093537 		+0.0463124601
2.52  		0.7449744759 		-0.0110007001
2.64  		0.7420185931 		+0.1263501857
2.76  		0.5220475054 		+0.0837285178
2.88  		0.2789244544 		+0.1786954266
3  		-0.2391961326 		+0.0136220063
3.12  		0.3524197621 		-0.1942243120
3.24  		0.4935073750 		+0.0581343857
3.36  		-0.0731201709 		+0.0574381710
3.48  		0.2476792575 		-0.0901194177
3.6  		0.6035227497 		-0.0007578856
3.72  		0.4113580331 		+0.0735802111
3.84  		0.6469385276 		-0.0369434934
3.96  		0.5508182345 		-0.1183824469
4.08  		0.0476174005 		+0.3236932338
4.2  		-0.3879898525 		+0.0234620360
4.32  		0.5466547585 		+0.0736856087
4.44  		0.4352171414 		-0.0440025980
4.56  		-0.1894406071 		+0.0434032827
4.68  		0.4765761267 		+0.0856953862
4.8  		-0.0457660354 		+0.0139340179
4.92  		-0.1377558235 		+0.0030264686
5.04  		-0.0455352716 		-0.0242492648
5.16  		-0.1554564052 		+0.0016924848
5.28  		-0.2357909356 		-0.1608800183
5.4  		0.0208766281 		-0.0018013705
5.52  		0.4275772122 		+0.0895102051
5.64  		0.4669757922 		-0.0340883013
5.76  		0.4073145216 		-0.0117665722
5.88  		0.3575342167 		+0.0221452898
6  		0.0606903308 		-0.0401465503
6.12  		-0.0538898951 		+0.0920004615
6.24  		0.5755338092 		-0.2421923403
6.36  		0.3058198306 		+0.2294363326
6.48  		0.3511885435 		+0.0300955537
6.6  		0.4432111726 		-0.1626328616
6.72  		0.1274686081 		+0.0439631965
6.84  		0.2588302791 		+0.0793779484
6.96  		0.4636463645 		-0.0397639894
7.08  		-0.2057225929 		-0.1848321336
7.2  		0.2127906699 		+0.0048689170
7.31999  		0.3350060407 		-0.0423264138
7.43999  		0.1009119605 		-0.0197002800
7.55999  		0.0515552718 		-0.0163920297
7.67999  		-0.1008739221 		-0.0241524906
7.79999  		0.0013310265 		-0.0021304641
7.91999  		-0.0385390590 		-0.0300753239
8.03999  		-0.0030648517 		-0.0073587840
8.15999  		0.1514362385 		-0.0644124387
8.27999  		-0.0606694780 		-0.0288333083
8.39999  		0.0000386989 		+0.0006143790
8.51999  		0.0491026478 		-0.0491716119
8.63999  		0.0157301773 		-0.0686692206
8.75999  		0.3937482620 		+0.0649842039
8.87999  		-0.0023865651 		-0.0045116044
8.99999  		-0.0273834979 		+0.0134439746
9.11999  		0.0030558865 		+0.0292745816
9.23999  		0.0502956600 		-0.1108478893
9.35999  		0.2472317618 		-0.1307809037
9.47999  		0.0209943634 		+0.0233455772
9.59999  		0.2659021691 		-0.0105205562
9.71999  		-0.1607342653 		-0.0795805145
9.83999  		-0.0101332528 		-0.0135994141
9.95999  		-0.0039625979 		+0.0105628084
10.08  		0.0454381990 		+0.1082419738
10.2  		0.0176598572 		+0.0459781103
10.32  		0.0263703174 		-0.0098752074
10.44  		0.2059403885 		-0.0058969924
10.56  		0.2354609914 		-0.0485128403
10.68  		0.1551362697 		-0.1248882974
10.8  		-0.0136356169 		-0.0235133198
10.92  		-0.0083208176 		-0.0010329215
11.04  		0.0062777046 		-0.0048653256
11.16  		-0.0000167843 		+0.0003667831
11.28  		0.0016390654 		-0.0001988890
11.4  		0.0085103503 		-0.0113261773
11.52  		-0.0572307626 		-0.0426772460
11.64  		-0.0649525035 		+0.0178124137
11.76  		0.0505078302 		+0.0413991383
11.88  		0.0367614185 		-0.0772933987
