0  		1.0000000000 		-0.0000000000
0.12  		0.9999963507 		-0.0000603062
0.24  		0.9999307358 		-0.0005822889
0.36  		0.9998769760 		-0.0007544945
0.48  		0.9994873837 		+0.0027710575
0.6  		0.9692745991 		+0.0045019930
0.72  		0.9837934482 		+0.0187757658
0.84  		0.9890180884 		-0.0008548910
0.96  		0.9102618826 		-0.0217135153
1.08  		0.9925151998 		+0.0075904095
1.2  		0.9714155125 		+0.0781502919
1.32  		0.9878125905 		-0.0121748486
1.44  		0.9556863051 		+0.0077987926
1.56  		0.9654836206 		+0.0099231117
1.68  		0.9515640355 		-0.0238176838
1.8  		0.9295677134 		+0.0514651537
1.92  		0.9117623093 		-0.0027743234
2.04  		0.7175953179 		-0.0853448352
2.16  		0.7806323898 		+0.1019306650
2.28  		0.9506163645 		-0.0742103431
2.4  		0.7521881727 		+0.0004644534
2.52  		0.6089690178 		-0.0269426627
2.64  		-0.1510957898 		-0.0217169420
2.76  		0.7728763658 		-0.0128111187
2.88  		0.7518226308 		-0.0951733810
3  		0.3273779104 		-0.0736429964
3.12  		0.6748887393 		+0.0115268681
3.24  		0.4214139295 		+0.0273823988
3.36  		0.3305311650 		+0.0863354927
3.48  		0.5439992575 		-0.0412598352
3.6  		0.2337557161 		+0.0216206392
3.72  		0.2257708691 		+0.0691743261
3.84  		0.1462274886 		+0.2480816622
3.96  		-0.0060891488 		+0.0277694570
4.08  		0.6803733540 		-0.0803302900
4.2  		-0.0177577031 		+0.0071775955
4.32  		-0.4831877962 		+0.1058412046
4.44  		0.6790860616 		-0.1384003083
4.56  		0.1833584245 		+0.0630020921
4.68  		0.3543918343 		-0.0098821091
4.8  		0.4516172057 		-0.1697764088
4.92  		0.4399881998 		+0.0074482339
5.04  		-0.3065732683 		-0.0996534836
5.16  		-0.0287936562 		-0.0042876727
5.28  		0.0504504610 		-0.0107837059
5.4  		-0.1010017996 		-0.0031873562
5.52  		0.1548090704 		-0.0710011375
5.64  		-0.0664491153 		+0.0060309853
5.76  		-0.2389056713 		+0.0365762249
5.88  		0.0003813774 		+0.0457769833
6  		0.0321313932 		-0.0146511434
6.12  		-0.0724403208 		+0.0140846104
6.24  		0.0524174070 		+0.0080465121
6.36  		-0.0117267851 		-0.0020589380
6.48  		-0.0118826283 		+0.0057267658
6.6  		-0.0086982203 		+0.0068768080
6.72  		-0.0388500517 		-0.0342914989
6.84  		0.0971937984 		-0.0555250924
6.96  		0.2060230851 		-0.0078642794
7.08  		0.2320766763 		-0.0041148506
7.2  		-0.2056357011 		-0.2705915886
7.31999  		0.0278612254 		-0.3396512557
7.43999  		0.0920829815 		+0.0248672863
7.55999  		0.0897111101 		-0.0106024258
7.67999  		0.0108201080 		-0.0426677967
7.79999  		0.0664060666 		-0.1095946540
7.91999  		0.1213493446 		-0.0566621915
8.03999  		0.0180925636 		-0.0033164228
8.15999  		0.1556266794 		+0.0306470703
8.27999  		0.3633602463 		+0.1472379762
8.39999  		0.4014939399 		-0.0372154956
8.51999  		0.2142017324 		-0.1705781201
8.63999  		0.1024973408 		-0.1156047885
8.75999  		-0.0376943806 		-0.0814989718
8.87999  		-0.0704391743 		-0.0624176130
8.99999  		0.0425354274 		+0.0199682039
9.11999  		-0.0011788022 		+0.0010525095
9.23999  		-0.0400971967 		-0.0596799201
9.35999  		0.0039319769 		-0.0021395870
9.47999  		-0.0010596064 		+0.0000339837
9.59999  		0.0003806148 		+0.0007054335
9.71999  		0.0433829184 		-0.0150882905
9.83999  		0.0221889884 		-0.0309417094
9.95999  		0.0170071566 		+0.0074786262
10.08  		-0.0038860654 		+0.0121518951
10.2  		0.0031882945 		-0.0017580645
10.32  		-0.0115770957 		-0.0091933702
10.44  		0.0043644612 		-0.0259660057
10.56  		0.0007502177 		+0.0001716670
10.68  		-0.0002604348 		-0.0000914519
10.8  		-0.0002679682 		+0.0004794699
10.92  		-0.0000411852 		-0.0005989081
11.04  		-0.0000093840 		-0.0000012496
11.16  		-0.0041871619 		+0.0050077452
11.28  		0.0000376619 		-0.0000960445
11.4  		0.0012892665 		+0.0009205331
11.52  		0.0912328105 		+0.0559650412
11.64  		-0.0093661741 		+0.0630752354
11.76  		0.0104727283 		-0.0038906486
11.88  		-0.0002022140 		-0.0001125717
