0  		1.0000000000 		-0.0000000000
0.12  		0.9990286592 		+0.0001004882
0.24  		0.9948018627 		-0.0009811702
0.36  		0.9762480070 		+0.0092289354
0.48  		0.9591220755 		+0.0226319815
0.6  		0.9239765056 		+0.1318207434
0.72  		0.2674224935 		-0.1415117491
0.84  		-0.0974765271 		+0.0267118084
0.96  		0.7338297738 		-0.0523329271
1.08  		0.1598718581 		-0.0612277518
1.2  		0.2067263570 		+0.0562784690
1.32  		-0.1509180542 		+0.0486557348
1.44  		0.1424090134 		-0.0677977304
1.56  		0.1250086882 		+0.1574893781
1.68  		0.4984101166 		+0.6170369440
1.8  		0.7251073521 		+0.0189436076
1.92  		0.5391471054 		-0.2190069796
2.04  		0.3177645471 		-0.3693435147
2.16  		-0.2726173177 		+0.1553129188
2.28  		-0.3405387719 		-0.1817036730
2.4  		0.0329359874 		+0.0314013785
2.52  		-0.0148846884 		+0.0261581496
2.64  		0.4199136633 		-0.3464372168
2.76  		-0.2080736382 		+0.0040981671
2.88  		0.2461082501 		+0.1238348400
3  		0.5374277969 		+0.1863090165
3.12  		0.3256170037 		+0.1989740058
3.24  		0.3343281795 		+0.1238934403
3.36  		0.7829511462 		-0.0693254423
3.48  		0.0710872977 		-0.0602828976
3.6  		0.1607199956 		+0.1965953703
3.72  		-0.2348037677 		+0.4170922048
3.84  		-0.1446842761 		-0.3007060192
3.96  		-0.0895771991 		-0.1858908969
4.08  		-0.0231023441 		-0.0709147866
4.2  		0.2714077524 		+0.2644719129
4.32  		-0.0200709272 		-0.0732736054
4.44  		-0.0143595139 		+0.0056055868
4.56  		-0.0188360052 		+0.0729078740
4.68  		-0.0061823394 		+0.0132282727
4.8  		-0.0000004173 		-0.0000014497
4.92  		-0.0062230860 		-0.0115343985
5.04  		0.0493227486 		+0.1283523744
5.16  		0.1111245326 		+0.0161871430
5.28  		0.3395839619 		+0.1685213914
5.4  		0.2501113514 		-0.0987030316
5.52  		0.1846117154 		-0.1792704419
5.64  		0.2057917821 		+0.0342672201
5.76  		0.2739188690 		-0.1592146134
5.88  		0.0400219830 		-0.0396312569
6  		-0.0800255209 		-0.0305461382
6.12  		0.0512568792 		+0.0219286770
6.24  		0.0320897850 		+0.0241711530
6.36  		-0.0077601703 		-0.1001284991
6.48  		-0.0065921559 		+0.0101640923
6.6  		-0.0070807934 		-0.0072729145
6.72  		-0.0500335291 		+0.0068698028
6.84  		-0.0061819298 		+0.0018808302
6.96  		0.0005605344 		+0.0007157071
7.08  		0.0095837266 		+0.0032874815
7.2  		-0.0006396303 		+0.0004472456
7.31999  		-0.0044293899 		+0.0009997084
7.43999  		-0.1558237481 		-0.0359609822
7.55999  		0.0372682627 		-0.0063671933
7.67999  		-0.2326278435 		+0.0752759211
7.79999  		0.0808162525 		-0.0429980033
7.91999  		-0.1731616144 		-0.0511134306
8.03999  		0.1124856571 		+0.2370865420
8.15999  		0.1227483270 		-0.0159944625
8.27999  		0.0078168928 		-0.0274384057
8.39999  		-0.0655033195 		+0.0508100172
8.51999  		-0.0485851330 		+0.0670478264
8.63999  		0.0229526913 		+0.2790983249
8.75999  		-0.0193953825 		+0.0097299213
8.87999  		0.0240555894 		-0.0481924912
8.99999  		0.2703057295 		-0.2598270687
9.11999  		0.2765861118 		+0.0153851908
9.23999  		0.3282960331 		+0.1530520944
9.35999  		0.1546760912 		+0.0002834929
9.47999  		-0.0043100935 		+0.0005519513
9.59999  		0.6820940986 		+0.2145274357
9.71999  		0.4711167632 		+0.1648820445
9.83999  		0.3477395696 		-0.0009063042
9.95999  		0.3950484530 		+0.0592565165
10.08  		0.1710982200 		+0.0488634069
10.2  		0.4671072518 		+0.0677272909
10.32  		0.6185372623 		+0.0829856740
10.44  		0.4069442839 		-0.0505942620
10.56  		0.0337740665 		+0.0056755197
10.68  		0.1161511987 		+0.0780725228
10.8  		0.2725609301 		+0.1467801042
10.92  		0.0058636591 		+0.0021696637
11.04  		-0.0292696864 		-0.0170355204
11.16  		0.0006922664 		-0.0469137035
11.28  		0.0254871330 		+0.0191471625
11.4  		0.0641799981 		+0.0441814180
11.52  		0.0475858320 		-0.0814220624
11.64  		0.0965479307 		-0.0082003563
11.76  		0.1918330839 		-0.0013355723
11.88  		0.0630273531 		-0.0102578324
