0  		1.0000000004 		+0.0000000000
0.12  		0.9993472052 		+0.0003756636
0.24  		0.9992811286 		-0.0034945142
0.36  		0.9985442198 		+0.0067861177
0.48  		0.8103296475 		-0.0001774458
0.6  		0.9908930077 		+0.0114975019
0.72  		0.9550787306 		-0.0897398309
0.84  		0.9600539498 		+0.1245701768
0.96  		0.9236647258 		-0.0445641505
1.08  		0.1119399572 		+0.4779086134
1.2  		0.3648718841 		-0.1065562128
1.32  		0.9048221989 		-0.1185146290
1.44  		0.7950998284 		+0.0956445009
1.56  		0.9669269868 		-0.0744193511
1.68  		0.8284670969 		-0.0347455265
1.8  		0.7857632967 		-0.0117651331
1.92  		0.8281946053 		-0.1994135602
2.04  		0.2843932217 		+0.0579620981
2.16  		0.5770993200 		-0.0127378109
2.28  		0.4446433467 		+0.2587584610
2.4  		0.5895910310 		+0.1717740159
2.52  		0.4483987266 		-0.3842165031
2.64  		0.1012310962 		+0.0883775884
2.76  		-0.1050779182 		+0.1279288729
2.88  		0.5964971740 		+0.0847414769
3  		0.7626980753 		-0.0017263529
3.12  		0.2434203663 		+0.1754661012
3.24  		-0.0610847819 		-0.0254482871
3.36  		0.2198183485 		+0.0032700031
3.48  		0.0953296872 		+0.0282834269
3.6  		-0.0179024245 		+0.1055558821
3.72  		0.1177670279 		-0.0474618405
3.84  		-0.3356797597 		+0.1938446390
3.96  		0.1641098137 		+0.0081554357
4.08  		-0.0054864933 		+0.0154637099
4.2  		0.0861769103 		+0.0335341437
4.32  		-0.2692458029 		-0.0252838443
4.44  		0.4340546609 		-0.0501498185
4.56  		0.0958806605 		-0.0034739249
4.68  		0.0954458007 		-0.0239911739
4.8  		-0.3119597661 		-0.0547043514
4.92  		0.1033642287 		+0.0013733460
5.04  		0.3887721686 		-0.0665952235
5.16  		0.5798540793 		+0.0334081755
5.28  		0.5658637099 		-0.0437915141
5.4  		0.4530108989 		+0.0480382427
5.52  		0.1727061374 		+0.0084205772
5.64  		0.3728672071 		-0.0651441217
5.76  		0.4604896922 		+0.1594890822
5.88  		-0.3551176990 		+0.1170636599
6  		0.2314431437 		+0.0348993312
6.12  		0.2770052748 		-0.0616413099
6.24  		-0.2584875179 		+0.0786938949
6.36  		0.0028327649 		-0.0127179833
6.48  		-0.1055007750 		+0.0963978361
6.6  		0.0955973537 		-0.0057122855
6.72  		0.2431660385 		+0.0961045291
6.84  		0.5348693448 		-0.0273564655
6.96  		0.1141198892 		-0.0684272310
7.08  		0.2267944281 		+0.2633096195
7.2  		0.5205106133 		+0.0614221127
7.31999  		0.1078753605 		-0.1530354450
7.43999  		0.0855860646 		+0.0638431237
7.55999  		-0.0156075844 		+0.0486289317
7.67999  		0.1280612279 		+0.2828720601
7.79999  		0.0249364666 		-0.0341670913
7.91999  		0.0003257916 		-0.0000028675
8.03999  		-0.1505051547 		+0.0079653140
8.15999  		-0.0519553771 		+0.0182060323
8.27999  		-0.0270126289 		+0.0094359742
8.39999  		0.0514502288 		+0.0182633381
8.51999  		-0.2203964921 		-0.0326906784
8.63999  		-0.2398143844 		-0.0452803013
8.75999  		0.0106839878 		-0.3847973055
8.87999  		0.3265893351 		+0.0015652138
8.99999  		0.0029478365 		+0.0421461357
9.11999  		-0.0350648240 		-0.0324189589
9.23999  		0.1110630459 		-0.0447251868
9.35999  		-0.0646943510 		-0.1005647321
9.47999  		-0.0669326657 		-0.1034063812
9.59999  		-0.3034264303 		-0.0320666159
9.71999  		-0.0731567871 		-0.1502022556
9.83999  		0.2154835605 		-0.1153540766
9.95999  		0.4515122328 		-0.0277587898
10.08  		0.0194039030 		+0.0149217119
10.2  		0.2563793260 		-0.1783850505
10.32  		0.0187063293 		+0.0292076199
10.44  		0.0588778735 		-0.0349219653
10.56  		0.0187438526 		+0.0708136050
10.68  		0.0247926389 		-0.0045753930
10.8  		0.1130649306 		+0.1658902138
10.92  		0.0040011124 		+0.0018982808
11.04  		-0.1351591233 		-0.0813036614
11.16  		0.1628488800 		+0.0721667750
11.28  		-0.0286752682 		-0.0369680401
11.4  		-0.0130897121 		-0.0076556512
11.52  		0.0287020668 		-0.0593688240
11.64  		-0.0090928984 		+0.0122446894
11.76  		-0.1186862562 		-0.0015309389
11.88  		0.4059890130 		+0.1484367208
