0  		1.0000000000 		+0.0000000000
0.12  		0.9999987504 		+0.0001490626
0.24  		0.9999787433 		+0.0000257138
0.36  		0.9999184192 		+0.0036467367
0.48  		0.9997392985 		+0.0057282292
0.6  		0.9939682963 		+0.0027040057
0.72  		0.9827053507 		+0.0018448489
0.84  		0.9897312141 		-0.0117851510
0.96  		0.9772529964 		-0.0017074580
1.08  		0.9016238776 		+0.0215544550
1.2  		0.9563395873 		+0.0026708237
1.32  		0.9795648036 		-0.0243526611
1.44  		0.2356805991 		+0.1341122503
1.56  		0.9676726411 		-0.0240509617
1.68  		0.9429804461 		-0.0257479365
1.8  		0.9686854982 		-0.0200453005
1.92  		0.9020848517 		-0.0340549694
2.04  		0.8427748559 		+0.0442096328
2.16  		-0.2849866401 		-0.0377476709
2.28  		0.8862021913 		-0.1457676669
2.4  		0.8912602338 		+0.0381511307
2.52  		0.8778530937 		+0.0678177789
2.64  		0.3747363725 		-0.0923536143
2.76  		0.8486600335 		+0.0718434559
2.88  		0.7471674956 		+0.0071634028
3  		0.7889223127 		-0.0935896044
3.12  		0.5600952329 		+0.0600260008
3.24  		0.8145905988 		-0.1363613646
3.36  		0.8197343471 		-0.0848353734
3.48  		0.7353883265 		-0.0483106653
3.6  		0.7485486139 		-0.0439523284
3.72  		0.3876862302 		+0.0266443341
3.84  		-0.2022744797 		-0.0355320523
3.96  		0.2838896221 		+0.0398856476
4.08  		0.4082271771 		+0.0556078969
4.2  		0.5866294940 		-0.0454995351
4.32  		0.4887197823 		+0.0009648948
4.44  		-0.7705075008 		-0.0238567064
4.56  		0.7936618162 		-0.0390689841
4.68  		0.5962674727 		-0.0925952817
4.8  		0.5937032389 		+0.2253147502
4.92  		0.4626290202 		-0.0165899119
5.04  		0.2552205811 		-0.0351329088
5.16  		-0.2898486889 		-0.0231294578
5.28  		0.3902562206 		+0.0462451141
5.4  		0.4801837896 		-0.0188806051
5.52  		0.0363085728 		+0.0040068967
5.64  		-0.1439929948 		-0.0254141065
5.76  		-0.2164605800 		-0.1025000889
5.88  		0.2522286828 		+0.2135698180
6  		0.5290392655 		-0.1613290064
6.12  		0.3577066338 		+0.0855005838
6.24  		-0.3910941747 		-0.0525668050
6.36  		-0.0981136538 		-0.0163684312
6.48  		0.0103031875 		+0.0038507060
6.6  		0.0943584824 		-0.0259012799
6.72  		0.1362424840 		-0.0248301471
6.84  		0.0131259495 		+0.0010525045
6.96  		-0.2036657618 		-0.0225938128
7.08  		0.5698501283 		-0.2325099664
7.2  		0.4765127337 		-0.1073629933
7.31999  		0.3540844916 		-0.0926112643
7.43999  		0.3951086576 		-0.0940123798
7.55999  		0.5447818388 		-0.1020964963
7.67999  		0.3523822769 		-0.0619477851
7.79999  		0.0857692145 		-0.0098928771
7.91999  		0.1964444574 		-0.0367919382
8.03999  		0.5482134262 		-0.0115530518
8.15999  		0.4984712330 		+0.1337774934
8.27999  		0.2909258629 		+0.2306430783
8.39999  		0.4017923681 		+0.0597102795
8.51999  		0.0745996005 		-0.0033988468
8.63999  		-0.2613579872 		-0.0648385985
8.75999  		0.0059360574 		+0.0011105766
8.87999  		0.0332870525 		+0.0113224018
8.99999  		0.3098577626 		+0.0667358525
9.11999  		0.2081831515 		+0.0035766182
9.23999  		0.0122831759 		+0.0157187901
9.35999  		0.0581191065 		+0.0284037571
9.47999  		0.0260621633 		-0.0137007045
9.59999  		-0.0014487593 		+0.0130335358
9.71999  		0.0003085483 		-0.0001351323
9.83999  		-0.0075639484 		+0.0001528640
9.95999  		-0.0008474750 		+0.0006434154
10.08  		-0.0071652000 		+0.0560031975
10.2  		0.1856452703 		-0.0843235296
10.32  		-0.0205114216 		+0.0379287399
10.44  		-0.0045980798 		-0.0018219619
10.56  		-0.0043210837 		+0.0025884392
10.68  		-0.0374977105 		+0.0065159817
10.8  		0.0013014763 		+0.0000058597
10.92  		0.0308059613 		-0.0065708664
11.04  		0.1247293960 		-0.0283958784
11.16  		0.1098265244 		+0.0572686236
11.28  		0.3240465334 		-0.1445139771
11.4  		-0.0451379669 		-0.0189876401
11.52  		0.0035902410 		-0.0177374816
11.64  		0.0101672294 		-0.0025749411
11.76  		0.0080338965 		-0.0039397623
11.88  		0.0034142325 		+0.0001847530
