0  		1.0000000000 		-0.0000000000
0.12  		0.9998783796 		+0.0016117392
0.24  		0.9997471770 		-0.0171807064
0.36  		0.9914654381 		+0.0535433477
0.48  		0.9930202651 		-0.0856959131
0.6  		0.9966564738 		-0.0026061126
0.72  		0.8397508085 		-0.2659646906
0.84  		0.9557067412 		+0.2213719287
0.96  		-0.2954815253 		+0.5471502682
1.08  		0.9259476393 		+0.2148739184
1.2  		0.8006853251 		-0.3780875960
1.32  		-0.3286919675 		+0.0194587588
1.44  		0.5707810251 		+0.5035623188
1.56  		0.1836756378 		-0.3836999101
1.68  		0.0794735850 		-0.0202595989
1.8  		-0.2840830775 		+0.1215737316
1.92  		0.7820326081 		+0.2213159735
2.04  		0.3994893456 		-0.0738621538
2.16  		-0.0579708205 		+0.0385493000
2.28  		0.0939216245 		-0.0463350918
2.4  		0.4625629342 		+0.1370412612
2.52  		0.4959657484 		-0.0871105110
2.64  		0.7996294565 		+0.1000112554
2.76  		0.2256879504 		-0.0581470949
2.88  		0.0334974925 		-0.0157090204
3  		0.4124390671 		+0.1282013431
3.12  		0.3806830670 		+0.1326798545
3.24  		0.1728618239 		-0.0090873156
3.36  		0.0891172943 		-0.0842222746
3.48  		0.1898677614 		+0.0413584147
3.6  		0.2317977656 		+0.0403255620
3.72  		0.4867607668 		-0.0364791971
3.84  		0.3101229232 		-0.1696003551
3.96  		-0.2048565032 		-0.2426655214
4.08  		0.1181044930 		+0.2323317571
4.2  		0.1420786532 		+0.1015014632
4.32  		-0.0782712297 		-0.2317710988
4.44  		0.0922106283 		-0.0280846771
4.56  		0.0009692125 		+0.0198335988
4.68  		0.1033734266 		-0.1918222904
4.8  		-0.2777901802 		+0.0432646710
4.92  		0.0879468940 		-0.2399809538
5.04  		-0.0341239903 		+0.0954978770
5.16  		0.0022988358 		+0.0004651909
5.28  		-0.0342079357 		-0.0137506528
5.4  		-0.0039745660 		+0.0057794243
5.52  		0.0106541745 		+0.0030663588
5.64  		0.1863283728 		+0.0238591882
5.76  		0.3200514783 		+0.0823130730
5.88  		0.0609046032 		+0.0074177181
6  		0.3388739995 		-0.1926753602
6.12  		0.4705945928 		-0.1724899027
6.24  		0.3222648029 		+0.0766945135
6.36  		0.0950660607 		+0.0254506614
6.48  		0.0431723958 		+0.0188227020
6.6  		0.3204145228 		+0.0037187670
6.72  		0.4800271146 		+0.0140010544
6.84  		-0.3330395813 		-0.0524130291
6.96  		-0.1794406725 		-0.0983801831
7.08  		0.3645681462 		-0.0471354348
7.2  		0.6240775286 		+0.0422415413
7.31999  		0.3113565114 		+0.0400024758
7.43999  		-0.1982495750 		-0.0741155371
7.55999  		0.0865465336 		-0.0478230046
7.67999  		0.2945580136 		+0.0098017646
7.79999  		0.5802999129 		-0.0748119231
7.91999  		0.6093054459 		-0.0558903750
8.03999  		0.1365879831 		+0.0025040069
8.15999  		-0.0451636244 		-0.0850394372
8.27999  		0.1480764012 		+0.0870154325
8.39999  		0.0919122340 		+0.1639638186
8.51999  		0.0495094912 		+0.0172813517
8.63999  		0.1514838772 		+0.0769851031
8.75999  		0.1696058877 		-0.0922390281
8.87999  		0.2141561142 		-0.1457174050
8.99999  		0.4434515251 		-0.1307003763
9.11999  		-0.0572992880 		+0.0204646882
9.23999  		-0.3834432984 		-0.0422682608
9.35999  		0.1233075783 		+0.0347932766
9.47999  		-0.0264949828 		-0.1127915366
9.59999  		0.1090511903 		-0.0088801567
9.71999  		0.0937739481 		+0.0843148714
9.83999  		0.0808316519 		-0.0012600211
9.95999  		0.0000646532 		+0.0001183482
10.08  		-0.0078792181 		-0.0010539054
10.2  		0.0191253251 		-0.0689236451
10.32  		-0.0283360311 		-0.0169253947
10.44  		-0.0721734986 		+0.0140816973
10.56  		0.0047683946 		-0.0096937593
10.68  		0.0227960686 		+0.0178366064
10.8  		0.0786348737 		-0.0250837252
10.92  		0.0892004237 		-0.0416451848
11.04  		0.1457754534 		+0.0975321916
11.16  		-0.1371788369 		-0.0092500396
11.28  		-0.1954079423 		+0.0452917631
11.4  		-0.0024059221 		-0.0038939157
11.52  		-0.0521105952 		+0.0155662075
11.64  		-0.0031482506 		-0.0022267713
11.76  		0.0336688189 		+0.0065288595
11.88  		-0.0576286044 		-0.0490549367
