0  		1.0000000004 		+0.0000000000
0.12  		0.9999959524 		+0.0000817939
0.24  		0.9999116359 		+0.0005812657
0.36  		0.9632764828 		-0.0009352115
0.48  		0.9969280688 		+0.0136733011
0.6  		0.9256395851 		+0.0060894796
0.72  		0.9351779367 		+0.0114803328
0.84  		0.9758524538 		-0.0574441738
0.96  		0.6350104478 		+0.0501996307
1.08  		0.5349303879 		+0.3267419518
1.2  		0.2998333222 		-0.0014180351
1.32  		0.4037275472 		+0.1456662271
1.44  		0.3090606598 		-0.0179598649
1.56  		0.4864884752 		+0.0786135316
1.68  		0.7748412684 		+0.0207497391
1.8  		0.6163974618 		-0.1503275890
1.92  		0.7270221926 		+0.2926605054
2.04  		-0.2843275190 		-0.0277971869
2.16  		0.2669683371 		-0.1586042954
2.28  		0.1260745863 		+0.0679736276
2.4  		0.6095206430 		-0.3455965296
2.52  		0.8426137201 		+0.2641267730
2.64  		0.8202241111 		-0.1062155949
2.76  		0.7126641606 		-0.2150323203
2.88  		-0.2729881600 		-0.0049791602
3  		0.5685793518 		-0.1502193106
3.12  		0.4795386468 		-0.0918470727
3.24  		0.3040735464 		-0.2500549580
3.36  		0.0112783038 		+0.0655568124
3.48  		-0.1976911969 		-0.0480461160
3.6  		0.6888059811 		+0.0356298308
3.72  		0.7094388810 		+0.0614503803
3.84  		0.8632493040 		-0.0392570134
3.96  		0.4025556537 		+0.2116556092
4.08  		0.5617937015 		-0.1811829301
4.2  		0.8066481139 		-0.1217868742
4.32  		0.6273839947 		+0.0368505974
4.44  		0.7537151073 		+0.0558671757
4.56  		0.0245135438 		+0.0040644461
4.68  		0.6743171309 		+0.0246918691
4.8  		0.0841323888 		+0.0060565417
4.92  		0.4392566706 		-0.0145947016
5.04  		0.7134181089 		-0.0561099841
5.16  		0.6486654959 		-0.0012493512
5.28  		0.2063471982 		+0.0114321280
5.4  		0.0465758224 		-0.0216297107
5.52  		0.5169288728 		+0.1580373825
5.64  		0.4561565401 		+0.0301572243
5.76  		0.6353838723 		-0.1513383007
5.88  		0.3062465707 		+0.0743611799
6  		0.0006166845 		+0.0679864292
6.12  		0.0109366079 		+0.0200311433
6.24  		0.1839462671 		-0.0169602462
6.36  		0.2061648882 		+0.0304784203
6.48  		0.3165639507 		+0.0320523298
6.6  		0.0702714075 		-0.0071712740
6.72  		-0.0616030456 		+0.0001981896
6.84  		0.0376562929 		+0.0306307668
6.96  		-0.0945458698 		-0.0001233508
7.08  		0.2922191132 		+0.0661097629
7.2  		0.0768528845 		-0.0338175849
7.31999  		0.2583590948 		-0.0218263455
7.43999  		0.0112030585 		+0.0080376954
7.55999  		-0.0003993860 		-0.0015848178
7.67999  		-0.0006670579 		+0.0003308648
7.79999  		0.0007751993 		-0.0040839242
7.91999  		0.0116381271 		-0.0037508500
8.03999  		0.2260170197 		-0.0950405961
8.15999  		0.2573125904 		+0.0619653286
8.27999  		0.1788336719 		-0.0459738473
8.39999  		-0.1275183731 		+0.0488202381
8.51999  		0.0192682788 		+0.0086172974
8.63999  		-0.0095177272 		+0.0036728398
8.75999  		-0.0401506183 		+0.0135655481
8.87999  		0.0029087794 		-0.0002406547
8.99999  		-0.0077153318 		+0.0040153544
9.11999  		-0.0023803887 		+0.0008927245
9.23999  		-0.0000189274 		+0.0000565877
9.35999  		0.0000996778 		-0.0000247090
9.47999  		0.0206002872 		+0.0330894461
9.59999  		0.1149789255 		-0.1153560647
9.71999  		0.0963044667 		+0.0399276940
9.83999  		-0.0019812015 		-0.0041175912
9.95999  		0.0018256514 		-0.0007951159
10.08  		0.0008353820 		-0.0007165376
10.2  		0.0033441329 		-0.0001062339
10.32  		-0.0089224961 		-0.0109033270
10.44  		-0.0013051383 		-0.0001386238
10.56  		-0.0106353888 		+0.0049109027
10.68  		0.0496262531 		-0.0244675193
10.8  		-0.0077575724 		-0.0025065897
10.92  		-0.0239011798 		+0.0030573548
11.04  		-0.0011640247 		-0.0007018390
11.16  		-0.0146659953 		-0.0030916113
11.28  		-0.0463685651 		+0.0013449158
11.4  		-0.0807113916 		+0.0030268782
11.52  		-0.0491794126 		-0.0696052822
11.64  		-0.0647506314 		-0.0304531495
11.76  		0.0187040399 		-0.0257755615
11.88  		-0.0021552660 		+0.0019045826
