0  		1.0000000000 		+0.0000000000
0.12  		0.9999955261 		-0.0016083129
0.24  		0.9998819348 		-0.0067060234
0.36  		0.9992380120 		+0.0055616862
0.48  		0.9974180836 		+0.0306086876
0.6  		0.9765797855 		+0.0615883394
0.72  		0.9511529323 		+0.0574584769
0.84  		0.9147660905 		-0.0377700094
0.96  		0.9368677680 		-0.1029640724
1.08  		0.9668765819 		-0.1027605920
1.2  		0.9512741665 		+0.0060851214
1.32  		0.3773989307 		+0.1396500906
1.44  		0.3988490962 		-0.4436674925
1.56  		0.0438496944 		-0.5153850639
1.68  		0.0077444225 		+0.5767907249
1.8  		0.0055390029 		-0.1905046462
1.92  		-0.2478202606 		-0.5493564094
2.04  		0.5609129374 		+0.5932735718
2.16  		0.6407216291 		-0.2687712132
2.28  		0.4751508716 		-0.5309481901
2.4  		-0.5028863527 		+0.3871940614
2.52  		0.3265614011 		-0.2100073013
2.64  		-0.0323795916 		-0.0057596422
2.76  		0.1681742674 		+0.0710501797
2.88  		0.2164351738 		+0.1783959779
3  		0.3642729048 		+0.1450773299
3.12  		0.2100279147 		+0.0731244925
3.24  		0.3094229285 		-0.3653502668
3.36  		0.0474816597 		+0.0150321674
3.48  		0.5769979631 		+0.4581428822
3.6  		0.2101368407 		+0.3014835705
3.72  		0.2107230236 		+0.0042966499
3.84  		0.1023441886 		-0.2121434027
3.96  		0.3432444962 		-0.3744640349
4.08  		-0.3413352911 		+0.1351821713
4.2  		0.1908711831 		-0.0220115338
4.32  		0.1958305039 		+0.1892636679
4.44  		0.1426365442 		+0.0735308811
4.56  		0.0969880307 		+0.0191955594
4.68  		0.0363907471 		-0.1075078949
4.8  		-0.0458412250 		+0.3019934938
4.92  		-0.4079834489 		+0.2389250784
5.04  		-0.0176136936 		-0.0228920589
5.16  		-0.0608093369 		-0.0091499789
5.28  		-0.0060760499 		+0.0019652343
5.4  		-0.0559244978 		-0.0655442225
5.52  		-0.0453959143 		+0.0193843225
5.64  		0.2294005146 		+0.2038867592
5.76  		0.0679659543 		-0.0340338365
5.88  		0.1430971488 		+0.0452262541
6  		-0.0557763654 		-0.0150900976
6.12  		0.1249178194 		-0.0691710749
6.24  		0.0917223146 		+0.0436059111
6.36  		0.1019134786 		+0.1475360851
6.48  		0.0221237334 		-0.0346161590
6.6  		-0.0015322078 		+0.0017734721
6.72  		0.0040737127 		+0.0036025139
6.84  		0.0102539737 		+0.0108502828
6.96  		0.0014496742 		-0.0005423574
7.08  		0.0843125979 		+0.0565109860
7.2  		0.0023695827 		+0.0004188777
7.31999  		-0.0659241770 		-0.0516035768
7.43999  		0.1889576814 		-0.0315031006
7.55999  		0.0656814296 		-0.0813136321
7.67999  		0.1478428912 		+0.2793168660
7.79999  		0.0909489025 		-0.0131703599
7.91999  		-0.0059457871 		-0.0236884481
8.03999  		-0.0279138477 		-0.0063209548
8.15999  		0.0069712725 		+0.0016249451
8.27999  		-0.0008925518 		+0.0007048428
8.39999  		-0.0007584874 		-0.0002195504
8.51999  		-0.0000592630 		+0.0002822829
8.63999  		0.0316303837 		+0.0262103986
8.75999  		0.0596871570 		+0.0021361335
8.87999  		0.0032121767 		-0.0002345057
8.99999  		0.0006150757 		-0.0001355910
9.11999  		0.0007659007 		-0.0001691558
9.23999  		0.0002615310 		+0.0007871820
9.35999  		-0.0085837749 		+0.0083892084
9.47999  		0.0001199407 		-0.0001396150
9.59999  		-0.0055641732 		+0.0010954712
9.71999  		0.0050634221 		+0.0252274099
9.83999  		0.0703166913 		+0.0121712215
9.95999  		0.0005842735 		+0.0018501019
10.08  		0.0006851453 		+0.0012703984
10.2  		-0.0087431256 		-0.0014085463
10.32  		0.0000305815 		-0.0000119942
10.44  		-0.0032866869 		-0.1265608406
10.56  		0.0029608312 		-0.0100746330
10.68  		0.0015653583 		+0.0096226608
10.8  		0.0011209346 		+0.0001089964
10.92  		-0.0000247694 		+0.0000164526
11.04  		0.0009039679 		+0.0009139879
11.16  		0.0157225030 		+0.0059297958
11.28  		-0.0003846704 		-0.0004942204
11.4  		-0.0014093399 		-0.0007456290
11.52  		-0.0080738779 		+0.0031071624
11.64  		-0.0009336885 		-0.0004631297
11.76  		-0.0010664394 		-0.0001585209
11.88  		-0.0011999971 		-0.0052905581
