0  		1.0000000004 		+0.0000000000
0.12  		0.9998866728 		+0.0062630467
0.24  		0.9991732543 		-0.0164543543
0.36  		0.9950274767 		+0.0201251810
0.48  		0.9705537051 		-0.0767272190
0.6  		0.9291334167 		-0.0237290950
0.72  		0.7936221273 		+0.0769078760
0.84  		0.8497964095 		+0.0925134973
0.96  		0.5217222739 		-0.0547651074
1.08  		0.3540348635 		+0.4496876086
1.2  		-0.0035531912 		+0.0181448502
1.32  		0.1472318230 		-0.5788927789
1.44  		-0.0041368481 		+0.0443499581
1.56  		-0.2851227657 		-0.0996944082
1.68  		-0.0300013974 		+0.0361231133
1.8  		-0.0859967853 		+0.0407818703
1.92  		0.0340001156 		-0.0708429663
2.04  		0.0460015638 		-0.0130041877
2.16  		0.3292451338 		+0.1660127727
2.28  		0.5331486370 		+0.2068011533
2.4  		-0.1196503438 		+0.0204340383
2.52  		0.2809572437 		-0.0833945939
2.64  		0.3749217847 		+0.2450956495
2.76  		0.3442414095 		+0.3096452466
2.88  		-0.0742230172 		+0.0511138530
3  		0.1747461898 		-0.1192342835
3.12  		0.7751240120 		+0.1302173271
3.24  		-0.0025461299 		+0.0042695035
3.36  		0.0441771108 		+0.4525967594
3.48  		-0.1513379163 		-0.4950311348
3.6  		-0.2117319202 		+0.1180432333
3.72  		0.1407826673 		+0.2006582555
3.84  		0.5076762662 		-0.1099629278
3.96  		-0.0851791805 		-0.0494342157
4.08  		0.1283737995 		-0.1119915919
4.2  		0.6215665481 		+0.2529081749
4.32  		0.2575403890 		+0.1081287922
4.44  		0.2764816122 		-0.3312461720
4.56  		0.3135110989 		+0.3533957433
4.68  		0.2337660522 		-0.3020755633
4.8  		-0.0002341850 		+0.0004485072
4.92  		0.1573158676 		+0.0032292883
5.04  		0.0017246818 		+0.0095150678
5.16  		0.0022046624 		+0.0025243948
5.28  		0.1459984351 		+0.0131407708
5.4  		0.0020244742 		+0.0006014240
5.52  		0.0252535218 		+0.0017934406
5.64  		-0.0871392251 		-0.0181720617
5.76  		-0.2771904976 		-0.0696638214
5.88  		0.0015532704 		-0.0414105597
6  		-0.0062845352 		+0.0151897222
6.12  		0.0088259972 		+0.0006520470
6.24  		0.0324612174 		+0.0257422900
6.36  		0.0369448998 		+0.1390869053
6.48  		-0.1069742907 		+0.1679944536
6.6  		0.4084362650 		-0.3783343219
6.72  		0.2326609930 		+0.1153018780
6.84  		0.3861792330 		-0.3758434403
6.96  		0.0681963738 		+0.0217868443
7.08  		0.0793164447 		+0.0114503890
7.2  		0.0099923820 		-0.0249710174
7.31999  		0.0699367247 		+0.0387176544
7.43999  		-0.0362196798 		-0.0560428079
7.55999  		0.0929084044 		-0.0544116144
7.67999  		0.0593074368 		-0.0258173109
7.79999  		0.0320649750 		-0.0164145890
7.91999  		0.0101029166 		+0.0037404017
8.03999  		0.0779619768 		+0.0084857663
8.15999  		0.0262695597 		-0.0374188188
8.27999  		0.0011696513 		+0.0014637147
8.39999  		-0.0027108602 		+0.0000803587
8.51999  		0.0002198466 		+0.0001193361
8.63999  		0.0009088421 		-0.0002352456
8.75999  		0.1868061628 		+0.0063815714
8.87999  		-0.1218814790 		-0.0715443287
8.99999  		0.0002186980 		+0.0171146850
9.11999  		0.0061561073 		+0.0025194038
9.23999  		-0.0727193811 		-0.0177137773
9.35999  		-0.1180721386 		+0.0161267914
9.47999  		0.0014573716 		+0.0023494881
9.59999  		0.0586581574 		+0.0058971447
9.71999  		0.0001748490 		+0.0000855168
9.83999  		-0.0035349695 		-0.0024794212
9.95999  		-0.0051045900 		+0.0002948275
10.08  		0.0001037639 		-0.0049405062
10.2  		0.0008431518 		-0.0000592346
10.32  		-0.0159802775 		-0.0214336188
10.44  		0.0000210452 		-0.0000149746
10.56  		0.0083743005 		+0.0014304230
10.68  		-0.0026274728 		-0.0018318983
10.8  		-0.0051752094 		+0.0309393607
10.92  		-0.0399629047 		+0.0416670616
11.04  		0.0276428309 		-0.0278130690
11.16  		0.0001815411 		-0.0000900822
11.28  		-0.0027631375 		+0.0007378157
11.4  		-0.0275660271 		+0.0215398064
11.52  		-0.0210012998 		+0.0709697594
11.64  		0.0198764755 		+0.0089346735
11.76  		0.0220743767 		+0.0155836985
11.88  		-0.0012747793 		+0.0000335222
