0  		1.0000000004 		-0.0000000000
0.12  		0.9999994654 		+0.0000264460
0.24  		0.9998907971 		-0.0051297600
0.36  		0.9998064668 		+0.0022612573
0.48  		0.9991048779 		-0.0133057813
0.6  		0.9906016165 		-0.0840467406
0.72  		0.9972790334 		-0.0009814525
0.84  		0.9826831552 		-0.0286091938
0.96  		0.7603685211 		-0.1468199266
1.08  		0.9618333930 		+0.0175670808
1.2  		0.9773379144 		+0.0102025136
1.32  		0.9812023026 		+0.0292820820
1.44  		0.5944318723 		-0.1497911635
1.56  		-0.0345835149 		-0.0336092843
1.68  		0.5664459402 		+0.0030643244
1.8  		-0.0469846443 		+0.3690127186
1.92  		0.7874850984 		+0.0704258755
2.04  		0.8568922334 		-0.0155478998
2.16  		0.3438732332 		+0.0069277842
2.28  		-0.3652334900 		+0.0791393301
2.4  		0.7491663404 		+0.0294308430
2.52  		0.3547862577 		+0.1117030840
2.64  		0.8444496708 		-0.0190952365
2.76  		0.7706379574 		+0.1026537227
2.88  		0.7221529052 		-0.3164347924
3  		-0.0573679745 		-0.0045551000
3.12  		0.1360730505 		-0.0088130935
3.24  		0.5883368732 		+0.0379793890
3.36  		0.4747607975 		-0.0068700638
3.48  		0.8105864972 		-0.0346034712
3.6  		0.7683271022 		-0.0484907754
3.72  		0.2931609378 		-0.1192241396
3.84  		0.4763720912 		-0.0032847584
3.96  		0.0368580600 		+0.2416630662
4.08  		-0.1141668614 		-0.1885343236
4.2  		0.3135985712 		+0.0087398878
4.32  		0.3395277460 		-0.0868933527
4.44  		-0.0744884032 		+0.3502530294
4.56  		0.3375733538 		-0.1101391498
4.68  		0.5117292926 		-0.2542334823
4.8  		0.0857848150 		-0.0038463850
4.92  		-0.2380210830 		-0.0475570658
5.04  		0.2690101891 		-0.0184545846
5.16  		0.3078919904 		+0.0765883830
5.28  		0.0660910402 		+0.0281702046
5.4  		0.1397223302 		+0.0778647802
5.52  		-0.0683410931 		+0.0190099679
5.64  		0.1829910928 		+0.0602212109
5.76  		0.3791329497 		-0.1271124680
5.88  		-0.1541083232 		-0.0129257263
6  		-0.0387994700 		+0.0293178570
6.12  		-0.0458502463 		-0.1131332720
6.24  		0.4952828315 		+0.0903056736
6.36  		0.0179629205 		-0.0247694704
6.48  		0.1869116566 		-0.0255172767
6.6  		0.0514887583 		+0.0004086035
6.72  		0.0847599762 		-0.0359948905
6.84  		0.0093713173 		-0.0338760952
6.96  		-0.0000772921 		-0.0009164053
7.08  		0.0302117519 		+0.0040978398
7.2  		-0.0165077434 		+0.0079319338
7.31999  		0.0004056887 		+0.0002732946
7.43999  		-0.0083578157 		-0.0101723986
7.55999  		-0.0145550568 		+0.0033870141
7.67999  		-0.0648189064 		+0.0129265756
7.79999  		0.0358377580 		+0.0035281087
7.91999  		0.0001382854 		-0.0067929875
8.03999  		-0.0666314411 		-0.0080368972
8.15999  		0.0155395776 		-0.0024783998
8.27999  		0.1167037490 		-0.0436293925
8.39999  		0.2512021293 		-0.0023555245
8.51999  		0.3425563560 		+0.0749479931
8.63999  		0.2009771438 		-0.0376207522
8.75999  		0.0154545781 		-0.0035213004
8.87999  		0.0173107357 		+0.0085741227
8.99999  		-0.0272117493 		+0.0033005782
9.11999  		-0.0011790491 		+0.0003861891
9.23999  		0.0743798371 		+0.0072808613
9.35999  		0.0474095342 		-0.0073307802
9.47999  		-0.0297064749 		-0.0068667654
9.59999  		0.0777402457 		-0.0411290866
9.71999  		0.1465455988 		+0.1185471915
9.83999  		0.2357850079 		+0.1227231569
9.95999  		0.3757873752 		+0.0495591506
10.08  		0.1887727597 		+0.0052600022
10.2  		0.2757595902 		+0.0321884419
10.32  		0.1967411560 		-0.0790594377
10.44  		0.1815842956 		-0.1362490981
10.56  		0.0124412598 		-0.0210579566
10.68  		0.0001826354 		+0.0026625892
10.8  		-0.0072547896 		-0.0030891905
10.92  		-0.0304249104 		+0.0123569417
11.04  		0.0068804799 		-0.1295773917
11.16  		0.0383777654 		+0.0869558659
11.28  		0.0005548951 		-0.0000843692
11.4  		-0.0082375997 		-0.0247644893
11.52  		-0.0879885738 		+0.0456775207
11.64  		-0.0842434723 		+0.1205218217
11.76  		0.0011477070 		+0.1077184265
11.88  		-0.0450866646 		-0.0009866338
