0  		1.0000000000 		+0.0000000000
0.12  		0.9999713708 		-0.0003907125
0.24  		0.9993382873 		+0.0042073459
0.36  		0.9908996524 		-0.0008741120
0.48  		0.9518209227 		+0.0327472392
0.6  		0.9586615483 		+0.0221276636
0.72  		0.9316726533 		+0.0017767491
0.84  		0.8961221577 		+0.0058397179
0.96  		0.6547288992 		-0.1407645587
1.08  		0.3707800493 		-0.3044430094
1.2  		-0.4830849019 		-0.5872963182
1.32  		0.5591247757 		-0.1733666384
1.44  		0.5615847284 		+0.0295742338
1.56  		0.6635202558 		-0.0013396957
1.68  		0.8192287816 		-0.2256434054
1.8  		0.2168928968 		-0.0133609294
1.92  		0.7706672556 		+0.1703065783
2.04  		0.3972826859 		-0.0665067827
2.16  		0.1186013717 		-0.0166388627
2.28  		-0.3384543317 		-0.0698729651
2.4  		0.4822624856 		-0.0666249885
2.52  		-0.1054320297 		+0.0208730102
2.64  		-0.2320889688 		-0.0683246914
2.76  		-0.0877698208 		+0.0624814165
2.88  		0.1300158546 		+0.0441763170
3  		0.0511412681 		+0.0944051571
3.12  		0.1254381403 		-0.0061473264
3.24  		0.0735403083 		+0.0156001514
3.36  		-0.0143632535 		-0.0062407139
3.48  		-0.1758684765 		-0.3449663932
3.6  		0.0489841883 		-0.0169653065
3.72  		0.0269206776 		+0.0139151553
3.84  		0.4253824797 		+0.0138926685
3.96  		0.0038434556 		+0.0031071728
4.08  		-0.0364295567 		+0.0894863103
4.2  		-0.0680987417 		-0.0589400236
4.32  		-0.2189688541 		-0.1092260346
4.44  		0.1891348915 		+0.0425978165
4.56  		0.2096988095 		-0.0729432565
4.68  		-0.0658573927 		+0.1022758866
4.8  		-0.0061754789 		+0.0825265601
4.92  		0.1655057541 		-0.1803735843
5.04  		-0.3323308117 		-0.0126366527
5.16  		0.1179216522 		-0.0981895336
5.28  		0.0785972897 		+0.0956059881
5.4  		-0.1552165328 		-0.0208821984
5.52  		0.1787794348 		+0.0134597720
5.64  		-0.0107945564 		+0.0323771719
5.76  		-0.0018215250 		+0.0049041292
5.88  		0.1754949653 		+0.0499881336
6  		-0.0951831526 		+0.0196835214
6.12  		0.0053671816 		+0.0012707569
6.24  		-0.0002238081 		-0.0000031076
6.36  		0.0089284062 		+0.0072685918
6.48  		-0.0118584559 		-0.0184181093
6.6  		0.0022446525 		-0.0056010204
6.72  		-0.0025758149 		+0.0002318255
6.84  		0.0239574167 		-0.0550747684
6.96  		0.0002273329 		-0.0007541788
7.08  		-0.0004144025 		+0.0001987757
7.2  		0.0007310101 		+0.0009054174
7.31999  		0.0006168609 		-0.0028769938
7.43999  		-0.0062103237 		-0.0031518159
7.55999  		0.0003635097 		-0.0004352894
7.67999  		-0.0057134208 		+0.0036277690
7.79999  		0.0003092129 		+0.0013728394
7.91999  		0.0648849169 		+0.0537538723
8.03999  		0.0004537693 		+0.0004712840
8.15999  		-0.0037140675 		-0.0124521592
8.27999  		-0.0232966537 		-0.0211193861
8.39999  		-0.0005054922 		-0.0011504924
8.51999  		0.0605705013 		-0.0538342268
8.63999  		0.0021763942 		+0.0005885674
8.75999  		-0.0136064854 		+0.0013335682
8.87999  		0.0036568958 		+0.0007825571
8.99999  		0.0177885464 		-0.0020465936
9.11999  		0.0127077972 		+0.0025162918
9.23999  		0.1665194516 		-0.0220206447
9.35999  		0.0174064873 		-0.0204668581
9.47999  		-0.0132454481 		+0.0371722304
9.59999  		-0.0461332400 		-0.0128690364
9.71999  		0.0311903617 		-0.0068140260
9.83999  		0.0213786964 		-0.0214210377
9.95999  		0.0559277298 		+0.0091328262
10.08  		-0.0401374365 		+0.0111042263
10.2  		0.0001282621 		-0.0002342983
10.32  		-0.0117314303 		+0.0144029170
10.44  		-0.0016787737 		-0.0000016739
10.56  		0.0296720763 		-0.0092460942
10.68  		-0.0006180982 		-0.0009976677
10.8  		-0.0027026997 		+0.0005543411
10.92  		0.0013421865 		+0.0012502895
11.04  		-0.0311478544 		-0.0274300799
11.16  		0.0057582809 		-0.0000627463
11.28  		-0.0000456685 		-0.0000676649
11.4  		-0.0001874666 		+0.0000735200
11.52  		0.0018225260 		-0.0001535364
11.64  		0.0015181043 		-0.0052369960
11.76  		0.0403483733 		+0.0016544890
11.88  		0.0011970755 		+0.0120138724
