0  		1.0000000004 		-0.0000000000
0.12  		0.9998263668 		-0.0002767919
0.24  		0.9984363260 		+0.0008684677
0.36  		0.9739038416 		-0.0641262040
0.48  		0.8688582224 		+0.0160065307
0.6  		0.9666546432 		+0.0457913225
0.72  		0.9452347922 		-0.1475860311
0.84  		0.0900408322 		-0.2088133911
0.96  		0.3389375125 		+0.0245226473
1.08  		0.5513496444 		-0.0876416079
1.2  		0.6249464269 		+0.0135076516
1.32  		0.3667003754 		-0.0051481238
1.44  		0.4304055812 		-0.3995498668
1.56  		-0.0750240084 		+0.0079612181
1.68  		-0.1993072026 		+0.1712892087
1.8  		-0.4113829764 		-0.1100388951
1.92  		-0.1055276253 		-0.2435532047
2.04  		0.6125479626 		+0.0634463227
2.16  		0.0636733682 		+0.0241442991
2.28  		-0.0150626818 		-0.1366154396
2.4  		0.5949457547 		+0.0722727687
2.52  		0.1222167372 		-0.3089660734
2.64  		0.2850042791 		+0.2679309292
2.76  		0.6720397698 		+0.0772833373
2.88  		0.5196157443 		-0.0607049430
3  		0.6137740320 		-0.1445283914
3.12  		0.6754869293 		-0.2090968338
3.24  		0.4077555839 		-0.0870691988
3.36  		-0.0030442414 		+0.3777477901
3.48  		0.7528302516 		-0.2846392698
3.6  		0.1472187931 		+0.0291330647
3.72  		0.1141310348 		-0.0265910088
3.84  		0.0271987616 		+0.0181947543
3.96  		0.5835012649 		+0.0661956070
4.08  		0.6843593719 		-0.0880908124
4.2  		0.4738820933 		-0.1682924725
4.32  		0.4893076736 		-0.0588996299
4.44  		0.2100201647 		-0.0037571892
4.56  		0.1362153133 		+0.0025658815
4.68  		0.0515981726 		+0.0573594611
4.8  		-0.0146812921 		-0.0078410952
4.92  		0.2856455551 		-0.1226305013
5.04  		0.1837157980 		-0.1263394437
5.16  		0.2606905046 		-0.1561968019
5.28  		-0.0323739469 		-0.0427638787
5.4  		0.3524571035 		+0.1772298506
5.52  		0.0103852071 		+0.0425201805
5.64  		0.1448403598 		-0.1874761755
5.76  		-0.0173275418 		+0.0189372446
5.88  		0.1222497630 		-0.1205763612
6  		0.0058965141 		-0.1317142181
6.12  		0.1607096833 		+0.1256872784
6.24  		-0.2781654755 		-0.1124040025
6.36  		-0.0502848206 		-0.0754875237
6.48  		0.0821567960 		+0.0874947124
6.6  		0.0835603622 		-0.0835171842
6.72  		-0.0192546081 		-0.0140337024
6.84  		0.0018089416 		+0.0016352652
6.96  		-0.0024404616 		-0.0064492129
7.08  		-0.0047718310 		+0.0014819460
7.2  		0.2941283658 		+0.0244280713
7.31999  		-0.0006941960 		+0.0049461518
7.43999  		0.0132852326 		+0.0195113053
7.55999  		0.0161085707 		-0.0021565843
7.67999  		0.0008827358 		+0.0014604532
7.79999  		0.0037725737 		+0.0025787927
7.91999  		0.0063906516 		+0.0030830568
8.03999  		-0.0057985283 		-0.0001661391
8.15999  		0.1188206886 		+0.0883725388
8.27999  		0.0145421332 		-0.0003010318
8.39999  		0.0800965422 		+0.0190092206
8.51999  		0.0055086702 		-0.1018753600
8.63999  		-0.0176860414 		+0.0381741007
8.75999  		-0.0017753448 		+0.0125456928
8.87999  		0.0087555575 		-0.0417291348
8.99999  		-0.0505054447 		+0.0107214420
9.11999  		-0.0060898504 		+0.0663698732
9.23999  		-0.0070117632 		+0.0061997699
9.35999  		-0.0585253172 		-0.0419773280
9.47999  		0.0100926193 		-0.0306722056
9.59999  		-0.0287604876 		-0.0064928624
9.71999  		-0.0005999220 		+0.0039706555
9.83999  		-0.0125493242 		-0.0171614406
9.95999  		0.0076767845 		-0.0003719044
10.08  		-0.0053212239 		+0.0006097330
10.2  		0.0248347700 		+0.0321041028
10.32  		0.0258651029 		+0.0435576956
10.44  		-0.0015512208 		+0.0072179035
10.56  		-0.0206578207 		+0.0854168615
10.68  		0.1057171442 		+0.0306195724
10.8  		0.0229891735 		+0.0330587446
10.92  		0.2406476673 		+0.0709691905
11.04  		0.2364938961 		-0.0671793264
11.16  		0.0309635798 		-0.1657166599
11.28  		0.0028640753 		-0.0032836980
11.4  		-0.0068922487 		-0.0208633269
11.52  		-0.0261087017 		-0.0020082764
11.64  		-0.0007612993 		-0.0022821508
11.76  		-0.0001073476 		-0.0002874337
11.88  		0.0380318588 		+0.0228240101
