0  		1.0000000000 		-0.0000000000
0.12  		0.9999891872 		-0.0002671292
0.24  		0.9997326929 		+0.0017185994
0.36  		0.9996403579 		-0.0014097451
0.48  		0.9496089556 		-0.0014654176
0.6  		0.9745785873 		-0.0167155375
0.72  		-0.8386191266 		-0.0069570184
0.84  		0.9593151762 		-0.0009888949
0.96  		0.8047372789 		-0.0175617481
1.08  		0.7336789068 		-0.0488908120
1.2  		0.6828650664 		-0.0075117737
1.32  		0.6329942794 		-0.0084488337
1.44  		0.9172100143 		+0.0189178321
1.56  		0.9468764011 		-0.0284283239
1.68  		0.8985492494 		-0.0270101981
1.8  		0.8985909222 		-0.0039636154
1.92  		0.9051130576 		-0.0329494421
2.04  		0.8289016433 		+0.0346155895
2.16  		-0.1759920320 		-0.0187154615
2.28  		0.4381474934 		-0.0899294392
2.4  		0.1019865107 		+0.1550670417
2.52  		0.3216192383 		+0.0348432758
2.64  		0.8330853464 		-0.1529082054
2.76  		-0.1723060071 		+0.0745933791
2.88  		0.4124201766 		-0.2213317061
3  		0.1832877064 		-0.1417778457
3.12  		0.1793012827 		-0.2467146316
3.24  		0.8110870231 		-0.0151999072
3.36  		0.2166655561 		+0.0468733953
3.48  		0.1537976358 		-0.0254525574
3.6  		0.2263325234 		+0.0296489032
3.72  		0.0346374922 		-0.0087800700
3.84  		0.2523458141 		+0.0871514410
3.96  		0.1346044178 		+0.0170557886
4.08  		-0.0306500966 		-0.0490540878
4.2  		0.6148938696 		-0.1715925803
4.32  		0.2164979193 		-0.1229680687
4.44  		-0.0133030703 		+0.0288640973
4.56  		0.2397853474 		+0.0561503369
4.68  		0.5391621485 		+0.0361145094
4.8  		0.6026700663 		+0.0871227253
4.92  		0.6206115183 		-0.0987705069
5.04  		0.2714213697 		+0.1143895805
5.16  		0.1859461914 		+0.0536678917
5.28  		0.1377682507 		+0.0587635396
5.4  		-0.2651546705 		-0.1078129970
5.52  		-0.0094889935 		+0.0138177721
5.64  		0.3238288824 		-0.0429871638
5.76  		0.2593800694 		-0.0357695419
5.88  		0.5201198925 		-0.1253247449
6  		-0.0119192044 		-0.0051385783
6.12  		-0.0370355588 		+0.0066621288
6.24  		0.5127024859 		+0.0735082924
6.36  		-0.0157016046 		+0.0122665547
6.48  		-0.1958445795 		-0.0009688544
6.6  		0.1117000306 		-0.0342649618
6.72  		0.3040363068 		-0.0417364170
6.84  		0.2741275046 		-0.1069910974
6.96  		-0.1460595930 		-0.0893705028
7.08  		-0.1258669412 		+0.0507141667
7.2  		0.0207559339 		+0.0182633427
7.31999  		-0.0096231339 		+0.0043018630
7.43999  		-0.2957182318 		-0.0989821468
7.55999  		0.0566306792 		-0.0014678337
7.67999  		0.0133217333 		-0.0000595521
7.79999  		-0.0394585179 		+0.0042119913
7.91999  		0.1959373601 		+0.0305681946
8.03999  		0.0356915795 		-0.0156523270
8.15999  		-0.0026041230 		-0.0016964622
8.27999  		0.0025009840 		+0.0001705686
8.39999  		0.1198210489 		+0.0262153020
8.51999  		0.0314305367 		+0.0178437275
8.63999  		-0.0043412642 		-0.0047874326
8.75999  		0.0033580913 		+0.0041839098
8.87999  		0.1436483406 		+0.0761894006
8.99999  		0.0218218121 		-0.0019542725
9.11999  		-0.0208050252 		+0.0012926039
9.23999  		0.0005230387 		+0.0010151279
9.35999  		-0.0003404406 		-0.0001488221
9.47999  		0.0002110069 		-0.0001092676
9.59999  		0.0208818732 		-0.0037746582
9.71999  		-0.0075870537 		+0.0395950001
9.83999  		-0.0900509807 		-0.0765005238
9.95999  		0.0131801718 		-0.0032141558
10.08  		0.0145237652 		-0.0161149242
10.2  		0.1019643906 		+0.0484854875
10.32  		0.1213753644 		+0.0204019237
10.44  		-0.0009056829 		+0.0063499280
10.56  		0.0268438725 		-0.0076946151
10.68  		0.0821536613 		-0.0256084014
10.8  		-0.0458597607 		-0.0333365993
10.92  		0.0860319635 		+0.0239549550
11.04  		0.0533219113 		-0.0833971795
11.16  		0.0406595336 		-0.1018206200
11.28  		0.0051392328 		+0.0063167805
11.4  		0.0963384929 		+0.0213514196
11.52  		0.2425365753 		-0.1026120391
11.64  		0.0804093795 		-0.0007593884
11.76  		0.0062508433 		+0.0016949571
11.88  		0.0031383816 		-0.0019968357
