0  		1.0000000000 		+0.0000000000
0.12  		0.9991125835 		+0.0006642427
0.24  		0.9998975157 		+0.0000565071
0.36  		0.9994679873 		-0.0007095567
0.48  		0.9991716029 		-0.0038062895
0.6  		0.9888648737 		+0.0101758057
0.72  		0.9970011114 		-0.0054571066
0.84  		0.9606556973 		+0.1012868969
0.96  		0.9829894972 		+0.0596631290
1.08  		0.9477143498 		+0.0024546492
1.2  		0.9764211243 		+0.0336263823
1.32  		0.7941788756 		-0.0313270483
1.44  		0.9011085679 		-0.0137556801
1.56  		0.8884741080 		+0.0496202159
1.68  		0.7033989218 		-0.0145373100
1.8  		0.9357905756 		-0.0800573469
1.92  		0.7600889307 		+0.1763391714
2.04  		-0.0847491540 		-0.1087744302
2.16  		0.8518956564 		+0.1132379993
2.28  		0.7566599034 		+0.1329003085
2.4  		0.6623081646 		-0.1043715053
2.52  		0.6459563748 		+0.1268451578
2.64  		0.7405595238 		+0.1957614052
2.76  		0.3797870823 		-0.0850047514
2.88  		-0.2254225933 		+0.3575309033
3  		0.0454671370 		+0.0314744843
3.12  		0.2354832684 		-0.0377534475
3.24  		0.0987749905 		+0.0305006491
3.36  		0.6997961572 		+0.1531485517
3.48  		0.1282750385 		-0.1504637290
3.6  		0.4004479363 		+0.2143519472
3.72  		-0.5630546652 		+0.0916822209
3.84  		0.0833959960 		-0.1135790103
3.96  		-0.0124378248 		-0.0207840042
4.08  		0.6014786607 		+0.0276689189
4.2  		0.6727842262 		+0.0161607125
4.32  		0.4785462672 		+0.2256795179
4.44  		0.2890771635 		-0.0088157687
4.56  		0.3138312544 		-0.0529392754
4.68  		-0.2936968727 		+0.1168910694
4.8  		-0.0441572529 		-0.0098477098
4.92  		0.1632464607 		+0.0115520683
5.04  		0.4126402152 		-0.0461712948
5.16  		0.5173511622 		-0.0866939893
5.28  		0.0633579358 		+0.0569873200
5.4  		-0.0692279494 		-0.0363546888
5.52  		0.0789217113 		+0.0335644623
5.64  		-0.2734619213 		+0.0859553333
5.76  		0.1689263117 		+0.0232678258
5.88  		0.1355162418 		-0.1321639998
6  		0.1581579383 		+0.0014609911
6.12  		0.1358326193 		+0.0327852160
6.24  		0.0086707169 		-0.0238455222
6.36  		-0.0233033122 		-0.0000803204
6.48  		-0.0263464020 		+0.0022787076
6.6  		0.5903776412 		+0.0623336100
6.72  		0.3013238560 		+0.0397107047
6.84  		0.2446198009 		+0.1244183731
6.96  		0.2105417939 		-0.5145124113
7.08  		0.5530667719 		+0.0777159477
7.2  		0.4406062545 		-0.0580357029
7.31999  		0.3691244415 		-0.0263072325
7.43999  		0.2732446094 		-0.1326744950
7.55999  		0.5061165353 		+0.0424698368
7.67999  		0.3528566690 		+0.0944622730
7.79999  		-0.4079736443 		-0.0279496820
7.91999  		0.3913950590 		+0.0669118398
8.03999  		0.2194374410 		-0.1572025406
8.15999  		0.1260153325 		-0.3284056171
8.27999  		0.1078138302 		-0.0089377175
8.39999  		0.1062684517 		-0.1778363563
8.51999  		-0.0112015391 		-0.0262109254
8.63999  		-0.0851755121 		-0.0681361091
8.75999  		-0.0725342032 		+0.2669405913
8.87999  		0.0407054936 		-0.0063235686
8.99999  		0.0005317423 		+0.0105039765
9.11999  		0.0060475041 		+0.0073309102
9.23999  		-0.0403373742 		-0.0228145684
9.35999  		0.1020378869 		+0.0655821780
9.47999  		0.0456034870 		-0.0030194687
9.59999  		-0.0033132434 		-0.0264757689
9.71999  		0.0288080495 		-0.0851490316
9.83999  		-0.0450008131 		+0.0400370391
9.95999  		-0.0430452309 		+0.0315373191
10.08  		0.2059986065 		-0.0996175315
10.2  		0.3597749969 		+0.0017999994
10.32  		0.3582582522 		+0.0976856090
10.44  		0.4292359725 		+0.0488801553
10.56  		0.2615378979 		+0.1171542292
10.68  		0.4165413556 		-0.2023224585
10.8  		0.0379136728 		+0.0875325751
10.92  		0.0211839052 		-0.0313530281
11.04  		-0.0144886432 		-0.0040798404
11.16  		0.0034686789 		-0.0065274730
11.28  		-0.1607399561 		+0.0396038522
11.4  		0.2697465013 		-0.0048147231
11.52  		-0.0151894831 		+0.0592729987
11.64  		0.0073213906 		-0.0043583584
11.76  		0.0000155491 		-0.0002679860
11.88  		-0.0076818556 		-0.0013866712
