0  		1.0000000004 		+0.0000000000
0.12  		0.9999915237 		+0.0004120671
0.24  		0.9997741081 		-0.0086432848
0.36  		0.8863360129 		+0.0034021527
0.48  		0.9948856205 		-0.0168645792
0.6  		0.9734431658 		-0.0173618346
0.72  		0.8890124398 		+0.0330069907
0.84  		0.9808283660 		+0.0501435591
0.96  		0.9710934352 		-0.0396551550
1.08  		0.7747537081 		-0.1147212327
1.2  		0.7802923741 		-0.1562474666
1.32  		0.7172434450 		-0.0979450839
1.44  		0.7406671300 		-0.2699304654
1.56  		0.8891130153 		-0.2311048528
1.68  		0.0126857758 		+0.0096157013
1.8  		0.1557343276 		+0.1581243621
1.92  		0.5799165841 		+0.0451499774
2.04  		0.4968412324 		-0.1985712494
2.16  		-0.2548631732 		-0.1330435644
2.28  		0.0365840834 		-0.0682178999
2.4  		-0.2434347495 		+0.0121974679
2.52  		0.1445268894 		-0.0406504981
2.64  		0.6631403831 		-0.4232939485
2.76  		0.7864767042 		+0.0296566297
2.88  		0.7594096193 		+0.1996605609
3  		0.8181471184 		+0.2849226552
3.12  		0.6265796463 		+0.0519656847
3.24  		0.5971980791 		-0.0029484027
3.36  		0.1573561274 		-0.0195998468
3.48  		0.5859894633 		-0.0207901539
3.6  		0.5758957378 		+0.1893313001
3.72  		0.7168215930 		+0.1342677660
3.84  		0.6365459497 		+0.1263262130
3.96  		0.2656541195 		+0.0456587782
4.08  		0.1217232931 		+0.0256282653
4.2  		0.4261218342 		-0.0880610082
4.32  		0.0370572307 		-0.0139651069
4.44  		0.3998523165 		-0.0637608489
4.56  		0.7274180696 		+0.3189460475
4.68  		0.7110205258 		+0.5096589122
4.8  		0.0877813047 		+0.3416846669
4.92  		0.2183919340 		+0.2082175304
5.04  		0.2996652834 		+0.2429557836
5.16  		0.0954915053 		-0.0393575819
5.28  		0.1875683236 		-0.0185351706
5.4  		0.0010914948 		+0.1045650218
5.52  		0.1316775808 		+0.0662017055
5.64  		0.3669831210 		-0.0771908663
5.76  		0.6022604110 		+0.0300222301
5.88  		0.5786904850 		-0.1914264926
6  		0.6833192477 		-0.2160723402
6.12  		-0.0491075334 		-0.0083423978
6.24  		0.0310945732 		+0.0060779615
6.36  		-0.1447602223 		+0.1866849931
6.48  		0.1677254375 		+0.0642927904
6.6  		0.3292027048 		-0.0300167150
6.72  		-0.0517976899 		+0.0090132432
6.84  		-0.0366112962 		-0.0098554953
6.96  		0.0172779602 		+0.0030436484
7.08  		0.1519272450 		+0.0032695503
7.2  		0.0411683332 		-0.0145700962
7.31999  		0.3890401568 		+0.1174567838
7.43999  		0.6814543000 		-0.0002070647
7.55999  		0.3644235244 		-0.0070802545
7.67999  		0.5832262733 		-0.1270811389
7.79999  		0.5215308683 		-0.0566758244
7.91999  		0.2927756241 		+0.0362317676
8.03999  		0.3848848891 		-0.1415255882
8.15999  		0.2634603271 		-0.0663871122
8.27999  		0.6606143650 		-0.0287455643
8.39999  		0.5692495442 		-0.0997091014
8.51999  		0.5159576150 		-0.1183876059
8.63999  		0.3704424774 		-0.2044779302
8.75999  		0.1955965360 		+0.2758187166
8.87999  		-0.5468693646 		-0.2253146073
8.99999  		-0.0100961215 		+0.0014954408
9.11999  		-0.1004497702 		-0.0853847713
9.23999  		-0.0247600802 		-0.0106592437
9.35999  		0.5561450473 		+0.0216608539
9.47999  		0.2537394467 		+0.0308112385
9.59999  		0.2491376732 		+0.0342494074
9.71999  		-0.0663157674 		+0.0316933797
9.83999  		0.2967693823 		-0.1174064533
9.95999  		0.3460450588 		-0.0871337048
10.08  		0.0963271227 		-0.0457572183
10.2  		0.0553382798 		-0.0645379800
10.32  		0.3139778082 		-0.0294633453
10.44  		-0.0343286546 		-0.0016059756
10.56  		-0.2492971311 		+0.0415137296
10.68  		-0.0048918442 		-0.0011718512
10.8  		0.0945155891 		+0.1426317598
10.92  		0.1072226117 		+0.0298595721
11.04  		0.0692656654 		-0.0032693790
11.16  		0.0201721756 		+0.0517893000
11.28  		-0.0045708956 		-0.0003466255
11.4  		0.0041762259 		-0.0043328492
11.52  		0.0361612540 		-0.0106855521
11.64  		0.0492126564 		+0.0056222854
11.76  		0.1630804386 		-0.0447720034
11.88  		0.0414834532 		+0.0062652977
