0  		1.0000000000 		+0.0000000000
0.12  		0.9999985378 		-0.0001950957
0.24  		0.9998582419 		+0.0121858831
0.36  		0.9998115953 		-0.0011661190
0.48  		0.9994520966 		-0.0036152706
0.6  		0.9993891268 		+0.0002322749
0.72  		0.9716459438 		+0.0713663632
0.84  		0.9970644167 		+0.0001412596
0.96  		0.9156401560 		-0.0199373861
1.08  		0.9863280593 		-0.0421514727
1.2  		0.9922687035 		-0.0063429551
1.32  		0.9955998920 		-0.0011907111
1.44  		0.9919028085 		+0.0098180092
1.56  		0.9517428909 		-0.0807560056
1.68  		0.5314244484 		+0.0567365887
1.8  		0.9282586248 		+0.0296275636
1.92  		0.7657296423 		-0.0724159676
2.04  		0.9640734821 		-0.0325419587
2.16  		0.3300135328 		+0.0148484747
2.28  		0.8606721165 		-0.2446104231
2.4  		0.9202434029 		+0.0158134095
2.52  		0.9579074157 		-0.0121116923
2.64  		0.8316439460 		-0.0192735780
2.76  		0.4657847336 		+0.0274702515
2.88  		0.3069572062 		-0.0302521282
3  		-0.7365501556 		-0.0367560301
3.12  		0.4036960811 		+0.0784929059
3.24  		-0.0136029612 		+0.1150425685
3.36  		0.0999277625 		+0.0078807529
3.48  		0.1084825826 		-0.0082602308
3.6  		0.5809808629 		-0.0132147579
3.72  		0.7092825504 		-0.0021561948
3.84  		0.7521063182 		-0.0282088951
3.96  		0.5487065345 		-0.0599439070
4.08  		0.2171982984 		+0.0611004124
4.2  		0.4776129084 		+0.0546258465
4.32  		0.3336294543 		+0.4479026479
4.44  		0.2306282079 		-0.0724727026
4.56  		0.4285561611 		-0.1277824643
4.68  		-0.2083980920 		-0.0478802509
4.8  		0.5895197781 		-0.1263610133
4.92  		0.4585805771 		-0.1146925916
5.04  		-0.0136114276 		+0.0593171447
5.16  		0.6488890873 		-0.0241028499
5.28  		0.4195576114 		-0.0721776124
5.4  		0.4699267950 		+0.0095899652
5.52  		0.6645260400 		+0.0615211367
5.64  		0.4992807428 		-0.1953387430
5.76  		0.1701068293 		+0.0882588041
5.88  		-0.0695946702 		-0.1420433949
6  		0.7310237940 		+0.0373471975
6.12  		0.1830511811 		+0.0612926290
6.24  		-0.0044908922 		-0.0003671453
6.36  		0.5035122987 		+0.0735394030
6.48  		0.3443810365 		+0.0494331638
6.6  		-0.0059160405 		+0.0506143931
6.72  		0.0945118667 		+0.0787013504
6.84  		0.0684723118 		+0.0459114368
6.96  		-0.0099906362 		+0.0382417488
7.08  		-0.2991755918 		-0.0371085319
7.2  		0.3312357370 		-0.0181642692
7.31999  		0.0127092261 		-0.1344428502
7.43999  		0.2553248742 		+0.1146274280
7.55999  		0.5555952721 		-0.1471411130
7.67999  		0.3708242310 		+0.0547965792
7.79999  		0.5366811617 		-0.0600653018
7.91999  		0.3576197400 		+0.0156896166
8.03999  		0.0188220497 		+0.0074586699
8.15999  		-0.0343356800 		+0.0250882301
8.27999  		0.5628981104 		-0.1110756138
8.39999  		0.2856187552 		+0.0485709865
8.51999  		0.3020026319 		+0.0512594466
8.63999  		-0.1318499440 		+0.0187494186
8.75999  		0.3787715666 		+0.1356141283
8.87999  		0.2124265026 		-0.0198136857
8.99999  		0.0440607177 		+0.0040021343
9.11999  		0.0785215100 		+0.0515803856
9.23999  		-0.2079162225 		-0.0148049690
9.35999  		-0.0909145596 		+0.0886262318
9.47999  		-0.0118491823 		-0.0080341823
9.59999  		0.0346644556 		+0.0272448645
9.71999  		-0.0603144615 		-0.0798779072
9.83999  		0.1351769539 		-0.0542792205
9.95999  		-0.0337098297 		-0.0358167017
10.08  		-0.0793968838 		-0.0503699299
10.2  		-0.0221130134 		-0.0053141273
10.32  		-0.0107826577 		+0.0059795758
10.44  		-0.0024468808 		+0.0678958069
10.56  		-0.0421623859 		-0.0473574471
10.68  		0.2523598147 		-0.1397214611
10.8  		-0.0210014819 		+0.0015656360
10.92  		0.0181556354 		-0.0312849355
11.04  		-0.0324169592 		-0.0468965287
11.16  		0.1694737883 		-0.1527187235
11.28  		0.0890372777 		+0.0284437028
11.4  		-0.0230596549 		-0.0235607232
11.52  		-0.0395625151 		+0.0425414823
11.64  		0.4695387374 		+0.2230902582
11.76  		0.2179635266 		+0.1194338411
11.88  		0.0820148120 		-0.1088963754
