0  		1.0000000003 		+0.0000000000
0.12  		0.9999630216 		-0.0005374755
0.24  		0.9993563961 		+0.0023619593
0.36  		0.9888648488 		-0.0041944232
0.48  		0.9963720248 		-0.0064173724
0.6  		0.9977379068 		-0.0087496924
0.72  		0.9844491220 		+0.0014861146
0.84  		0.9752892229 		+0.0109829802
0.96  		0.9486111332 		-0.0239030277
1.08  		0.8945955154 		-0.1048241517
1.2  		0.2473066054 		-0.0848503232
1.32  		0.6180746729 		+0.0110489140
1.44  		0.8981886013 		-0.0162292432
1.56  		0.1265088457 		-0.0206053165
1.68  		0.5374747621 		+0.0254395679
1.8  		-0.1144388411 		-0.0108074645
1.92  		0.1088028550 		+0.0091899052
2.04  		0.4252007968 		-0.0263461624
2.16  		0.4729837006 		+0.0994631036
2.28  		0.6336753932 		+0.0169343154
2.4  		0.4873662880 		+0.0529117756
2.52  		-0.0108517093 		+0.1101636969
2.64  		0.3936422381 		-0.0182792790
2.76  		0.4464318076 		-0.0305263994
2.88  		0.1730508127 		+0.0051108613
3  		-0.0644115168 		-0.0438018794
3.12  		0.1081477429 		+0.1297754135
3.24  		0.5902143950 		-0.0730369554
3.36  		0.2905394561 		-0.0474327492
3.48  		0.4335564841 		+0.0471806218
3.6  		0.4046402581 		-0.0079663576
3.72  		0.7000360789 		-0.3575645095
3.84  		0.0923315882 		+0.0247955645
3.96  		0.3659339004 		+0.0489559096
4.08  		0.5479962717 		-0.0863711966
4.2  		0.4543077546 		+0.0871608684
4.32  		-0.0390383376 		-0.2633384024
4.44  		0.3566331217 		+0.0860126781
4.56  		0.5104200806 		+0.0739908309
4.68  		-0.0911155305 		-0.0181426857
4.8  		-0.1457184494 		-0.0265808189
4.92  		0.5724871055 		+0.1366676988
5.04  		0.0517200083 		+0.0034756945
5.16  		0.5373123757 		+0.0787520139
5.28  		0.5613979243 		+0.0730090870
5.4  		-0.0348957851 		+0.1567179236
5.52  		0.3718562888 		+0.0412223718
5.64  		-0.1887875225 		+0.0721339981
5.76  		-0.0088523367 		-0.0035084002
5.88  		-0.0645352528 		+0.0223890606
6  		0.2159769527 		-0.1211520638
6.12  		0.0647898075 		-0.0069936691
6.24  		-0.0009722307 		-0.0099549174
6.36  		0.1300886757 		+0.0640350592
6.48  		-0.0216730955 		-0.0360815297
6.6  		0.1952652176 		-0.0320461058
6.72  		0.5752940864 		+0.0961515548
6.84  		0.1254171165 		-0.0317030416
6.96  		0.0898872230 		-0.0488576279
7.08  		-0.1803522237 		+0.0441206477
7.2  		0.0809158045 		+0.0334037254
7.31999  		-0.1777638268 		-0.0391704807
7.43999  		-0.0937542033 		-0.0053092176
7.55999  		0.5042417294 		+0.0281223496
7.67999  		0.1764860828 		+0.0749890406
7.79999  		-0.1425841000 		-0.1349798085
7.91999  		0.2139715567 		-0.0001668597
8.03999  		0.1406516864 		+0.1813060055
8.15999  		0.0742282434 		-0.0172640553
8.27999  		0.1541078521 		-0.0175732151
8.39999  		0.0360820528 		+0.0299309254
8.51999  		0.0307509220 		+0.0002537303
8.63999  		0.0337084675 		-0.0205904073
8.75999  		-0.0607395355 		-0.0770619696
8.87999  		0.1235649815 		+0.0148865169
8.99999  		0.0013416460 		+0.0193586491
9.11999  		-0.0513767163 		+0.0379033240
9.23999  		0.1191066027 		+0.0247189270
9.35999  		-0.0026847586 		-0.0019086387
9.47999  		0.2645968233 		-0.0656597711
9.59999  		0.0023445585 		+0.0008781648
9.71999  		0.0796275613 		-0.0097636486
9.83999  		0.4016598957 		-0.0745587809
9.95999  		0.1680288192 		+0.0270213471
10.08  		0.0638025465 		+0.0651614611
10.2  		-0.2480134766 		+0.0542027418
10.32  		-0.2809205349 		-0.0416814264
10.44  		-0.2027582460 		+0.0597710741
10.56  		0.2202925715 		-0.0072154849
10.68  		0.7313629301 		-0.0365550229
10.8  		0.2896002433 		+0.0292772724
10.92  		-0.0084455638 		-0.0017225145
11.04  		0.3569369582 		+0.0061899813
11.16  		0.5745194611 		+0.1395603986
11.28  		0.3201309666 		-0.0721195120
11.4  		0.2528157059 		-0.0121845537
11.52  		0.2560789474 		+0.0051801939
11.64  		0.0482187035 		+0.0242053842
11.76  		0.4126051979 		-0.0472518102
11.88  		0.0333565076 		-0.0000871137
