0  		1.0000000000 		-0.0000000000
0.12  		0.9999914535 		+0.0000571967
0.24  		0.9997716564 		+0.0017106789
0.36  		0.9996052114 		+0.0009690773
0.48  		0.9973268605 		-0.0086388063
0.6  		0.9850990815 		+0.0025962812
0.72  		0.9290439187 		-0.0145164262
0.84  		0.7603564845 		-0.0211098382
0.96  		0.9565909724 		+0.0032401949
1.08  		0.9379297523 		-0.0288011339
1.2  		0.7284310898 		-0.0432963244
1.32  		0.1663700418 		+0.0136649487
1.44  		0.3812494454 		+0.0409529868
1.56  		0.0488251165 		+0.0074170770
1.68  		-0.1849530309 		+0.3358073509
1.8  		0.5630025040 		-0.0725523769
1.92  		0.7930159408 		+0.1083989368
2.04  		0.4741985209 		+0.1148892155
2.16  		0.6967454447 		-0.2214295488
2.28  		0.2966042807 		+0.0450696509
2.4  		0.4505577564 		+0.0768143560
2.52  		0.2880111128 		-0.0345401857
2.64  		-0.1720012490 		+0.0493519052
2.76  		0.4980294999 		-0.0835400805
2.88  		0.3628153671 		+0.0243446979
3  		-0.1332574551 		+0.0030215408
3.12  		0.1923673068 		+0.0459324488
3.24  		0.1157486761 		-0.1137478718
3.36  		0.1785960989 		-0.0366067409
3.48  		0.0150456941 		+0.5000057972
3.6  		0.4367132427 		-0.0414584428
3.72  		0.0534774698 		+0.0296926321
3.84  		0.0968369423 		-0.0119519599
3.96  		-0.1229822239 		+0.0299374836
4.08  		0.2781453601 		-0.1364931488
4.2  		0.0156369627 		+0.0064226573
4.32  		-0.1226993944 		+0.0504616394
4.44  		-0.0004918730 		+0.0004151023
4.56  		-0.2309593390 		+0.1607119590
4.68  		0.0119955725 		-0.0485817986
4.8  		0.0002902670 		-0.0001118098
4.92  		-0.0184974514 		+0.0146910119
5.04  		-0.0276479089 		+0.0347488006
5.16  		0.0355498600 		-0.0176937331
5.28  		0.0034009515 		+0.0138178180
5.4  		-0.1246655802 		+0.0225446874
5.52  		-0.0320829674 		-0.0382929768
5.64  		0.0068725550 		-0.0382446776
5.76  		-0.0247755716 		-0.0828247173
5.88  		-0.0083422712 		+0.0129420158
6  		0.0269197357 		-0.0012996662
6.12  		0.0291774395 		-0.0001212819
6.24  		-0.0031295608 		+0.0111986497
6.36  		0.0064535659 		+0.0013749296
6.48  		0.2214992330 		-0.1709709876
6.6  		0.0469826163 		+0.0003058353
6.72  		0.0046124810 		-0.0608440283
6.84  		0.0172707400 		+0.0336398301
6.96  		-0.0343972957 		+0.0516341067
7.08  		-0.0049778491 		+0.0039439562
7.2  		-0.0335879883 		+0.0091252032
7.31999  		0.0058625549 		-0.0101660246
7.43999  		-0.0043340168 		-0.0333967532
7.55999  		-0.0002728790 		-0.0106153152
7.67999  		0.0095047255 		-0.0014705036
7.79999  		-0.0520400663 		+0.0262225641
7.91999  		-0.0000930621 		-0.0011367417
8.03999  		0.0110079124 		-0.0162198024
8.15999  		-0.0009367305 		+0.0000753074
8.27999  		-0.0012784421 		-0.0047962240
8.39999  		0.0901729628 		-0.0253311109
8.51999  		0.0009993886 		-0.0001185064
8.63999  		0.0013816575 		-0.0003533824
8.75999  		-0.0000688952 		+0.0001522377
8.87999  		0.0000177438 		-0.0000698162
8.99999  		0.0005378216 		+0.0003387551
9.11999  		-0.0227878957 		+0.0028409116
9.23999  		-0.0002262319 		+0.0007021024
9.35999  		-0.0608574387 		-0.0958043426
9.47999  		0.0109810841 		+0.0010688277
9.59999  		0.0285406266 		-0.0200841411
9.71999  		0.0003749783 		-0.0004588403
9.83999  		-0.0000409025 		+0.0002482311
9.95999  		-0.0032623911 		-0.0100706659
10.08  		0.0137323863 		+0.0405968920
10.2  		-0.0006026411 		+0.0000293753
10.32  		-0.0296325186 		-0.0350749403
10.44  		0.0067617904 		+0.0010373014
10.56  		0.0218175471 		+0.0008177903
10.68  		-0.0100391148 		+0.0186904013
10.8  		0.0421468263 		+0.0465830600
10.92  		0.0671905804 		+0.0678171520
11.04  		-0.0127237251 		-0.0093439519
11.16  		0.0192872059 		+0.0099814007
11.28  		0.0005988740 		+0.0002438072
11.4  		0.0000005230 		+0.0017905474
11.52  		-0.0001083994 		+0.0003325220
11.64  		-0.0511684529 		-0.0056709518
11.76  		-0.0111162843 		+0.1323694235
11.88  		0.0169506922 		-0.0227721708
