0  		1.0000000004 		-0.0000000000
0.12  		0.7190155620 		-0.0068265724
0.24  		0.9977712657 		+0.0011406902
0.36  		0.8853967615 		+0.0097695757
0.48  		0.9872296113 		-0.0067526274
0.6  		0.5704405413 		-0.0110375804
0.72  		0.7722080261 		+0.0347563250
0.84  		0.8826046491 		+0.0601356268
0.96  		0.8409254736 		-0.0129554793
1.08  		0.9272854236 		+0.1623684810
1.2  		0.7438273643 		+0.1121705372
1.32  		0.4866597551 		-0.6711584132
1.44  		0.9060476087 		-0.1001775846
1.56  		0.5445132760 		-0.0225439063
1.68  		0.7797637669 		-0.1028654241
1.8  		0.4202449933 		-0.1518465240
1.92  		-0.1669274698 		+0.2155379182
2.04  		0.5521511163 		-0.1428043691
2.16  		0.0327168963 		-0.1821769289
2.28  		0.4540708037 		-0.0047956524
2.4  		0.0041366180 		+0.0199844730
2.52  		0.1124226595 		-0.0188305571
2.64  		0.3952832385 		-0.1096368073
2.76  		0.5440506257 		+0.2045399055
2.88  		0.6250319546 		-0.0038401157
3  		0.0060342248 		-0.0040822457
3.12  		0.3427413453 		+0.1038100078
3.24  		0.4366106069 		+0.0708582307
3.36  		0.6617750317 		+0.1545533687
3.48  		0.0477222331 		+0.0068068977
3.6  		0.1884422140 		-0.0273297414
3.72  		0.7125735861 		+0.0468330542
3.84  		0.4913355560 		-0.1009934432
3.96  		0.2435345437 		+0.0908274055
4.08  		-0.0224394084 		+0.0087944711
4.2  		0.0020918554 		-0.0044635619
4.32  		0.2939310795 		+0.1145313721
4.44  		0.1440039064 		-0.1579696866
4.56  		0.2400357204 		-0.0154269704
4.68  		-0.0073145039 		-0.0041800477
4.8  		0.3634735571 		+0.1304645829
4.92  		-0.1124105153 		+0.0187386053
5.04  		-0.2996964722 		+0.0415378076
5.16  		0.3870611456 		+0.0793621633
5.28  		0.3603561843 		+0.0494308715
5.4  		-0.1588058401 		-0.0441797106
5.52  		-0.0185613856 		-0.0043515081
5.64  		-0.0180521910 		-0.1285798495
5.76  		0.0016367158 		+0.0186514113
5.88  		0.0592128690 		-0.0782198748
6  		0.1563411418 		+0.0037987212
6.12  		0.3844218747 		-0.0399524290
6.24  		0.0805593353 		-0.0176690273
6.36  		0.4209450846 		+0.0135648722
6.48  		0.0310518671 		-0.0200501922
6.6  		0.1169353233 		+0.0819376068
6.72  		0.2909859031 		-0.0487163003
6.84  		0.2226027138 		+0.0184617428
6.96  		0.0437930856 		+0.0376337079
7.08  		-0.1392519264 		-0.0125996879
7.2  		0.0046334661 		+0.0007801142
7.31999  		0.0134935406 		+0.0334626183
7.43999  		0.0153878768 		+0.0212504310
7.55999  		0.0334712785 		+0.0162922279
7.67999  		-0.0091316417 		+0.0013363490
7.79999  		0.0015652717 		+0.0007034509
7.91999  		0.1868058379 		-0.0421654794
8.03999  		0.2569781016 		+0.0252339286
8.15999  		0.0032062579 		-0.0158891146
8.27999  		-0.0193578718 		+0.0051570904
8.39999  		0.0340198549 		-0.0207479618
8.51999  		-0.0080958784 		-0.0172352952
8.63999  		0.0214103414 		+0.0504341894
8.75999  		0.2284318584 		+0.0585301427
8.87999  		0.1122942112 		-0.0907707641
8.99999  		0.0049276002 		-0.0679249344
9.11999  		0.1755936757 		+0.1428856342
9.23999  		0.0643706588 		-0.0391195697
9.35999  		0.0526179648 		-0.0072921560
9.47999  		0.0188324482 		+0.0522800570
9.59999  		-0.0077981610 		+0.0133070423
9.71999  		-0.0094528088 		-0.0030015973
9.83999  		-0.0096439599 		-0.0185437221
9.95999  		0.0366710160 		-0.0091955854
10.08  		0.0177490527 		-0.0002514485
10.2  		-0.0450787249 		+0.0118392576
10.32  		0.0008535232 		+0.0010478245
10.44  		0.0093679564 		+0.0060643989
10.56  		-0.0000253627 		+0.0000377085
10.68  		-0.0110977025 		-0.0065223186
10.8  		-0.0002819370 		+0.0002638124
10.92  		0.0100886294 		-0.0062273736
11.04  		-0.0286806923 		+0.0203673398
11.16  		-0.0614346205 		+0.0406048178
11.28  		-0.0030007014 		+0.0355636677
11.4  		-0.0026849560 		-0.0006660235
11.52  		-0.0115182745 		-0.0027605053
11.64  		-0.0043619038 		-0.0052288261
11.76  		-0.0027988196 		+0.0003515193
11.88  		-0.0002178912 		-0.0000623659
