0  		1.0000000000 		+0.0000000000
0.12  		0.9999884378 		+0.0003605365
0.24  		0.9998021943 		+0.0056210737
0.36  		0.7551139248 		-0.1634581042
0.48  		0.9748994926 		-0.0263990719
0.6  		0.2932537882 		+0.0436818498
0.72  		0.9910678479 		+0.0039195572
0.84  		0.9797792538 		+0.0131275587
0.96  		0.9733092335 		-0.0044520378
1.08  		0.9425272316 		-0.0221306155
1.2  		0.8970481831 		+0.0405626627
1.32  		0.9497643230 		-0.0176522844
1.44  		0.9685815135 		+0.0225813909
1.56  		0.9618230301 		+0.0049407540
1.68  		0.5404802616 		-0.0661787324
1.8  		0.5930356559 		-0.0144470635
1.92  		0.8530888106 		-0.0128780495
2.04  		0.5491277892 		+0.0635350620
2.16  		0.8850300197 		-0.0435014447
2.28  		0.8887409787 		+0.0283175093
2.4  		0.3898331397 		+0.0437989019
2.52  		0.4909423252 		-0.0985983942
2.64  		-0.1271621240 		-0.1183095614
2.76  		0.4413712020 		-0.0048196345
2.88  		0.8687031995 		-0.0680698939
3  		0.5684405936 		-0.0043346238
3.12  		0.0656921814 		-0.0037358551
3.24  		0.8362609886 		-0.0777921964
3.36  		0.6993187176 		+0.0039767502
3.48  		0.2529324184 		-0.1309295453
3.6  		-0.0400462201 		+0.0762626904
3.72  		-0.0025466678 		-0.0004394247
3.84  		0.0200049170 		-0.0062131239
3.96  		0.1396764832 		-0.0289817234
4.08  		-0.0053397390 		-0.0069567865
4.2  		-0.2036648776 		+0.0624706453
4.32  		-0.1077803030 		-0.0491459768
4.44  		0.1088501876 		-0.0284395403
4.56  		0.3292780014 		+0.2009459563
4.68  		0.0622707830 		-0.0075743239
4.8  		-0.0332511946 		+0.0998615375
4.92  		0.1425528453 		+0.0552542055
5.04  		0.3181547603 		+0.0182324002
5.16  		0.2852059302 		-0.1416840554
5.28  		0.0299219032 		+0.0185904139
5.4  		0.4833886780 		-0.0461036787
5.52  		-0.2867324624 		+0.5858589624
5.64  		0.4430706771 		+0.0512724339
5.76  		0.1998180301 		+0.0051251989
5.88  		0.2324636336 		-0.1815293052
6  		0.4158696508 		+0.2650899709
6.12  		0.2418594465 		-0.0117042122
6.24  		0.5009313146 		-0.0727699214
6.36  		0.2012106111 		-0.0517710667
6.48  		0.0254948427 		-0.0219520429
6.6  		0.0375137707 		+0.0174888680
6.72  		0.4009049526 		-0.1078513202
6.84  		-0.0199712025 		-0.0111848483
6.96  		0.0020229415 		-0.0046146884
7.08  		-0.0091592212 		+0.0093353958
7.2  		-0.0009577577 		-0.0024550819
7.31999  		-0.0120566782 		-0.0135487468
7.43999  		0.0217296826 		-0.0006621644
7.55999  		0.3257901327 		-0.0740710057
7.67999  		0.0625514714 		-0.0303103295
7.79999  		-0.0518895771 		-0.0069100467
7.91999  		0.0094669887 		+0.0187052411
8.03999  		-0.0638909796 		+0.0834463487
8.15999  		0.0090715369 		+0.0106173232
8.27999  		-0.0078559151 		+0.0221068010
8.39999  		-0.2427581490 		+0.1895942427
8.51999  		0.0218757617 		-0.0620761989
8.63999  		0.4129584508 		+0.0604482912
8.75999  		0.0102289403 		+0.0040935638
8.87999  		0.0637134186 		-0.0029065613
8.99999  		0.0422537938 		+0.0157622452
9.11999  		0.0975302497 		-0.0435302311
9.23999  		-0.0222233845 		-0.0106246382
9.35999  		-0.0253839276 		+0.0006729399
9.47999  		0.0044898302 		+0.0011006343
9.59999  		-0.0706339852 		-0.0352075116
9.71999  		-0.0305364128 		+0.0118405861
9.83999  		0.0013235103 		+0.0034441128
9.95999  		-0.0095215053 		-0.0292880249
10.08  		0.1429968958 		+0.0400577751
10.2  		0.1444421115 		-0.0248130783
10.32  		0.1031685930 		+0.0481342013
10.44  		0.0800519251 		-0.0277329951
10.56  		-0.0146598175 		-0.0173576591
10.68  		0.1599619907 		+0.0979433995
10.8  		0.0736767174 		+0.1622284918
10.92  		-0.0011542440 		+0.0010456829
11.04  		0.0492410234 		-0.0735536194
11.16  		0.2143586142 		+0.0333011445
11.28  		-0.1990698469 		-0.0316748753
11.4  		-0.0528712989 		-0.1539485922
11.52  		0.0069302361 		-0.0096040227
11.64  		-0.0001768835 		+0.0000818192
11.76  		-0.0243660479 		-0.0309710397
11.88  		-0.0982508651 		+0.0476106983
