0  		1.0000000000 		+0.0000000000
0.12  		0.8197460957 		-0.0011934154
0.24  		0.9958572371 		+0.0010242101
0.36  		0.9375215986 		-0.0193134792
0.48  		0.9979879470 		+0.0053803552
0.6  		0.9758691012 		+0.0044072298
0.72  		0.9887100377 		+0.0025653874
0.84  		0.9778445647 		+0.0160873445
0.96  		0.9021681152 		+0.0003200326
1.08  		0.9466962792 		+0.0248622968
1.2  		0.9761059390 		-0.0333786843
1.32  		0.9170613490 		+0.0573688286
1.44  		0.8572099576 		-0.0798720722
1.56  		0.2370888828 		+0.0536735031
1.68  		0.6453174348 		+0.0876023672
1.8  		0.8457655471 		-0.1940418928
1.92  		0.7623724857 		-0.0910319110
2.04  		0.6366771728 		+0.3477983126
2.16  		0.7562163238 		-0.2066497794
2.28  		0.7789094055 		+0.0394835635
2.4  		-0.0889713612 		+0.2428496707
2.52  		0.0340838620 		-0.0596097218
2.64  		0.4767234060 		+0.0888611911
2.76  		0.2600271062 		+0.0495031657
2.88  		0.3794249269 		-0.1129455039
3  		0.5258182567 		-0.1661277336
3.12  		0.2978365256 		+0.0473162306
3.24  		0.0031583145 		-0.0028344157
3.36  		0.0017659801 		+0.0428129537
3.48  		0.0561052000 		+0.1112514268
3.6  		-0.2241598544 		-0.4266478920
3.72  		-0.2001729103 		-0.0998409685
3.84  		-0.0275553198 		-0.0248324704
3.96  		0.0130852996 		-0.0078976594
4.08  		0.2074852896 		+0.0340780931
4.2  		0.3835043292 		+0.0053356260
4.32  		-0.1496537924 		-0.0436628236
4.44  		0.4170188287 		+0.0194659380
4.56  		0.1491282728 		+0.0580429305
4.68  		-0.0426748886 		-0.0024706238
4.8  		-0.0304917177 		+0.0097129581
4.92  		0.5244663961 		+0.1043812329
5.04  		-0.1677368380 		+0.0124941152
5.16  		0.4613731009 		-0.0270002310
5.28  		0.1970038184 		+0.0096969387
5.4  		0.0096556344 		+0.0077807358
5.52  		-0.0466932914 		+0.0062750324
5.64  		0.1469474821 		-0.0555405584
5.76  		0.4906260717 		-0.0145777486
5.88  		0.4005738453 		-0.1321635245
6  		0.4031828583 		-0.0658679663
6.12  		-0.3406370051 		+0.0513437205
6.24  		-0.1133140806 		+0.0649436352
6.36  		0.2788037459 		-0.0177659085
6.48  		0.5806569698 		-0.0616713077
6.6  		0.3448007055 		+0.0715611459
6.72  		0.1365616685 		-0.1110023516
6.84  		0.1357754698 		-0.0066883628
6.96  		-0.4762514362 		-0.0063689155
7.08  		0.1737902581 		+0.1001038178
7.2  		0.0077906829 		-0.0422683525
7.31999  		0.1817179304 		+0.0723971487
7.43999  		0.4092760267 		-0.1286145858
7.55999  		0.1142474770 		+0.1215603349
7.67999  		-0.1376232879 		+0.0921934857
7.79999  		-0.1231682829 		+0.1511294375
7.91999  		0.5114241087 		-0.0880628434
8.03999  		0.1460151219 		-0.1374839755
8.15999  		0.1675821771 		+0.0391010486
8.27999  		-0.1449172624 		+0.1037659540
8.39999  		0.0580690817 		+0.0042578229
8.51999  		-0.0661819017 		-0.0385226427
8.63999  		0.0479611428 		-0.0515575659
8.75999  		0.0172439659 		-0.0228727010
8.87999  		0.0043895039 		+0.0013409118
8.99999  		0.0171376171 		+0.0017673217
9.11999  		0.1754892423 		+0.0672928115
9.23999  		0.0347891800 		+0.0078225795
9.35999  		0.0544028905 		+0.1854544560
9.47999  		-0.0914407057 		-0.0529324488
9.59999  		-0.0461797229 		+0.0003500719
9.71999  		-0.2735608537 		+0.2253395168
9.83999  		-0.1164336857 		+0.1034275230
9.95999  		0.0422025241 		+0.0178792698
10.08  		-0.0098779213 		+0.0006532763
10.2  		0.0029391629 		-0.0356628449
10.32  		0.0283161554 		+0.1099517891
10.44  		0.0347572075 		-0.0094810263
10.56  		-0.0492627189 		+0.0214676465
10.68  		-0.0226749750 		-0.0083495653
10.8  		-0.0061476439 		+0.0193775786
10.92  		-0.0002201389 		-0.0003832345
11.04  		-0.0004708012 		-0.0000695915
11.16  		0.0015010328 		+0.0008717512
11.28  		-0.0077657536 		-0.0020263108
11.4  		0.0000197080 		+0.0001261619
11.52  		0.0016536091 		-0.0030830072
11.64  		0.0146370978 		+0.0005956291
11.76  		0.0112905347 		+0.0026794639
11.88  		0.0004097659 		+0.0037754326
