0  		1.0000000001 		+0.0000000000
0.12  		0.9996653126 		+0.0059926609
0.24  		0.9622565356 		-0.0157464717
0.36  		0.9924501937 		+0.0211924103
0.48  		0.9705041637 		-0.0771807424
0.6  		0.9282825245 		-0.0218939133
0.72  		0.7909000159 		+0.0770492622
0.84  		0.8522689445 		+0.0280253880
0.96  		0.5216479077 		-0.0548003484
1.08  		0.3521846452 		+0.4457396773
1.2  		-0.0035526321 		+0.0181444790
1.32  		0.1472451125 		-0.5788851582
1.44  		-0.0041517647 		+0.0443314008
1.56  		-0.2844838318 		-0.0995048949
1.68  		-0.0293136704 		+0.0364937567
1.8  		-0.0857682427 		+0.0408851902
1.92  		0.0338706270 		-0.0708681489
2.04  		0.0459985518 		-0.0128457358
2.16  		0.3277379547 		+0.1650077332
2.28  		0.5198001324 		+0.2006448418
2.4  		-0.1196468910 		+0.0204002735
2.52  		0.2809590113 		-0.0833857371
2.64  		0.3748677886 		+0.2450163124
2.76  		0.3323552641 		+0.2983910017
2.88  		-0.0742196974 		+0.0510290699
3  		0.1749811482 		-0.1187590155
3.12  		0.7746404360 		+0.1307321008
3.24  		-0.0025270568 		+0.0042563748
3.36  		0.0512001068 		+0.4514557041
3.48  		-0.1510318493 		-0.4946516744
3.6  		-0.2047379357 		+0.1148388588
3.72  		0.1407629739 		+0.2006621557
3.84  		0.5076755520 		-0.1099627314
3.96  		-0.0851643223 		-0.0493985508
4.08  		0.1277677496 		-0.1114683467
4.2  		0.6184937214 		+0.2558614423
4.32  		0.2576092694 		+0.1076383023
4.44  		0.2769586203 		-0.3304904719
4.56  		0.3112854072 		+0.3533319960
4.68  		0.2325232981 		-0.3002850949
4.8  		-0.0002307542 		+0.0004443840
4.92  		0.1573135053 		+0.0032029233
5.04  		0.0017232407 		+0.0095153082
5.16  		0.0022045152 		+0.0025242448
5.28  		0.1429404899 		+0.0127336445
5.4  		0.0020245204 		+0.0006011649
5.52  		0.0252219004 		+0.0018765382
5.64  		-0.0871349406 		-0.0181694226
5.76  		-0.2765389999 		-0.0685239883
5.88  		0.0015527354 		-0.0414105059
6  		-0.0062708677 		+0.0151179383
6.12  		0.0081002583 		+0.0005956844
6.24  		0.0324526380 		+0.0257445493
6.36  		0.0369441822 		+0.1390865622
6.48  		-0.1068582666 		+0.1678821899
6.6  		0.4062880014 		-0.3763603748
6.72  		0.2315252435 		+0.1168208003
6.84  		0.3860311971 		-0.3759827379
6.96  		0.0668656471 		+0.0219588248
7.08  		0.0788642739 		+0.0114752514
7.2  		0.0099653474 		-0.0248593104
7.31999  		0.0699106255 		+0.0386106476
7.43999  		-0.0362498911 		-0.0559913311
7.55999  		0.0929150739 		-0.0543970193
7.67999  		0.0593073715 		-0.0258172699
7.79999  		0.0319289537 		-0.0163574710
7.91999  		0.0100992593 		+0.0037310701
8.03999  		0.0778517514 		+0.0086082862
8.15999  		0.0262755757 		-0.0374133291
8.27999  		0.0011717686 		+0.0014599358
8.39999  		-0.0027083106 		+0.0000647176
8.51999  		0.0002179952 		+0.0001185634
8.63999  		0.0007581745 		-0.0001901283
8.75999  		0.1868044165 		+0.0064038770
8.87999  		-0.1218827498 		-0.0715254259
8.99999  		0.0002191884 		+0.0171083655
9.11999  		0.0061339740 		+0.0025109961
9.23999  		-0.0726348752 		-0.0179631320
9.35999  		-0.1180767067 		+0.0160468938
9.47999  		0.0012517718 		+0.0020749149
9.59999  		0.0583140867 		+0.0057545800
9.71999  		0.0001745453 		+0.0000854033
9.83999  		-0.0035263114 		-0.0024810769
9.95999  		-0.0050983920 		+0.0002993653
10.08  		0.0001024910 		-0.0049403203
10.2  		0.0008431389 		-0.0000592131
10.32  		-0.0159183144 		-0.0213572813
10.44  		0.0000210095 		-0.0000149680
10.56  		0.0083679167 		+0.0014216063
10.68  		-0.0026259931 		-0.0018329882
10.8  		-0.0052039581 		+0.0309285815
10.92  		-0.0400149726 		+0.0413101361
11.04  		0.0273895314 		-0.0275757288
11.16  		0.0001203987 		-0.0000560871
11.28  		-0.0027631245 		+0.0007378588
11.4  		-0.0275503447 		+0.0215481506
11.52  		-0.0210012013 		+0.0709694130
11.64  		0.0198487638 		+0.0089251990
11.76  		0.0220743181 		+0.0155837747
11.88  		-0.0012746413 		+0.0000325201
