0  		1.0000000004 		+0.0000000000
0.12  		0.9999791706 		+0.0002136050
0.24  		0.9998798499 		+0.0005161333
0.36  		0.9981061000 		-0.0008946112
0.48  		0.9877271291 		+0.0577008955
0.6  		0.9843154851 		-0.0096760231
0.72  		0.8977047237 		+0.0141571091
0.84  		0.5312556352 		+0.0277710510
0.96  		0.8367370744 		+0.0709911748
1.08  		-0.4776296749 		-0.0083319777
1.2  		-0.1064619197 		-0.0738494020
1.32  		0.4910330793 		-0.1567614583
1.44  		0.4546561468 		-0.2103550646
1.56  		0.6682687891 		+0.1559485620
1.68  		0.6938625848 		-0.0364510986
1.8  		0.8689060914 		+0.0875108047
1.92  		0.7758151046 		+0.0348804622
2.04  		0.9390754096 		-0.0123550327
2.16  		0.6938388722 		+0.1092451657
2.28  		0.7223670951 		+0.0128457968
2.4  		0.3000694408 		+0.0024492342
2.52  		0.4271996405 		-0.0896662752
2.64  		0.4503868132 		-0.0393997376
2.76  		-0.3509560487 		-0.0481032130
2.88  		0.1444986020 		-0.0325314444
3  		0.3294322125 		+0.0544241879
3.12  		0.6005589807 		+0.1635361714
3.24  		-0.1915669688 		-0.1986571621
3.36  		0.7476119603 		-0.0857348256
3.48  		0.6053892215 		-0.1434119302
3.6  		-0.1844611437 		+0.3691327530
3.72  		0.4635975771 		-0.0823050965
3.84  		0.4749388847 		+0.0843027679
3.96  		-0.0018320566 		+0.0002182722
4.08  		-0.1118104996 		-0.0187004169
4.2  		0.2127480337 		+0.0304235520
4.32  		0.2860612815 		-0.0556593310
4.44  		-0.0457109526 		-0.2019215032
4.56  		0.4824494190 		+0.1817789068
4.68  		0.0515390792 		-0.0006192086
4.8  		-0.0204914373 		+0.0215032876
4.92  		0.0014844238 		+0.0058141213
5.04  		0.3679714312 		+0.0438377648
5.16  		0.0743849537 		+0.0211691800
5.28  		-0.3138696080 		-0.0876308181
5.4  		-0.0807009654 		+0.0256514523
5.52  		-0.0257038483 		+0.0154375594
5.64  		0.0840576857 		+0.0065315335
5.76  		0.0540144390 		+0.0191920056
5.88  		-0.1038317600 		+0.0630212757
6  		0.0918937006 		-0.0669952491
6.12  		0.0014200170 		-0.0013722470
6.24  		0.3049035635 		-0.0085649742
6.36  		0.1733372664 		+0.0172740050
6.48  		-0.1860478006 		+0.0809183531
6.6  		0.0247593376 		-0.0093481964
6.72  		-0.0122386596 		-0.0302112919
6.84  		-0.1091515928 		-0.0564206650
6.96  		0.0045614900 		+0.0000319171
7.08  		0.0215036113 		+0.0152949239
7.2  		-0.0006022815 		+0.0002945009
7.31999  		0.0163211000 		-0.0341633068
7.43999  		-0.0089196622 		-0.0001875905
7.55999  		-0.0550100460 		+0.0221047413
7.67999  		-0.2385642141 		+0.0444400831
7.79999  		-0.1363261773 		+0.0145896123
7.91999  		-0.3007087790 		+0.0356261490
8.03999  		0.0040270541 		+0.0030554099
8.15999  		-0.0275887154 		+0.0276187839
8.27999  		-0.0210300958 		+0.0040979732
8.39999  		0.0024599410 		+0.0014523830
8.51999  		0.0546650131 		+0.0045648542
8.63999  		-0.0674862806 		-0.0203141169
8.75999  		0.0308834663 		+0.0302017046
8.87999  		-0.0034540553 		-0.0226602853
8.99999  		0.0207865732 		-0.0029737550
9.11999  		0.1691830787 		-0.0261662678
9.23999  		0.0052730375 		+0.0003453079
9.35999  		0.0052221910 		+0.0034258538
9.47999  		0.1316929404 		+0.0622265315
9.59999  		0.3836634743 		+0.0449937660
9.71999  		-0.2887811701 		-0.1451707281
9.83999  		0.1303630845 		+0.1519060821
9.95999  		0.0681027961 		+0.0033579357
10.08  		-0.0104027048 		-0.0358099792
10.2  		0.0718285865 		-0.0367097290
10.32  		0.0688943595 		+0.0392620960
10.44  		0.0012421060 		+0.0058243833
10.56  		-0.0291638809 		+0.0028443002
10.68  		0.0187831703 		+0.0238444495
10.8  		-0.1098587342 		-0.0652186133
10.92  		-0.0192659885 		+0.0008076220
11.04  		0.0864654897 		-0.1011788819
11.16  		0.1223695803 		-0.1313068779
11.28  		0.0460404922 		+0.0052654324
11.4  		0.0376788947 		-0.0065980847
11.52  		0.0471247662 		-0.0240279772
11.64  		0.0195029132 		-0.0040908219
11.76  		0.0001800689 		+0.0004320976
11.88  		-0.0000688889 		-0.0001275396
