0  		1.0000000000 		-0.0000000000
0.12  		0.9999978849 		-0.0002477860
0.24  		0.9999632143 		-0.0013330189
0.36  		0.9898019973 		-0.0032985630
0.48  		0.9969562426 		-0.0259996769
0.6  		0.9875741181 		+0.0010026085
0.72  		0.9975802210 		+0.0076253313
0.84  		0.9773994020 		+0.0024885209
0.96  		0.9285667609 		-0.0111913456
1.08  		0.9697394925 		+0.0258632362
1.2  		0.6678926043 		+0.0548898074
1.32  		0.8992671712 		-0.0732779811
1.44  		0.9055770438 		-0.0449453910
1.56  		0.9246304762 		-0.0360289162
1.68  		0.7823285781 		+0.0413075918
1.8  		0.5770988852 		-0.1102915922
1.92  		0.1132642777 		-0.1002735862
2.04  		0.8582989814 		+0.0049001765
2.16  		0.2647058021 		+0.0040499788
2.28  		0.4188386454 		+0.1589928042
2.4  		0.0304976531 		-0.0195921307
2.52  		0.4966623653 		+0.4192604550
2.64  		0.8059651105 		+0.0637665589
2.76  		0.8247339886 		-0.0288109568
2.88  		0.8936610627 		+0.0191825184
3  		0.8468405515 		-0.0475240795
3.12  		0.8599578595 		+0.1063980730
3.24  		0.7061643471 		-0.0402435031
3.36  		0.0247144836 		+0.0002910860
3.48  		0.3871002123 		+0.0305977440
3.6  		-0.0670768828 		-0.0312523226
3.72  		0.4610488108 		-0.0256289947
3.84  		0.5051524166 		+0.1141922889
3.96  		0.7797089678 		-0.0317901618
4.08  		0.7149159595 		-0.2036178866
4.2  		0.7732038397 		+0.0745665852
4.32  		0.8525277952 		+0.0117592934
4.44  		0.7998657633 		-0.0464154739
4.56  		0.5878293595 		-0.0918278111
4.68  		-0.4772335095 		+0.3126494037
4.8  		0.6701896807 		-0.1639530161
4.92  		0.5362517249 		-0.0085547109
5.04  		-0.0366079431 		+0.0115593803
5.16  		0.0623554272 		+0.0115159136
5.28  		0.1768216728 		+0.1151223210
5.4  		-0.3050508371 		+0.0997546739
5.52  		0.1540216809 		-0.0096322232
5.64  		-0.1219238232 		+0.0707562690
5.76  		0.8165360701 		+0.0357258504
5.88  		0.0452484324 		+0.0819283916
6  		0.0462628818 		+0.0123835443
6.12  		0.1804925766 		-0.0100757189
6.24  		0.3949967915 		-0.0431008502
6.36  		0.4651968326 		-0.0950567898
6.48  		0.1370092524 		+0.0077016845
6.6  		-0.1561116895 		-0.0203122846
6.72  		0.1411713365 		+0.0061357272
6.84  		-0.3473519734 		+0.0406859458
6.96  		0.2952535472 		-0.0016728923
7.08  		-0.1496996277 		+0.0632419651
7.2  		0.0628436706 		-0.0384319700
7.31999  		-0.1694741975 		-0.1208503564
7.43999  		0.2307408420 		+0.0398661968
7.55999  		0.2566871240 		-0.1523670466
7.67999  		-0.0041168385 		+0.0080652567
7.79999  		0.1692974900 		+0.1512664310
7.91999  		-0.0138022746 		+0.0834667138
8.03999  		0.0023487109 		+0.0284237188
8.15999  		0.1312168851 		-0.1264110007
8.27999  		0.1268382503 		-0.0496635187
8.39999  		0.0200466985 		-0.0548836008
8.51999  		-0.0392341595 		-0.0366427218
8.63999  		-0.2349478529 		+0.0159057958
8.75999  		-0.0121662493 		-0.0000186211
8.87999  		0.0347984601 		+0.0900519620
8.99999  		-0.0041754665 		-0.0263406842
9.11999  		-0.0246182904 		-0.0042634224
9.23999  		-0.0663193698 		-0.0673264195
9.35999  		0.0774967204 		-0.1121850647
9.47999  		-0.1947828576 		-0.0304313386
9.59999  		-0.0184742927 		+0.0516104629
9.71999  		-0.0417333988 		+0.0334533584
9.83999  		0.0024871751 		+0.0014379099
9.95999  		0.0183364613 		+0.0312074840
10.08  		0.0293038380 		+0.0131204593
10.2  		0.0000745508 		-0.0000435345
10.32  		0.0749655809 		+0.0480204150
10.44  		-0.0067427248 		-0.0012154805
10.56  		0.0866520065 		+0.0447599867
10.68  		0.0248307719 		-0.0035094121
10.8  		0.0020058449 		-0.0007827350
10.92  		0.0896677862 		+0.0162359834
11.04  		0.0134146315 		-0.0163603480
11.16  		0.0574359469 		+0.0183107715
11.28  		0.1201889522 		-0.0713187884
11.4  		-0.0121043207 		-0.0062963610
11.52  		0.0330537631 		-0.0316619842
11.64  		0.1448235538 		-0.0200342094
11.76  		-0.0253545071 		-0.0350130162
11.88  		-0.0105126828 		+0.0075320050
