0  		1.0000000004 		+0.0000000000
0.12  		0.9999819969 		+0.0012753455
0.24  		0.9999182093 		-0.0017252047
0.36  		0.9996778357 		+0.0044744192
0.48  		0.9835746892 		+0.0135138376
0.6  		0.9891019900 		-0.0059801004
0.72  		0.9502764252 		+0.0299778498
0.84  		0.2419388554 		+0.1185763035
0.96  		0.6437192894 		+0.1819535294
1.08  		0.8074773655 		-0.0911104329
1.2  		0.7228375639 		-0.0105805807
1.32  		0.6196952033 		-0.0537935184
1.44  		0.7338487183 		-0.1124711485
1.56  		0.2139760791 		+0.0382186144
1.68  		-0.0003424731 		+0.1520588768
1.8  		0.5191288716 		-0.0370385212
1.92  		0.4143037495 		+0.0564272430
2.04  		0.5638184361 		-0.2001318858
2.16  		-0.3048394347 		-0.1484212094
2.28  		0.2428124367 		-0.0289087948
2.4  		0.1852317942 		+0.1402271562
2.52  		0.3686668448 		+0.0465735558
2.64  		0.0355749484 		+0.0042476337
2.76  		-0.0001717333 		-0.0000303279
2.88  		0.2988504890 		-0.0649765019
3  		-0.0467358398 		+0.0010714806
3.12  		0.2682713616 		+0.0808209071
3.24  		0.1083311414 		+0.0953517133
3.36  		0.0298807827 		+0.0269148048
3.48  		-0.2208448560 		-0.0800198181
3.6  		0.1851060756 		+0.0918400843
3.72  		0.3288391687 		-0.0480666267
3.84  		0.0036871929 		-0.0067929041
3.96  		-0.0000432096 		-0.0028799245
4.08  		0.0371922822 		-0.0681266399
4.2  		-0.1834761423 		+0.0267975838
4.32  		0.3044127239 		-0.1341196844
4.44  		0.3030011798 		+0.1706572581
4.56  		0.1616156315 		-0.0958685643
4.68  		-0.2732109449 		+0.0465990344
4.8  		0.3114981832 		+0.0834529678
4.92  		0.4300505331 		+0.1854536998
5.04  		0.0949139872 		-0.0342344288
5.16  		0.3778280361 		+0.1898498926
5.28  		0.0776576630 		+0.0377110978
5.4  		-0.0161925035 		-0.0137398366
5.52  		0.1638105398 		+0.0330645527
5.64  		0.2759734806 		-0.0053446728
5.76  		0.0313630820 		+0.1333880843
5.88  		0.1575548454 		+0.0163797820
6  		0.3980260227 		+0.1554205567
6.12  		0.2009776550 		-0.0585335005
6.24  		-0.0603263139 		-0.0483073730
6.36  		-0.0875139209 		-0.0084963257
6.48  		-0.1861706552 		-0.0465199073
6.6  		0.1455954778 		-0.1278960676
6.72  		-0.3285283413 		-0.1118300624
6.84  		0.1609449233 		+0.0458232234
6.96  		-0.1509748420 		+0.0894518616
7.08  		0.1141557370 		+0.0240656917
7.2  		0.1635127276 		+0.0927946296
7.31999  		-0.0673491452 		+0.0060483215
7.43999  		-0.0365190946 		-0.1668707151
7.55999  		-0.0020825295 		+0.0023084914
7.67999  		-0.0052935136 		-0.0029045152
7.79999  		0.0000965717 		+0.0004063116
7.91999  		-0.0043170049 		+0.0023866381
8.03999  		0.0759927367 		+0.0645755030
8.15999  		0.0149209787 		-0.0201423553
8.27999  		-0.0029561457 		-0.0027087017
8.39999  		-0.0005673429 		-0.0006479578
8.51999  		0.0141742887 		-0.0080356528
8.63999  		-0.0004098479 		+0.0002242865
8.75999  		0.0017199378 		-0.0021276791
8.87999  		-0.0005095936 		+0.0009540496
8.99999  		-0.0074929391 		+0.0220670145
9.11999  		-0.0044559349 		-0.0038061474
9.23999  		-0.0653816093 		+0.0392079167
9.35999  		0.0050406122 		+0.0039337813
9.47999  		0.0341479070 		-0.0448007532
9.59999  		0.0021013686 		-0.0008335213
9.71999  		0.1213130396 		+0.0248608792
9.83999  		0.0441852329 		+0.0082595155
9.95999  		0.0191717436 		+0.0015749908
10.08  		0.1250744679 		+0.0141205683
10.2  		0.0201265922 		-0.0310743576
10.32  		-0.0023503117 		+0.0093121878
10.44  		-0.0028315179 		-0.0024565031
10.56  		0.0099241050 		+0.0459503963
10.68  		0.1831853017 		-0.0005406826
10.8  		0.0313743155 		+0.0411121306
10.92  		0.0725568621 		-0.0487165962
11.04  		-0.0141261640 		+0.0336050775
11.16  		-0.0066887270 		-0.0141512088
11.28  		0.0390701809 		-0.0401213642
11.4  		0.0195109476 		+0.0041876150
11.52  		0.0002536777 		+0.0009685173
11.64  		0.0001670918 		-0.0008090726
11.76  		0.0010167192 		-0.0023542808
11.88  		0.0085200588 		-0.0135434438
