0  		1.0000000000 		+0.0000000000
0.12  		0.9999935397 		-0.0001880765
0.24  		0.9999550531 		-0.0012881709
0.36  		0.9997543372 		+0.0033676846
0.48  		0.9934532843 		+0.0052637567
0.6  		0.9936697726 		-0.0188341648
0.72  		0.9764421826 		-0.0194892778
0.84  		0.8961996842 		-0.0406913039
0.96  		0.8659359842 		-0.1580617294
1.08  		0.9516432639 		-0.0073753975
1.2  		0.3927678629 		+0.0139741649
1.32  		0.8241744952 		+0.0553712806
1.44  		0.7233875557 		+0.1151144865
1.56  		0.4493727990 		+0.1747048292
1.68  		0.6051756452 		-0.0102262115
1.8  		0.7398022886 		-0.0582265672
1.92  		0.8188796247 		-0.1172406094
2.04  		-0.0821027889 		+0.0750081086
2.16  		0.7600472066 		+0.0807074194
2.28  		0.6612936078 		+0.0389342222
2.4  		0.7489104897 		-0.1916159849
2.52  		0.8088740021 		-0.2689498206
2.64  		0.7515830839 		+0.0203757063
2.76  		0.3729203835 		-0.0823450597
2.88  		0.1497528467 		+0.3828792455
3  		0.4358994264 		+0.0380307507
3.12  		0.2174509409 		+0.0040618570
3.24  		0.6894733269 		-0.3264383839
3.36  		0.5575103358 		-0.0817895830
3.48  		0.2778031393 		+0.2505082527
3.6  		0.0254174808 		+0.1918298906
3.72  		0.0319216655 		+0.0627005400
3.84  		0.1150072682 		+0.0069907105
3.96  		-0.2701337266 		-0.0079868552
4.08  		0.0502847049 		-0.1077595550
4.2  		-0.0508916754 		+0.0532723236
4.32  		0.0290589461 		+0.0005527706
4.44  		0.0126258061 		-0.0104343968
4.56  		0.0603942284 		-0.0320556846
4.68  		0.0160799531 		-0.0051651887
4.8  		0.0069111925 		+0.0021854378
4.92  		0.2946617315 		+0.0827835476
5.04  		0.3551980262 		+0.0807068299
5.16  		0.6117053756 		+0.0714770988
5.28  		0.0036046985 		-0.0140757645
5.4  		0.4328811191 		+0.0435747179
5.52  		-0.3880773980 		+0.0375500867
5.64  		0.0343515594 		+0.0125754770
5.76  		0.2494599760 		+0.0094407437
5.88  		0.0428833353 		-0.0267864857
6  		-0.0046027474 		+0.0219095622
6.12  		0.0029631658 		-0.0188484993
6.24  		0.3548150251 		-0.2016125917
6.36  		-0.0143134569 		-0.0399599292
6.48  		0.0994295353 		-0.0291067126
6.6  		-0.1891583151 		+0.0920436547
6.72  		-0.0033348548 		-0.0007102518
6.84  		0.1898292507 		-0.0414421023
6.96  		0.2012918109 		-0.0481333527
7.08  		0.1918269443 		-0.1627441103
7.2  		-0.0424515165 		-0.0039624533
7.31999  		0.0803336741 		-0.0327538816
7.43999  		0.1339559490 		-0.0174037021
7.55999  		-0.0371219125 		+0.0017447087
7.67999  		-0.0003197911 		-0.0013362045
7.79999  		-0.1479142867 		-0.0490997074
7.91999  		-0.0068694142 		-0.0081283488
8.03999  		-0.0554690921 		+0.0202728044
8.15999  		0.0987567452 		-0.0147776758
8.27999  		0.2508988141 		-0.1420098855
8.39999  		0.3269484357 		-0.0019603804
8.51999  		0.0774128700 		+0.0740469939
8.63999  		0.0482835019 		-0.0998560737
8.75999  		-0.0120140972 		-0.0120809363
8.87999  		0.1343720005 		+0.0134338218
8.99999  		0.1558244420 		+0.0176234131
9.11999  		-0.1335260229 		-0.0094339296
9.23999  		0.0273417350 		+0.0098129658
9.35999  		-0.0648971105 		+0.0014332183
9.47999  		0.2129472362 		-0.0322017981
9.59999  		0.0162296435 		-0.0113736351
9.71999  		-0.0179408724 		+0.0635978593
9.83999  		0.1702891183 		-0.0281671564
9.95999  		0.0212075225 		-0.0118244625
10.08  		0.0095130394 		-0.0043935239
10.2  		-0.0023126806 		+0.0082693305
10.32  		-0.0032224113 		+0.0044468444
10.44  		-0.0100489988 		+0.0035589111
10.56  		0.0363014740 		-0.0332082457
10.68  		0.0311876006 		-0.0086719363
10.8  		0.0009714603 		-0.0013632107
10.92  		-0.0209180588 		+0.0453946700
11.04  		0.0270282412 		+0.0073728903
11.16  		0.1019371753 		+0.1437318415
11.28  		-0.0829896574 		-0.0016294792
11.4  		-0.0161345662 		+0.0155946571
11.52  		0.2742867461 		+0.0100781409
11.64  		0.0449973053 		-0.0252044539
11.76  		0.1222028310 		+0.0047554330
11.88  		0.0003874184 		-0.0026175920
