0  		1.0000000000 		+0.0000000000
0.12  		0.9964035515 		+0.0023629267
0.24  		0.9959341829 		+0.0178341992
0.36  		0.9683705739 		-0.1130183784
0.48  		0.9207395659 		+0.3755948373
0.6  		0.7397589822 		+0.0657754518
0.72  		0.9632587896 		+0.1124251485
0.84  		0.9371322404 		-0.2472895514
0.96  		0.7659858787 		-0.4231601211
1.08  		0.8557271204 		+0.0132111983
1.2  		-0.7002574348 		+0.4084010086
1.32  		0.1624943024 		-0.4205731313
1.44  		-0.0449484981 		+0.4135154070
1.56  		0.5433502386 		-0.0624942624
1.68  		0.6596263738 		-0.1754763192
1.8  		0.8636222666 		-0.2659298843
1.92  		0.7421539601 		-0.0355129780
2.04  		0.2965533278 		+0.0591708207
2.16  		0.3009555758 		+0.1681334806
2.28  		0.5930505782 		+0.0179255336
2.4  		0.5213504692 		-0.4606130163
2.52  		0.4790620200 		+0.1747371991
2.64  		0.4150808647 		-0.0379166454
2.76  		0.0634371569 		+0.0115300593
2.88  		0.7031218009 		+0.1141371982
3  		-0.2118499869 		+0.1699218177
3.12  		0.4333507225 		-0.2092526504
3.24  		0.5904999070 		-0.1318801832
3.36  		0.5240473286 		+0.4252319781
3.48  		-0.2847704183 		-0.1332743859
3.6  		-0.3548338964 		+0.1000609016
3.72  		0.2491705714 		-0.1307474485
3.84  		-0.0195293057 		+0.0192403456
3.96  		0.5876502245 		-0.1094877229
4.08  		0.8378969032 		-0.0968728071
4.2  		0.8704268690 		-0.0556383878
4.32  		0.2220725082 		+0.0101400650
4.44  		0.7273934923 		-0.1278787793
4.56  		0.5869825915 		+0.2667570286
4.68  		0.2753577837 		-0.1523398167
4.8  		-0.0866132660 		+0.0063996197
4.92  		0.3321353127 		-0.0060051098
5.04  		0.3267215684 		+0.0162274706
5.16  		0.5946721843 		-0.0766117744
5.28  		0.2562726113 		-0.0322691128
5.4  		-0.1413316819 		+0.2310437785
5.52  		0.0418660647 		+0.0469513690
5.64  		0.4889578554 		-0.0067120189
5.76  		0.2944205575 		+0.1084212262
5.88  		0.1857696598 		+0.0818460641
6  		0.0248459875 		-0.0000016654
6.12  		0.0322855943 		-0.0425417344
6.24  		-0.0700933688 		-0.0197803731
6.36  		0.1302929453 		-0.0217266528
6.48  		0.0031520613 		-0.0096171430
6.6  		0.4163344711 		+0.0830046636
6.72  		0.0730505199 		+0.0311155319
6.84  		0.0338722409 		+0.0018418278
6.96  		0.2884779948 		-0.0820036917
7.08  		0.4218147276 		-0.1572526505
7.2  		0.1044401246 		+0.0460168751
7.31999  		-0.0036678603 		-0.0159282510
7.43999  		-0.0129745171 		+0.0055292459
7.55999  		0.0201800627 		-0.0056595101
7.67999  		0.3191482121 		+0.1600121875
7.79999  		0.0695968074 		+0.0162151207
7.91999  		0.3764203095 		-0.0649313234
8.03999  		0.0370196900 		+0.0247017822
8.15999  		-0.0846324720 		-0.1006955496
8.27999  		-0.0943412298 		-0.0381493273
8.39999  		0.0701365760 		+0.0460028634
8.51999  		-0.0604184998 		-0.0112752379
8.63999  		-0.2405093786 		+0.0093048958
8.75999  		0.2202299919 		-0.0494862589
8.87999  		-0.1624243860 		+0.1704219095
8.99999  		0.0529321056 		+0.1820484222
9.11999  		0.3567579680 		-0.0519005895
9.23999  		0.0105146518 		-0.0070977017
9.35999  		0.3759061048 		+0.2854322537
9.47999  		-0.0495256549 		-0.0146872951
9.59999  		0.4715289319 		+0.1877266852
9.71999  		0.4812638427 		-0.0956298756
9.83999  		0.0114532976 		-0.0636234975
9.95999  		-0.5639197707 		+0.2262766939
10.08  		0.0051760046 		-0.1502231323
10.2  		0.4483120000 		-0.2918201624
10.32  		0.3336444810 		+0.2844777527
10.44  		0.2000404117 		-0.0487431235
10.56  		0.2101185398 		-0.0818805656
10.68  		0.0609715992 		+0.0457263531
10.8  		-0.0001236590 		-0.0031477014
10.92  		-0.0233267665 		+0.0628121688
11.04  		0.0946911466 		+0.1031938368
11.16  		0.2902353327 		-0.0450832893
11.28  		-0.0283481379 		-0.0949621510
11.4  		-0.1446764554 		-0.0498626548
11.52  		-0.0042603920 		-0.0469795209
11.64  		0.0243003614 		-0.0017956894
11.76  		0.2788808351 		-0.0522488435
11.88  		0.1623243187 		+0.0844743529
