0  		1.0000000003 		+0.0000000000
0.12  		0.8410063263 		-0.0045939770
0.24  		-0.6666475109 		+0.0424443816
0.36  		0.9574010802 		+0.1761512094
0.48  		0.9483365504 		-0.1759731712
0.6  		0.2854034490 		+0.2532896955
0.72  		0.0935250948 		+0.1132201454
0.84  		0.9750751877 		-0.1424028469
0.96  		-0.0970035519 		-0.4070444525
1.08  		0.4192045796 		+0.0987634280
1.2  		0.7515043680 		-0.1743124014
1.32  		0.3512304014 		+0.1760263183
1.44  		-0.0863954935 		+0.0139229126
1.56  		0.0330045287 		-0.3109138589
1.68  		0.7929332838 		+0.1347302741
1.8  		0.6550334792 		-0.2604056988
1.92  		0.3249993319 		+0.0525295399
2.04  		0.8468536429 		+0.0440930290
2.16  		-0.0063165355 		-0.1417948057
2.28  		0.4098284740 		-0.2636514240
2.4  		0.6886893248 		-0.4828029979
2.52  		0.4650609623 		-0.3988205025
2.64  		0.0115052960 		-0.4751236134
2.76  		-0.1352920558 		+0.1226648263
2.88  		0.0185939445 		+0.0007673338
3  		0.7233155849 		+0.1645811486
3.12  		0.4719770156 		-0.0638048498
3.24  		0.4229873964 		+0.2726699184
3.36  		-0.2551230785 		+0.0617699135
3.48  		-0.0081324153 		+0.0012502420
3.6  		0.6085487834 		+0.2148791642
3.72  		0.4658240015 		+0.0167226542
3.84  		-0.1070238180 		-0.1190696090
3.96  		-0.2625543161 		-0.1907379744
4.08  		0.1495075785 		+0.1475515991
4.2  		-0.2037874664 		+0.0670099604
4.32  		0.0780519477 		-0.1382924805
4.44  		-0.1269980135 		-0.1712680112
4.56  		-0.1622065074 		+0.1763986614
4.68  		0.0185228777 		+0.1525305000
4.8  		0.0047129688 		-0.0039316535
4.92  		-0.0986642724 		+0.0799390529
5.04  		0.3617883068 		-0.0837989374
5.16  		-0.0646830095 		+0.0401117571
5.28  		0.3239316208 		-0.0370177262
5.4  		0.2655593583 		+0.1210888632
5.52  		0.0512095166 		+0.0371364012
5.64  		0.0153625516 		-0.1103321684
5.76  		0.0740149752 		-0.0607264992
5.88  		0.2370794853 		-0.1310240939
6  		0.0735646189 		+0.0158846553
6.12  		-0.0930623680 		+0.1623745533
6.24  		0.0681136545 		+0.2521577183
6.36  		-0.0332329728 		-0.0672595261
6.48  		0.2300120690 		-0.2358301541
6.6  		0.1262312686 		-0.0041665323
6.72  		0.1631881139 		-0.0061040521
6.84  		0.0167295058 		+0.0002501711
6.96  		0.0001199438 		-0.0000281628
7.08  		0.0802874766 		-0.0175707136
7.2  		-0.0600447010 		+0.0268450577
7.31999  		0.1057878874 		+0.0256728230
7.43999  		0.0467448020 		+0.0201860342
7.55999  		-0.2281351789 		+0.1356874033
7.67999  		0.3324581698 		+0.0456034995
7.79999  		0.2548442641 		-0.1958037072
7.91999  		-0.1198863628 		-0.0407844897
8.03999  		0.0182946099 		-0.0453818381
8.15999  		-0.0185873613 		-0.0237564784
8.27999  		0.0086026857 		+0.0090375037
8.39999  		0.0023847244 		-0.0008415816
8.51999  		-0.2180392694 		-0.1589774663
8.63999  		0.0895866419 		-0.0460536279
8.75999  		0.0234695198 		-0.0081761781
8.87999  		-0.0006231058 		+0.0007564662
8.99999  		-0.0323821409 		+0.0133348469
9.11999  		0.0166436500 		-0.0381911615
9.23999  		0.0501142389 		-0.0268052015
9.35999  		0.0328948811 		+0.0094969000
9.47999  		-0.0092925000 		-0.0007666747
9.59999  		0.0445546992 		+0.0823960839
9.71999  		0.0004006880 		+0.0050762185
9.83999  		0.0000392664 		-0.0067827718
9.95999  		0.0030512697 		-0.0006034701
10.08  		-0.0035660618 		+0.0052096906
10.2  		-0.0047212348 		-0.0011329696
10.32  		0.0060376445 		+0.0028321697
10.44  		-0.0000317425 		-0.0001423659
10.56  		-0.0198386713 		+0.0034944672
10.68  		-0.0402252282 		-0.0257966618
10.8  		0.0194770512 		+0.0098080503
10.92  		0.0099567758 		+0.0120597413
11.04  		-0.0500848308 		+0.0222183354
11.16  		-0.0188568916 		-0.0018735059
11.28  		0.0100811666 		+0.0029470638
11.4  		-0.0121539530 		-0.0088556163
11.52  		0.0134088799 		+0.0933924458
11.64  		0.0007004780 		+0.0004666550
11.76  		0.0044064688 		+0.0279529176
11.88  		-0.0027992432 		-0.0022554635
