0  		1.0000000004 		-0.0000000000
0.12  		0.9998501490 		+0.0009814114
0.24  		0.9898668457 		+0.0062085670
0.36  		0.9881003706 		-0.0090557450
0.48  		0.9713287027 		+0.0824645175
0.6  		0.4199321183 		+0.0272575918
0.72  		0.7043999673 		+0.0884648015
0.84  		0.8112937145 		-0.1190018129
0.96  		0.6644480538 		+0.5893112726
1.08  		0.7308407229 		+0.0568105781
1.2  		-0.6132095590 		-0.1266349799
1.32  		0.3421717444 		+0.0978003923
1.44  		-0.4926567731 		-0.0213441020
1.56  		0.7078560095 		+0.0893847279
1.68  		0.5734169029 		-0.0577170646
1.8  		0.5982647597 		-0.1280554125
1.92  		0.2646809206 		-0.0003107264
2.04  		0.6799810241 		-0.2976462087
2.16  		0.5204340347 		+0.0553158547
2.28  		0.6096897740 		-0.0109623522
2.4  		0.5105991167 		+0.0258671663
2.52  		0.5265440743 		+0.1615532413
2.64  		0.2128845079 		-0.0137926417
2.76  		-0.3141526248 		-0.1456429359
2.88  		-0.1398535053 		+0.0291635820
3  		0.1874360091 		-0.0534088552
3.12  		0.5775013553 		+0.0255561919
3.24  		0.5139214526 		+0.0287259471
3.36  		0.2168735126 		+0.0333038025
3.48  		0.4703984245 		-0.2142047985
3.6  		0.1584850361 		+0.0383070741
3.72  		0.0002721222 		+0.0359753602
3.84  		-0.1008273987 		-0.0438768561
3.96  		-0.2100501362 		-0.3201755881
4.08  		-0.0346612371 		-0.0023421515
4.2  		0.1709737439 		+0.1475755232
4.32  		-0.0918655568 		-0.0174258783
4.44  		0.7452474790 		-0.1042162409
4.56  		0.5947159691 		-0.0092927074
4.68  		0.1415096616 		-0.0880306387
4.8  		0.4187548472 		+0.0248303109
4.92  		0.0832774283 		+0.1625783797
5.04  		0.2099175754 		-0.0574094632
5.16  		-0.0313039579 		+0.0457097143
5.28  		0.2907626245 		-0.1799511181
5.4  		0.0106415468 		+0.0103083798
5.52  		-0.0340659401 		+0.0047104930
5.64  		0.4750776136 		-0.1030336076
5.76  		0.3104387991 		-0.0118830199
5.88  		0.4466819943 		-0.0760447088
6  		0.1742043901 		-0.1308646702
6.12  		0.4924105927 		+0.0565811941
6.24  		0.5826926221 		-0.0579299748
6.36  		-0.1034894827 		+0.0298186341
6.48  		0.5670429587 		-0.0005996493
6.6  		0.3142822975 		-0.1947578373
6.72  		-0.0598502130 		+0.1134160794
6.84  		0.0965897694 		-0.0675068280
6.96  		0.2325062714 		+0.0430740080
7.08  		0.2967099839 		-0.0247903130
7.2  		0.1333012010 		+0.0284773541
7.31999  		0.2416877835 		+0.0317126527
7.43999  		0.0396356859 		+0.0382058545
7.55999  		0.5342403138 		-0.1547247234
7.67999  		0.4535417731 		-0.0183759785
7.79999  		0.4627755981 		+0.0005600300
7.91999  		0.0893682443 		-0.0032098709
8.03999  		0.0309602006 		+0.0070114855
8.15999  		0.4641736443 		-0.1153741490
8.27999  		0.3359802100 		+0.0547019754
8.39999  		0.2128750643 		+0.0775244810
8.51999  		0.3660359645 		-0.2474764093
8.63999  		-0.2482344386 		-0.0864375287
8.75999  		0.0135521008 		-0.0035039852
8.87999  		-0.0018873816 		-0.0332751253
8.99999  		0.1808597953 		+0.1674805512
9.11999  		0.0115360224 		-0.0541057692
9.23999  		-0.0783724936 		+0.0371914465
9.35999  		0.0574359600 		+0.1046881443
9.47999  		-0.1299042597 		+0.1118846191
9.59999  		0.0188042585 		-0.0006628883
9.71999  		-0.0065796095 		-0.0029251650
9.83999  		-0.0184648316 		+0.0104839108
9.95999  		0.0268793572 		-0.0072728255
10.08  		0.0024863238 		+0.0002580734
10.2  		0.0081413192 		+0.0035977314
10.32  		0.0062079952 		+0.0029247059
10.44  		-0.0001428340 		-0.0013149809
10.56  		0.0043537676 		-0.0043067771
10.68  		-0.0089060269 		-0.0099729839
10.8  		-0.0001811927 		+0.0009447548
10.92  		0.0014303593 		-0.0016050618
11.04  		-0.0011848419 		-0.0056052328
11.16  		-0.0009614785 		-0.0000953438
11.28  		0.0188581973 		+0.0424605514
11.4  		-0.1670989055 		-0.0129931610
11.52  		-0.0208315355 		-0.0011064074
11.64  		0.0007836400 		+0.0005722507
11.76  		-0.0057797083 		+0.0045487646
11.88  		0.0001718367 		+0.0000275412
