0  		1.0000000003 		+0.0000000000
0.12  		0.8661656817 		-0.0116973729
0.24  		0.9908181732 		-0.0096617889
0.36  		0.9238772266 		+0.1014951918
0.48  		0.8952935491 		-0.3537637747
0.6  		-0.4795460202 		-0.4397664954
0.72  		-0.0543333707 		-0.7985592352
0.84  		-0.6192675789 		-0.4468496396
0.96  		-0.9488202775 		+0.0841595463
1.08  		0.4608808484 		+0.0563006897
1.2  		0.8745949130 		+0.3001100520
1.32  		0.8828866997 		+0.0442251526
1.44  		0.7708196547 		+0.1165886278
1.56  		0.9169157851 		-0.2320427566
1.68  		0.9104647119 		+0.0142150518
1.8  		0.8639314722 		+0.1038688214
1.92  		-0.1755970312 		-0.0949925199
2.04  		-0.1807613173 		-0.1695023385
2.16  		0.8926120418 		-0.1528585545
2.28  		0.7696717135 		-0.1820855796
2.4  		-0.1676218957 		-0.1891023656
2.52  		-0.1560486884 		-0.7939066816
2.64  		0.5834668875 		+0.4116109059
2.76  		0.6204847008 		-0.2549456194
2.88  		0.0521889994 		-0.2055246763
3  		0.0180417706 		-0.0062198203
3.12  		0.1071844961 		+0.0649215183
3.24  		0.1495867439 		-0.1122208148
3.36  		0.5473305153 		-0.1235575996
3.48  		0.5827160067 		-0.1505590518
3.6  		0.5797968551 		-0.1154084134
3.72  		-0.5914436235 		-0.0063074139
3.84  		0.5059254479 		-0.3866318503
3.96  		0.5857055016 		+0.3724941948
4.08  		-0.5546748589 		-0.4578247969
4.2  		-0.6164478834 		-0.0330602921
4.32  		0.3606834119 		+0.0539402283
4.44  		0.6149559641 		-0.0097171970
4.56  		0.4491414348 		-0.0324552500
4.68  		0.1074848098 		+0.0116568493
4.8  		-0.4914305022 		-0.0764392187
4.92  		-0.0019786659 		+0.0009240607
5.04  		-0.0050046666 		+0.0168061224
5.16  		0.1931067752 		-0.0070598986
5.28  		0.0524996518 		+0.0246945881
5.4  		-0.3036462994 		-0.0307791315
5.52  		0.2370271838 		-0.0419831616
5.64  		-0.1078527004 		+0.1535867666
5.76  		0.0171792667 		+0.0037020852
5.88  		-0.1171090698 		+0.0415651798
6  		0.1129019614 		-0.0268520501
6.12  		-0.1510387486 		+0.1008858315
6.24  		0.0034976295 		-0.0080958162
6.36  		-0.0001133445 		+0.0000066281
6.48  		0.0650028017 		+0.0130806847
6.6  		0.0404078318 		-0.0010172443
6.72  		-0.0086172562 		+0.0021899884
6.84  		0.0065029900 		-0.0078772442
6.96  		-0.2188642047 		-0.0877625178
7.08  		-0.0318948847 		+0.0272007377
7.2  		0.0222196629 		+0.0630609958
7.31999  		-0.0396814526 		+0.0296808188
7.43999  		-0.0113659979 		-0.1545129849
7.55999  		-0.4264279434 		+0.2669116679
7.67999  		0.0000014371 		+0.0103398360
7.79999  		-0.0661648579 		+0.0930533430
7.91999  		0.0787155674 		-0.0695398072
8.03999  		-0.0839174446 		-0.0118440940
8.15999  		-0.0351495624 		-0.0227225674
8.27999  		0.0344935892 		+0.0312828858
8.39999  		-0.0810184586 		+0.0199208183
8.51999  		-0.0047003386 		+0.0004955512
8.63999  		0.2860355432 		-0.0840034973
8.75999  		-0.0278691496 		+0.0158718963
8.87999  		-0.0278825900 		+0.0049651561
8.99999  		0.1250174721 		+0.2117067878
9.11999  		0.0550917430 		+0.1560365646
9.23999  		-0.1954893061 		-0.2039966738
9.35999  		0.1726975909 		-0.2737240988
9.47999  		0.3421543451 		-0.0384114653
9.59999  		0.1873536466 		-0.1192796582
9.71999  		0.3151689302 		+0.0138241086
9.83999  		0.3472154200 		+0.3265231913
9.95999  		0.1130574761 		+0.0262785166
10.08  		0.0148481729 		-0.0361624530
10.2  		-0.0488646345 		+0.0292986271
10.32  		0.1962260484 		-0.1479502897
10.44  		0.2866446381 		-0.0808252569
10.56  		-0.1669368377 		+0.0340826080
10.68  		0.1940331552 		+0.1019442665
10.8  		0.2732520203 		+0.1430553981
10.92  		0.0611531114 		-0.0731023753
11.04  		0.1228929274 		-0.1177019432
11.16  		0.2060863597 		+0.1905086134
11.28  		0.3544078907 		+0.0314474352
11.4  		0.0795343567 		-0.0194578966
11.52  		-0.0028310633 		-0.0007106810
11.64  		0.1125456738 		+0.0464867330
11.76  		-0.0247602754 		+0.0036908473
11.88  		-0.0165195707 		+0.0003501781
