0  		1.0000000000 		+0.0000000000
0.12  		0.9999983259 		-0.0000796231
0.24  		0.9999531930 		-0.0003926978
0.36  		0.9999081491 		-0.0017392706
0.48  		0.9820598822 		-0.1077281900
0.6  		0.9993557395 		+0.0024486928
0.72  		0.9936292296 		+0.0008710337
0.84  		0.9915939833 		-0.0024992752
0.96  		0.9957603930 		+0.0067584569
1.08  		0.9838411923 		+0.0186800908
1.2  		0.9752803911 		+0.0628260323
1.32  		0.7451428075 		-0.0162576958
1.44  		0.7582060479 		-0.0344470873
1.56  		0.8126335447 		-0.0043374753
1.68  		0.9742072056 		-0.0070107965
1.8  		0.9547243702 		-0.1087443641
1.92  		0.8062912902 		+0.2728377290
2.04  		0.9761492676 		+0.0582793610
2.16  		0.9384779016 		-0.0249765938
2.28  		0.8861063550 		+0.1531595844
2.4  		0.2910460125 		+0.2613977133
2.52  		0.7822340104 		-0.0496392524
2.64  		0.9027309992 		-0.0026287218
2.76  		0.8606578288 		+0.0712076429
2.88  		0.8590774224 		-0.0708121109
3  		-0.4789112418 		-0.0168897774
3.12  		0.4634272046 		+0.1566119161
3.24  		0.0539545732 		+0.0438879630
3.36  		0.8665969292 		+0.0633972926
3.48  		0.9236779029 		-0.0432094595
3.6  		0.9242315096 		-0.0614655409
3.72  		0.7897447869 		+0.0435789635
3.84  		0.4752521852 		-0.1453934265
3.96  		0.8186906618 		+0.1063171605
4.08  		0.5182496192 		-0.0257965999
4.2  		0.8371991120 		-0.0289275196
4.32  		0.6986162498 		-0.0000068339
4.44  		0.5661182658 		+0.0155601995
4.56  		-0.0844369949 		-0.0800572579
4.68  		0.2243166881 		+0.0358158777
4.8  		0.3585722898 		+0.0026435795
4.92  		0.8516075810 		+0.1131712659
5.04  		0.5793570066 		+0.0112736252
5.16  		0.7870092821 		-0.0187398139
5.28  		0.7845331261 		+0.0741397460
5.4  		0.4831480158 		-0.2679938620
5.52  		0.0489137687 		+0.0827016541
5.64  		0.4497058423 		-0.0343823971
5.76  		0.6364079561 		-0.0193540398
5.88  		0.6737434080 		+0.0459577855
6  		0.5657492051 		-0.0366576590
6.12  		0.7389280870 		+0.0861869807
6.24  		0.6376140653 		-0.0672707264
6.36  		0.6696617973 		+0.1004221461
6.48  		0.4888014949 		-0.0837994016
6.6  		0.2704221351 		+0.5316751237
6.72  		-0.4216899282 		+0.1077456022
6.84  		0.0122675008 		-0.2046153592
6.96  		0.7359008692 		-0.1109773062
7.08  		0.4204666699 		+0.3113882846
7.2  		0.4356379567 		+0.1618311792
7.31999  		0.5825323046 		-0.0284169177
7.43999  		0.7584276221 		-0.0544932778
7.55999  		0.3708946345 		+0.1649110306
7.67999  		0.2590104019 		+0.1781782274
7.79999  		0.4912518018 		-0.1343808362
7.91999  		0.5521974529 		+0.0823770952
8.03999  		0.3340480454 		-0.0427472340
8.15999  		-0.0121107443 		-0.0027734566
8.27999  		-0.2759535445 		-0.1058816978
8.39999  		0.1571538306 		-0.0687846005
8.51999  		0.2260460815 		-0.0568574950
8.63999  		0.5359292763 		+0.0275715064
8.75999  		0.1749381676 		+0.0472074491
8.87999  		0.2570841465 		+0.0250605978
8.99999  		-0.2594155211 		+0.0436010695
9.11999  		0.2889200922 		+0.0207471787
9.23999  		0.4586412105 		-0.1425948691
9.35999  		0.3629642816 		-0.0075719995
9.47999  		0.3018192439 		-0.0232450566
9.59999  		-0.0601605751 		-0.0330464730
9.71999  		0.0694434943 		+0.0084731084
9.83999  		0.3405695585 		+0.0065122966
9.95999  		0.6909618306 		-0.0864396397
10.08  		0.5720401942 		+0.1498878954
10.2  		-0.1958243421 		+0.1305512863
10.32  		-0.1282866657 		+0.0876605034
10.44  		0.1235073675 		+0.0617243822
10.56  		0.3064505138 		-0.0272354413
10.68  		0.2787430605 		-0.0340246076
10.8  		-0.0571893186 		-0.0246293525
10.92  		-0.3280573042 		-0.2966386526
11.04  		-0.0504183815 		+0.0571868645
11.16  		0.6808591891 		-0.0825776023
11.28  		0.5305686032 		+0.1636233586
11.4  		0.3257742913 		-0.0104083878
11.52  		0.4462336323 		-0.1086369314
11.64  		0.5133797708 		+0.1881498035
11.76  		0.1317906977 		+0.3572404009
11.88  		-0.2332097205 		-0.2002339135
