0  		1.0000000000 		+0.0000000000
0.12  		0.9999298664 		-0.0010981215
0.24  		0.8669543917 		-0.4605493011
0.36  		0.9974801691 		+0.0048613899
0.48  		0.9582131128 		+0.0044199581
0.6  		0.8545191901 		-0.0081947885
0.72  		0.5190165217 		+0.0951220400
0.84  		-0.0996549341 		+0.0010533758
0.96  		0.8452611251 		-0.0442177812
1.08  		0.7726758205 		-0.0116480098
1.2  		0.9131220048 		+0.0616693633
1.32  		0.1043916352 		+0.0517672449
1.44  		0.9079456062 		-0.0544867873
1.56  		0.6819039116 		+0.1172190899
1.68  		-0.4811088245 		+0.0420631179
1.8  		0.6544383394 		+0.0626331853
1.92  		0.6319337013 		+0.1171810461
2.04  		0.7835874104 		+0.0745257693
2.16  		0.3911581760 		+0.1825355648
2.28  		-0.0066649136 		+0.0030713385
2.4  		-0.1459332144 		-0.0468318410
2.52  		-0.0078349323 		-0.0256908742
2.64  		-0.3962958745 		-0.0602454200
2.76  		0.3129352734 		-0.1273384815
2.88  		-0.1192957524 		+0.0949670146
3  		0.3463242530 		+0.1939897166
3.12  		0.7466436760 		-0.0128139502
3.24  		0.0966975372 		+0.0072467342
3.36  		0.0751268541 		+0.0163184843
3.48  		0.0077511663 		+0.0063793803
3.6  		0.0532469621 		+0.0281122431
3.72  		0.2381201748 		-0.0673961000
3.84  		0.0001226371 		-0.0449940328
3.96  		0.0885164432 		+0.1503093603
4.08  		0.1694791531 		+0.1087060738
4.2  		0.1690500407 		-0.0669360943
4.32  		0.0402818459 		-0.0526402877
4.44  		0.0201492644 		+0.1415187960
4.56  		0.0725810012 		+0.2692383641
4.68  		-0.0323705179 		+0.0121571472
4.8  		0.0021483770 		-0.0005213263
4.92  		-0.0096145510 		-0.0011161148
5.04  		0.2684973300 		+0.1354151171
5.16  		-0.0029366140 		-0.0018577037
5.28  		0.0011213410 		-0.0084722836
5.4  		-0.0111692461 		-0.0175516828
5.52  		-0.0032763644 		-0.0020040581
5.64  		-0.0099848114 		+0.0005052473
5.76  		-0.0239505013 		+0.0248762401
5.88  		0.0284549019 		+0.0176634914
6  		-0.2439160295 		-0.1415810466
6.12  		-0.0348973092 		+0.0350096077
6.24  		0.3013684333 		+0.2641029757
6.36  		0.0003451220 		+0.0025409922
6.48  		0.2505627240 		-0.0515980979
6.6  		0.0050095041 		+0.0283661377
6.72  		0.0287017722 		+0.0054410745
6.84  		-0.0031985479 		-0.0075635478
6.96  		-0.2317839122 		+0.0344282631
7.08  		0.0271825990 		+0.0141207160
7.2  		-0.0589028215 		-0.0467827183
7.31999  		0.2805784925 		-0.0415810044
7.43999  		0.0490378709 		-0.0015782851
7.55999  		-0.0175447290 		-0.0023883483
7.67999  		0.0022443792 		+0.0029591466
7.79999  		-0.0207472547 		+0.0525139145
7.91999  		0.0725762264 		-0.1099688927
8.03999  		0.0208653598 		+0.0012313087
8.15999  		-0.0037077013 		-0.0046866249
8.27999  		0.0842757262 		-0.0473379343
8.39999  		0.0750840323 		+0.0352178928
8.51999  		-0.0277646436 		+0.0221341856
8.63999  		-0.0001965488 		-0.0026232978
8.75999  		-0.0223885668 		-0.0007645524
8.87999  		0.0022093238 		-0.0026014856
8.99999  		-0.0006080690 		+0.0002979485
9.11999  		-0.0025638326 		-0.0019433609
9.23999  		0.0010684622 		+0.0013698614
9.35999  		-0.0099023402 		+0.0019084406
9.47999  		-0.0022701536 		-0.0024734949
9.59999  		0.0012950931 		+0.0004597338
9.71999  		0.0162967958 		+0.0204350052
9.83999  		0.0057510864 		+0.0452318328
9.95999  		-0.0007578936 		-0.0004236692
10.08  		-0.0119826183 		+0.0027842364
10.2  		0.0496697612 		+0.0050362329
10.32  		0.0159404432 		-0.0035945657
10.44  		0.1553750328 		-0.0201596406
10.56  		0.0037440162 		+0.0040943979
10.68  		0.0020875029 		+0.0522225684
10.8  		0.0574901105 		-0.0396576151
10.92  		0.0159917369 		+0.0019977778
11.04  		0.0008054299 		+0.0034007956
11.16  		0.0051512289 		+0.0001501676
11.28  		-0.0031026638 		+0.0034890064
11.4  		0.0165303156 		-0.0014586317
11.52  		0.0065718074 		-0.0086623269
11.64  		0.1089769619 		-0.0042287367
11.76  		-0.0954533791 		+0.0209147817
11.88  		-0.0023956990 		+0.0104420375
