0  		1.0000000001 		+0.0000000000
0.12  		0.9901349470 		-0.0010152831
0.24  		0.9481809919 		+0.0040723397
0.36  		0.9920065160 		-0.0325103655
0.48  		0.9304407756 		+0.0027931643
0.6  		0.9892051869 		-0.0325232308
0.72  		0.9492789929 		+0.0766886002
0.84  		0.9685161523 		-0.0167114928
0.96  		-0.2338047087 		+0.1809796576
1.08  		0.9548513889 		-0.0639313881
1.2  		0.6856704541 		-0.1173183346
1.32  		0.5553841904 		-0.0101921381
1.44  		0.4606301203 		-0.0591060489
1.56  		0.4716036862 		-0.0066198898
1.68  		0.5157264054 		-0.0289959980
1.8  		-0.1591142100 		+0.1868154265
1.92  		0.7564292901 		+0.0451095972
2.04  		0.1064045458 		-0.0005066596
2.16  		0.8211078023 		+0.0310355299
2.28  		0.6072143996 		-0.0947008527
2.4  		0.2443603598 		+0.0439796122
2.52  		0.2510603206 		-0.1036375230
2.64  		0.3947026555 		+0.1678157091
2.76  		0.4469729262 		-0.0200815639
2.88  		0.0120606432 		+0.0063195725
3  		0.3237453785 		-0.0489425590
3.12  		0.6294271312 		-0.0918998290
3.24  		0.5859765930 		+0.0127299840
3.36  		0.3024322966 		-0.0504497438
3.48  		0.3088942221 		+0.0444666081
3.6  		0.1979349639 		+0.0319536690
3.72  		0.1727673592 		+0.0230990074
3.84  		-0.2466466856 		+0.0145791626
3.96  		0.4669382264 		-0.0158212209
4.08  		-0.1095545463 		-0.0218150857
4.2  		0.1476300974 		-0.0214908909
4.32  		0.5016240735 		+0.0478884697
4.44  		0.6903246893 		-0.0214305412
4.56  		0.3038373075 		+0.0539065391
4.68  		0.0818514367 		-0.0391297966
4.8  		-0.0036023899 		+0.0063571965
4.92  		-0.1192712547 		-0.0284202996
5.04  		-0.0010813975 		-0.0025585794
5.16  		0.2239769867 		+0.1301183867
5.28  		-0.0001526344 		-0.0000032364
5.4  		0.0167002561 		-0.0521882121
5.52  		-0.3674229816 		+0.1661972118
5.64  		-0.3569338416 		-0.1353071298
5.76  		0.1122683637 		-0.0820006307
5.88  		-0.0273563062 		+0.0128030320
6  		0.1200583560 		-0.0201279495
6.12  		-0.0005183394 		+0.0003104751
6.24  		0.0322075042 		-0.0003203800
6.36  		0.1836159154 		-0.0684882036
6.48  		0.1150564781 		+0.0898254865
6.6  		-0.0010242051 		+0.0059358675
6.72  		-0.0754434656 		-0.0290959123
6.84  		-0.2568127734 		+0.0337292430
6.96  		-0.0130995602 		-0.0084557594
7.08  		0.3495067653 		+0.1397277327
7.2  		0.0068509466 		-0.0134078949
7.31999  		0.0184526089 		+0.1002018744
7.43999  		0.2988180341 		-0.0118660916
7.55999  		0.0113505792 		+0.0073263890
7.67999  		0.1158889464 		-0.0824181139
7.79999  		0.1519644228 		+0.0616434064
7.91999  		0.4053251534 		-0.2740121066
8.03999  		0.0433412230 		+0.0087385211
8.15999  		0.1888682185 		+0.0225759565
8.27999  		-0.2020738249 		-0.0938157273
8.39999  		0.0319236199 		-0.0200071611
8.51999  		0.1571150942 		+0.1455261288
8.63999  		0.1711883395 		+0.0303835592
8.75999  		0.2033136955 		+0.0001503961
8.87999  		-0.0130148825 		+0.0062204182
8.99999  		0.0084082562 		+0.0205216503
9.11999  		0.0443398340 		-0.0220657018
9.23999  		-0.1754669367 		-0.0162404802
9.35999  		0.0824397357 		-0.0358948378
9.47999  		0.0046863915 		+0.0764186868
9.59999  		-0.0165775491 		+0.0051134633
9.71999  		-0.1685767274 		+0.0102680402
9.83999  		-0.2739692071 		+0.0232589656
9.95999  		0.1283842041 		-0.1534881749
10.08  		0.0882141261 		-0.0056158377
10.2  		0.0730733110 		+0.0035205578
10.32  		0.0630997823 		+0.0517315027
10.44  		-0.0113498117 		+0.0100958821
10.56  		-0.0206877552 		-0.0176376454
10.68  		-0.0008184645 		-0.0034945025
10.8  		0.0338838619 		-0.0542067404
10.92  		-0.0364666818 		+0.0040349823
11.04  		-0.2307675470 		+0.0274933008
11.16  		0.2295316431 		-0.1806488739
11.28  		-0.0031771325 		-0.0221218112
11.4  		-0.0274715754 		-0.0172885901
11.52  		-0.0056503832 		+0.0054561564
11.64  		-0.0878161846 		-0.0146207595
11.76  		-0.0180631278 		+0.0210952280
11.88  		-0.0204644743 		+0.0030250497
