0  		1.0000000001 		+0.0000000000
0.12  		0.9898974128 		+0.0020064835
0.24  		0.9990563338 		+0.0021327833
0.36  		0.9877356988 		-0.0046696213
0.48  		0.9930721925 		+0.0347045184
0.6  		0.9881785567 		-0.0451638147
0.72  		0.8926574967 		+0.1119152949
0.84  		-0.7997260498 		-0.3023201531
0.96  		0.9357527105 		+0.0370184573
1.08  		0.5535842387 		+0.0037417872
1.2  		0.7901914134 		-0.0467932792
1.32  		0.7598311238 		+0.0357055799
1.44  		0.7370933649 		-0.0623397398
1.56  		0.3078937573 		-0.0130586615
1.68  		-0.5552099914 		+0.1130498286
1.8  		-0.3877820593 		+0.0724636061
1.92  		0.4188117360 		-0.0553615330
2.04  		0.7100028162 		-0.0736636886
2.16  		0.2881641140 		-0.0051705420
2.28  		0.6435779072 		-0.1510677233
2.4  		-0.6222550635 		-0.1975537507
2.52  		-0.2326769464 		+0.1388791653
2.64  		0.6309748925 		+0.0455667467
2.76  		0.7508568430 		-0.1046772099
2.88  		0.7648631511 		-0.0411925121
3  		0.7695312595 		+0.0574454310
3.12  		0.8385576349 		+0.0540601800
3.24  		0.1484655113 		+0.0653579348
3.36  		0.1292119362 		-0.0707178948
3.48  		0.8586712916 		-0.1477118715
3.6  		-0.4168372689 		-0.2444318550
3.72  		-0.8199545914 		-0.0400577131
3.84  		-0.1704671248 		-0.2304081907
3.96  		0.5570460246 		+0.2941424442
4.08  		0.2557219822 		-0.1310839594
4.2  		-0.0017349922 		-0.0061692473
4.32  		0.1395762292 		+0.1344263889
4.44  		0.1123009652 		+0.0615646829
4.56  		-0.0217714190 		+0.0004578885
4.68  		0.4653792770 		+0.1884824996
4.8  		0.3977557925 		-0.0498994244
4.92  		0.1871344129 		-0.0264461873
5.04  		0.0894544337 		-0.2476133462
5.16  		0.1498747814 		+0.0381078102
5.28  		0.0778545604 		-0.1154560957
5.4  		-0.2606153251 		+0.0953531368
5.52  		0.2175140446 		-0.0964740187
5.64  		0.3809921227 		-0.0642297525
5.76  		0.2654284645 		+0.0799205877
5.88  		0.0010262493 		-0.0202480770
6  		0.0362758709 		+0.0645263534
6.12  		0.0092441800 		-0.0231198160
6.24  		-0.0279037797 		+0.0541309435
6.36  		0.2632658697 		-0.0014654727
6.48  		0.1152574780 		+0.0041190793
6.6  		0.4468942897 		-0.0015503769
6.72  		0.5589665454 		+0.0292821623
6.84  		0.5342029347 		-0.0465876651
6.96  		0.2372802224 		+0.2759029423
7.08  		0.2963945904 		-0.0031827365
7.2  		0.1710733129 		-0.0160477029
7.31999  		-0.0957817388 		-0.0043611582
7.43999  		-0.0673003147 		+0.0323953552
7.55999  		-0.0560079519 		+0.0044879963
7.67999  		-0.1438478699 		-0.0032462841
7.79999  		0.0967987126 		+0.0243152307
7.91999  		0.3005645042 		+0.0023221210
8.03999  		0.0868815057 		-0.0255236052
8.15999  		-0.0004955690 		+0.0002127493
8.27999  		-0.0604402486 		+0.0460243216
8.39999  		-0.2176736900 		+0.0508891254
8.51999  		0.0591974763 		-0.0733484456
8.63999  		-0.3217556075 		+0.0171956046
8.75999  		-0.0770578560 		-0.0818196288
8.87999  		-0.1385273728 		+0.0393602407
8.99999  		-0.2756513361 		+0.0663756903
9.11999  		0.1541587460 		-0.0816866280
9.23999  		0.4043955609 		+0.0989199687
9.35999  		0.2986397340 		-0.0528789113
9.47999  		0.3656273430 		-0.0054503378
9.59999  		-0.0878531896 		+0.0213828833
9.71999  		-0.2161924757 		+0.0863239518
9.83999  		0.0066180788 		-0.0007966730
9.95999  		-0.0608600758 		-0.0824892395
10.08  		0.0301048794 		+0.0143562570
10.2  		0.0032695284 		-0.0067466874
10.32  		0.0525754462 		-0.0420892858
10.44  		0.0999107457 		+0.0129469032
10.56  		0.0157260294 		+0.0117488040
10.68  		0.0264040710 		+0.0015268382
10.8  		0.0164882955 		-0.0258392617
10.92  		0.0895599630 		+0.0121488779
11.04  		-0.1132117569 		+0.0028564544
11.16  		-0.0192180117 		-0.0372798966
11.28  		0.0107832599 		+0.0539687349
11.4  		-0.0030793052 		+0.0168011635
11.52  		0.0000835891 		-0.0020024708
11.64  		0.0059930588 		-0.0130545281
11.76  		0.0056896573 		+0.0043270827
11.88  		0.0235535582 		-0.0091181289
