0  		1.0000000004 		+0.0000000000
0.12  		0.9999883757 		-0.0000167882
0.24  		0.9999432706 		+0.0027226599
0.36  		0.9985447895 		-0.0006976083
0.48  		0.9978115481 		-0.0090620869
0.6  		0.9827236490 		-0.0040027013
0.72  		0.9688766007 		-0.0037254414
0.84  		0.8289976613 		+0.1932770948
0.96  		-0.4964539169 		+0.0818232984
1.08  		0.6954040371 		+0.0578139428
1.2  		0.7891412634 		-0.0692800694
1.32  		0.8763302749 		+0.0876604137
1.44  		0.5049527170 		-0.0091277129
1.56  		0.8840256405 		+0.0362940698
1.68  		0.9115920745 		-0.0342890550
1.8  		0.7935299124 		+0.0733830518
1.92  		0.6602496240 		+0.0231157271
2.04  		0.1069522404 		+0.0178028572
2.16  		0.3851141115 		-0.0496499884
2.28  		0.6586693415 		-0.0000819297
2.4  		0.3479006309 		+0.0401662638
2.52  		0.3767921310 		-0.1583108948
2.64  		-0.0068513124 		-0.0216388327
2.76  		0.5043328229 		-0.0717796715
2.88  		0.3069580796 		-0.1656663358
3  		0.1272902986 		+0.1000766322
3.12  		0.2003982450 		+0.0163897544
3.24  		0.5610389624 		-0.1040898521
3.36  		0.0229926442 		-0.0670002656
3.48  		-0.1442507305 		+0.0022024961
3.6  		-0.2141074104 		-0.0884988538
3.72  		-0.1757357215 		+0.1570679978
3.84  		0.0995458119 		+0.5674047612
3.96  		0.4828139928 		-0.3235943706
4.08  		-0.4587748483 		+0.2995103179
4.2  		0.3292278194 		-0.3360822843
4.32  		0.3597020588 		+0.0617581683
4.44  		0.2771512394 		+0.1816383932
4.56  		-0.1494595339 		+0.1071098460
4.68  		-0.0156670409 		+0.0280389666
4.8  		0.0000292817 		-0.0001920122
4.92  		0.0021149839 		+0.0003629475
5.04  		0.1846360260 		-0.0368910645
5.16  		0.0975967784 		-0.1222780717
5.28  		0.2640422637 		+0.0410033895
5.4  		0.0750830999 		-0.0058870499
5.52  		-0.0063269412 		-0.0138464344
5.64  		-0.0066393967 		-0.0000681695
5.76  		-0.0836769612 		+0.0186326313
5.88  		0.2070631822 		-0.0594713503
6  		0.0692383275 		+0.0228914536
6.12  		0.2207240412 		-0.0699402254
6.24  		-0.0003381351 		-0.0037449412
6.36  		0.0203020635 		-0.0510988845
6.48  		0.0920525755 		-0.1420881064
6.6  		0.0525554472 		-0.0747064082
6.72  		0.0714915196 		-0.0314466163
6.84  		0.0054829752 		+0.0047718318
6.96  		-0.1691075571 		+0.0080444875
7.08  		0.0682013145 		+0.1037999239
7.2  		0.0026388321 		+0.0001143517
7.31999  		0.0192812109 		-0.0145045048
7.43999  		0.0899635989 		-0.0427839948
7.55999  		-0.0018315102 		-0.0114917196
7.67999  		-0.0026189962 		-0.0064948397
7.79999  		-0.0000415407 		+0.0001368542
7.91999  		0.0000103653 		+0.0000034208
8.03999  		0.0005190603 		+0.0002495206
8.15999  		-0.0002379954 		+0.0002240566
8.27999  		0.0002771096 		+0.0000374804
8.39999  		0.0003581583 		-0.0000285852
8.51999  		0.0000025746 		-0.0000063857
8.63999  		-0.0000349319 		+0.0001035392
8.75999  		-0.0010069408 		+0.0004798542
8.87999  		-0.0003071961 		+0.0002746751
8.99999  		0.0018830530 		-0.0002457611
9.11999  		0.0214238458 		+0.0127126535
9.23999  		0.0030872902 		+0.0011907564
9.35999  		0.0032394454 		-0.0032001351
9.47999  		0.0125748182 		-0.0609411942
9.59999  		0.1025699499 		-0.0417865835
9.71999  		0.0007245660 		-0.0001575874
9.83999  		0.0010075136 		+0.0027927361
9.95999  		0.0005751826 		-0.0002466120
10.08  		-0.0020551731 		-0.0000500416
10.2  		-0.0000898831 		+0.0000383782
10.32  		-0.0018567047 		-0.0002237366
10.44  		-0.0105644861 		-0.0047754670
10.56  		-0.0000275880 		+0.0001327887
10.68  		-0.0000095963 		+0.0001550360
10.8  		0.0003295505 		-0.0002114473
10.92  		-0.0014763289 		+0.0024102734
11.04  		0.0005222257 		-0.0037017846
11.16  		-0.0005686407 		+0.0003546885
11.28  		0.0006974012 		+0.0028381959
11.4  		-0.0000875734 		+0.0003424534
11.52  		0.0035022625 		-0.0013852369
11.64  		0.0362431901 		+0.0267877215
11.76  		0.0004610795 		+0.0033162772
11.88  		0.0125734457 		-0.0036547649
