0  		1.0000000004 		+0.0000000000
0.12  		0.9999639515 		+0.0005934325
0.24  		0.9758829740 		+0.0159710148
0.36  		0.9301733169 		-0.0650919100
0.48  		0.9821943480 		-0.0230159670
0.6  		0.9886064151 		-0.0159365453
0.72  		0.9840486955 		+0.0136009221
0.84  		0.9857163802 		-0.0573052942
0.96  		0.9889373874 		+0.0046227128
1.08  		0.9109194000 		+0.0091657435
1.2  		-0.7085731788 		+0.2865680569
1.32  		0.9152587395 		-0.0514407786
1.44  		0.0589601928 		+0.0283750738
1.56  		0.8802130486 		-0.0453089373
1.68  		0.9224325737 		-0.0146767569
1.8  		-0.0093378040 		+0.0190128518
1.92  		0.8629356825 		-0.2140702450
2.04  		-0.6193835727 		+0.2003070221
2.16  		0.6932483863 		+0.0333588226
2.28  		-0.2083338996 		-0.0229818329
2.4  		0.7999951410 		+0.0225123015
2.52  		0.2695448931 		+0.0288469328
2.64  		-0.8773672380 		-0.1241870051
2.76  		0.5184747539 		+0.2694362433
2.88  		0.8991621136 		+0.0001480859
3  		0.8825396622 		-0.1667972374
3.12  		0.5895223128 		+0.0194113945
3.24  		0.6488079074 		+0.0070379711
3.36  		0.5884217079 		+0.0478746201
3.48  		0.5271632059 		-0.2345636061
3.6  		-0.3270051769 		-0.1410320170
3.72  		0.1505020642 		-0.0133446502
3.84  		0.2464262422 		-0.0700580317
3.96  		0.0270474673 		-0.1303634835
4.08  		-0.2160202150 		-0.0943625890
4.2  		0.6265626813 		+0.0091213920
4.32  		0.5465081870 		-0.0357480392
4.44  		0.4496611269 		+0.2376069736
4.56  		0.7404461404 		+0.0452751822
4.68  		0.7304460050 		+0.1063203989
4.8  		0.7202920105 		+0.0598218382
4.92  		0.7089510792 		+0.0881798413
5.04  		0.1353113693 		-0.0326707440
5.16  		0.7343485901 		+0.0762570161
5.28  		0.6784580617 		-0.1445421561
5.4  		0.1110731645 		+0.0535182731
5.52  		-0.2388072316 		-0.0957855654
5.64  		-0.1424280426 		+0.0195833023
5.76  		-0.1639455265 		+0.0480593282
5.88  		0.5021445348 		-0.0572085332
6  		-0.1829946355 		-0.0319269004
6.12  		0.5379820753 		-0.0921230726
6.24  		0.3411226960 		+0.0844780469
6.36  		0.0985842258 		-0.0454661756
6.48  		0.1493370208 		+0.1291974436
6.6  		0.1341904380 		-0.0662994904
6.72  		0.0009757993 		-0.0014865178
6.84  		0.0013700627 		+0.0306727080
6.96  		0.3096716669 		+0.0860042429
7.08  		0.0559251202 		+0.0192408149
7.2  		-0.0115557349 		+0.1003208281
7.31999  		0.1624895247 		+0.0766073031
7.43999  		-0.0427267321 		-0.0060604488
7.55999  		0.0515447598 		-0.0440873887
7.67999  		0.0112493716 		-0.0027661832
7.79999  		-0.0036996533 		-0.0052865878
7.91999  		-0.0661401696 		+0.0692999657
8.03999  		-0.0193585308 		+0.0079603593
8.15999  		-0.0001751623 		+0.0000708143
8.27999  		0.0001227878 		+0.0224793953
8.39999  		0.0098651737 		-0.0420641834
8.51999  		0.0406373777 		-0.0280995057
8.63999  		0.0060229283 		-0.0017499186
8.75999  		0.0024077998 		-0.0009892707
8.87999  		-0.0088910334 		+0.0080778841
8.99999  		-0.0127170364 		-0.0198757683
9.11999  		0.0735458914 		+0.0439678367
9.23999  		0.0633446046 		-0.0179473242
9.35999  		0.1213861580 		+0.0580295775
9.47999  		-0.0184970111 		+0.0070184554
9.59999  		-0.0852655865 		+0.0258774184
9.71999  		0.0647376562 		+0.0036249593
9.83999  		0.0145564565 		-0.0027318095
9.95999  		-0.0017348401 		+0.0406982284
10.08  		-0.0025178801 		+0.0016804204
10.2  		-0.1258322462 		-0.0509984481
10.32  		0.2140495710 		-0.1350149608
10.44  		0.0447620141 		+0.0054279983
10.56  		-0.0077848657 		+0.0025975679
10.68  		0.3975660611 		+0.0284547502
10.8  		0.1780267557 		+0.0624782011
10.92  		0.0031926247 		-0.0138869784
11.04  		-0.2038921654 		-0.0693582059
11.16  		0.3946379486 		+0.1325738471
11.28  		-0.0027802140 		-0.0023014639
11.4  		0.1327889494 		+0.0219225386
11.52  		0.4910903812 		-0.0037691141
11.64  		0.0226212723 		+0.0040066031
11.76  		0.0086255308 		+0.0146359054
11.88  		-0.0009329848 		+0.0122698008
