0  		1.0000000000 		-0.0000000000
0.12  		0.9999705820 		+0.0023236531
0.24  		0.9997382303 		+0.0154940441
0.36  		0.9953327546 		+0.0644822550
0.48  		0.9851457418 		+0.1112610451
0.6  		-0.0885672271 		+0.2762899635
0.72  		-0.3929211427 		-0.0219202730
0.84  		0.8680538798 		+0.2147769495
0.96  		0.7799766226 		+0.1768767953
1.08  		0.8351995232 		-0.1707378833
1.2  		0.1705963519 		-0.0260652092
1.32  		-0.6314784647 		+0.2974574952
1.44  		-0.2846271771 		+0.3383533568
1.56  		0.2087500710 		-0.2670343748
1.68  		0.6069947169 		-0.0406889150
1.8  		0.6957241616 		-0.2209557176
1.92  		-0.1584060358 		-0.1558970908
2.04  		0.6620464718 		+0.0466098830
2.16  		0.7271008288 		+0.0980623689
2.28  		0.7327501178 		+0.2519726310
2.4  		0.7854408198 		-0.1003975409
2.52  		0.0816410568 		-0.4001725288
2.64  		0.6994082973 		+0.1293645758
2.76  		0.4116206979 		-0.1820622611
2.88  		0.5041736312 		+0.2336827640
3  		0.7910921537 		-0.1766203644
3.12  		-0.1493347837 		-0.0672755150
3.24  		0.5119175869 		-0.3085736505
3.36  		0.3074765221 		+0.0391036116
3.48  		0.2020178648 		+0.0905403667
3.6  		0.1547931547 		-0.0211888116
3.72  		0.0234627365 		-0.0404637633
3.84  		-0.0239628250 		-0.0162175643
3.96  		-0.1112496868 		+0.1157625013
4.08  		0.1096789008 		-0.0513739605
4.2  		-0.0684128254 		+0.0000319785
4.32  		0.2705754602 		-0.3164797412
4.44  		-0.0120181343 		-0.1373537221
4.56  		-0.0240794234 		+0.0135527632
4.68  		-0.0975685256 		-0.0095974397
4.8  		-0.1347083914 		+0.0895882115
4.92  		0.0593501731 		+0.0015986948
5.04  		0.0198190602 		+0.0060183064
5.16  		-0.0093279393 		+0.0057519604
5.28  		0.1046462492 		+0.1369004439
5.4  		-0.0387624307 		-0.1673587687
5.52  		-0.0015816678 		+0.0011223031
5.64  		-0.0052730342 		+0.0001751877
5.76  		-0.1041731485 		+0.2158068206
5.88  		-0.0147373489 		+0.0224175218
6  		0.0154828604 		-0.0286195519
6.12  		-0.0047263597 		+0.0079205334
6.24  		-0.0688647384 		-0.0148909940
6.36  		-0.0000295846 		+0.0001020661
6.48  		0.0368933828 		-0.0210184651
6.6  		-0.0881496193 		+0.0955436409
6.72  		-0.0009235798 		+0.0006257709
6.84  		-0.0019375648 		-0.0020258959
6.96  		-0.0322204488 		+0.0144725087
7.08  		-0.0068994117 		-0.0020641416
7.2  		-0.0255517814 		+0.0254582705
7.31999  		-0.0332152185 		-0.0673151056
7.43999  		0.1341185608 		+0.1731736530
7.55999  		-0.0003889086 		-0.0000750078
7.67999  		-0.0015919925 		+0.0024094204
7.79999  		-0.0483856788 		+0.0851848094
7.91999  		0.2606423049 		+0.1984004169
8.03999  		-0.1219008572 		+0.1646600026
8.15999  		0.0890914309 		-0.1137163489
8.27999  		0.0006479843 		+0.0041390910
8.39999  		-0.0029783440 		-0.0050737210
8.51999  		0.2797242565 		+0.0051648442
8.63999  		-0.0121493395 		+0.0046621912
8.75999  		0.1657384967 		+0.0675500515
8.87999  		-0.0759513103 		+0.0976298047
8.99999  		-0.0004262953 		+0.0004829044
9.11999  		0.0199688768 		+0.0107356069
9.23999  		-0.0019092381 		-0.0008922161
9.35999  		0.0445496572 		+0.0125477245
9.47999  		0.0547545749 		-0.0041746343
9.59999  		0.1214868743 		-0.0037831137
9.71999  		-0.0272545763 		+0.0256728349
9.83999  		0.0339056934 		+0.0414871739
9.95999  		0.3123817836 		-0.0185859767
10.08  		0.2531489033 		+0.1788777853
10.2  		0.1650358664 		-0.0678858820
10.32  		0.1912272204 		+0.0136615137
10.44  		0.1302344051 		+0.0079888704
10.56  		0.0092656546 		+0.0056846093
10.68  		0.0566635137 		-0.0537355807
10.8  		0.0140929117 		+0.0009659524
10.92  		0.0112404590 		+0.0075102745
11.04  		0.0114763311 		+0.0029726905
11.16  		0.0008201076 		+0.0006532575
11.28  		0.0306008257 		-0.0088529133
11.4  		0.0005873922 		+0.0009468008
11.52  		0.0012773729 		-0.0001739846
11.64  		-0.0008436564 		+0.0002535937
11.76  		0.0009675959 		+0.0016862628
11.88  		-0.0003258050 		+0.0005733287
