0  		1.0000000000 		-0.0000000000
0.12  		0.9999333787 		-0.0007300817
0.24  		0.9987094931 		+0.0076196459
0.36  		0.9988097228 		-0.0222336504
0.48  		0.9972598287 		+0.0189650059
0.6  		0.9966843949 		+0.0040693173
0.72  		0.9963712498 		-0.0053394918
0.84  		0.9711142494 		-0.0084281829
0.96  		0.9760650531 		-0.0215036673
1.08  		0.9629246559 		-0.0121778066
1.2  		0.9313217349 		-0.0077892424
1.32  		0.9856069551 		+0.0253054894
1.44  		0.9803303998 		-0.0210858663
1.56  		0.5865892000 		-0.0088246878
1.68  		0.8928172081 		+0.0040014903
1.8  		0.9586552054 		+0.0514907546
1.92  		0.9428143222 		-0.0297455287
2.04  		0.9694369778 		-0.0378286396
2.16  		0.8000089336 		-0.0948409601
2.28  		0.1931842428 		+0.1642228039
2.4  		0.5687587397 		-0.0252404898
2.52  		0.7468077504 		-0.0004315459
2.64  		0.6847569380 		+0.0184463503
2.76  		0.8088298176 		-0.1062557840
2.88  		0.2480572014 		-0.0382787011
3  		0.8381171983 		+0.0098317986
3.12  		0.9414759347 		+0.0323552219
3.24  		0.7195944848 		-0.0613084349
3.36  		0.7940497336 		+0.0785248938
3.48  		0.4223034443 		+0.0180810468
3.6  		0.8990788162 		-0.0117499376
3.72  		0.7021140913 		+0.0351652969
3.84  		0.5252251571 		+0.0273330552
3.96  		0.7691636226 		+0.3919512715
4.08  		0.8053036865 		-0.1389320751
4.2  		0.3386731767 		-0.6484620045
4.32  		0.7820290421 		+0.1191493787
4.44  		0.6220829252 		-0.0260248711
4.56  		0.4701490694 		-0.0509223144
4.68  		0.6507379874 		+0.0026765835
4.8  		0.2387294729 		+0.0099147776
4.92  		0.1692216597 		-0.0228629062
5.04  		0.3491119959 		-0.1019688057
5.16  		0.4727102183 		-0.0626466447
5.28  		0.3015056810 		-0.0115023167
5.4  		0.2084106939 		+0.5744021922
5.52  		0.6854883663 		-0.1733204150
5.64  		0.2435837978 		-0.1013405133
5.76  		0.1555981821 		-0.1275706098
5.88  		-0.0059367942 		+0.0219736162
6  		0.1970977450 		+0.0774666565
6.12  		0.2961608314 		-0.0798368705
6.24  		0.4112515765 		-0.0095692504
6.36  		0.5180872160 		-0.1338303805
6.48  		0.2183861043 		-0.0079966982
6.6  		0.0524399282 		-0.0778097548
6.72  		-0.0170847093 		+0.0003285970
6.84  		0.0399395552 		-0.0032801423
6.96  		-0.0008404489 		+0.0056791465
7.08  		0.0064514900 		-0.0052371481
7.2  		0.3482808387 		+0.1166593000
7.31999  		0.0057674789 		+0.0521038945
7.43999  		0.1177875571 		-0.0175393308
7.55999  		0.4220021673 		-0.1102173546
7.67999  		0.0320225062 		-0.0077815840
7.79999  		0.0091139600 		+0.0054277304
7.91999  		-0.0908913695 		-0.0522875484
8.03999  		0.1380156261 		-0.0179354660
8.15999  		0.0029649637 		-0.0017670808
8.27999  		-0.1382858123 		-0.0340269431
8.39999  		-0.0318706268 		-0.0015733012
8.51999  		0.0189165447 		+0.0013823248
8.63999  		-0.1485239250 		-0.0092811429
8.75999  		0.1549130137 		+0.0204851505
8.87999  		0.1348133288 		+0.1295094275
8.99999  		0.1027120807 		+0.0246195620
9.11999  		0.0126175509 		-0.0037257123
9.23999  		0.0575537454 		+0.0140313091
9.35999  		0.1587913646 		-0.0273297856
9.47999  		0.4308128320 		-0.2253695148
9.59999  		0.6377989473 		+0.0114248525
9.71999  		0.2407982038 		-0.0629652932
9.83999  		0.0645176779 		-0.0376699820
9.95999  		0.2561114491 		-0.0567331940
10.08  		0.4463520678 		-0.0334626221
10.2  		0.0820242644 		-0.0287483777
10.32  		0.0021021131 		+0.0020543517
10.44  		0.0654155700 		+0.0083763334
10.56  		0.1146188488 		-0.0373952779
10.68  		0.1206684385 		-0.0212780152
10.8  		-0.0007115159 		+0.0004600529
10.92  		0.0025003936 		-0.0011333987
11.04  		0.0193724155 		+0.0015183214
11.16  		-0.0095318301 		+0.0062106213
11.28  		-0.0090898632 		-0.0017532146
11.4  		-0.0013140586 		+0.0027144695
11.52  		-0.0684346746 		-0.2152898194
11.64  		0.0273038531 		-0.0666523766
11.76  		0.0086213018 		-0.0106704995
11.88  		0.0418683837 		+0.0488016783
