0  		1.0000000004 		+0.0000000000
0.12  		0.9999281361 		+0.0013182541
0.24  		0.9963795391 		+0.0177475539
0.36  		0.9015239164 		-0.0292892194
0.48  		0.9794251762 		-0.0060751171
0.6  		0.2127542154 		+0.0148776459
0.72  		0.9921515121 		-0.0131116674
0.84  		0.9916005198 		-0.0248965265
0.96  		0.8826845151 		+0.0313773137
1.08  		0.9234825574 		-0.0051059219
1.2  		0.9845757444 		+0.0018948255
1.32  		0.9186056518 		-0.0365296652
1.44  		0.6640505436 		+0.0400826849
1.56  		0.6368909710 		-0.1117805537
1.68  		0.7004498599 		-0.2767292209
1.8  		-0.0012569724 		-0.0012261339
1.92  		0.5621608646 		+0.1600434301
2.04  		0.7939268847 		+0.0399014532
2.16  		0.9568493462 		-0.0626348505
2.28  		0.9408371444 		-0.0028778811
2.4  		0.8213721406 		-0.1024478676
2.52  		0.6033559584 		+0.1836896465
2.64  		0.9249396577 		+0.0309428918
2.76  		0.8441393374 		-0.0685665468
2.88  		0.9096821975 		-0.0006701939
3  		0.6366606987 		+0.0055402688
3.12  		0.4298122196 		+0.1486850256
3.24  		0.5443867326 		+0.1280477482
3.36  		0.3712057276 		+0.0130649698
3.48  		-0.3021709657 		-0.0136626279
3.6  		-0.2607598573 		+0.0675938016
3.72  		0.6660205746 		+0.0033758751
3.84  		0.6590657689 		-0.0038382699
3.96  		0.5567147447 		-0.0326715801
4.08  		0.3627839556 		-0.0593463050
4.2  		0.1500098883 		-0.1450481602
4.32  		0.0651763146 		+0.1187574983
4.44  		0.0012034620 		-0.0143767782
4.56  		-0.2103151734 		+0.0019819138
4.68  		-0.2068785751 		+0.0937563055
4.8  		-0.0206627614 		-0.0582938020
4.92  		0.2023935415 		-0.0689174401
5.04  		0.5200128369 		+0.1694010193
5.16  		0.7463018264 		+0.0956497914
5.28  		0.2556227747 		-0.0172540397
5.4  		0.7585895500 		-0.0569098537
5.52  		0.7429527515 		-0.0887767738
5.64  		0.6504270735 		-0.0628509008
5.76  		0.7083595310 		-0.1967529587
5.88  		0.6364787674 		+0.0550863160
6  		0.6441041718 		+0.0100571488
6.12  		0.5940385910 		+0.0645864691
6.24  		0.1917714745 		-0.0013559521
6.36  		-0.0151224048 		-0.1173199792
6.48  		0.1264903662 		+0.0236213167
6.6  		0.0294211644 		+0.0125432964
6.72  		0.4733550629 		+0.0279098490
6.84  		0.6314634564 		+0.2447885460
6.96  		0.5686125934 		+0.0200254422
7.08  		0.5912005776 		-0.0581775787
7.2  		0.4658877452 		+0.1775742779
7.31999  		-0.1219422141 		+0.0109723269
7.43999  		0.6758935666 		+0.0562216452
7.55999  		0.3133270633 		-0.0593764920
7.67999  		-0.0850588224 		-0.0012925098
7.79999  		0.0159015885 		+0.0039607415
7.91999  		0.1877387567 		-0.0126978392
8.03999  		0.1777291156 		+0.2780929124
8.15999  		0.0233301125 		-0.0129384840
8.27999  		-0.0008971353 		+0.0241493574
8.39999  		0.1773079302 		-0.0271874021
8.51999  		0.2681250208 		+0.0128765582
8.63999  		-0.0108743059 		+0.0017093842
8.75999  		-0.1615243373 		-0.0276050908
8.87999  		0.4126580576 		+0.0645372457
8.99999  		0.1898134361 		-0.0542238656
9.11999  		-0.2516082764 		+0.0166534294
9.23999  		-0.0832240263 		-0.0005136214
9.35999  		0.4579693662 		-0.1260127472
9.47999  		0.0526955323 		+0.0093048406
9.59999  		-0.0775481202 		-0.0000612186
9.71999  		0.2517716539 		+0.0508357154
9.83999  		0.3138942087 		+0.0456657971
9.95999  		-0.0487405883 		-0.0122600462
10.08  		0.5052891360 		-0.0822953204
10.2  		0.2126039124 		-0.0406460874
10.32  		0.0005238376 		+0.0004212275
10.44  		-0.0028934977 		-0.0003473839
10.56  		0.1145418707 		-0.0089105923
10.68  		0.0299905759 		-0.0033377463
10.8  		0.0624767697 		+0.0497722504
10.92  		0.0128367841 		+0.0075799393
11.04  		-0.0194804956 		+0.0106965287
11.16  		0.0002475416 		+0.0005545802
11.28  		0.0481276206 		-0.0948108251
11.4  		-0.0135346716 		-0.0511198693
11.52  		-0.0115933007 		-0.0048656558
11.64  		-0.0380640753 		+0.0199977766
11.76  		-0.0554168869 		+0.0113851608
11.88  		0.0494684228 		-0.0851832175
