0  		1.0000000004 		-0.0000000000
0.12  		0.9999802251 		-0.0011743755
0.24  		0.9998644099 		-0.0032183317
0.36  		0.9986745132 		+0.0056643812
0.48  		0.9971533408 		+0.0164735862
0.6  		0.9724028476 		-0.0011840721
0.72  		0.6060126233 		+0.0738880844
0.84  		0.8588986757 		-0.0286720653
0.96  		0.9277287638 		-0.0079874711
1.08  		0.9082459533 		+0.0777921406
1.2  		0.9360403694 		-0.0033235170
1.32  		0.9111001620 		+0.0287299987
1.44  		0.2297645298 		+0.2549058246
1.56  		0.8750873646 		-0.2534946194
1.68  		0.0962835447 		-0.0474164411
1.8  		0.8642927706 		-0.1097914156
1.92  		0.8739368934 		-0.0007035525
2.04  		0.8536772252 		+0.0263130124
2.16  		0.1174866031 		+0.0040160474
2.28  		-0.5175099411 		+0.0568089045
2.4  		0.6367672349 		+0.0354747624
2.52  		0.6963583486 		-0.3160534404
2.64  		0.4429320860 		+0.2803781841
2.76  		0.4073834267 		-0.4821431499
2.88  		0.0749922704 		+0.0313265416
3  		0.2894306959 		+0.0451785315
3.12  		0.0161056405 		+0.0359579983
3.24  		0.3616131293 		-0.0098026740
3.36  		0.7090249345 		+0.0283612107
3.48  		0.1770646363 		-0.0102926659
3.6  		0.4580597562 		+0.1204467324
3.72  		-0.0297403122 		+0.0009912970
3.84  		0.0620916443 		+0.0036652453
3.96  		0.0372640385 		+0.0030055274
4.08  		-0.0518067175 		-0.0108316978
4.2  		0.2636821923 		-0.0182294421
4.32  		0.0434008244 		-0.0607935661
4.44  		-0.2128213737 		-0.0016466638
4.56  		-0.3396642556 		+0.0996709861
4.68  		0.0732084546 		-0.0024565166
4.8  		0.0320238928 		+0.0059021570
4.92  		0.0076023893 		-0.0014694862
5.04  		0.1673463946 		-0.0279507062
5.16  		0.2370438298 		-0.1499748528
5.28  		0.0861614665 		+0.0267221858
5.4  		-0.0597325989 		+0.0137595997
5.52  		0.4873960972 		+0.0168894311
5.64  		-0.0002499821 		+0.0038440161
5.76  		0.0798630946 		+0.0105820056
5.88  		0.0175636941 		+0.0011271641
6  		0.0676219813 		+0.0389669098
6.12  		-0.0036502791 		+0.0288768170
6.24  		-0.0167789809 		+0.0255250017
6.36  		-0.1054783057 		+0.0143329374
6.48  		0.0119510458 		+0.0167726135
6.6  		-0.0263532706 		+0.0363250564
6.72  		-0.1186531728 		-0.0169096577
6.84  		-0.0766849062 		-0.0143197868
6.96  		-0.0414350123 		-0.0049954774
7.08  		-0.0156353756 		+0.0009861591
7.2  		0.0108720545 		+0.0067127574
7.31999  		0.0042004593 		+0.0353059559
7.43999  		0.0012891299 		+0.0041967947
7.55999  		0.0002639384 		+0.0374247914
7.67999  		-0.0158006878 		+0.0078552245
7.79999  		0.0863946660 		-0.0134541892
7.91999  		0.0105377023 		+0.0420651126
8.03999  		-0.0373971946 		-0.0122030622
8.15999  		-0.0342812881 		-0.0069627214
8.27999  		-0.0602543940 		-0.1238149854
8.39999  		-0.0110298229 		-0.0082568764
8.51999  		0.0088095696 		+0.0083344441
8.63999  		-0.0025584663 		-0.0125584435
8.75999  		0.1256525838 		+0.0938374570
8.87999  		0.0784642944 		-0.0932764536
8.99999  		0.0613190633 		-0.0068164392
9.11999  		-0.0210362324 		-0.0304467350
9.23999  		0.0042105851 		+0.0313662428
9.35999  		0.0165126347 		-0.0107187966
9.47999  		-0.0458052570 		+0.0008128900
9.59999  		-0.0178893299 		+0.0445060038
9.71999  		-0.0292106109 		-0.0008089993
9.83999  		0.0255409637 		-0.0115824532
9.95999  		-0.0345250232 		+0.0139039995
10.08  		0.0422586530 		+0.0229283015
10.2  		0.0764056240 		+0.1405846201
10.32  		-0.0042763610 		+0.0042211349
10.44  		0.0076863525 		-0.0083096524
10.56  		0.0920371487 		+0.0287907553
10.68  		0.0002636232 		+0.0003830223
10.8  		-0.0340060630 		+0.0872762768
10.92  		-0.0009514440 		+0.0001330917
11.04  		0.0116377568 		+0.0106545007
11.16  		-0.0558628809 		-0.0197734465
11.28  		-0.0001757941 		-0.0001364459
11.4  		0.0515350795 		+0.0153870719
11.52  		-0.0386968459 		+0.0434464299
11.64  		0.0005600893 		-0.0001552782
11.76  		0.0011489255 		-0.0003251976
11.88  		-0.0020310605 		-0.0008214108
