0  		1.0000000004 		-0.0000000000
0.12  		0.9998919687 		+0.0002802036
0.24  		0.9999294210 		-0.0014247538
0.36  		0.9998271553 		-0.0078766682
0.48  		0.9954082949 		-0.0210484259
0.6  		0.9929542749 		+0.0527487270
0.72  		0.9930757956 		-0.0237200961
0.84  		0.9558248478 		-0.0342247357
0.96  		0.9643015202 		-0.0795449005
1.08  		0.9755165214 		-0.1293480857
1.2  		0.6016060755 		-0.5138661041
1.32  		0.8359720693 		+0.2279597011
1.44  		-0.4369868941 		-0.0095410161
1.56  		0.8775871205 		+0.0532134801
1.68  		0.6695394941 		-0.1114759176
1.8  		0.8863852677 		+0.0244882827
1.92  		0.8694760907 		+0.1846428074
2.04  		0.8682324456 		-0.0305701277
2.16  		0.6725037741 		-0.0824341341
2.28  		0.8911482298 		-0.0132655228
2.4  		0.8755329589 		+0.1374654509
2.52  		0.6487133051 		+0.4970242253
2.64  		0.5226459712 		+0.2941501976
2.76  		0.7348169481 		-0.4042666665
2.88  		0.3762128872 		+0.0351849778
3  		0.7202350284 		+0.0139169819
3.12  		0.6133912585 		-0.1735543950
3.24  		0.1140724077 		+0.0075879245
3.36  		-0.6483450222 		+0.1344608730
3.48  		0.3409695165 		+0.0466485255
3.6  		-0.0114436189 		+0.1355549693
3.72  		0.5675947232 		-0.0921991284
3.84  		0.6562520642 		+0.0544095492
3.96  		0.5377150759 		-0.0697867441
4.08  		0.2905863284 		-0.0164480700
4.2  		-0.0320873114 		+0.0632300361
4.32  		0.8490006685 		-0.1339896281
4.44  		0.1539278969 		-0.0166632616
4.56  		0.1379759007 		-0.0060961948
4.68  		0.4290592184 		+0.0430327715
4.8  		0.2174048245 		-0.0529764426
4.92  		0.2853396743 		+0.0383342005
5.04  		0.6144556269 		+0.1264662589
5.16  		0.2704346558 		-0.1760116105
5.28  		-0.1051666023 		+0.0420323927
5.4  		0.2494300540 		+0.0314390831
5.52  		-0.1911925616 		+0.0168221714
5.64  		0.5279079517 		+0.0751844064
5.76  		0.1880576688 		-0.0631885497
5.88  		0.1151009888 		+0.0313637355
6  		0.1289264509 		+0.0755413554
6.12  		-0.2889705116 		+0.3631172538
6.24  		0.1417444829 		+0.0419096820
6.36  		0.3882378137 		-0.0727386604
6.48  		0.2869138180 		+0.0332920161
6.6  		0.1109546513 		-0.0329582181
6.72  		0.5218363564 		+0.0769570740
6.84  		0.2558516383 		-0.0797728056
6.96  		-0.0065999946 		+0.0009352349
7.08  		0.3182197420 		+0.0287396040
7.2  		-0.0131627101 		+0.0027279720
7.31999  		0.0101447920 		+0.0087155894
7.43999  		0.0042649351 		-0.0028141440
7.55999  		-0.0911346443 		+0.0146909035
7.67999  		0.0813629746 		-0.0250183670
7.79999  		-0.0178695996 		-0.0031845466
7.91999  		-0.0046554390 		-0.0066659771
8.03999  		0.0032518595 		+0.0006643345
8.15999  		0.0011211392 		+0.0704489053
8.27999  		-0.0144130544 		+0.0086287823
8.39999  		0.1559773732 		+0.0353646647
8.51999  		0.1117549101 		-0.0517823750
8.63999  		0.0842601063 		-0.0132699545
8.75999  		0.0116573123 		-0.0004671425
8.87999  		0.0300517721 		+0.0085816956
8.99999  		0.0419258257 		+0.1265075739
9.11999  		0.0608422446 		-0.0841269284
9.23999  		0.1796609371 		-0.0638719881
9.35999  		-0.0539516162 		+0.0091213546
9.47999  		0.0796712628 		-0.0212452310
9.59999  		0.0816427876 		-0.0531053891
9.71999  		-0.0162916060 		-0.0144509716
9.83999  		0.0146705546 		-0.0009725656
9.95999  		0.0031058620 		+0.0077030902
10.08  		0.0003249725 		+0.0001817351
10.2  		-0.0396562478 		+0.0149528950
10.32  		0.0115215735 		+0.0058373273
10.44  		-0.0013132274 		-0.0768250638
10.56  		0.0139687872 		-0.0391175249
10.68  		-0.0751078984 		-0.1361063246
10.8  		-0.0489013687 		-0.0049615443
10.92  		0.0298548313 		+0.0590707223
11.04  		0.2372683654 		+0.0201654579
11.16  		0.1255175693 		-0.1217584099
11.28  		0.0003049144 		-0.0083623724
11.4  		0.0355645451 		+0.0492565950
11.52  		0.3865998908 		-0.1731643128
11.64  		0.1342988074 		-0.1048075766
11.76  		0.0004594103 		+0.0019433638
11.88  		-0.0000006727 		+0.0000000265
