0  		1.0000000000 		-0.0000000000
0.12  		0.9999972323 		+0.0003879561
0.24  		0.9999823329 		-0.0011534065
0.36  		0.9961993251 		+0.0076716692
0.48  		0.9989915663 		-0.0228433073
0.6  		0.9939951506 		+0.0125559428
0.72  		0.9958564752 		+0.0038148181
0.84  		0.9761548679 		-0.0014970228
0.96  		0.8411109117 		+0.0494896555
1.08  		0.0271475239 		+0.0295999241
1.2  		0.9327857480 		-0.0700422890
1.32  		0.7449723155 		-0.0302779686
1.44  		0.5922727918 		-0.0919683898
1.56  		0.7614332515 		-0.0618051650
1.68  		0.7998302353 		+0.0172970182
1.8  		0.9033591534 		+0.0696676575
1.92  		0.5767651430 		-0.0709467286
2.04  		0.7764632174 		-0.0112462244
2.16  		0.2652580624 		+0.3187887370
2.28  		0.2931094410 		+0.4582985863
2.4  		0.1671711244 		-0.0350404039
2.52  		-0.6783425378 		-0.0811378171
2.64  		0.6011282416 		+0.1078464307
2.76  		0.2030025775 		+0.0689193478
2.88  		0.2913972376 		-0.0683436111
3  		0.0499145894 		-0.0131985641
3.12  		0.4915121617 		+0.0888203845
3.24  		0.7412049308 		+0.0972553271
3.36  		0.2219724798 		+0.0525714099
3.48  		0.5525508126 		-0.2246549325
3.6  		-0.0249341181 		+0.0474924582
3.72  		0.2904187787 		+0.1517981921
3.84  		0.2747785549 		+0.1130562888
3.96  		0.3242449250 		+0.0974373825
4.08  		-0.2440162287 		-0.1393875893
4.2  		0.3176030605 		+0.0997805107
4.32  		0.6155010871 		+0.1584893947
4.44  		0.6638465881 		-0.0686819728
4.56  		0.7073512703 		-0.1219345627
4.68  		0.6446240392 		-0.0586681029
4.8  		0.3234829418 		-0.1088970412
4.92  		0.0577143337 		-0.0616652711
5.04  		0.0015550536 		-0.0005191308
5.16  		0.0019864321 		+0.0624480071
5.28  		0.3344443016 		+0.0795228050
5.4  		0.1891231260 		+0.0261773626
5.52  		0.2339495050 		+0.0399418681
5.64  		0.0361206540 		+0.0022417399
5.76  		-0.1026608595 		-0.0079522864
5.88  		-0.2439715610 		+0.0023067053
6  		0.5222809634 		+0.2651663513
6.12  		-0.1227077621 		+0.0624270649
6.24  		0.0051008303 		-0.0115362544
6.36  		0.2112833951 		+0.1176064548
6.48  		-0.1319505612 		+0.1265931776
6.6  		0.0505357316 		+0.0430947255
6.72  		-0.0094165859 		-0.0029079522
6.84  		-0.0598020272 		-0.0054853582
6.96  		0.4141761030 		+0.1466478023
7.08  		-0.0329082593 		-0.0232348048
7.2  		-0.0053270579 		+0.0082111603
7.31999  		-0.0018986880 		-0.0017077646
7.43999  		0.0014690492 		-0.0011286661
7.55999  		-0.0033518380 		-0.0419573671
7.67999  		0.0036652861 		-0.0498963514
7.79999  		-0.0003916531 		+0.0183159552
7.91999  		-0.0470989762 		-0.1089981078
8.03999  		0.0681636447 		+0.0792764890
8.15999  		0.1570043139 		+0.0560766229
8.27999  		0.0876730945 		+0.2352601639
8.39999  		0.3766880795 		-0.3057918668
8.51999  		0.2915457980 		-0.1942940228
8.63999  		-0.0099097055 		-0.0275011056
8.75999  		-0.0075432988 		+0.0268996423
8.87999  		-0.0229378046 		+0.0784573611
8.99999  		0.2783330195 		-0.0229466263
9.11999  		0.1740518249 		-0.1232554934
9.23999  		0.0049466137 		-0.0112896726
9.35999  		0.0070913952 		-0.0857045756
9.47999  		-0.0397207252 		-0.0362854747
9.59999  		0.0146066786 		+0.0067485822
9.71999  		-0.0408850163 		+0.0140995285
9.83999  		0.0067058182 		-0.0027161288
9.95999  		-0.0023815490 		-0.0055292952
10.08  		-0.0016978424 		+0.0172088063
10.2  		0.0100774644 		-0.0257846712
10.32  		0.0938065242 		+0.1093541466
10.44  		-0.1098409718 		+0.0045433628
10.56  		-0.0029229365 		-0.0054429714
10.68  		-0.0309828793 		+0.0210588819
10.8  		0.1036652432 		-0.0983296761
10.92  		0.0832425917 		+0.0569710257
11.04  		-0.0673755050 		+0.0498630341
11.16  		0.0467279842 		+0.0761511537
11.28  		0.0229830796 		+0.0180262399
11.4  		-0.0095776360 		+0.0259171096
11.52  		-0.0038244507 		-0.0005302215
11.64  		0.1229075441 		-0.0151268536
11.76  		0.2137652761 		+0.1875446687
11.88  		0.0204534806 		+0.0815283454
