0  		1.0000000004 		+0.0000000000
0.12  		0.9999775960 		+0.0001473042
0.24  		0.9996847692 		-0.0011674657
0.36  		-0.0666210825 		-0.0235341280
0.48  		0.9897978714 		+0.0082514504
0.6  		0.9884545070 		+0.0529517674
0.72  		0.9580017820 		-0.0326668922
0.84  		0.8913682879 		-0.0287592324
0.96  		0.6532052038 		-0.0179942310
1.08  		-0.0281258236 		+0.0158903375
1.2  		0.6679348588 		-0.0061091938
1.32  		0.8164847268 		+0.0129413377
1.44  		0.3899441372 		-0.3186687163
1.56  		0.8019363929 		+0.0111324338
1.68  		0.8879560445 		-0.0717019616
1.8  		-0.0162965419 		+0.0300055581
1.92  		0.3347579703 		+0.0316511241
2.04  		0.6951181197 		-0.3035287121
2.16  		0.6740449851 		-0.0160971701
2.28  		0.6874832141 		-0.1798054597
2.4  		-0.0124281179 		+0.0025409937
2.52  		0.1845747788 		+0.0450117075
2.64  		0.7140828584 		+0.0038325448
2.76  		0.6433755863 		-0.0860293815
2.88  		0.5734165157 		+0.0116493898
3  		-0.5597595127 		-0.0803417346
3.12  		0.2736643144 		-0.1573727295
3.24  		0.0504731796 		-0.0183039688
3.36  		-0.0758610032 		+0.0703576516
3.48  		0.3739833267 		+0.1189720946
3.6  		0.3733960417 		+0.0025094184
3.72  		-0.0395551808 		-0.0285197145
3.84  		0.0512103383 		-0.0102983805
3.96  		0.0310557410 		+0.0095625991
4.08  		-0.0116849436 		-0.0190001733
4.2  		0.4554463130 		-0.0066211168
4.32  		-0.1448212412 		+0.0694608298
4.44  		-0.1859610940 		-0.0855730821
4.56  		0.0899187014 		+0.0356121366
4.68  		-0.0705188182 		+0.0142209752
4.8  		0.0916398252 		+0.0506609017
4.92  		0.4666895540 		+0.0420589549
5.04  		-0.0941497684 		+0.0056208381
5.16  		0.1965552050 		-0.0253129565
5.28  		0.2035950844 		+0.0271955172
5.4  		-0.2176714505 		-0.0630944350
5.52  		0.3805247684 		-0.0311942297
5.64  		0.0077789809 		+0.0271270100
5.76  		0.0950492573 		+0.0422380937
5.88  		0.2831815859 		-0.0332153055
6  		0.2747183061 		-0.0117982451
6.12  		0.2188975003 		+0.0188066100
6.24  		0.3431083380 		+0.0578932009
6.36  		0.4551469252 		+0.0214739929
6.48  		0.5118402810 		+0.0430312731
6.6  		0.2803023238 		+0.0155186895
6.72  		-0.0557706791 		-0.0201737602
6.84  		0.0513150008 		-0.0428732553
6.96  		0.4909057401 		-0.1085246179
7.08  		0.2623643885 		-0.0010401210
7.2  		0.2605279764 		-0.0171482657
7.31999  		0.0185293393 		+0.0086216412
7.43999  		0.0998908278 		+0.0009603511
7.55999  		0.2087780407 		-0.0468172330
7.67999  		0.3987050355 		+0.1155060492
7.79999  		0.2012059675 		+0.0745293264
7.91999  		-0.0029772977 		+0.0041686612
8.03999  		-0.0059349844 		+0.0100130734
8.15999  		-0.1164644743 		-0.0383759772
8.27999  		0.2385697126 		+0.0450198145
8.39999  		0.1807218230 		+0.0564312817
8.51999  		0.0158774437 		-0.0646330072
8.63999  		0.0192146194 		+0.0600948247
8.75999  		0.0120007057 		-0.0003675633
8.87999  		0.0152559348 		-0.0150384742
8.99999  		0.0150369923 		-0.0075402062
9.11999  		-0.0264460235 		-0.0414115018
9.23999  		-0.0464308191 		+0.0015232299
9.35999  		-0.1233284137 		-0.0857847110
9.47999  		0.0476995400 		-0.0396322976
9.59999  		0.2498608810 		+0.0705181602
9.71999  		-0.0014135584 		+0.0119110063
9.83999  		0.0278799756 		-0.0091422760
9.95999  		0.0921450569 		+0.1967242841
10.08  		0.1175464455 		+0.0807992996
10.2  		-0.0003858071 		-0.0012313305
10.32  		-0.0046198501 		+0.0006585951
10.44  		0.0010729353 		+0.0011568518
10.56  		0.0712559467 		+0.0027656502
10.68  		-0.0423052005 		+0.0093339112
10.8  		0.0003827916 		-0.0004866395
10.92  		0.0052429704 		+0.0049597229
11.04  		0.0451495114 		+0.0008973968
11.16  		-0.0049688730 		+0.0039104348
11.28  		0.0866931339 		-0.0360287070
11.4  		0.0500987301 		-0.0011029952
11.52  		0.1668728183 		-0.2513025552
11.64  		0.1418987453 		-0.0087958628
11.76  		0.0364289900 		-0.0060624800
11.88  		0.1548410124 		-0.0027657486
