0  		1.0000000003 		+0.0000000000
0.12  		0.9999911362 		+0.0004974630
0.24  		0.9997576366 		-0.0012757587
0.36  		0.2264889064 		+0.0368270956
0.48  		0.9722126786 		+0.0194254977
0.6  		0.9667618377 		+0.0139411742
0.72  		0.9639541101 		+0.0013755105
0.84  		0.8813299357 		+0.0004377915
0.96  		0.9709631936 		-0.0116213158
1.08  		0.8639640205 		-0.0255851891
1.2  		0.9518180102 		-0.0812167245
1.32  		0.9373628432 		+0.0470956533
1.44  		0.8790649818 		-0.0937458146
1.56  		0.5880476841 		-0.0937220763
1.68  		0.9114784487 		+0.0990394198
1.8  		0.6455188723 		-0.0433273116
1.92  		0.5861862574 		-0.2247864106
2.04  		0.2298330527 		+0.1377545243
2.16  		-0.3402658421 		+0.1791686014
2.28  		-0.5128778089 		+0.1505413218
2.4  		-0.0629921264 		+0.0747525316
2.52  		0.0227041323 		-0.0118575215
2.64  		0.0045996413 		-0.0136203351
2.76  		0.0354710436 		-0.0655608587
2.88  		-0.0022257487 		-0.0058037514
3  		0.0900817477 		-0.0146691178
3.12  		0.2561734323 		+0.0289991718
3.24  		0.2595350928 		+0.0051011696
3.36  		-0.1648884114 		+0.0385660642
3.48  		0.5180345127 		+0.0776012782
3.6  		0.5286637118 		-0.1293768320
3.72  		0.3492801778 		-0.0399939736
3.84  		0.0067530905 		+0.0036027385
3.96  		0.3654441342 		+0.1136880463
4.08  		0.1062790685 		+0.0167151796
4.2  		0.3200804742 		+0.1339778333
4.32  		0.0033009972 		+0.0018274648
4.44  		0.1757298033 		+0.0773894932
4.56  		0.3286312947 		-0.0368405759
4.68  		-0.0517691152 		-0.0028700361
4.8  		0.0974350477 		+0.0622829069
4.92  		0.0027800561 		-0.0019121770
5.04  		0.2250487143 		-0.0592279919
5.16  		0.0065252875 		-0.0107691613
5.28  		0.3348326362 		-0.0337586641
5.4  		0.0031651957 		+0.0121075781
5.52  		-0.1336048070 		-0.0281155867
5.64  		-0.1492667837 		-0.1029680784
5.76  		0.0408308849 		+0.0176944286
5.88  		0.0446318063 		+0.0482643663
6  		0.1013373665 		+0.0718223541
6.12  		0.1754341302 		-0.0661204849
6.24  		0.0838757640 		+0.0037646003
6.36  		0.0233480528 		-0.0031852607
6.48  		0.0011073379 		+0.0044031260
6.6  		-0.1295971075 		-0.0334676813
6.72  		0.0973053127 		-0.0268016833
6.84  		0.0081060930 		-0.0038620499
6.96  		-0.0121874738 		-0.0285776337
7.08  		-0.0025768813 		+0.0002478353
7.2  		-0.0003012548 		-0.0004191895
7.31999  		0.0299268618 		+0.0272207761
7.43999  		0.0525674385 		+0.0314743667
7.55999  		-0.0027889285 		-0.0047453220
7.67999  		-0.0014105051 		+0.0079971720
7.79999  		-0.0773946545 		-0.0433279581
7.91999  		-0.0876026617 		+0.0777081260
8.03999  		0.0001407187 		-0.0001808214
8.15999  		0.0005099552 		-0.0018312032
8.27999  		0.0001472524 		-0.0016096409
8.39999  		0.0325932981 		+0.0143867708
8.51999  		0.0430336079 		-0.0067513405
8.63999  		-0.0059425763 		-0.0018087531
8.75999  		0.0704329394 		+0.0210165646
8.87999  		-0.0024701273 		+0.0041491603
8.99999  		0.0008164214 		-0.0013636540
9.11999  		-0.0290253309 		-0.0216215417
9.23999  		0.0000046813 		-0.0000309567
9.35999  		0.0011340923 		-0.0012979403
9.47999  		-0.0121798618 		+0.0041977233
9.59999  		0.0992640349 		+0.0394025404
9.71999  		0.0308859496 		+0.0171664571
9.83999  		-0.0840235022 		+0.0469993356
9.95999  		0.1347974632 		-0.0239842231
10.08  		0.0431303158 		-0.0187882643
10.2  		-0.0002276443 		+0.0038106573
10.32  		0.0961145601 		+0.0644543646
10.44  		0.2170962030 		-0.1494539932
10.56  		0.1854773710 		+0.0704742867
10.68  		0.1241114695 		-0.1042245714
10.8  		0.3675068819 		+0.0678590487
10.92  		0.0679641482 		+0.1272272460
11.04  		0.0533629970 		+0.1346795962
11.16  		-0.0011396923 		-0.0447631350
11.28  		-0.0178899212 		-0.0359423328
11.4  		0.0088046522 		-0.0030964119
11.52  		-0.0908471888 		-0.1422968064
11.64  		0.0433245420 		-0.0199488328
11.76  		0.0940767501 		-0.0277023348
11.88  		0.0261979787 		+0.0149043235
