0  		1.0000000004 		-0.0000000000
0.12  		0.9999615402 		-0.0009864677
0.24  		0.9855553847 		+0.0116828080
0.36  		0.9908294348 		-0.0229224103
0.48  		0.9975883797 		+0.0113656451
0.6  		0.3549719179 		+0.7199925467
0.72  		0.7967680828 		+0.0292099854
0.84  		0.5754636108 		-0.1675422958
0.96  		0.7067134879 		+0.0052489438
1.08  		0.9535810337 		-0.0467839120
1.2  		0.8937999650 		+0.0579395840
1.32  		0.7463626471 		-0.0419600551
1.44  		0.6904825369 		+0.0779863450
1.56  		0.6279661621 		-0.1441990687
1.68  		0.3693204686 		-0.0240257625
1.8  		0.1509597050 		-0.0992640448
1.92  		0.8120635588 		+0.0442835355
2.04  		0.6835023251 		-0.0131361620
2.16  		0.9179036167 		+0.0222101765
2.28  		0.8914680956 		-0.0041710524
2.4  		0.6902617564 		+0.1161332596
2.52  		0.7881541309 		-0.2038983251
2.64  		0.8312573889 		+0.0121067749
2.76  		0.6390911252 		-0.0739948170
2.88  		0.7692980957 		-0.0864999430
3  		0.3597298557 		-0.2161049565
3.12  		0.3995518162 		+0.0012990145
3.24  		0.4560364164 		-0.1262669767
3.36  		0.2392865659 		-0.0069959076
3.48  		-0.0448004819 		-0.0128916790
3.6  		0.0352022981 		+0.0119265708
3.72  		0.0012425158 		+0.0023440950
3.84  		-0.0155424352 		-0.0036827578
3.96  		-0.0098381357 		-0.0175435552
4.08  		-0.0061123772 		+0.0069174080
4.2  		0.1262901459 		-0.0005139921
4.32  		0.5916201538 		-0.0734292511
4.44  		0.5373005038 		+0.0544676290
4.56  		0.3968367675 		-0.0486880730
4.68  		0.3282730219 		+0.0549645890
4.8  		0.2254696883 		+0.0228118439
4.92  		0.0860024673 		-0.0023667910
5.04  		0.2208676285 		+0.0109459310
5.16  		0.4282831837 		+0.0005699520
5.28  		-0.1890187867 		+0.2937270238
5.4  		0.3147376525 		-0.0543412763
5.52  		-0.0463742763 		-0.0232226097
5.64  		0.2157854007 		+0.0252760247
5.76  		0.6058293191 		-0.0081413246
5.88  		0.3870167468 		+0.0212513463
6  		0.1751417814 		+0.4487349541
6.12  		0.0383257099 		+0.0000593787
6.24  		0.0017642510 		-0.0025607882
6.36  		0.0530046753 		-0.0116859687
6.48  		0.2786131691 		-0.0026526327
6.6  		0.1314610353 		+0.0606671538
6.72  		-0.3360100991 		+0.1397294144
6.84  		-0.0837576972 		-0.0240517665
6.96  		0.0215618455 		+0.0019856663
7.08  		-0.2106038317 		-0.0087448373
7.2  		-0.2442719164 		+0.0193601589
7.31999  		0.0733069425 		-0.0183913973
7.43999  		0.0034340586 		-0.0134744033
7.55999  		0.0103398367 		-0.0030139362
7.67999  		0.0475792610 		-0.1412695721
7.79999  		0.0173336772 		+0.0128914071
7.91999  		-0.1947818188 		+0.0284790770
8.03999  		0.0899126911 		+0.0507970456
8.15999  		0.0328800741 		+0.0885472091
8.27999  		0.1313119343 		+0.1136063644
8.39999  		0.1090896160 		+0.0744210989
8.51999  		-0.0512690085 		-0.0011126491
8.63999  		-0.0087272842 		-0.0150707501
8.75999  		-0.0131445166 		+0.0513764799
8.87999  		0.0223065786 		+0.0141576012
8.99999  		0.0017890590 		-0.0041028933
9.11999  		-0.0001644230 		+0.0009859009
9.23999  		0.0399450947 		-0.0215504732
9.35999  		-0.0361208591 		+0.0226976800
9.47999  		-0.1291481985 		-0.0941918062
9.59999  		0.0066287129 		+0.0731048421
9.71999  		0.0612094471 		+0.0581619115
9.83999  		0.0218120209 		-0.0185495666
9.95999  		0.0189647501 		-0.0193504877
10.08  		0.2661654393 		-0.1805415051
10.2  		0.0645734081 		-0.0205656241
10.32  		-0.0258533914 		-0.0193359889
10.44  		-0.0003049349 		-0.0001244805
10.56  		0.0020206525 		-0.0010556299
10.68  		0.0006122083 		-0.0000928107
10.8  		0.0190284980 		+0.0157922200
10.92  		-0.0039594789 		+0.0054641254
11.04  		-0.0030381291 		+0.0049544216
11.16  		-0.0053512801 		+0.0046252672
11.28  		-0.0001811486 		+0.0000626857
11.4  		0.0016973736 		-0.0010983686
11.52  		0.0003468360 		+0.0007955988
11.64  		0.0000922563 		-0.0008625864
11.76  		0.0019665008 		-0.0056635186
11.88  		-0.0006879573 		-0.0016730049
