0  		1.0000000004 		-0.0000000000
0.12  		0.9949031688 		+0.0003659828
0.24  		0.9993782546 		+0.0119862607
0.36  		0.9948519962 		-0.0038679891
0.48  		0.9785152842 		-0.0054276049
0.6  		-0.0930972952 		-0.0468854018
0.72  		0.9854600526 		-0.0254104256
0.84  		-0.3338096672 		+0.0135938973
0.96  		0.8656526726 		-0.0102660389
1.08  		0.9849102119 		+0.0009621429
1.2  		0.9585198943 		+0.0047469250
1.32  		0.7328034697 		-0.1166920261
1.44  		0.9861442481 		-0.0187786967
1.56  		0.8341973359 		-0.0335231403
1.68  		0.8455107966 		+0.0136264925
1.8  		0.6720243008 		-0.0779304931
1.92  		0.0501864243 		+0.0626027269
2.04  		0.5563537801 		-0.0395438217
2.16  		-0.5754071611 		+0.2461179559
2.28  		0.5621998293 		+0.0922210733
2.4  		0.0677078161 		-0.0100777847
2.52  		-0.0009185547 		+0.0002693447
2.64  		0.7711293349 		+0.0521975292
2.76  		0.5799861689 		-0.0386168052
2.88  		0.1449057236 		+0.0117287387
3  		0.5127190361 		+0.0217279116
3.12  		0.0026265063 		+0.0092966036
3.24  		0.8353367162 		+0.0388575720
3.36  		0.5545700896 		-0.0830771601
3.48  		0.7374757009 		-0.0057193624
3.6  		0.5386776462 		-0.0993268119
3.72  		-0.1626958858 		-0.4507045528
3.84  		0.2117380673 		+0.1720514448
3.96  		0.2962235575 		+0.0550559178
4.08  		0.8731415083 		+0.0254805588
4.2  		0.2520067010 		+0.1170820695
4.32  		0.2022689553 		-0.0211840883
4.44  		0.1051197680 		+0.0244266069
4.56  		0.4742115085 		-0.0472406415
4.68  		0.0110468341 		+0.0493999723
4.8  		0.3894125450 		-0.0405273552
4.92  		0.7225544164 		+0.0481066398
5.04  		0.3969047802 		-0.0416652051
5.16  		0.5791228654 		+0.2387392446
5.28  		0.2299457995 		-0.0217344249
5.4  		-0.1316611300 		+0.0973407081
5.52  		0.0703163668 		+0.3352856989
5.64  		0.3774138187 		-0.2904365402
5.76  		0.3222703832 		+0.1216766529
5.88  		0.1157754786 		-0.0602293669
6  		0.2349373675 		-0.0638589521
6.12  		0.2491491028 		+0.0295149293
6.24  		-0.0008638381 		+0.0006831200
6.36  		-0.0141883255 		-0.0798535698
6.48  		-0.2086148077 		-0.1040553681
6.6  		0.2247341838 		+0.1629166947
6.72  		0.2826244951 		-0.2231951353
6.84  		0.2303581191 		+0.0640964383
6.96  		-0.4888905633 		-0.0738150915
7.08  		0.0678621874 		+0.0424212174
7.2  		0.1385531941 		-0.1174558440
7.31999  		0.1500519206 		+0.1944190819
7.43999  		-0.1077340128 		+0.0280183634
7.55999  		-0.0154731542 		-0.0862134130
7.67999  		0.0151328732 		+0.0807943443
7.79999  		-0.2253859360 		-0.0527653126
7.91999  		-0.0141375500 		-0.0226470259
8.03999  		-0.1123573745 		-0.0444070147
8.15999  		0.1643324027 		-0.2504197187
8.27999  		0.3580405277 		-0.0972529889
8.39999  		0.0508465618 		-0.0061108883
8.51999  		-0.0018726524 		-0.0069340723
8.63999  		-0.0251372590 		-0.1948836708
8.75999  		-0.0396855998 		-0.1699034359
8.87999  		-0.1090216864 		-0.0389550059
8.99999  		-0.1203919056 		+0.0319211482
9.11999  		0.0198399759 		+0.0029932223
9.23999  		0.2167734704 		-0.0396999924
9.35999  		0.0639137207 		-0.0273014871
9.47999  		0.0034784833 		-0.0121638548
9.59999  		0.0065134991 		+0.0093753955
9.71999  		-0.0000115587 		-0.0001178370
9.83999  		-0.0016800720 		-0.0014575430
9.95999  		0.0005992606 		+0.0013932841
10.08  		0.0121378393 		-0.0628978946
10.2  		0.0000882821 		+0.0000297815
10.32  		-0.0236400696 		-0.0068345095
10.44  		0.0002369326 		-0.0008004506
10.56  		0.0055429590 		-0.0004074352
10.68  		-0.0010783374 		-0.0009621658
10.8  		-0.0013998879 		+0.0029390602
10.92  		-0.0467471696 		-0.0606801786
11.04  		-0.0433618012 		+0.0032279809
11.16  		-0.0125950476 		-0.0088813897
11.28  		0.0895670765 		+0.0448916961
11.4  		-0.0082118259 		+0.0016560606
11.52  		-0.0002225497 		-0.0017648644
11.64  		-0.0052424630 		+0.0213800225
11.76  		-0.0166634027 		+0.0467826625
11.88  		0.0013318465 		+0.0029730077
