0  		1.0000000000 		-0.0000000000
0.12  		0.9999538586 		+0.0001493332
0.24  		0.9996909393 		-0.0023820603
0.36  		0.9983415804 		+0.0001029950
0.48  		0.9987291446 		+0.0135381928
0.6  		0.9756174181 		-0.0126909333
0.72  		-0.7105991290 		-0.2095843599
0.84  		0.9851194655 		-0.0353139799
0.96  		0.7531579901 		+0.0384605324
1.08  		0.9851444341 		+0.0290471058
1.2  		0.9654929789 		+0.0140116367
1.32  		0.9831647603 		-0.0631556809
1.44  		0.8951717833 		+0.0647933211
1.56  		0.9183565764 		-0.0814845921
1.68  		0.9274774608 		+0.0735589933
1.8  		0.8586057159 		+0.1722465200
1.92  		0.5461294953 		-0.3003523783
2.04  		0.7492561650 		-0.1061203321
2.16  		-0.1207305268 		-0.0702320401
2.28  		0.1944682047 		+0.0034771653
2.4  		0.8935843117 		+0.0080013646
2.52  		0.8441748042 		+0.1960314661
2.64  		0.6228134673 		-0.0278353262
2.76  		-0.0561262468 		-0.2856867652
2.88  		0.1232207338 		-0.7676061941
3  		0.7516748821 		-0.3465003809
3.12  		0.6416803804 		-0.1736920607
3.24  		0.7474046588 		+0.2872622456
3.36  		0.7972487211 		+0.0151669923
3.48  		0.6805040774 		-0.0533610476
3.6  		-0.2117141962 		-0.3440707143
3.72  		0.4478245383 		+0.2407827424
3.84  		0.7901281523 		+0.0627165741
3.96  		0.7435667073 		+0.1497291957
4.08  		0.7565511805 		+0.0020667518
4.2  		0.3260171230 		-0.2591252085
4.32  		0.3941417159 		+0.0071529845
4.44  		0.2369283104 		+0.0138628949
4.56  		0.2846012688 		+0.0002482766
4.68  		0.5358445357 		-0.0238041267
4.8  		0.6493720256 		-0.1677428543
4.92  		0.8257500652 		+0.0132427801
5.04  		0.5243216310 		+0.0685539241
5.16  		0.5834846939 		-0.0542099442
5.28  		0.5303371965 		+0.0629656656
5.4  		0.4284562018 		-0.2108730701
5.52  		0.0836840364 		+0.1233540567
5.64  		0.7086246753 		+0.0267086517
5.76  		0.5768574594 		+0.1773820906
5.88  		0.5387849090 		+0.0816343376
6  		0.7659593177 		+0.1551726912
6.12  		0.1951322609 		-0.0178775200
6.24  		0.4389354987 		+0.0673502260
6.36  		0.4213320070 		-0.0500051390
6.48  		0.2717718908 		-0.0758100544
6.6  		0.0033218123 		+0.0066672498
6.72  		-0.1801751137 		+0.2393408555
6.84  		0.5568875925 		-0.2731903877
6.96  		-0.0276736452 		-0.0213154320
7.08  		-0.5155086799 		-0.0376089022
7.2  		0.5653659906 		-0.2045910690
7.31999  		0.3367099923 		-0.0054504899
7.43999  		0.2671958521 		+0.2087603668
7.55999  		0.4946753636 		-0.0049204981
7.67999  		0.4380266023 		+0.0751737265
7.79999  		0.5718658375 		+0.1558159958
7.91999  		0.5859282139 		-0.1380721736
8.03999  		0.3593625309 		-0.1029228337
8.15999  		0.3716651112 		-0.0367978400
8.27999  		0.5138159570 		-0.2001771122
8.39999  		-0.0349181119 		-0.3185478257
8.51999  		0.2716513282 		+0.2935095300
8.63999  		0.3982599607 		+0.0103835342
8.75999  		0.4342595248 		-0.0221576572
8.87999  		0.5732051480 		+0.1650123993
8.99999  		0.1225269185 		-0.0148401085
9.11999  		-0.1663009958 		+0.0673067123
9.23999  		0.1770567656 		-0.0053538714
9.35999  		-0.0033886015 		-0.0022775073
9.47999  		-0.0339294982 		+0.0130589301
9.59999  		0.0231657485 		-0.0669447167
9.71999  		0.1169289569 		+0.0071339950
9.83999  		0.0698362472 		+0.0411018153
9.95999  		0.0492925788 		+0.0869459391
10.08  		0.1999871945 		+0.1502302292
10.2  		0.2205386967 		-0.2366607934
10.32  		0.0847097014 		-0.0965864252
10.44  		0.0062167429 		+0.0060203611
10.56  		0.0508733066 		+0.0520604162
10.68  		0.1874097307 		+0.1165939750
10.8  		-0.0538355231 		-0.0213330296
10.92  		-0.1021072510 		+0.1496495407
11.04  		0.0185961364 		+0.0061455890
11.16  		0.0050701434 		-0.0031974191
11.28  		0.0506303852 		+0.0099918147
11.4  		0.0003251590 		-0.0000095027
11.52  		-0.0295918096 		-0.0660978130
11.64  		-0.0015896465 		+0.0007579577
11.76  		0.0049309674 		+0.0031194020
11.88  		0.0662987599 		+0.0971998772
