0  		1.0000000003 		+0.0000000000
0.12  		0.9999899354 		-0.0000169387
0.24  		0.9999191131 		+0.0010636338
0.36  		0.9988888423 		+0.0006620225
0.48  		0.9989436214 		+0.0024561214
0.6  		0.9643943826 		+0.0044943769
0.72  		0.6632187830 		-0.0315354284
0.84  		0.9477404145 		+0.0035198857
0.96  		0.4297202101 		+0.0038079884
1.08  		0.8339277026 		+0.0305685492
1.2  		0.9265842479 		+0.0275681202
1.32  		0.9283983785 		-0.0586306349
1.44  		0.9755432878 		-0.0557633367
1.56  		0.9185604039 		-0.0949370447
1.68  		0.8879585559 		-0.1325593809
1.8  		0.7225565227 		-0.4093275193
1.92  		0.7431239794 		+0.1186325819
2.04  		-0.3080897992 		+0.0453717494
2.16  		0.8369322862 		-0.1934319059
2.28  		0.5379201148 		-0.0278330169
2.4  		0.8738071015 		-0.1444712573
2.52  		0.9016513283 		-0.1013818172
2.64  		-0.1645558215 		+0.0082586023
2.76  		0.9199280306 		-0.0541388413
2.88  		0.4190025275 		+0.0429995592
3  		-0.5418873729 		+0.0760046221
3.12  		0.8697962378 		-0.0705234160
3.24  		0.5557509030 		-0.1199230843
3.36  		0.0026609380 		-0.0102548977
3.48  		0.0026663542 		+0.0668009839
3.6  		0.3824552776 		-0.0255211388
3.72  		0.1246952825 		-0.0031293081
3.84  		0.5360554406 		-0.0431588910
3.96  		0.7772997897 		+0.1185698211
4.08  		0.5208672968 		+0.0100213632
4.2  		0.4409479113 		+0.0169537014
4.32  		0.7028786070 		-0.0648576034
4.44  		0.6425683359 		-0.2362839901
4.56  		0.0522047373 		+0.0046155175
4.68  		0.0107994707 		-0.0045030304
4.8  		0.5127042881 		-0.0890946656
4.92  		0.2644561757 		-0.2049008366
5.04  		0.3360813185 		+0.0488546353
5.16  		0.4589144016 		-0.0863617132
5.28  		0.2904463479 		+0.1658215812
5.4  		-0.2280679722 		+0.1397321057
5.52  		0.1474189194 		+0.0249030166
5.64  		0.4415560572 		+0.2890700217
5.76  		-0.1663614862 		-0.2809797956
5.88  		0.0167823653 		+0.0014930244
6  		-0.0085349370 		+0.5829883258
6.12  		0.2853505180 		+0.2627000555
6.24  		-0.0483714213 		+0.0395680968
6.36  		0.7404620016 		-0.1477773284
6.48  		0.3687237250 		+0.1150316163
6.6  		0.7326747450 		+0.0790437210
6.72  		-0.0335624442 		+0.0752161332
6.84  		0.4752750635 		+0.0029430143
6.96  		0.5811907592 		-0.1308935235
7.08  		0.6205508964 		+0.1134776717
7.2  		0.6482931862 		+0.0876914010
7.31999  		0.4776406522 		+0.0176780057
7.43999  		0.5689224569 		+0.1787779729
7.55999  		-0.0062009820 		-0.0062512800
7.67999  		-0.0169250949 		-0.0095798801
7.79999  		0.5391704042 		+0.0848347419
7.91999  		0.3898982668 		-0.1855117318
8.03999  		0.5901547102 		+0.1929284732
8.15999  		0.1413046841 		+0.0213856800
8.27999  		0.2417141439 		-0.1053296991
8.39999  		0.1532094584 		-0.0003640202
8.51999  		-0.0002090260 		+0.0018523275
8.63999  		-0.1018200341 		-0.0027773097
8.75999  		-0.1171161599 		-0.0280833155
8.87999  		-0.4035711399 		+0.0695041180
8.99999  		-0.0255227797 		+0.0435625826
9.11999  		0.4245188135 		+0.0804312286
9.23999  		0.2199115786 		-0.2255792868
9.35999  		0.3227508917 		+0.0694152869
9.47999  		0.7946509126 		+0.1201629334
9.59999  		0.4089796708 		-0.0592543751
9.71999  		0.2503864664 		+0.0662470206
9.83999  		0.2119550091 		-0.0252896012
9.95999  		0.0730057404 		-0.0132422906
10.08  		0.1276257639 		+0.0757286353
10.2  		-0.2526657912 		-0.0129878407
10.32  		0.1543401026 		-0.0022276654
10.44  		-0.1055176356 		+0.0548168894
10.56  		0.6602632357 		+0.1557518022
10.68  		0.5307454860 		+0.0030405455
10.8  		0.1653386590 		-0.0147629506
10.92  		0.4525039179 		+0.0497873246
11.04  		0.4425231738 		+0.0017155113
11.16  		0.3644143773 		-0.2313193643
11.28  		0.2958742425 		-0.0689618791
11.4  		0.6508626404 		+0.0279910852
11.52  		0.7285041230 		-0.1861778182
11.64  		0.6346790850 		+0.0951516119
11.76  		0.5939586816 		-0.0217047891
11.88  		0.4989213142 		-0.0882445662
