0  		1.0000000004 		-0.0000000000
0.12  		0.9999691320 		+0.0009137304
0.24  		0.9998848759 		+0.0000971849
0.36  		0.9685521355 		-0.0061097802
0.48  		0.9849450176 		+0.0076526777
0.6  		0.3629364905 		+0.0114672734
0.72  		0.8097704641 		+0.0952073189
0.84  		0.9653178907 		-0.0583311830
0.96  		0.7669093578 		+0.0584965625
1.08  		0.7421391157 		-0.0074768290
1.2  		0.8986924609 		+0.1148124625
1.32  		0.5674470319 		-0.0838783013
1.44  		-0.1015209247 		+0.1440590746
1.56  		-0.6301155218 		+0.0394024541
1.68  		0.2797747916 		-0.2377606380
1.8  		-0.4518550189 		-0.0782647309
1.92  		0.7869184606 		+0.0314844054
2.04  		0.5702079209 		-0.1225797108
2.16  		0.1530003562 		-0.3935414363
2.28  		0.2250758765 		+0.3374036436
2.4  		0.2212170750 		-0.1387072854
2.52  		0.6433440836 		+0.2438782561
2.64  		0.6583183745 		+0.1713552766
2.76  		0.7211772778 		+0.1605758645
2.88  		0.1216307870 		+0.0126925155
3  		-0.1525060249 		-0.0385207332
3.12  		0.6865760788 		-0.0661159464
3.24  		0.4171530359 		-0.1276228076
3.36  		0.5881422033 		+0.1492660877
3.48  		0.5408863350 		-0.0286344930
3.6  		0.0941846101 		-0.0062494406
3.72  		-0.0574017259 		+0.0201294888
3.84  		0.0354345468 		-0.0361605206
3.96  		0.0385488837 		-0.0479716332
4.08  		0.0125907693 		+0.0045749939
4.2  		-0.0117744110 		+0.0088701809
4.32  		-0.0087967498 		-0.0195155021
4.44  		0.0035073724 		-0.0393775455
4.56  		0.0061475764 		+0.0023852812
4.68  		-0.0085754230 		-0.0468310946
4.8  		0.1105994329 		-0.0286293365
4.92  		0.1507721068 		+0.0709314076
5.04  		0.2682062663 		+0.0594076261
5.16  		0.1586285864 		-0.0050324303
5.28  		-0.0182482144 		+0.0815744511
5.4  		0.2702262981 		-0.0696047971
5.52  		0.1405300535 		+0.0029477550
5.64  		0.1827773291 		-0.0189960248
5.76  		0.0262239599 		+0.0037911979
5.88  		-0.0570500267 		-0.0105413315
6  		-0.0612762592 		-0.0531483883
6.12  		0.0133829073 		+0.0123433674
6.24  		-0.0111065111 		+0.0007893484
6.36  		-0.0012109163 		-0.0160345504
6.48  		0.0112812371 		+0.0081431984
6.6  		-0.0210502144 		+0.0244831656
6.72  		0.1726158182 		+0.0283317733
6.84  		-0.0005763696 		-0.0004236563
6.96  		0.0148124375 		+0.0133735072
7.08  		0.0888926186 		+0.0402340709
7.2  		0.0328356921 		-0.0167130228
7.31999  		0.0001846084 		+0.0001705490
7.43999  		0.0018527758 		-0.0004624125
7.55999  		-0.0145639807 		+0.0020923019
7.67999  		-0.1451779793 		-0.0899631931
7.79999  		-0.1129689080 		+0.0282740072
7.91999  		0.0043676777 		-0.0006580339
8.03999  		-0.0007593557 		+0.0000706884
8.15999  		0.0026483944 		-0.0021816865
8.27999  		0.3484034144 		+0.1968082653
8.39999  		0.0506364779 		+0.0212275975
8.51999  		-0.0475537911 		+0.0116544715
8.63999  		-0.0262128126 		-0.0154796798
8.75999  		0.0838513310 		+0.0307354233
8.87999  		-0.0315540291 		+0.0180787120
8.99999  		0.0472674189 		-0.0424951557
9.11999  		-0.0976615774 		+0.1104559729
9.23999  		-0.1600843992 		-0.0448458971
9.35999  		-0.1378305203 		-0.0197584498
9.47999  		0.0692164534 		-0.0277146009
9.59999  		0.1340240215 		-0.0541428001
9.71999  		0.3262833430 		-0.0308183714
9.83999  		-0.0389855068 		-0.0229021929
9.95999  		-0.0625175673 		+0.0154192663
10.08  		0.0025431724 		-0.0008243527
10.2  		-0.0383133249 		-0.0510949559
10.32  		-0.1092160989 		-0.0671218337
10.44  		-0.0170605638 		+0.0343180324
10.56  		-0.0003224253 		-0.0026001782
10.68  		0.0070123546 		-0.0013015318
10.8  		0.0007307989 		+0.0000015282
10.92  		-0.0003962088 		+0.0003127069
11.04  		0.0018104302 		+0.0002482631
11.16  		-0.0092080607 		+0.0005490439
11.28  		-0.0179056924 		+0.0035528916
11.4  		0.0303061381 		+0.0502599323
11.52  		0.0931156959 		+0.0062049683
11.64  		-0.0106262904 		+0.0969253817
11.76  		-0.0368181355 		-0.0142910362
11.88  		-0.0006085977 		-0.0033488431
