0  		1.0000000003 		-0.0000000000
0.12  		0.9971146367 		+0.0000018281
0.24  		0.9946609156 		-0.0000543955
0.36  		0.8468001665 		-0.0016201171
0.48  		0.9963254648 		+0.0018973488
0.6  		0.8860177610 		-0.0327008709
0.72  		0.8749730857 		+0.0252433704
0.84  		0.9912757102 		-0.0084722692
0.96  		0.9785749686 		-0.0058027266
1.08  		0.9807376583 		-0.0454234661
1.2  		0.9850386217 		+0.0292608579
1.32  		0.7962191430 		+0.0555243670
1.44  		0.3648650412 		+0.2517665856
1.56  		0.9366244606 		-0.0591990787
1.68  		0.4978574338 		+0.0278562656
1.8  		0.8630102099 		-0.1400642450
1.92  		0.4670065966 		+0.0058139455
2.04  		0.9293334277 		+0.0466183550
2.16  		0.9393184112 		-0.0087548597
2.28  		0.5727031379 		+0.4221169305
2.4  		0.5511179475 		-0.5717251688
2.52  		0.8846486284 		+0.2206608839
2.64  		0.9395370114 		-0.1042200617
2.76  		0.8524789319 		+0.0072185231
2.88  		0.9393020850 		-0.1132215677
3  		0.9369926152 		-0.0626287393
3.12  		0.4961921482 		+0.0081188074
3.24  		0.8064355944 		+0.0358201811
3.36  		0.1904995713 		+0.0530249129
3.48  		0.5648571210 		+0.1257240997
3.6  		0.6117283460 		-0.0201428161
3.72  		0.6690893539 		+0.0725224265
3.84  		-0.0801356060 		+0.0143057746
3.96  		0.7080229055 		-0.1244850647
4.08  		-0.3449706640 		+0.0081979360
4.2  		0.2565139657 		+0.1214946208
4.32  		0.5477637935 		-0.3104451807
4.44  		0.6771070539 		+0.1193370561
4.56  		0.2102972377 		-0.2957744370
4.68  		0.3412058580 		-0.0213259705
4.8  		0.3011450121 		+0.0396619855
4.92  		0.5356993410 		+0.1119940322
5.04  		0.0027126963 		-0.0509215507
5.16  		-0.0196653164 		+0.0906666205
5.28  		-0.0436041515 		-0.0483694000
5.4  		-0.1879017578 		-0.3466984672
5.52  		0.3302569413 		-0.0711921171
5.64  		0.3346785279 		-0.0434601162
5.76  		0.3677894110 		+0.1822990837
5.88  		0.0798446125 		-0.0427453096
6  		0.1659889939 		-0.0537727971
6.12  		0.2272393488 		-0.3134383517
6.24  		0.0576587079 		+0.1720428359
6.36  		0.2630537270 		-0.1494852201
6.48  		0.0780779087 		+0.0234741942
6.6  		-0.2282075800 		+0.0533429857
6.72  		-0.1418337021 		-0.0369735008
6.84  		-0.4569885358 		+0.0526944486
6.96  		0.0321741110 		+0.0641273096
7.08  		0.1594052088 		-0.0420758559
7.2  		0.0282687005 		+0.0059616657
7.31999  		0.3767801442 		-0.1862146900
7.43999  		0.2501714003 		-0.0352269502
7.55999  		0.0688240518 		-0.0030630242
7.67999  		0.0364868866 		+0.0142703256
7.79999  		0.1202528648 		+0.0077598445
7.91999  		0.0719538109 		-0.0133040917
8.03999  		-0.0093537698 		+0.0027334668
8.15999  		0.3100760044 		-0.0910042705
8.27999  		0.3998192517 		-0.1177271312
8.39999  		0.1278264939 		+0.0863860500
8.51999  		0.5730296266 		-0.0333992398
8.63999  		0.4205794675 		+0.0271504006
8.75999  		0.2205823361 		+0.0395534720
8.87999  		0.2229766512 		+0.0498915152
8.99999  		-0.1692523572 		+0.0218441228
9.11999  		0.0114127900 		-0.0053943266
9.23999  		0.0063620124 		-0.0050789217
9.35999  		-0.0261071019 		-0.0007779853
9.47999  		0.1435596250 		-0.0202418991
9.59999  		0.0882950066 		-0.0507265570
9.71999  		0.0146836376 		-0.0008419186
9.83999  		0.0132982470 		-0.0399659675
9.95999  		0.0255311133 		+0.0404796311
10.08  		-0.1691091751 		-0.0124844783
10.2  		-0.0821654919 		+0.0185271763
10.32  		0.0630757028 		-0.1284135297
10.44  		0.0766410040 		-0.1182629094
10.56  		-0.0065301013 		-0.0223172460
10.68  		-0.0205771096 		-0.0147155060
10.8  		0.0286302678 		+0.0855740131
10.92  		0.0377639794 		+0.0685976188
11.04  		-0.0493246749 		-0.0099160332
11.16  		-0.0118487517 		-0.0998502783
11.28  		0.0628951212 		+0.0107005868
11.4  		0.0601791845 		+0.0265517323
11.52  		0.0009553236 		-0.0154009830
11.64  		0.0021285223 		-0.0055638194
11.76  		0.0017204727 		-0.0041401463
11.88  		-0.0002635793 		+0.0053361009
