0  		1.0000000000 		+0.0000000000
0.12  		0.9999962956 		+0.0019810348
0.24  		0.9998701105 		-0.0006828920
0.36  		0.9971078854 		-0.0147300829
0.48  		0.9920334442 		-0.0082401828
0.6  		0.9935796585 		+0.0464212045
0.72  		0.9113317812 		+0.0845901041
0.84  		0.8973371637 		+0.0115974857
0.96  		0.9172835221 		+0.0638739606
1.08  		0.8269929138 		+0.0431527737
1.2  		0.9240835089 		+0.0852654580
1.32  		0.9276020553 		+0.0909571964
1.44  		0.7860754775 		-0.0777670931
1.56  		0.9144404918 		+0.0677431558
1.68  		0.7629175420 		+0.3961083822
1.8  		0.4635678191 		+0.0561560654
1.92  		-0.2630077817 		+0.1364817507
2.04  		0.7656454476 		-0.0349984475
2.16  		0.2240311888 		-0.0355609197
2.28  		0.7376732821 		-0.0499206871
2.4  		0.2680081867 		+0.0898741617
2.52  		0.2101704782 		-0.0772130985
2.64  		0.3059726506 		-0.0489356037
2.76  		-0.1017336001 		+0.0702676326
2.88  		0.0320428183 		-0.0034673596
3  		0.2571809715 		-0.0922366234
3.12  		-0.3601373466 		+0.1216097532
3.24  		0.4078037721 		+0.1424897896
3.36  		0.1215572096 		+0.0152646842
3.48  		0.0074428471 		-0.0292602349
3.6  		0.6764027744 		+0.2566680360
3.72  		0.0052248299 		+0.2342214180
3.84  		0.6100287934 		+0.3466316109
3.96  		0.5305014235 		-0.2356801956
4.08  		-0.1643139324 		-0.0747792617
4.2  		0.4549217654 		+0.0040058075
4.32  		0.2619796084 		-0.0256699248
4.44  		0.4020446836 		+0.3187355720
4.56  		0.1346008787 		+0.0381500735
4.68  		-0.0025329814 		-0.0076079525
4.8  		-0.0000310594 		-0.0018905761
4.92  		-0.0122693670 		+0.0249075827
5.04  		-0.0034838619 		-0.0122425128
5.16  		0.2795832584 		-0.0785607239
5.28  		0.0000129193 		-0.0000113664
5.4  		-0.0007678678 		+0.0000437771
5.52  		-0.0133418007 		+0.0656398012
5.64  		0.2233011900 		-0.1334528462
5.76  		-0.0309326409 		+0.0313785907
5.88  		0.0608566665 		+0.0255135398
6  		0.0016965069 		+0.0002542880
6.12  		0.0030138075 		-0.0004489054
6.24  		-0.0233751219 		-0.0069240021
6.36  		0.0123085852 		-0.0215647104
6.48  		-0.0133064737 		+0.0047320900
6.6  		0.0118813551 		-0.0159034453
6.72  		-0.0266256978 		-0.0596039011
6.84  		0.0161497954 		-0.0071199102
6.96  		0.0019364147 		-0.0002670206
7.08  		-0.0006880562 		-0.0003121120
7.2  		-0.0454856812 		-0.0258189198
7.31999  		0.0054674993 		-0.0825704593
7.43999  		0.0033442145 		-0.0000755027
7.55999  		-0.0101273093 		-0.0220157059
7.67999  		-0.0122135438 		+0.0240283101
7.79999  		0.0445692421 		+0.0103246595
7.91999  		0.0929917392 		+0.0444714879
8.03999  		0.0230183736 		-0.0469788948
8.15999  		0.0127968265 		+0.0384420622
8.27999  		-0.0385363265 		+0.0053575966
8.39999  		-0.2093863641 		-0.0730827186
8.51999  		0.0047924027 		+0.0440805628
8.63999  		0.0149959401 		+0.0619829519
8.75999  		-0.0007202734 		+0.0004873096
8.87999  		-0.0018336235 		-0.0001816908
8.99999  		-0.0019581003 		-0.0359483563
9.11999  		-0.1219468386 		+0.1937782445
9.23999  		0.0510440566 		-0.0936431903
9.35999  		-0.0933220299 		-0.0943843008
9.47999  		0.0887761029 		-0.0710858666
9.59999  		0.0996110979 		+0.0570007320
9.71999  		-0.0340309664 		+0.0455798480
9.83999  		0.0100244506 		-0.1395666389
9.95999  		0.0211639168 		+0.0381813435
10.08  		0.0059814127 		-0.0093942873
10.2  		0.0420766912 		-0.0459133645
10.32  		-0.0075336471 		-0.0906549512
10.44  		-0.0140768279 		+0.0077816741
10.56  		-0.0063172907 		-0.0218052640
10.68  		0.0003248107 		-0.0002246899
10.8  		-0.0052130210 		-0.0027280535
10.92  		0.0035845812 		-0.0010283954
11.04  		0.0022378561 		+0.0003099769
11.16  		-0.0098210877 		-0.0053610177
11.28  		0.1937726288 		+0.1120992802
11.4  		-0.0036785260 		+0.0493397403
11.52  		0.0345013957 		-0.0663247629
11.64  		-0.0066279297 		-0.0211852839
11.76  		0.0198385405 		-0.0049048634
11.88  		0.0000537211 		+0.0033584997
