0  		1.0000000000 		+0.0000000000
0.12  		0.9899076242 		-0.0010945590
0.24  		0.9990985682 		+0.0018746482
0.36  		0.7383684656 		+0.0150776466
0.48  		0.9901995472 		-0.0010051328
0.6  		0.9876733480 		-0.0047236549
0.72  		0.9043272394 		-0.0107564507
0.84  		0.9553421888 		-0.0079499569
0.96  		0.9755144490 		-0.0035580023
1.08  		-0.1122059627 		-0.1365716765
1.2  		-0.4668844257 		+0.0689360723
1.32  		0.1902960490 		+0.0186977325
1.44  		0.6761586202 		-0.0851372433
1.56  		0.2615526981 		+0.5069413791
1.68  		-0.0012828987 		-0.0133626078
1.8  		0.1492809785 		-0.0728493512
1.92  		0.5262161458 		+0.0313530799
2.04  		0.8497582447 		-0.1353232502
2.16  		0.7923055562 		-0.1374018299
2.28  		0.9125800070 		-0.0090363378
2.4  		0.9125454656 		+0.0089465067
2.52  		0.4398746787 		+0.0441414252
2.64  		0.6485437724 		-0.0512567148
2.76  		0.6988219081 		-0.0202884108
2.88  		0.5351315381 		-0.3944974473
3  		0.8995041844 		+0.0093145506
3.12  		0.7715894718 		+0.0063748660
3.24  		0.0025600198 		+0.1328558715
3.36  		0.6090670076 		+0.1434041290
3.48  		0.7878427370 		+0.1120075267
3.6  		-0.0422818866 		+0.0329975523
3.72  		0.3810451687 		-0.0712855176
3.84  		0.4318008533 		+0.0174190681
3.96  		0.6153269398 		+0.1483696335
4.08  		0.7745516334 		+0.0859004369
4.2  		0.6706246978 		-0.1784960779
4.32  		0.5410227283 		-0.3391008361
4.44  		0.2834057092 		+0.1489124290
4.56  		0.3335460775 		+0.0216018660
4.68  		-0.0053777478 		-0.0066473383
4.8  		0.0080255682 		-0.0204229856
4.92  		0.0000591283 		+0.0001123416
5.04  		0.1194465786 		+0.0052823095
5.16  		0.2586367415 		+0.0686647540
5.28  		-0.0726777611 		-0.1267637483
5.4  		-0.0037197908 		+0.0016591780
5.52  		-0.2110644806 		+0.0037097344
5.64  		0.2000808764 		+0.0040364293
5.76  		-0.0063969295 		-0.0012964302
5.88  		0.0122225335 		+0.1224060432
6  		0.2121138521 		-0.1599406380
6.12  		0.2790754261 		+0.0892376039
6.24  		0.2359856566 		+0.1952368779
6.36  		0.1420902446 		+0.5627755872
6.48  		0.4552196663 		-0.0902969762
6.6  		0.1652711998 		-0.0108114832
6.72  		0.1958014960 		-0.0885548474
6.84  		0.1505371006 		-0.0577593939
6.96  		0.0286101673 		-0.0240528194
7.08  		0.0798571288 		-0.0132599431
7.2  		0.0032544550 		+0.0009569351
7.31999  		0.0197923300 		+0.0048761823
7.43999  		-0.0835165144 		+0.0066565922
7.55999  		-0.0780559795 		-0.0308529806
7.67999  		-0.0217868449 		+0.0078047957
7.79999  		0.0833088689 		-0.0366447983
7.91999  		-0.0203166325 		+0.0067919338
8.03999  		0.0252985924 		+0.0027525586
8.15999  		-0.0701201698 		-0.0322942810
8.27999  		0.0026393073 		+0.0010710568
8.39999  		0.0010468785 		-0.0018007933
8.51999  		-0.0022007374 		+0.0009410631
8.63999  		0.0040318111 		-0.0025869090
8.75999  		0.0140677016 		-0.0051914370
8.87999  		0.0013129748 		-0.0046160569
8.99999  		0.0030175515 		+0.0110181352
9.11999  		0.0053317584 		+0.0023243779
9.23999  		0.0106642819 		-0.0040234704
9.35999  		0.0378687765 		+0.0610927286
9.47999  		0.0228498365 		+0.0087737638
9.59999  		0.0005343981 		-0.0004031753
9.71999  		0.0280032627 		-0.0291365933
9.83999  		0.0005244926 		-0.0013452564
9.95999  		-0.0007393434 		+0.0010371025
10.08  		-0.0133412556 		+0.0031456801
10.2  		-0.0050307723 		-0.0061582357
10.32  		0.0011877276 		+0.0001915969
10.44  		0.0631345071 		-0.0347365921
10.56  		-0.0167808804 		+0.0144878307
10.68  		0.0021291077 		+0.0042592372
10.8  		-0.0000567636 		+0.0000944138
10.92  		0.0005176405 		-0.0013540015
11.04  		0.0006550394 		-0.0009009537
11.16  		-0.0052209225 		+0.0094989657
11.28  		0.0069996412 		-0.0133081786
11.4  		0.0107478113 		-0.0113553429
11.52  		-0.0383261044 		-0.0167316163
11.64  		-0.0092047201 		+0.0056722725
11.76  		0.0012407319 		+0.0429080757
11.88  		-0.0240519382 		-0.0253749098
