0  		1.0000000004 		+0.0000000000
0.12  		0.9999102018 		-0.0023195240
0.24  		0.9987305414 		+0.0216152692
0.36  		0.9966508468 		-0.0375009137
0.48  		0.9593094090 		+0.0997602022
0.6  		0.7443229880 		+0.0766825598
0.72  		0.4221834196 		-0.3953421075
0.84  		-0.3372643585 		+0.5104883312
0.96  		-0.0643400314 		-0.3334949699
1.08  		0.5142886095 		-0.3338023998
1.2  		0.2791199358 		-0.0439052021
1.32  		0.4124098954 		+0.0677458346
1.44  		0.1392999323 		+0.2055132466
1.56  		0.4990683142 		+0.1516697619
1.68  		0.0061724535 		+0.0059046712
1.8  		0.2440370204 		+0.0308542052
1.92  		-0.4551227378 		-0.0464667497
2.04  		0.3351646692 		-0.1880608652
2.16  		0.0528385025 		+0.0010017412
2.28  		0.6733911035 		+0.0364111677
2.4  		0.1410891062 		-0.2403066476
2.52  		-0.3041861686 		-0.0908037629
2.64  		0.0911111934 		+0.0184915578
2.76  		0.6180821212 		+0.1254328242
2.88  		0.4530976052 		-0.0295670111
3  		0.2175583713 		+0.2464074529
3.12  		0.2379139898 		-0.4329769874
3.24  		0.0466302839 		+0.3072831756
3.36  		0.2240931613 		+0.1517904788
3.48  		0.4844923172 		+0.1165824140
3.6  		-0.0196439254 		+0.0496278148
3.72  		-0.0342232009 		-0.0340143833
3.84  		0.3130304466 		-0.0017098745
3.96  		0.0272271890 		+0.0197760420
4.08  		0.2320257064 		-0.1312323241
4.2  		-0.0579503851 		+0.0074971245
4.32  		0.1425313297 		-0.1886971885
4.44  		0.5930155975 		-0.1091508575
4.56  		0.1783539784 		+0.0103063992
4.68  		0.2506868065 		-0.0463632807
4.8  		0.3667384323 		-0.0757724088
4.92  		-0.1095200458 		-0.0893804474
5.04  		-0.0645515383 		-0.0103840958
5.16  		0.0098127072 		+0.0253557339
5.28  		0.0591562082 		+0.0194458016
5.4  		-0.0693413059 		+0.0177765735
5.52  		0.1961713720 		-0.0457848776
5.64  		-0.0582141319 		-0.0861335443
5.76  		-0.0054936789 		+0.0003442856
5.88  		0.0923736559 		+0.0311519698
6  		0.0273909664 		-0.0770695772
6.12  		0.0344072326 		-0.0148115910
6.24  		-0.0446863437 		-0.0491545575
6.36  		0.0069495915 		-0.0127301350
6.48  		-0.0850945259 		-0.0442295541
6.6  		0.0193390624 		-0.0030656579
6.72  		-0.0902991496 		-0.0856078285
6.84  		0.0191005277 		-0.0260501146
6.96  		0.0012773061 		+0.0854482810
7.08  		-0.0012992911 		-0.0004102582
7.2  		-0.0175353550 		-0.0006622340
7.31999  		-0.0454839469 		-0.0045254824
7.43999  		0.0000545631 		-0.0000224719
7.55999  		0.0004696904 		-0.0001791318
7.67999  		0.0133067487 		+0.0089047072
7.79999  		-0.0005376481 		-0.0006904002
7.91999  		0.0037220387 		+0.0014895829
8.03999  		-0.0015017235 		+0.0044002819
8.15999  		-0.0004717414 		-0.0000053796
8.27999  		0.0178134947 		-0.0244969618
8.39999  		-0.0039799032 		-0.0064072167
8.51999  		-0.0161742022 		-0.0351641733
8.63999  		-0.0001442651 		+0.0004781572
8.75999  		-0.0002724822 		+0.0049332981
8.87999  		0.0008793826 		+0.0106930684
8.99999  		0.0369182703 		-0.0224751611
9.11999  		-0.0002039638 		+0.0048953930
9.23999  		0.0065172085 		-0.0023010429
9.35999  		-0.0014205763 		+0.0006196568
9.47999  		-0.0000004809 		-0.0000006432
9.59999  		0.1058372023 		+0.0803649729
9.71999  		0.0021735802 		-0.0624275927
9.83999  		0.0005521346 		+0.0218784104
9.95999  		-0.0088442942 		+0.0042177458
10.08  		-0.0037970542 		-0.0005468408
10.2  		0.0193173902 		+0.0144007574
10.32  		0.0209300015 		+0.0252484204
10.44  		-0.0073349045 		-0.0071973518
10.56  		-0.0004265089 		-0.0022684403
10.68  		-0.0001173197 		+0.0011022753
10.8  		0.0136400063 		+0.0082015284
10.92  		0.0037821033 		-0.0116983867
11.04  		0.0072175227 		+0.0019748401
11.16  		0.0335260056 		+0.0022530188
11.28  		-0.1035368782 		+0.0258017461
11.4  		0.0069181253 		-0.0016547507
11.52  		0.0131879121 		+0.0017639657
11.64  		0.0734356414 		-0.0703370680
11.76  		-0.0003329924 		+0.0021169250
11.88  		-0.0145730536 		+0.0388712199
