0  		1.0000000004 		-0.0000000000
0.12  		0.9999962045 		-0.0013647897
0.24  		0.9997971947 		-0.0046069714
0.36  		0.9991804203 		+0.0084427496
0.48  		0.9973036462 		+0.0240037210
0.6  		0.9487862957 		-0.0010346296
0.72  		0.9927534056 		+0.0355601499
0.84  		0.9592004089 		-0.0776281790
0.96  		0.9280590243 		-0.1512991505
1.08  		0.7837235999 		-0.0810557617
1.2  		0.8841627292 		-0.2261970169
1.32  		0.7686839210 		+0.2953176216
1.44  		0.4129874567 		-0.4550865401
1.56  		-0.0139196667 		+0.0184506842
1.68  		0.0145742810 		+0.5061030061
1.8  		-0.5985409304 		-0.3069118729
1.92  		0.0153974788 		-0.7858139760
2.04  		-0.2328756494 		+0.3917051154
2.16  		0.4669777868 		+0.5262208753
2.28  		-0.5875158058 		+0.5151057804
2.4  		0.4491014200 		-0.7599326818
2.52  		0.4312081023 		-0.4105743456
2.64  		-0.0001160288 		+0.0022612937
2.76  		0.1460690148 		+0.1965625796
2.88  		0.0198484657 		+0.0188421533
3  		0.0535698769 		-0.0354894919
3.12  		0.2589080397 		-0.0697349262
3.24  		0.0223141196 		-0.0363734428
3.36  		0.2697850245 		+0.0708623205
3.48  		0.1478950148 		+0.1020181399
3.6  		0.1787818117 		-0.1132060004
3.72  		0.2495644805 		-0.3162650459
3.84  		0.2015685721 		+0.0700462856
3.96  		0.3136679991 		-0.3239326909
4.08  		0.2770509909 		+0.1184184573
4.2  		0.0226563929 		+0.0917486673
4.32  		0.0996196741 		+0.0572771394
4.44  		0.0494257833 		+0.0191045176
4.56  		-0.0473205784 		+0.0993233273
4.68  		-0.0007846923 		-0.0481636903
4.8  		-0.0277105279 		+0.0096007306
4.92  		0.0080722993 		+0.0128927423
5.04  		0.0094554105 		+0.0178019246
5.16  		-0.0001218026 		-0.0002104784
5.28  		0.0657033606 		+0.0336158206
5.4  		0.0032207086 		-0.1229665688
5.52  		0.0028396148 		-0.0578455094
5.64  		-0.0452250154 		+0.0272608752
5.76  		-0.0219130567 		+0.2225364315
5.88  		-0.0026109376 		-0.0052676114
6  		-0.0314863932 		-0.1654399257
6.12  		-0.0098436169 		-0.2287533682
6.24  		0.0934500545 		-0.0885489781
6.36  		-0.1152736432 		-0.0427523088
6.48  		0.0154086594 		-0.1056010568
6.6  		0.2025754142 		-0.0947927692
6.72  		-0.0075744168 		+0.0008902663
6.84  		-0.1969455788 		-0.1839177875
6.96  		-0.0664585887 		+0.0484883218
7.08  		0.0819478794 		-0.0517205331
7.2  		0.0053337365 		+0.0050456344
7.31999  		-0.1092663143 		-0.2191178813
7.43999  		-0.0865129789 		-0.0118148578
7.55999  		0.0685413455 		+0.1310458926
7.67999  		-0.1832352887 		+0.1383526692
7.79999  		-0.0907855000 		+0.0540764644
7.91999  		0.0547264252 		+0.0101948913
8.03999  		0.0038859447 		+0.0262675408
8.15999  		-0.0041798964 		+0.0292098449
8.27999  		0.0211438617 		-0.1186620056
8.39999  		0.0592834216 		-0.0300921807
8.51999  		-0.1090426930 		-0.0168031476
8.63999  		-0.0430661685 		-0.0472554884
8.75999  		-0.0202377153 		+0.0604880862
8.87999  		0.0063272321 		-0.0310493886
8.99999  		-0.2223303873 		+0.0480279176
9.11999  		0.0767264960 		+0.1135757408
9.23999  		-0.0266563334 		+0.0275120885
9.35999  		0.1341287319 		-0.0796859365
9.47999  		-0.0011485796 		+0.0742898650
9.59999  		-0.0976197837 		-0.1651686113
9.71999  		-0.0130710466 		-0.0445000771
9.83999  		-0.0315578887 		+0.0271248613
9.95999  		0.0128101263 		-0.0660263860
10.08  		0.0478466376 		-0.0177308062
10.2  		0.0084737508 		-0.0245191278
10.32  		-0.0890844625 		-0.0797437163
10.44  		-0.0137775568 		+0.0068157214
10.56  		0.0012237411 		-0.0029408234
10.68  		-0.0000478725 		-0.0000009749
10.8  		-0.0008253300 		-0.0008138793
10.92  		0.0049967515 		-0.0106140635
11.04  		0.0389833020 		-0.0145604275
11.16  		0.0065759784 		+0.0020527905
11.28  		-0.0023090305 		+0.0006230981
11.4  		-0.0527452431 		-0.0464808609
11.52  		0.0037012328 		+0.0064119614
11.64  		-0.0002566982 		-0.0000979039
11.76  		0.0000485859 		+0.0004549994
11.88  		-0.0000268244 		+0.0001543456
