0  		1.0000000000 		+0.0000000000
0.12  		0.9999332407 		+0.0047754371
0.24  		0.9977170274 		-0.0040663621
0.36  		0.9967187476 		-0.0335173323
0.48  		0.8959088645 		+0.0928647427
0.6  		0.1657770398 		-0.1797037053
0.72  		0.0090544201 		-0.3659272268
0.84  		0.3055344563 		+0.0376438880
0.96  		0.9172862659 		-0.0867228053
1.08  		0.6443615659 		+0.0287200613
1.2  		0.8228499630 		-0.0632230980
1.32  		0.7263905587 		-0.0587388744
1.44  		0.8785290922 		+0.2478331932
1.56  		0.7252363305 		-0.2037432070
1.68  		0.7478617314 		+0.2100456732
1.8  		0.7972416869 		-0.0532441359
1.92  		-0.0321265038 		+0.0180548372
2.04  		-0.2219794291 		+0.0668065132
2.16  		-0.2872184958 		+0.0705955553
2.28  		0.6475746351 		+0.1032010005
2.4  		0.0822509159 		+0.0198516729
2.52  		0.0320821782 		-0.0116766780
2.64  		-0.0302157587 		+0.0283993161
2.76  		0.2007903717 		-0.0191715427
2.88  		0.1372465177 		-0.1137117529
3  		0.0349191119 		-0.0207884696
3.12  		0.1008874958 		-0.0916361299
3.24  		-0.0122894939 		-0.0098024794
3.36  		-0.0400058094 		+0.0779447677
3.48  		-0.0423688381 		+0.0044607987
3.6  		0.3044689265 		-0.3797521314
3.72  		0.0522208230 		-0.2718756820
3.84  		0.1741089222 		-0.1655844339
3.96  		0.2158111689 		-0.0418717154
4.08  		-0.0675842294 		+0.0115986198
4.2  		0.0994065995 		+0.0845008351
4.32  		-0.0434404334 		-0.0609150044
4.44  		0.1446019384 		+0.0210248970
4.56  		0.1986850806 		+0.2306876966
4.68  		0.0405573398 		-0.0594211404
4.8  		0.0167416676 		-0.0091844217
4.92  		-0.0914366118 		+0.0253766456
5.04  		-0.0838731806 		+0.0261875039
5.16  		0.3869775796 		-0.0206134697
5.28  		0.4005117100 		-0.1078531248
5.4  		0.0770633271 		+0.0417737163
5.52  		0.1673907612 		+0.0046382561
5.64  		0.0281070259 		-0.0350109665
5.76  		0.3459805279 		+0.0590316718
5.88  		0.1672864991 		-0.2671218984
6  		0.2463575162 		-0.0189077428
6.12  		0.1456337451 		+0.2352786021
6.24  		0.0526661647 		+0.1205756336
6.36  		0.3397950825 		-0.0932889117
6.48  		-0.0053122249 		-0.0223530877
6.6  		0.0037028286 		+0.0051843613
6.72  		0.0011284516 		+0.0428953910
6.84  		0.3568237256 		+0.0193700184
6.96  		0.1346875542 		-0.0946143552
7.08  		0.1367965532 		+0.0777299119
7.2  		0.0235296909 		-0.0135844673
7.31999  		-0.0550365332 		+0.0075983377
7.43999  		0.0008618192 		-0.0025804424
7.55999  		0.0003856434 		-0.0009801070
7.67999  		-0.0099912262 		+0.0016692483
7.79999  		-0.0495268391 		-0.0096887894
7.91999  		0.0000252330 		-0.0000279167
8.03999  		0.0101999661 		-0.0035894795
8.15999  		-0.0325138139 		+0.0083775365
8.27999  		0.0286714775 		+0.0197073579
8.39999  		-0.0218409286 		+0.0042188646
8.51999  		-0.0002216382 		+0.0384862792
8.63999  		0.0004162085 		+0.0468948263
8.75999  		-0.0030851046 		-0.0051218399
8.87999  		0.0153965112 		+0.0041543632
8.99999  		0.0387301654 		-0.0019181905
9.11999  		0.0625358459 		+0.1309394659
9.23999  		0.0089351669 		+0.0066002267
9.35999  		-0.0001000863 		-0.0080693884
9.47999  		0.0017185456 		+0.0000315311
9.59999  		-0.0009679522 		-0.0009860648
9.71999  		-0.0057607968 		-0.0153561214
9.83999  		0.0091205973 		-0.0041806792
9.95999  		0.1103575754 		-0.0617110878
10.08  		0.0156818814 		-0.0138374255
10.2  		0.0123450427 		-0.0464199404
10.32  		-0.0145842128 		-0.0023685512
10.44  		-0.1192202798 		-0.0430993309
10.56  		0.1336880285 		-0.0223257585
10.68  		-0.0074868737 		+0.0255297990
10.8  		0.0040337840 		+0.0228446826
10.92  		-0.0018006836 		+0.0089343569
11.04  		-0.0014499400 		+0.0000719450
11.16  		-0.0463789321 		-0.0287322879
11.28  		0.1186551773 		-0.0646938977
11.4  		-0.0017130655 		-0.0022711647
11.52  		0.0092785058 		-0.0006911299
11.64  		0.0998277979 		-0.0355596543
11.76  		0.0506946800 		-0.0109241458
11.88  		0.0033314665 		-0.0000400059
