0  		1.0000000004 		+0.0000000000
0.12  		0.9999690318 		-0.0006430871
0.24  		0.8714376321 		+0.4177317934
0.36  		0.9941153684 		+0.0002425352
0.48  		0.4654616554 		-0.0006204786
0.6  		0.9021788999 		-0.1311147737
0.72  		0.7699878689 		+0.0735048517
0.84  		0.8962659444 		+0.0238336296
0.96  		0.4437991576 		+0.1035532611
1.08  		0.3358343355 		+0.0071828795
1.2  		0.0290234542 		-0.0006211675
1.32  		0.0024761254 		+0.0096638680
1.44  		-0.0345283508 		-0.0721608121
1.56  		0.1644264974 		+0.1012288296
1.68  		0.5255643105 		-0.1277066079
1.8  		0.5746259414 		+0.0639941205
1.92  		0.6114044190 		+0.0970263325
2.04  		-0.7162134443 		+0.0012819293
2.16  		0.3533130816 		-0.0581953244
2.28  		0.6787315557 		-0.0134620673
2.4  		0.0466943089 		-0.1210672318
2.52  		-0.4572933690 		+0.1476300871
2.64  		0.1657453758 		+0.0088717930
2.76  		0.1226006860 		-0.0615816758
2.88  		0.0955497874 		-0.0675548864
3  		0.0098423096 		+0.0061098032
3.12  		0.0433260852 		+0.0878119017
3.24  		0.1624636830 		-0.2569630254
3.36  		-0.1935316095 		-0.0584207214
3.48  		-0.0641806769 		-0.0735826374
3.6  		0.0140909093 		+0.0173131679
3.72  		-0.0208017539 		+0.0070974660
3.84  		-0.0078152099 		+0.0006825555
3.96  		0.1128066199 		-0.0141309642
4.08  		0.0719804884 		-0.0124786708
4.2  		0.0405222892 		+0.0302222624
4.32  		-0.0084114969 		-0.0605537143
4.44  		-0.0174811150 		-0.0255474166
4.56  		-0.0005053161 		-0.0000639644
4.68  		0.0582422679 		+0.0292537819
4.8  		0.0890250594 		+0.0391661084
4.92  		0.0006142765 		-0.0005860431
5.04  		-0.0431151625 		+0.0110428833
5.16  		0.0290924332 		-0.0165800346
5.28  		-0.0146666420 		-0.0032344924
5.4  		0.1990655910 		-0.0255749866
5.52  		-0.1124184465 		+0.0584421818
5.64  		-0.0368286829 		-0.0054640196
5.76  		0.0738259855 		-0.0220759765
5.88  		0.1341908091 		+0.0616478022
6  		0.0083426894 		+0.0028870282
6.12  		-0.0193148737 		+0.0066825278
6.24  		-0.0019188465 		-0.0005664896
6.36  		0.0030103410 		+0.0013142422
6.48  		-0.0231808203 		-0.0524558993
6.6  		0.0155651555 		-0.0053164234
6.72  		0.0732437309 		+0.0321729687
6.84  		0.0717866837 		-0.0556248994
6.96  		-0.0855638612 		+0.0199269785
7.08  		0.0020854615 		+0.0011863909
7.2  		-0.0581847591 		+0.0143971193
7.31999  		0.1821437706 		+0.1377119074
7.43999  		-0.0246493046 		+0.0217934675
7.55999  		0.3402359628 		-0.2302121422
7.67999  		0.0501856357 		+0.0221533316
7.79999  		0.0693382119 		-0.0482599770
7.91999  		-0.0068958284 		-0.0027394635
8.03999  		-0.0160646978 		+0.0016796816
8.15999  		0.1323594335 		+0.0141110716
8.27999  		0.1375583099 		-0.0265635776
8.39999  		0.1917016674 		-0.0691483635
8.51999  		0.1999777928 		-0.0157552305
8.63999  		0.1003524908 		-0.0758882591
8.75999  		-0.0040846220 		-0.0212155708
8.87999  		0.0019841480 		-0.0073175314
8.99999  		-0.0001738492 		+0.0002261368
9.11999  		-0.0011475954 		+0.0013208114
9.23999  		-0.0015394183 		-0.0020576987
9.35999  		0.0261042951 		+0.0138000879
9.47999  		0.0304412231 		-0.0188709586
9.59999  		0.1210318720 		-0.0136049246
9.71999  		0.1558115033 		+0.1165057841
9.83999  		0.0001580787 		-0.0000397997
9.95999  		-0.0257492749 		+0.0102808975
10.08  		0.0298420352 		-0.0844588125
10.2  		-0.0722162651 		+0.1173139574
10.32  		-0.0718339747 		-0.0096861040
10.44  		-0.0224926165 		+0.0576303768
10.56  		0.0066345967 		-0.0010203006
10.68  		0.0729866991 		+0.0948319538
10.8  		-0.0085038360 		+0.0019251988
10.92  		0.0262738700 		+0.0097009775
11.04  		-0.0008387520 		+0.0003771891
11.16  		-0.0155811921 		+0.0075004861
11.28  		-0.0004287364 		-0.0007164260
11.4  		-0.0752643021 		+0.0164224671
11.52  		0.0011385029 		+0.0050978488
11.64  		-0.0175104056 		-0.0112503726
11.76  		0.0282785686 		+0.0098373626
11.88  		-0.0218927738 		-0.0396985021
