0  		1.0000000004 		+0.0000000000
0.12  		0.9999797291 		-0.0051993001
0.24  		0.9984903557 		-0.0299543195
0.36  		0.9899060488 		+0.0178139938
0.48  		0.9963969800 		+0.0754351581
0.6  		0.9046509252 		-0.0739186177
0.72  		0.8436987580 		-0.3568707629
0.84  		0.4240259561 		+0.0456435236
0.96  		0.2335303087 		-0.3653490368
1.08  		0.8790638908 		+0.2316199883
1.2  		0.1344888011 		+0.0335631584
1.32  		-0.8424774393 		+0.2127189314
1.44  		-0.0703568402 		-0.1009414528
1.56  		-0.3571289637 		-0.3964306168
1.68  		-0.1628338829 		+0.5965488406
1.8  		0.7159075476 		-0.3034864879
1.92  		0.2052104918 		+0.1659279424
2.04  		0.3987863140 		-0.1483276889
2.16  		-0.5433010536 		+0.0944681570
2.28  		0.2859156572 		+0.2506676526
2.4  		0.1411616678 		+0.0084520867
2.52  		0.0014221192 		-0.0080559312
2.64  		0.1784240951 		+0.0867828145
2.76  		-0.0961242119 		-0.0197702676
2.88  		-0.4343765984 		+0.4647247805
3  		-0.2330375942 		-0.2113052889
3.12  		-0.1579681720 		+0.4084711803
3.24  		-0.4634722663 		-0.0315036696
3.36  		0.0259954879 		-0.0812073989
3.48  		-0.0535812789 		-0.0002409917
3.6  		-0.0239237007 		-0.0140734779
3.72  		-0.0408734068 		+0.0073401889
3.84  		0.0353404434 		-0.0200216892
3.96  		0.4362212766 		-0.0155986926
4.08  		0.2812295732 		+0.0195768407
4.2  		0.4489926443 		+0.1453549156
4.32  		0.6148807411 		+0.0161049637
4.44  		0.1497840765 		+0.0969446615
4.56  		0.0656188429 		+0.0018224242
4.68  		0.3811997968 		+0.1165037285
4.8  		-0.3048622534 		+0.1268865700
4.92  		0.2296921902 		-0.1130141657
5.04  		0.4428250076 		-0.0750539710
5.16  		0.0452243456 		+0.0014066517
5.28  		0.0180554816 		-0.0004113906
5.4  		0.0032085891 		+0.0038600994
5.52  		-0.1784674531 		-0.0003239624
5.64  		0.3756016702 		-0.0434956002
5.76  		0.0722048669 		+0.0251838136
5.88  		-0.0521470243 		-0.0254862471
6  		-0.0378210618 		-0.0148299766
6.12  		0.0011027573 		+0.0005627729
6.24  		0.0272343106 		+0.0037586671
6.36  		0.0058129121 		+0.0029937199
6.48  		0.1574730946 		+0.0661663003
6.6  		0.0088242834 		+0.0389859257
6.72  		-0.0107621626 		-0.0171839075
6.84  		-0.1353189373 		-0.1201269116
6.96  		0.0988319943 		+0.0643664715
7.08  		0.0062010088 		-0.0009773791
7.2  		0.0344786243 		+0.0157920989
7.31999  		0.0266670458 		+0.0231158514
7.43999  		-0.0099659740 		+0.0129659924
7.55999  		-0.1679142712 		+0.0415289625
7.67999  		-0.0293517024 		+0.0214239291
7.79999  		0.0371147348 		-0.0111452651
7.91999  		0.0524217800 		+0.0293457346
8.03999  		0.0253451574 		-0.1450564699
8.15999  		-0.0368450948 		+0.0219679950
8.27999  		-0.0412661478 		-0.0494292045
8.39999  		-0.0112865658 		-0.0927983246
8.51999  		0.0019129622 		+0.0417101478
8.63999  		-0.0377312327 		+0.0577203449
8.75999  		-0.0267302203 		-0.0323578381
8.87999  		-0.0000762783 		-0.0081093041
8.99999  		-0.0222393243 		-0.0246236895
9.11999  		0.0179034199 		-0.0051296158
9.23999  		0.0323020024 		+0.0087115087
9.35999  		-0.0001101112 		-0.0006858745
9.47999  		-0.0019670290 		-0.0024285053
9.59999  		0.0155559645 		-0.0193602662
9.71999  		0.0027524591 		-0.0101099200
9.83999  		-0.0280903505 		-0.0164383456
9.95999  		0.0365206141 		-0.0057846387
10.08  		0.0280272438 		+0.0279561162
10.2  		-0.0006064299 		+0.0022582500
10.32  		0.0006049092 		+0.0001049145
10.44  		-0.0003734964 		+0.0009128687
10.56  		0.0202963820 		+0.0003225469
10.68  		0.0980865985 		+0.0137479316
10.8  		-0.0163920525 		+0.0078956054
10.92  		-0.1397290892 		-0.0284806116
11.04  		-0.0187926260 		+0.0100747243
11.16  		-0.0000150020 		+0.0000003269
11.28  		0.0357099436 		+0.0207438732
11.4  		0.0092611689 		-0.0042283962
11.52  		-0.0016549642 		-0.0000866652
11.64  		0.0025419923 		-0.0001302152
11.76  		0.0016916198 		+0.0056797542
11.88  		-0.0114433095 		-0.0143170529
