0  		1.0000000000 		-0.0000000000
0.12  		0.9852270367 		+0.0029958420
0.24  		0.9979145539 		+0.0026320068
0.36  		0.9831374694 		-0.0126812175
0.48  		0.9905001533 		+0.0292441185
0.6  		0.9748507165 		-0.0267128886
0.72  		0.8903767670 		-0.0760773074
0.84  		0.4831755077 		-0.5434742195
0.96  		0.6137469265 		-0.2540244464
1.08  		0.8789328348 		+0.0677959739
1.2  		0.8018993298 		+0.0567238417
1.32  		0.0031164282 		+0.0000863928
1.44  		0.6574635666 		+0.0855399387
1.56  		0.7677138007 		-0.0641242108
1.68  		0.7296792140 		+0.0218752450
1.8  		0.9064728958 		-0.0680176756
1.92  		0.8046388978 		-0.0989179037
2.04  		0.9165244429 		+0.0678496368
2.16  		0.7450567992 		-0.1263721367
2.28  		0.9023523374 		+0.1796886478
2.4  		0.7538037569 		-0.2909428117
2.52  		0.7234071881 		-0.3265730105
2.64  		0.6216405655 		-0.1031939806
2.76  		0.3494230188 		-0.0478440510
2.88  		0.7554297082 		+0.0539320929
3  		0.3256565864 		-0.0056692856
3.12  		0.7319667860 		-0.1583100510
3.24  		-0.0441887134 		+0.0094199985
3.36  		-0.1308801860 		+0.0169239663
3.48  		-0.0925852070 		+0.0042246775
3.6  		0.7648578855 		+0.0384546206
3.72  		0.6235332159 		-0.1788761993
3.84  		0.6368354750 		-0.0523710739
3.96  		0.4969804330 		-0.1110563643
4.08  		0.8329433608 		+0.0308420834
4.2  		0.7900602946 		-0.0563086183
4.32  		-0.1517322695 		+0.4403064734
4.44  		0.4866043659 		+0.1192291531
4.56  		0.1394795375 		-0.0609046006
4.68  		-0.4464565372 		+0.0882994864
4.8  		0.0813472558 		+0.0355120048
4.92  		-0.2171520386 		+0.0141146316
5.04  		-0.6405077879 		+0.0705991227
5.16  		-0.0266332428 		-0.0180032205
5.28  		0.0796848149 		+0.0161885989
5.4  		0.2083322707 		-0.0226383591
5.52  		0.2665459807 		-0.0303600676
5.64  		0.0640624006 		-0.0229446466
5.76  		0.3173074694 		-0.0290861588
5.88  		0.7124561037 		+0.0705638314
6  		0.1888022799 		-0.0456090410
6.12  		0.6171599885 		-0.0045006290
6.24  		0.1942158345 		-0.0184690643
6.36  		-0.0366018443 		+0.0297124411
6.48  		0.3253354515 		+0.0924223675
6.6  		-0.0934513012 		-0.1223616924
6.72  		0.3195146439 		+0.0474732210
6.84  		-0.0893168044 		+0.0362617781
6.96  		-0.0079848821 		-0.0158028686
7.08  		0.6179319358 		-0.1070152042
7.2  		0.1165801196 		+0.0352539715
7.31999  		-0.3704646023 		-0.1769919787
7.43999  		0.1575122279 		+0.0318492459
7.55999  		0.3696796760 		-0.0893838091
7.67999  		0.3496094590 		-0.0367290986
7.79999  		0.0936514461 		-0.0860839894
7.91999  		0.0074794240 		+0.0509842870
8.03999  		0.0609121726 		+0.0074647685
8.15999  		0.4107453574 		-0.0436583501
8.27999  		0.3230051585 		+0.0272922577
8.39999  		0.3224897354 		+0.0814101319
8.51999  		0.3609131948 		-0.0416590924
8.63999  		0.7196641977 		+0.0280608768
8.75999  		0.4021740515 		-0.0524642034
8.87999  		0.1325691441 		-0.0584794133
8.99999  		0.2438181953 		-0.0658164755
9.11999  		0.6993872288 		+0.0998054714
9.23999  		0.0300700576 		-0.0130295601
9.35999  		-0.0102439534 		-0.0071022167
9.47999  		0.4978443919 		+0.1749185974
9.59999  		-0.1412657794 		-0.2164925546
9.71999  		0.3648758597 		-0.1085509344
9.83999  		0.2652902774 		-0.0270992723
9.95999  		0.0013291158 		+0.0239987435
10.08  		-0.1127293126 		-0.0159106518
10.2  		0.1862010515 		+0.0062374203
10.32  		0.2344514586 		+0.0318095685
10.44  		0.1732909917 		-0.0443070018
10.56  		-0.3985096466 		+0.0366180598
10.68  		0.2049044731 		-0.0003274011
10.8  		-0.0064617446 		+0.0051168277
10.92  		0.2251793003 		-0.0125054709
11.04  		0.0027495620 		-0.0080291896
11.16  		0.3057853445 		+0.1708614560
11.28  		0.2255361086 		-0.0388295829
11.4  		0.1078817387 		+0.0007048861
11.52  		0.0088261066 		+0.0713612197
11.64  		-0.0024338061 		-0.0067766386
11.76  		-0.1470112120 		+0.0138476367
11.88  		-0.0128366579 		-0.0066947204
