0  		1.0000000004 		+0.0000000000
0.12  		0.9997758982 		+0.0008783406
0.24  		0.9982200345 		-0.0000686438
0.36  		0.9991367147 		+0.0014404798
0.48  		0.9921619423 		-0.0025666980
0.6  		0.9772580366 		-0.0004963148
0.72  		0.9480093177 		+0.0159676140
0.84  		0.7778259992 		+0.0812843939
0.96  		0.9776254075 		-0.0161495435
1.08  		0.9734544344 		+0.0102510144
1.2  		0.4650570274 		-0.0950964349
1.32  		1.2625955529 		+0.0510105967
1.44  		0.9464497570 		-0.0220097550
1.56  		0.9232361459 		-0.0548779485
1.68  		0.9066024479 		-0.0218878020
1.8  		0.5323522243 		-0.0123143866
1.92  		0.6617078038 		+0.0716399789
2.04  		0.8963148935 		+0.0973470642
2.16  		-0.0367729283 		-0.2866377517
2.28  		0.7343995082 		+0.0277210726
2.4  		0.8681187379 		+0.1253256853
2.52  		0.7292209862 		-0.1010097367
2.64  		0.9128395509 		-0.1335271344
2.76  		0.5436851693 		-0.0759138666
2.88  		0.8544624342 		-0.0191415747
3  		0.7349512685 		+0.0869958213
3.12  		-0.0069081956 		+0.0054232685
3.24  		0.5600568606 		+0.0442554912
3.36  		0.5587356702 		+0.1650490907
3.48  		-0.4625123187 		+0.1847235522
3.6  		0.6961782770 		+0.0380237328
3.72  		0.5527031947 		+0.0501363781
3.84  		0.5401378939 		+0.0669663656
3.96  		0.3031166060 		+0.2024588994
4.08  		0.1513147766 		-0.0042741509
4.2  		0.6039788153 		+0.0391898861
4.32  		0.7469488678 		+0.1984578608
4.44  		0.5114966128 		-0.0288631825
4.56  		0.2940183866 		-0.1318587590
4.68  		0.5537924397 		+0.1771380192
4.8  		0.2053045706 		-0.0897042391
4.92  		0.5755618251 		-0.2044929602
5.04  		-0.0713512686 		+0.0690511674
5.16  		0.2618696134 		-0.0780407592
5.28  		0.5104056813 		-0.2512668175
5.4  		0.0026868619 		+0.0718688608
5.52  		0.2620909164 		+0.1582572206
5.64  		-0.1111441557 		+0.0810049118
5.76  		0.1526959699 		+0.2144219736
5.88  		0.0983967564 		-0.0015236292
6  		0.0477160887 		-0.0247756148
6.12  		-0.0253194890 		-0.1509966688
6.24  		-0.0670705785 		+0.0251848414
6.36  		-0.0107913068 		-0.0203028283
6.48  		0.1085800779 		-0.0853806451
6.6  		-0.0365403325 		-0.0475684455
6.72  		0.0138153791 		+0.0052835016
6.84  		-0.0174974546 		-0.0458833240
6.96  		-0.0056263178 		+0.0046943998
7.08  		0.0189534723 		-0.0295095744
7.2  		0.0142325613 		+0.1863128827
7.31999  		0.1050036990 		+0.1738714559
7.43999  		-0.0118886424 		+0.0220490500
7.55999  		-0.0084871593 		-0.0773503969
7.67999  		0.1325239620 		-0.0066654465
7.79999  		0.0383397031 		-0.0521004384
7.91999  		0.0580720227 		+0.0169005004
8.03999  		0.0003881562 		-0.0001293551
8.15999  		0.3046780592 		+0.1211912497
8.27999  		0.0831835559 		-0.0017629956
8.39999  		-0.0086097590 		-0.0204675358
8.51999  		-0.0100153728 		-0.0005939938
8.63999  		-0.0626209613 		-0.0129800011
8.75999  		0.0806946055 		-0.0035188907
8.87999  		0.0675415250 		-0.0043350281
8.99999  		0.0468794675 		+0.0148201135
9.11999  		0.0141010183 		+0.0320076003
9.23999  		0.0021957926 		+0.0061310422
9.35999  		-0.0034113384 		-0.0033420589
9.47999  		0.0078110732 		+0.0021629811
9.59999  		0.0055437758 		-0.0001469409
9.71999  		0.0081456013 		+0.0110654519
9.83999  		0.0030698197 		+0.0000727050
9.95999  		0.0050625755 		+0.0009756665
10.08  		0.0095488691 		-0.0505763552
10.2  		0.0298528275 		-0.0122135447
10.32  		-0.0014097614 		-0.0033057368
10.44  		0.0000320435 		-0.0000205153
10.56  		-0.0040669687 		+0.0102864472
10.68  		0.0405434160 		+0.0189030712
10.8  		0.0188286991 		+0.0011308618
10.92  		-0.1208623614 		+0.0133524072
11.04  		0.0730101988 		+0.0543515278
11.16  		0.0332386156 		-0.0002805726
11.28  		-0.0010641239 		+0.0370388549
11.4  		0.0020550176 		+0.0018050086
11.52  		-0.0015765084 		+0.0004497455
11.64  		-0.0039776371 		-0.0001660233
11.76  		-0.0390411767 		+0.0488957508
11.88  		-0.0626587664 		+0.0327895026
