0  		1.0000000000 		-0.0000000000
0.12  		0.9999890812 		-0.0000159678
0.24  		0.9998554131 		+0.0010573983
0.36  		0.9988885170 		+0.0006627340
0.48  		0.9987996416 		+0.0024407286
0.6  		0.9643302550 		+0.0044968993
0.72  		0.6632184135 		-0.0315347534
0.84  		0.9476901056 		+0.0034807932
0.96  		0.4296875818 		+0.0038230105
1.08  		0.8339262850 		+0.0305672987
1.2  		0.9265695409 		+0.0275757223
1.32  		0.9283963004 		-0.0586225105
1.44  		0.9755429370 		-0.0557640492
1.56  		0.9185537532 		-0.0949240873
1.68  		0.8879488695 		-0.1325599794
1.8  		0.7225493510 		-0.4093226669
1.92  		0.7431146383 		+0.1186312300
2.04  		-0.3080865562 		+0.0453720920
2.16  		0.8369316844 		-0.1934313358
2.28  		0.5379152058 		-0.0278493856
2.4  		0.8738012789 		-0.1444619461
2.52  		0.9016511054 		-0.1013813626
2.64  		-0.1645014970 		+0.0082675460
2.76  		0.9198153341 		-0.0540992411
2.88  		0.4190001783 		+0.0429984022
3  		-0.5418648766 		+0.0759661265
3.12  		0.8697371024 		-0.0705169535
3.24  		0.5557503559 		-0.1199234086
3.36  		0.0026544634 		-0.0102268326
3.48  		0.0026666555 		+0.0668002155
3.6  		0.3824547292 		-0.0255210850
3.72  		0.1246951523 		-0.0031293174
3.84  		0.5360538622 		-0.0431594237
3.96  		0.7772994422 		+0.1185699482
4.08  		0.5141886373 		+0.0099848026
4.2  		0.4408886192 		+0.0169586409
4.32  		0.7028771095 		-0.0648576178
4.44  		0.6425518210 		-0.2362162527
4.56  		0.0521995205 		+0.0046172332
4.68  		0.0107994437 		-0.0045030556
4.8  		0.5124085015 		-0.0890895205
4.92  		0.2644526501 		-0.2049020404
5.04  		0.3360803699 		+0.0488542847
5.16  		0.4589036075 		-0.0863738505
5.28  		0.2904462724 		+0.1658169727
5.4  		-0.2280677670 		+0.1397319629
5.52  		0.1474182772 		+0.0249029238
5.64  		0.4415491559 		+0.2890652134
5.76  		-0.1663613394 		-0.2809797085
5.88  		0.0167821570 		+0.0014932924
6  		-0.0085542176 		+0.5829833432
6.12  		0.2853507333 		+0.2626996854
6.24  		-0.0483714032 		+0.0395675015
6.36  		0.7402944124 		-0.1476914920
6.48  		0.3687234884 		+0.1150300294
6.6  		0.7326420299 		+0.0790092222
6.72  		-0.0335555136 		+0.0752128508
6.84  		0.4752709695 		+0.0029429009
6.96  		0.5810979388 		-0.1308802629
7.08  		0.6196442735 		+0.1132746688
7.2  		0.6482894350 		+0.0876911953
7.31999  		0.4776402251 		+0.0176769966
7.43999  		0.5689217942 		+0.1787778177
7.55999  		-0.0062009783 		-0.0062512773
7.67999  		-0.0169247655 		-0.0095798470
7.79999  		0.5111169070 		+0.0801892829
7.91999  		0.3898972758 		-0.1855123008
8.03999  		0.5901145681 		+0.1929126341
8.15999  		0.1412992014 		+0.0213683755
8.27999  		0.2417126342 		-0.1053305470
8.39999  		0.1531964066 		-0.0003690432
8.51999  		-0.0002090888 		+0.0018510302
8.63999  		-0.1018198525 		-0.0027774340
8.75999  		-0.1171161148 		-0.0280825455
8.87999  		-0.4035692961 		+0.0694899893
8.99999  		-0.0255228233 		+0.0435625151
9.11999  		0.4245159342 		+0.0804312041
9.23999  		0.2199112749 		-0.2255789337
9.35999  		0.3227486129 		+0.0694147898
9.47999  		0.7946392265 		+0.1201638480
9.59999  		0.4089741551 		-0.0592627953
9.71999  		0.2503863875 		+0.0662456041
9.83999  		0.2119537690 		-0.0252913847
9.95999  		0.0730051077 		-0.0132427428
10.08  		0.1276222421 		+0.0757248720
10.2  		-0.2526508069 		-0.0129793007
10.32  		0.1543338246 		-0.0022199930
10.44  		-0.1055167387 		+0.0548151949
10.56  		0.6602190368 		+0.1557408393
10.68  		0.5306723833 		+0.0030479313
10.8  		0.1653373186 		-0.0147616149
10.92  		0.4524905799 		+0.0497872488
11.04  		0.4425229454 		+0.0017153724
11.16  		0.3644142342 		-0.2313193413
11.28  		0.2958740813 		-0.0689613692
11.4  		0.6508524872 		+0.0279849228
11.52  		0.6730698250 		-0.1727482169
11.64  		0.6345664900 		+0.0951249399
11.76  		0.5939235029 		-0.0217000350
11.88  		0.4989133689 		-0.0882293786
