0  		1.0000000004 		-0.0000000000
0.12  		0.9998511098 		-0.0003944039
0.24  		0.9992807752 		-0.0216750805
0.36  		0.9992500627 		-0.0060670798
0.48  		0.9749914316 		-0.0092412976
0.6  		0.9832090172 		+0.0220347853
0.72  		0.9839527785 		+0.0187548585
0.84  		0.8816713674 		-0.0073126884
0.96  		0.7570743216 		-0.0194874176
1.08  		0.6530017880 		-0.0570593852
1.2  		0.7548334506 		+0.0543189614
1.32  		0.2391457490 		-0.0098277097
1.44  		0.7901206659 		-0.0691724660
1.56  		0.1348912605 		-0.0078237612
1.68  		0.8362784239 		-0.0762940106
1.8  		0.5677125313 		-0.0481312787
1.92  		0.6903290979 		+0.0602350738
2.04  		-0.1349068961 		+0.0907127866
2.16  		0.6122281359 		-0.0372245898
2.28  		0.7753268099 		-0.0515846569
2.4  		0.7321262829 		+0.0267171995
2.52  		0.2776696307 		+0.0724833465
2.64  		0.4794962400 		-0.0746317042
2.76  		-0.4218133673 		-0.1847908818
2.88  		0.3449318868 		+0.1347801309
3  		0.4726384551 		-0.1376480300
3.12  		0.3592548133 		+0.3508746138
3.24  		0.5750048157 		+0.2103287362
3.36  		0.1188990787 		-0.0161062584
3.48  		0.2889754916 		-0.0090186185
3.6  		-0.0131163536 		-0.0006467102
3.72  		0.0005313335 		+0.0146931046
3.84  		0.0773190695 		+0.0627263024
3.96  		-0.0865134309 		+0.0299384280
4.08  		-0.0113011353 		+0.0036889130
4.2  		0.4081911565 		+0.1404060770
4.32  		0.4543054607 		-0.0475373970
4.44  		0.6488385650 		-0.0583557634
4.56  		0.0106111914 		-0.0351144062
4.68  		0.2995177224 		-0.2120248151
4.8  		0.5975352749 		+0.0217690874
4.92  		0.3657885435 		-0.1012660216
5.04  		0.0334207162 		+0.0794749505
5.16  		-0.0012520295 		+0.0005932136
5.28  		-0.0330238171 		+0.0023260478
5.4  		0.0018607445 		+0.0050847363
5.52  		0.0166799688 		+0.0291857976
5.64  		0.0001308578 		+0.0003552462
5.76  		0.0008337929 		-0.0003120042
5.88  		0.0367278191 		-0.0034037074
6  		0.0107353493 		+0.0092922359
6.12  		0.0736584347 		-0.0073452061
6.24  		0.0960894184 		+0.0486301640
6.36  		0.2031403203 		-0.0364936796
6.48  		0.0001029766 		+0.0010619197
6.6  		-0.0009191750 		-0.0021817263
6.72  		0.3037535390 		-0.2422404406
6.84  		0.0128129188 		-0.0000072712
6.96  		0.0922197173 		+0.0773915584
7.08  		0.0549313794 		-0.0398721974
7.2  		0.0006112999 		+0.0055295856
7.31999  		-0.0192814764 		-0.0306577942
7.43999  		-0.0837490264 		-0.0021846673
7.55999  		-0.0108560931 		-0.0673010869
7.67999  		0.0206519843 		+0.0006058454
7.79999  		-0.0123556989 		+0.0007230578
7.91999  		0.0495759584 		+0.0585503002
8.03999  		0.0092615686 		+0.1121673540
8.15999  		-0.0182693182 		-0.0069713044
8.27999  		0.0006712207 		-0.0266374214
8.39999  		0.0595532655 		-0.0142024244
8.51999  		-0.0096834915 		+0.0003764519
8.63999  		-0.0513315004 		-0.0557636910
8.75999  		0.0302496483 		+0.0328382857
8.87999  		0.0206842470 		-0.0141929661
8.99999  		-0.0158720582 		-0.0039360921
9.11999  		-0.0015592225 		+0.0007846882
9.23999  		-0.0026620929 		+0.0536711573
9.35999  		-0.0098038932 		+0.0064051847
9.47999  		-0.0020736853 		-0.0031976271
9.59999  		0.0052143179 		-0.0028479758
9.71999  		-0.0101259943 		-0.0253276144
9.83999  		0.2541750203 		-0.0572110745
9.95999  		0.1607415204 		-0.0247649480
10.08  		0.0731442016 		-0.0051929989
10.2  		0.4566601895 		+0.0094419024
10.32  		0.1116609503 		+0.0553097811
10.44  		0.1504482527 		-0.0773114106
10.56  		0.0505543836 		-0.0479213193
10.68  		-0.1107037423 		-0.0309678181
10.8  		0.0175624641 		+0.0049040550
10.92  		0.0186689517 		-0.0109701803
11.04  		0.0001372867 		+0.0001928456
11.16  		0.0012311738 		-0.0007039542
11.28  		0.1383739124 		+0.0815812935
11.4  		-0.0780598571 		-0.0024398502
11.52  		0.0028558598 		+0.0007814386
11.64  		0.1245626076 		-0.0731511337
11.76  		0.0487302462 		+0.0179428605
11.88  		0.0392815006 		-0.0137279294
