0  		1.0000000000 		+0.0000000000
0.12  		0.9999875711 		+0.0017940842
0.24  		0.9998644929 		+0.0053261326
0.36  		0.9991480673 		-0.0015564942
0.48  		0.9957104858 		-0.0197920539
0.6  		0.9906727981 		-0.0225561089
0.72  		0.9850575929 		+0.0388165433
0.84  		0.9720135904 		+0.1026649678
0.96  		0.9178103062 		+0.0724663920
1.08  		0.8159538663 		+0.0982101742
1.2  		0.2297132231 		-0.0701453193
1.32  		0.3764660873 		-0.2436207001
1.44  		0.3068221668 		+0.5062839171
1.56  		-0.0532729133 		+0.2449160414
1.68  		0.1400840978 		-0.5216036850
1.8  		0.0476998149 		+0.0772534042
1.92  		-0.0019103408 		-0.0065082090
2.04  		-0.4208686825 		+0.5911861061
2.16  		-0.0210443351 		-0.0790092141
2.28  		0.2504916092 		+0.0419239014
2.4  		0.2309651359 		+0.3279749192
2.52  		0.3663118254 		-0.0364380768
2.64  		0.7653819020 		-0.1917241386
2.76  		0.7140996873 		-0.3017443765
2.88  		0.3319632151 		-0.1712913546
3  		0.1236962845 		-0.0557742978
3.12  		-0.0778455582 		-0.0282069592
3.24  		0.1896692218 		+0.0474737652
3.36  		0.0318370423 		+0.1183015650
3.48  		-0.0107202460 		-0.0400551079
3.6  		-0.0680342307 		-0.0604266938
3.72  		0.3506123831 		+0.3088671552
3.84  		0.1237261623 		-0.2475610281
3.96  		0.0073096528 		+0.1239248331
4.08  		0.0944378780 		+0.0512700159
4.2  		0.0107800235 		-0.0066230239
4.32  		0.2224727262 		-0.3316787467
4.44  		0.2991326758 		-0.1177467634
4.56  		0.1317000123 		-0.1370910834
4.68  		-0.1093917958 		-0.1353036841
4.8  		-0.1301268123 		-0.0539831621
4.92  		-0.2507591138 		-0.0435080271
5.04  		0.0781822621 		+0.0055027687
5.16  		-0.0515077560 		-0.0842529969
5.28  		0.0048249564 		-0.0248143047
5.4  		0.1512840969 		+0.1376098674
5.52  		0.0232970945 		+0.0011353453
5.64  		-0.0364194503 		-0.0360653980
5.76  		0.0130237008 		-0.0041164942
5.88  		-0.0011126051 		-0.0014589519
6  		-0.0040312987 		+0.0073769727
6.12  		-0.0467507745 		-0.0340322737
6.24  		-0.0444471367 		-0.0980746311
6.36  		-0.0623466783 		-0.0026808977
6.48  		-0.0020818279 		+0.0001196052
6.6  		-0.0032426821 		+0.0012508184
6.72  		0.0105288485 		+0.0088357155
6.84  		-0.2134411222 		-0.0219562051
6.96  		-0.0123964740 		+0.0992492650
7.08  		-0.0199855565 		-0.0051027373
7.2  		0.0096068650 		-0.0224537930
7.31999  		-0.0082017701 		+0.0634151726
7.43999  		0.0967778143 		+0.0713090184
7.55999  		-0.0421913528 		+0.0333853939
7.67999  		0.1077362416 		-0.0992423085
7.79999  		-0.0007490742 		+0.0761048597
7.91999  		0.0173731095 		-0.0047835370
8.03999  		0.0143532021 		+0.0106303887
8.15999  		-0.0944973330 		-0.0640538877
8.27999  		0.0266150808 		-0.0175369282
8.39999  		-0.0015602400 		-0.0002471416
8.51999  		0.0000997442 		-0.0006543052
8.63999  		-0.0381831066 		+0.0326294287
8.75999  		0.0174981762 		+0.0008109416
8.87999  		-0.0114518684 		-0.0082064649
8.99999  		-0.0015747207 		+0.0008235832
9.11999  		0.0530910905 		+0.0974866868
9.23999  		-0.0064016245 		-0.0075202099
9.35999  		-0.0012610820 		-0.0008074486
9.47999  		0.0000216760 		-0.0000175917
9.59999  		-0.0227687808 		+0.0165398539
9.71999  		0.0085087458 		+0.0152025070
9.83999  		0.1260157190 		-0.0241353786
9.95999  		0.0198991740 		-0.0216058829
10.08  		0.0005913544 		+0.0010770730
10.2  		0.0018587550 		+0.0216771913
10.32  		-0.0039074715 		-0.0071818058
10.44  		-0.0146119760 		+0.0098207872
10.56  		-0.0001521904 		+0.0003406054
10.68  		-0.0017312958 		+0.0023567331
10.8  		0.0642589835 		+0.0000137597
10.92  		0.0442526389 		-0.0065251166
11.04  		-0.0187076189 		+0.0258774036
11.16  		0.0018600951 		+0.0031107610
11.28  		0.0045996810 		+0.0020453277
11.4  		0.0005693301 		-0.0001446704
11.52  		-0.0052752211 		-0.0058151665
11.64  		-0.0534930604 		+0.0201229325
11.76  		0.0224666842 		+0.1675416962
11.88  		-0.0510667867 		+0.0030021002
