2103.00000	   0.00000	   0.00000	   0.00000	
   1.26105	   5.09648	 329.48797	        P1	
   1.26105	  61.88568	 343.38825	        P1	
   0.00000	 126.68360	 512.76569	        P1	
   0.00000	 135.42040	 302.71709	        P1	
   0.00000	 221.33229	 199.75207	        P1	
   0.00000	 308.70029	 539.53657	        P1	
   0.00000	 454.31361	  69.50137	        P1	
   1.26105	 466.69073	  65.89762	        P1	
   1.26105	 510.37473	 541.59591	        P1	
   1.26105	 551.14649	  45.30458	        P1	
   0.00000	 580.99721	 495.77646	        P1	
   3.78315	  63.34180	 440.17536	        P1	
   3.78315	 321.07741	 131.28037	        P1	
   3.78315	 388.05953	 288.30201	        P1	
   2.52210	 416.45413	 469.00558	        P1	
   3.78315	 503.09409	 508.64707	        P1	
   3.78315	 578.81301	 483.42066	        P1	
   3.78315	 586.09369	 170.40705	        P1	
   2.52210	 589.73401	 123.55800	        P1	
   6.30525	  35.67528	 360.37747	        P1	
   5.04420	  99.01708	 428.33437	        P1	
   5.04420	 310.15641	 333.60659	        P1	
   5.04420	 387.33149	 471.57967	        P1	
   5.04420	 470.33109	 317.13217	        P1	
   5.04420	 473.24333	 252.77909	        P1	
   6.30525	 555.51489	  46.84905	        P1	
   5.04420	 557.69909	 280.06477	        P1	
   6.30525	 571.53233	 339.26969	        P1	
   8.82735	 168.18340	 475.69829	        P1	
   8.82735	 423.00673	 350.08101	        P1	
   8.82735	 425.91901	 172.98120	        P1	
   7.56630	 439.75229	 473.12414	        P1	
   8.82735	 482.70821	 580.72258	        P1	
  11.34945	 176.92020	 259.47179	        P1	
  11.34945	 329.81421	 580.72258	        P1	
  10.08840	 366.94561	 166.80330	        P1	
  10.08840	 423.73481	  80.31270	        P1	
  11.34945	 436.11193	 245.05671	        P1	
  10.08840	 471.78721	 384.57426	        P1	
  10.08840	 553.33069	 528.72524	        P1	
  12.61050	  42.22788	  51.48248	        P1	
  12.61050	  46.59628	 324.85455	        P1	
  12.61050	  82.99960	 205.41517	        P1	
  12.61050	 148.52560	 420.09719	        P1	
  12.61050	 248.99881	 285.72787	        P1	
  13.87155	 262.83209	 232.18605	        P1	
  13.87155	 280.30569	 255.35317	        P1	
  13.87155	 401.16473	 203.35589	        P1	
  13.87155	 552.60261	 137.45827	        P1	
  13.87155	 605.02341	 316.61737	        P1	
  16.39365	 115.76260	 551.37756	        P1	
  16.39365	 123.04328	 267.70897	        P1	
  16.39365	 219.14809	  71.56065	        P1	
  16.39365	 344.37553	 462.82768	        P1	
  15.13260	 348.01589	 477.75757	        P1	
  16.39365	 348.74393	 536.96248	        P1	
  16.39365	 363.30529	 139.51755	        P1	
  15.13260	 372.77013	 178.64429	        P1	
  16.39365	 469.60301	 203.87069	        P1	
  15.13260	 516.92733	 127.67662	        P1	
  15.13260	 518.38349	 156.50678	        P1	
  17.65470	  23.29812	  84.43132	        P1	
  17.65470	  59.70148	 304.77637	        P1	
  18.91575	 238.07781	 211.59307	        P1	
  17.65470	 244.63041	 148.26960	        P1	
  18.91575	 361.84913	 345.44759	        P1	
  17.65470	 396.06829	 588.95976	        P1	
  18.91575	 469.60301	  94.21297	        P1	
  17.65470	 551.87453	 319.19151	        P1	
  21.43785	  28.39460	 495.77646	        P1	
  20.17680	  43.68400	 605.43418	        P1	
  20.17680	  50.96468	 349.56614	        P1	
  21.43785	  53.14888	 224.46367	        P1	
  20.17680	 147.06948	 281.60925	        P1	
  21.43785	 165.27112	  11.84100	        P1	
  20.17680	 311.61253	 302.20229	        P1	
  21.43785	 380.77889	 156.50678	        P1	
  20.17680	 390.24373	 487.53928	        P1	
  21.43785	 424.46289	   8.23718	        P1	
  20.17680	 452.85749	 436.05674	        P1	
  20.17680	 480.52401	 617.78998	        P1	
  22.69890	  14.56132	  59.71972	        P1	
  23.95995	  53.14888	 193.57417	        P1	
  22.69890	 198.03412	 133.85452	        P1	
  22.69890	 230.06909	 576.60396	        P1	
  22.69890	 232.98132	 553.95171	        P1	
  23.95995	 243.90232	 461.28321	        P1	
  23.95995	 281.76181	  94.21297	        P1	
  22.69890	 502.36601	 545.19966	        P1	
  22.69890	 516.92733	   5.66310	        P1	
  22.69890	 617.40053	 214.16722	        P1	
  25.22100	  62.61372	 363.98129	        P1	
  25.22100	 147.06948	 170.40705	        P1	
  25.22100	 155.80628	 361.92194	        P1	
  26.48205	 168.18340	 401.56349	        P1	
  25.22100	 177.64829	 547.25894	        P1	
  25.22100	 195.12189	  22.13745	        P1	
  25.22100	 243.17429	 355.74404	        P1	
  25.22100	 324.71773	  53.54182	        P1	
  25.22100	 480.52401	 254.83837	        P1	
  25.22100	 490.71693	  16.47442	        P1	
  26.48205	 513.28701	 236.30467	        P1	
  25.22100	 512.55893	 475.18348	        P1	
  27.74310	  59.70148	 133.33965	        P1	
  29.00415	 342.91941	 545.19966	        P1	
  29.00415	 380.77889	 287.78715	        P1	
  29.00415	 385.14729	 168.86258	        P1	
  29.00415	 503.09409	 250.71975	        P1	
  27.74310	 595.55853	 302.20229	        P1	
  30.26520	  14.56132	 184.82219	        P1	
  31.52625	 121.58712	 251.23461	        P1	
  30.26520	 131.05200	 230.12677	        P1	
  30.26520	 157.26240	 531.29939	        P1	
  31.52625	 171.09569	  90.09435	        P1	
  31.52625	 194.39380	 606.97866	        P1	
  31.52625	 318.16513	 141.57689	        P1	
  31.52625	 610.84793	 536.96248	        P1	
  30.26520	 611.57601	 160.62540	        P1	
  34.04835	  13.83328	 454.59044	        P1	
  32.78730	  17.47360	  50.96767	        P1	
  32.78730	  45.14012	 512.25088	        P1	
  34.04835	  95.37672	 487.53928	        P1	
  32.78730	 126.68360	 118.92457	        P1	
  34.04835	 235.16552	 238.87881	        P1	
  32.78730	 244.63041	 199.23727	        P1	
  34.04835	 246.81461	 495.77646	        P1	
  32.78730	 426.64709	 324.85455	        P1	
  34.04835	 463.77849	 318.67665	        P1	
  32.78730	 599.92693	  47.36392	        P1	
  35.30940	 133.96428	 312.49875	        P1	
  35.30940	 144.15720	 197.69279	        P1	
  36.57045	 160.90272	 388.69289	        P1	
  35.30940	 165.99920	  43.24530	        P1	
  36.57045	 174.00792	 543.14038	        P1	
  36.57045	 175.46409	 516.36944	        P1	
  36.57045	 207.49900	 247.11599	        P1	
  36.57045	 236.62169	 415.97857	        P1	
  35.30940	 244.63041	  63.32347	        P1	
  35.30940	 262.10401	 129.73590	        P1	
  36.57045	 340.00713	  59.71972	        P1	
  36.57045	 494.35729	 403.62277	        P1	
  35.30940	 509.64669	 212.10787	        P1	
  37.83150	 167.45532	 121.49872	        P1	
  37.83150	 425.19093	 413.40448	        P1	
  37.83150	 426.64709	 465.40177	        P1	
  39.09255	 489.98889	 415.97857	        P1	
  37.83150	 563.52361	  38.61187	        P1	
  40.35360	  23.29812	 363.98129	        P1	
  41.61465	 156.53432	 294.47991	        P1	
  40.35360	 177.64829	 341.84377	        P1	
  40.35360	 283.94601	 421.64166	        P1	
  40.35360	 289.77053	  90.60922	        P1	
  41.61465	 354.56849	 436.05674	        P1	
  41.61465	 555.51489	 139.51755	        P1	
  41.61465	 607.93569	  71.56065	        P1	
  41.61465	 612.30409	 150.32888	        P1	
  44.13675	  61.88568	 329.48797	        P1	
  42.87570	 215.50772	  11.84100	        P1	
  42.87570	 247.54269	 219.83025	        P1	
  42.87570	 292.68281	 217.77097	        P1	
  44.13675	 313.79673	  79.79789	        P1	
  42.87570	 352.38429	 553.43684	        P1	
  44.13675	 404.07701	 613.15656	        P1	
  42.87570	 417.91029	 244.54185	        P1	
  44.13675	 459.41009	  28.31535	        P1	
  42.87570	 458.68201	 532.84386	        P1	
  42.87570	 502.36601	 537.47729	        P1	
  42.87570	 508.19053	 258.95699	        P1	
  46.65885	  70.62248	 385.08907	        P1	
  46.65885	  99.74512	 252.77909	        P1	
  46.65885	 114.30648	   8.23718	        P1	
  46.65885	 115.76260	 543.65519	        P1	
  46.65885	 386.60341	 364.49609	        P1	
  45.39780	 401.89281	 611.61208	        P1	
  45.39780	 468.87493	 215.71169	        P1	
  47.91990	  69.89440	 174.52567	        P1	
  47.91990	  94.64868	 182.76285	        P1	
  47.91990	 198.03412	 302.20229	        P1	
  47.91990	 214.05160	 568.36679	        P1	
  47.91990	 262.10401	 611.61208	        P1	
  49.18095	 278.84952	 115.32082	        P1	
  49.18095	 364.76141	  24.71160	        P1	
  47.91990	 374.22629	 428.33437	        P1	
  49.18095	 441.93649	 113.26148	        P1	
  49.18095	 504.55021	 364.49609	        P1	
  47.91990	 514.01509	 125.61728	        P1	
  47.91990	 576.62881	 481.87619	        P1	
  47.91990	 611.57601	  32.43397	        P1	
  50.44200	   0.00000	 341.32897	        P1	
  50.44200	  80.08732	 300.65781	        P1	
  51.70305	 134.69232	 166.28849	        P1	
  51.70305	 174.00792	 115.32082	        P1	
  50.44200	 170.36760	 154.44750	        P1	
  51.70305	 188.56929	 355.74404	        P1	
  51.70305	 274.48112	 209.53379	        P1	
  50.44200	 301.41961	 576.08916	        P1	
  50.44200	 375.68241	 290.36129	        P1	
  51.70305	 545.32193	 431.93818	        P1	
  51.70305	 545.32193	 560.12961	        P1	
  51.70305	 610.84793	 549.31828	        P1	
  52.96410	  88.82412	  16.47442	        P1	
  54.22515	 104.11352	 320.73599	        P1	
  52.96410	 164.54309	 329.48797	        P1	
  54.22515	 195.84992	  41.18602	        P1	
  52.96410	 230.06909	 242.99737	        P1	
  52.96410	 448.48909	 602.86004	        P1	
  52.96410	 460.13813	 326.91389	        P1	
  52.96410	 490.71693	 574.02988	        P1	
  52.96410	 519.83961	 254.83837	        P1	
  54.22515	 589.00593	 203.35589	        P1	
  55.48620	 115.03452	 368.61471	        P1	
  55.48620	 135.42040	 611.61208	        P1	
  56.74725	 211.86740	 613.15656	        P1	
  55.48620	 218.42000	 613.15656	        P1	
  56.74725	 249.72689	 405.16724	        P1	
  55.48620	 288.31441	 328.97317	        P1	
  56.74725	 341.46329	 162.68468	        P1	
  58.00830	  59.70148	  45.30458	        P1	
  58.00830	 202.40252	 246.60119	        P1	
  58.00830	 231.52521	 514.31016	        P1	
  58.00830	 250.45492	 572.48541	        P1	
  58.00830	 269.38469	 300.14295	        P1	
  59.26935	 281.76181	 316.61737	        P1	
  58.00830	 331.99841	 359.86267	        P1	
  58.00830	 429.55933	 591.01911	        P1	
  59.26935	 590.46209	 436.05674	        P1	
  58.00830	 602.83921	 390.75216	        P1	
  59.26935	 607.93569	 156.50678	        P1	
  60.53040	  65.52600	 366.04057	        P1	
  60.53040	 198.03412	 238.87881	        P1	
  61.79145	 318.16513	 399.50421	        P1	
  61.79145	 354.56849	 403.62277	        P1	
  61.79145	 380.77889	 102.45015	        P1	
  61.79145	 507.46249	 348.02167	        P1	
  60.53040	 588.27789	 219.83025	        P1	
  63.05250	  26.21040	  20.07817	        P1	
  63.05250	 337.82293	  84.43132	        P1	
  64.31355	 424.46289	 502.46917	        P1	
  63.05250	 502.36601	 438.63089	        P1	
  63.05250	 589.73401	 606.97866	        P1	
  63.05250	 611.57601	 551.37756	        P1	
  65.57460	  61.15760	 291.90577	        P1	
  66.83565	 175.46409	 263.07555	        P1	
  65.57460	 177.64829	 516.36944	        P1	
  65.57460	 206.77092	 617.27518	        P1	
  66.83565	 254.09529	 205.92997	        P1	
  66.83565	 284.67409	 453.04597	        P1	
  65.57460	 358.20881	 222.40439	        P1	
  66.83565	 529.30449	 596.68214	        P1	
  66.83565	 559.88329	 100.90568	        P1	
  65.57460	 602.83921	 185.33700	        P1	
  68.09670	 107.75388	 300.14295	        P1	
  68.09670	 139.78880	 308.89499	        P1	
  68.09670	 167.45532	 603.37491	        P1	
  69.35775	 398.25249	 491.65784	        P1	
  69.35775	 434.65581	 396.93006	        P1	
  69.35775	 481.25209	 224.46367	        P1	
  69.35775	 519.11153	 448.92741	        P1	
  69.35775	 587.54981	 383.02979	        P1	
  70.61880	  10.19292	 407.22658	        P1	
  71.87985	 121.58712	 339.26969	        P1	
  70.61880	 154.35012	 407.22658	        P1	
  70.61880	 206.77092	 326.91389	        P1	
  70.61880	 238.80589	 230.64157	        P1	
  71.87985	 325.44581	 494.23199	        P1	
  70.61880	 398.98053	 516.88431	        P1	
  70.61880	 447.03293	 240.42329	        P1	
  71.87985	 591.91821	 481.87619	        P1	
  71.87985	 618.12861	 495.77646	        P1	
  74.40195	 147.79752	 263.59041	        P1	
  73.14090	 165.99920	 508.13226	        P1	
  74.40195	 187.11312	 215.71169	        P1	
  73.14090	 212.59549	  94.72778	        P1	
  73.14090	 502.36601	 174.52567	        P1	
  73.14090	 548.96229	 576.60396	        P1	
  73.14090	 611.57601	  49.42320	        P1	
  75.66300	  46.59628	 551.89236	        P1	
  75.66300	 323.26161	 568.36679	        P1	
  75.66300	 471.78721	 310.43947	        P1	
  75.66300	 483.43629	 256.89765	        P1	
  79.44615	  21.11392	  30.37469	        P1	
  79.44615	 130.32392	  59.71972	        P1	
  78.18510	 131.05200	   7.72237	        P1	
  79.44615	 273.02501	 304.26157	        P1	
  79.44615	 309.42833	 374.79261	        P1	
  79.44615	 360.39301	   1.54447	        P1	
  79.44615	 414.26993	 104.50949	        P1	
  79.44615	 415.72609	 213.65235	        P1	
  79.44615	 453.58553	 357.80339	        P1	
  78.18510	 601.38309	 244.54185	        P1	
  80.70720	 112.12228	  63.83828	        P1	
  80.70720	 234.43749	 238.36395	        P1	
  80.70720	 240.26201	 464.88696	        P1	
  81.96825	 297.77929	 201.29655	        P1	
  80.70720	 381.50693	 567.85198	        P1	
  80.70720	 493.62921	 259.47179	        P1	
  81.96825	 559.88329	 514.82497	        P1	
  84.49035	   8.00872	 541.59591	        P1	
  83.22930	  77.17508	  82.37198	        P1	
  83.22930	 104.84160	 444.80879	        P1	
  84.49035	 198.76220	 210.04859	        P1	
  83.22930	 310.15641	 401.56349	        P1	
  85.75140	 160.17469	 578.14844	        P1	
  87.01245	 195.84992	 380.97051	        P1	
  85.75140	 241.71812	 456.64978	        P1	
  85.75140	 272.29692	 214.16722	        P1	
  85.75140	 333.45453	 110.68739	        P1	
  87.01245	 504.55021	 106.56877	        P1	
  85.75140	 503.82213	 177.09982	        P1	
  89.53455	 165.27112	 141.57689	        P1	
  88.27350	 202.40252	 147.75479	        P1	
  88.27350	 279.57761	 290.36129	        P1	
  89.53455	 356.02461	 247.11599	        P1	
  89.53455	 411.35769	 372.73327	        P1	
  89.53455	 424.46289	  65.38275	        P1	
  88.27350	 514.01509	  94.72778	        P1	
  89.53455	 562.79553	 127.67662	        P1	
  88.27350	 573.71653	 523.06221	        P1	
  89.53455	 600.65501	 556.01099	        P1	
  90.79560	  96.10480	 549.83309	        P1	
  90.79560	 151.43788	 422.15647	        P1	
  92.05665	 230.79712	 524.60668	        P1	
  90.79560	 254.82332	  72.07552	        P1	
  92.05665	 334.18261	  81.85717	        P1	
  90.79560	 377.13853	 271.31279	        P1	
  90.79560	 416.45413	 356.25891	        P1	
  94.57875	  53.14888	 150.32888	        P1	
  94.57875	 184.20089	 269.25345	        P1	
  93.31770	 305.78801	   6.17790	        P1	
  94.57875	 321.07741	 230.12677	        P1	
  93.31770	 336.36681	 438.63089	        P1	
  93.31770	 618.85670	 471.57967	        P1	
  95.83980	  21.84200	 199.23727	        P1	
  97.10085	  50.23660	  13.90027	        P1	
  95.83980	  96.10480	 452.53116	        P1	
  97.10085	 143.42912	 473.63901	        P1	
  97.10085	 150.70980	  88.03507	        P1	
  95.83980	 182.01669	 448.41254	        P1	
  97.10085	 185.65700	 600.80076	        P1	
  95.83980	 224.24452	 177.09982	        P1	
  97.10085	 348.74393	 543.14038	        P1	
  95.83980	 502.36601	 162.16987	        P1	
  95.83980	 502.36601	 240.93809	        P1	
  97.10085	 514.74313	 549.31828	        P1	
  97.10085	 591.91821	 501.95436	        P1	
  99.62295	  63.34180	 415.46376	        P1	
  98.36190	  77.17508	 429.87884	        P1	
  99.62295	 147.79752	 450.47188	        P1	
  99.62295	 589.00593	 394.87079	        P1	
  99.62295	 618.12861	 568.36679	        P1	
 102.14505	  32.76300	 384.57426	        P1	
 100.88400	  46.59628	   3.60375	        P1	
 100.88400	  68.43828	 595.13766	        P1	
 100.88400	 221.33229	  59.20485	        P1	
 102.14505	 363.30529	  77.73855	        P1	
 100.88400	 559.15521	  74.13480	        P1	
 100.88400	 589.73401	 475.69829	        P1	
 104.66715	 296.32313	 109.14292	        P1	
 104.66715	 363.30529	 335.66587	        P1	
 103.40610	 468.87493	 195.63352	        P1	
 103.40610	 471.78721	 421.64166	        P1	
 104.66715	 506.00633	 160.11059	        P1	
 103.40610	 534.40093	 135.39899	        P1	
 104.66715	 546.77809	 207.47445	        P1	
 104.66715	 590.46209	 521.00287	        P1	
 105.92820	  27.66652	 271.31279	        P1	
 107.18925	 105.56968	 292.42057	        P1	
 107.18925	 179.83249	 372.73327	        P1	
 107.18925	 248.27072	 257.41251	        P1	
 105.92820	 281.03373	 343.90311	        P1	
 107.18925	 354.56849	 341.84377	        P1	
 105.92820	 382.96309	 386.63354	        P1	
 105.92820	 530.03253	 133.85452	        P1	
 105.92820	 532.94481	 359.86267	        P1	
 107.18925	 562.79553	 158.56612	        P1	
 105.92820	 604.29533	 425.76028	        P1	
 108.45030	 136.87652	 431.93818	        P1	
 109.71135	 181.28860	 223.94887	        P1	
 109.71135	 242.44621	 458.70906	        P1	
 108.45030	 253.36721	 489.59856	        P1	
 109.71135	 367.67369	 249.17527	        P1	
 108.45030	 493.62921	  13.90027	        P1	
 108.45030	 562.06749	 361.92194	        P1	
 109.71135	 584.63753	 240.42329	        P1	
 110.97240	 161.63080	 267.19417	        P1	
 110.97240	 318.89321	 463.34249	        P1	
 112.23345	 414.26993	 326.91389	        P1	
 110.97240	 431.01549	 181.21837	        P1	
 112.23345	 457.95393	 191.00009	        P1	
 112.23345	 506.00633	  16.47442	        P1	
 112.23345	 551.14649	 361.92194	        P1	
 112.23345	 577.35689	 249.17527	        P1	
 113.49450	  80.08732	 201.81142	        P1	
 114.75555	 114.30648	  77.73855	        P1	
 114.75555	 207.49900	 186.88147	        P1	
 114.75555	 239.53392	 289.84649	        P1	
 113.49450	 250.45492	 152.38822	        P1	
 114.75555	 441.93649	 398.98934	        P1	
 114.75555	 465.23461	 259.47179	        P1	
 113.49450	 473.24333	 308.38019	        P1	
 113.49450	 528.57641	  81.85717	        P1	
 114.75555	 542.40969	 306.32085	        P1	
 116.01660	  18.92972	 314.55809	        P1	
 116.01660	  18.92972	 598.74148	        P1	
 117.27765	  42.95592	 160.11059	        P1	
 117.27765	  63.34180	  43.24530	        P1	
 116.01660	  81.54348	 286.24267	        P1	
 116.01660	  82.99960	 345.96239	        P1	
 117.27765	  96.83288	  26.77088	        P1	
 116.01660	 138.33268	 504.01364	        P1	
 117.27765	 178.37632	 184.82219	        P1	
 117.27765	 257.00752	 523.06221	        P1	
 117.27765	 443.39261	  80.31270	        P1	
 116.01660	 496.54149	  76.19408	        P1	
 117.27765	 586.09369	  96.27225	        P1	
 118.53870	  14.56132	  16.47442	        P1	
 119.79975	  88.09608	 415.97857	        P1	
 119.79975	 143.42912	 153.93269	        P1	
 119.79975	 219.14809	 323.31007	        P1	
 118.53870	 235.89361	 111.20220	        P1	
 119.79975	 383.69113	 469.00558	        P1	
 118.53870	 414.99801	 508.13226	        P1	
 119.79975	 552.60261	  30.88950	        P1	
 119.79975	 564.25169	  65.38275	        P1	
 119.79975	 575.90073	   4.11862	        P1	
 118.53870	 586.82173	  36.55259	        P1	
 121.06080	  46.59628	 386.63354	        P1	
 122.32185	 226.42872	 467.46111	        P1	
 121.06080	 262.10401	  86.49060	        P1	
 122.32185	 267.20049	 502.46917	        P1	
 121.06080	 358.20881	 446.35326	        P1	
 122.32185	 385.14729	 372.73327	        P1	
 121.06080	 492.17309	 193.57417	        P1	
 122.32185	 497.26953	 592.56358	        P1	
 122.32185	 498.72569	 182.76285	        P1	
 122.32185	 565.70781	  13.90027	        P1	
 124.84395	 105.56968	 582.78186	        P1	
 123.58290	 174.73600	 452.53116	        P1	
 124.84395	 254.09529	 269.25345	        P1	
 124.84395	 280.30569	 318.67665	        P1	
 124.84395	 284.67409	 528.72524	        P1	
 123.58290	 350.92813	 487.53928	        P1	
 123.58290	 380.05081	 514.31016	        P1	
 124.84395	 436.11193	  16.47442	        P1	
 126.10500	  11.64908	 181.21837	        P1	
 127.36605	  86.63992	 263.59041	        P1	
 126.10500	 149.98172	 271.31279	        P1	
 126.10500	 158.71852	 529.24011	        P1	
 126.10500	 250.45492	  59.71972	        P1	
 127.36605	 297.77929	 195.11865	        P1	
 127.36605	 347.28781	 185.33700	        P1	
 126.10500	 514.01509	 434.51227	        P1	
 128.62710	 103.38548	 514.82497	        P1	
 128.62710	 281.03373	 506.07298	        P1	
 129.88815	 303.60381	 444.80879	        P1	
 128.62710	 381.50693	 102.96502	        P1	
 128.62710	 401.89281	 481.87619	        P1	
 129.88815	 411.35769	 428.33437	        P1	
 128.62710	 512.55893	 604.91938	        P1	
 129.88815	 516.19929	 471.57967	        P1	
 131.14920	  24.75428	 343.38825	        P1	
 132.41025	 258.46369	   2.05928	        P1	
 132.41025	 379.32273	 226.52302	        P1	
 131.14920	 506.73441	 273.37207	        P1	
 132.41025	 594.83049	 471.57967	        P1	
 133.67130	  13.10520	 488.05409	        P1	
 133.67130	  24.75428	 168.86258	        P1	
 133.67130	  93.19252	 246.60119	        P1	
 133.67130	  96.10480	 617.78998	        P1	
 133.67130	 484.89241	 613.15656	        P1	
 134.93235	 506.00633	  72.07552	        P1	
 133.67130	 515.47121	 420.09719	        P1	
 134.93235	 517.65541	 433.99746	        P1	
 136.19340	 285.40213	 442.74951	        P1	
 137.45445	 389.51569	 607.49346	        P1	
 136.19340	 419.36641	  43.24530	        P1	
 136.19340	 451.40133	 604.91938	        P1	
 139.97655	  21.11392	 370.15919	        P1	
 139.97655	  31.30688	 256.89765	        P1	
 138.71550	  34.94720	 123.55800	        P1	
 138.71550	 154.35012	  61.26419	        P1	
 138.71550	 187.84120	 518.94359	        P1	
 139.97655	 303.60381	  20.07817	        P1	
 139.97655	 404.07701	 222.40439	        P1	
 138.71550	 442.66453	  73.61999	        P1	
 138.71550	 448.48909	 139.51755	        P1	
 139.97655	 506.00633	 333.09179	        P1	
 138.71550	 509.64669	 545.71447	        P1	
 138.71550	 512.55893	 123.04319	        P1	
 139.97655	 580.26913	  53.54182	        P1	
 141.23760	  49.50852	  85.97579	        P1	
 142.49865	  96.83288	 539.53657	        P1	
 142.49865	 303.60381	 308.89499	        P1	
 141.23760	 541.68161	 580.72258	        P1	
 145.02075	  50.23660	 383.02979	        P1	
 145.02075	 107.02580	 154.44750	        P1	
 145.02075	 252.63912	 197.17799	        P1	
 143.75970	 283.94601	  12.35580	        P1	
 145.02075	 310.88449	 343.38825	        P1	
 143.75970	 355.29653	 574.02988	        P1	
 145.02075	 482.70821	 261.01627	        P1	
 147.54285	  48.78048	 335.66587	        P1	
 146.28180	  87.36800	  18.53370	        P1	
 147.54285	  91.00832	  41.18602	        P1	
 147.54285	 121.58712	 469.00558	        P1	
 147.54285	 136.14848	 145.69545	        P1	
 147.54285	 245.35849	 125.61728	        P1	
 147.54285	 264.28821	 217.77097	        P1	
 146.28180	 302.87573	 283.66859	        P1	
 147.54285	 321.07741	 290.36129	        P1	
 147.54285	 469.60301	 539.02176	        P1	
 146.28180	 502.36601	 199.23727	        P1	
 150.06495	  66.25408	 571.97054	        P1	
 150.06495	  72.07860	 154.44750	        P1	
 148.80390	  77.17508	 151.87335	        P1	
 150.06495	  93.92060	 518.94359	        P1	
 148.80390	 225.70069	 281.60925	        P1	
 148.80390	 299.96349	 466.94624	        P1	
 148.80390	 364.03333	 376.33709	        P1	
 150.06495	 389.51569	 145.69545	        P1	
 150.06495	 431.74353	 201.81142	        P1	
 150.06495	 527.84833	  48.90839	        P1	
 150.06495	 548.23421	 599.25628	        P1	
 148.80390	 551.87453	 104.50949	        P1	
 151.32600	  40.77172	 456.64978	        P1	
 152.58705	  57.51728	 477.75757	        P1	
 152.58705	 123.04328	  82.37198	        P1	
 152.58705	 137.60460	  80.31270	        P1	
 151.32600	 200.94640	  80.31270	        P1	
 152.58705	 353.11233	 450.47188	        P1	
 151.32600	 420.82253	 320.73599	        P1	
 151.32600	 508.19053	 345.44759	        P1	
 152.58705	 584.63753	 214.16722	        P1	
 152.58705	 591.91821	 537.47729	        P1	
 152.58705	 594.83049	 473.12414	        P1	
 153.84810	  68.43828	 275.43135	        P1	
 153.84810	 113.57840	 172.98120	        P1	
 153.84810	 136.87652	 214.16722	        P1	
 155.10915	 156.53432	  48.90839	        P1	
 153.84810	 180.56052	 146.21032	        P1	
 153.84810	 215.50772	 320.73599	        P1	
 155.10915	 318.16513	 362.43681	        P1	
 153.84810	 336.36681	 172.98120	        P1	
 155.10915	 404.07701	 254.83837	        P1	
 153.84810	 422.27869	 453.04597	        P1	
 153.84810	 445.57681	 248.66047	        P1	
 153.84810	 496.54149	 417.52304	        P1	
 156.37020	  21.84200	  12.35580	        P1	
 156.37020	 189.29732	 555.49618	        P1	
 156.37020	 237.34972	 116.86529	        P1	
 157.63125	 447.76101	 234.76019	        P1	
 157.63125	 449.21713	 485.99481	        P1	
 157.63125	 495.81341	 298.08367	        P1	
 156.37020	 617.40053	 313.01361	        P1	
 160.15335	  50.23660	 401.56349	        P1	
 160.15335	  60.42952	 604.91938	        P1	
 160.15335	 172.55180	 203.87069	        P1	
 158.89230	 171.82372	 418.03791	        P1	
 158.89230	 256.27949	  70.01618	        P1	
 158.89230	 349.47201	 117.38010	        P1	
 160.15335	 366.21753	 215.71169	        P1	
 160.15335	 434.65581	 199.23727	        P1	
 158.89230	 527.12029	 602.86004	        P1	
 160.15335	 548.23421	 520.48806	        P1	
 162.67545	  95.37672	 541.59591	        P1	
 162.67545	 101.20128	 453.04597	        P1	
 162.67545	 162.35888	 553.43684	        P1	
 162.67545	 252.63912	  85.97579	        P1	
 161.41440	 311.61253	 331.54731	        P1	
 162.67545	 323.98969	 255.35317	        P1	
 162.67545	 370.58593	 473.63901	        P1	
 162.67545	 409.90153	 246.60119	        P1	
 162.67545	 423.00673	 140.03242	        P1	
 162.67545	 421.55061	 315.07289	        P1	
 161.41440	 560.61133	 382.51499	        P1	
 161.41440	 575.17269	 607.49346	        P1	
 163.93650	  53.87692	 271.31279	        P1	
 165.19755	 152.16592	  73.61999	        P1	
 165.19755	 195.84992	 574.02988	        P1	
 163.93650	 353.84041	 230.12677	        P1	
 165.19755	 354.56849	 460.76834	        P1	
 165.19755	 389.51569	 213.65235	        P1	
 163.93650	 567.89201	 613.15656	        P1	
 163.93650	 591.19013	 339.26969	        P1	
 163.93650	 592.64629	 372.73327	        P1	
 165.19755	 602.11113	 271.31279	        P1	
 167.71965	 294.86701	 265.64969	        P1	
 167.71965	 345.83169	  26.77088	        P1	
 166.45860	 382.96309	 471.57967	        P1	
 167.71965	 523.47993	 337.72521	        P1	
 166.45860	 588.27789	  65.38275	        P1	
 167.71965	 586.09369	 366.55537	        P1	
 166.45860	 607.20761	 407.74139	        P1	
 170.24175	  51.69272	 177.09982	        P1	
 168.98070	 361.12109	 226.00815	        P1	
 170.24175	 428.83129	 477.75757	        P1	
 168.98070	 608.66373	 387.14841	        P1	
 171.50280	  68.43828	  90.09435	        P1	
 172.76385	  93.92060	 261.01627	        P1	
 172.76385	  99.74512	 265.13489	        P1	
 172.76385	 195.84992	 603.37491	        P1	
 171.50280	 231.52521	 605.43418	        P1	
 171.50280	 235.89361	 409.28586	        P1	
 171.50280	 276.66532	 572.48541	        P1	
 171.50280	 496.54149	 466.94624	        P1	
 172.76385	 516.19929	   9.78165	        P1	
 171.50280	 530.03253	  30.37469	        P1	
 175.28595	  64.79792	 166.28849	        P1	
 175.28595	 101.20128	 368.09984	        P1	
 175.28595	 340.00713	 277.49069	        P1	
 174.02490	 586.82173	 170.92192	        P1	
 177.80805	  48.78048	  20.59298	        P1	
 177.80805	  79.35928	 403.62277	        P1	
 176.54700	  87.36800	 106.56877	        P1	
 176.54700	 388.78761	 512.76569	        P1	
 177.80805	 602.11113	 152.38822	        P1	
 180.33015	  13.83328	 100.90568	        P1	
 180.33015	 111.39420	  57.14557	        P1	
 179.06910	 116.49068	 485.47994	        P1	
 180.33015	 149.25368	 436.05674	        P1	
 180.33015	 421.55061	 421.64166	        P1	
 180.33015	 453.58553	 481.36138	        P1	
 182.85225	  37.13140	 401.56349	        P1	
 182.85225	  50.23660	 562.18889	        P1	
 181.59120	  75.71892	 283.66859	        P1	
 181.59120	 155.80628	 281.60925	        P1	
 182.85225	 165.27112	 177.09982	        P1	
 181.59120	 187.84120	  94.21297	        P1	
 181.59120	 214.05160	 315.07289	        P1	
 182.85225	 251.18301	 514.31016	        P1	
 182.85225	 456.49781	 304.26157	        P1	
 182.85225	 523.47993	  11.84100	        P1	
 184.11330	 298.50733	  92.15369	        P1	
 185.37435	 321.07741	 501.95436	        P1	
 185.37435	 540.95353	 104.50949	        P1	
 185.37435	 574.44461	 123.55800	        P1	
 187.89645	   8.00872	 109.14292	        P1	
 187.89645	  12.37712	 228.06749	        P1	
 187.89645	  10.92100	 347.50687	        P1	
 186.63540	 168.91149	  94.72778	        P1	
 187.89645	 188.56929	 256.89765	        P1	
 187.89645	 224.97260	 483.42066	        P1	
 186.63540	 331.99841	 427.81956	        P1	
 187.89645	 395.34021	 328.97317	        P1	
 186.63540	 521.29573	 319.19151	        P1	
 187.89645	 578.81301	 339.78449	        P1	
 189.15750	  69.89440	  92.66850	        P1	
 190.41855	 190.02540	 191.51489	        P1	
 190.41855	 517.65541	 563.73336	        P1	
 190.41855	 552.60261	 135.91380	        P1	
 192.94065	  31.30688	  32.94878	        P1	
 192.94065	 140.51688	 528.72524	        P1	
 191.67960	 237.34972	 115.32082	        P1	
 191.67960	 260.64789	   9.78165	        P1	
 192.94065	 342.91941	 514.31016	        P1	
 191.67960	 366.94561	 512.76569	        P1	
 192.94065	 447.76101	 216.22649	        P1	
 195.46275	  41.49980	 588.44496	        P1	
 195.46275	  47.32432	   4.11862	        P1	
 195.46275	  79.35928	 113.26148	        P1	
 195.46275	 141.97300	 112.74667	        P1	
 194.20170	 174.73600	 501.95436	        P1	
 194.20170	 184.92892	 300.65781	        P1	
 195.46275	 200.21832	 146.21032	        P1	
 194.20170	 253.36721	 574.54468	        P1	
 195.46275	 328.35809	 570.42606	        P1	
 194.20170	 439.75229	  14.41508	        P1	
 194.20170	 578.08493	 510.70641	        P1	
 194.20170	 585.36561	 290.36129	        P1	
 197.98485	   2.18420	  37.06740	        P1	
 197.98485	  98.28900	 261.01627	        P1	
 197.98485	  98.28900	 265.64969	        P1	
 196.72380	 279.57761	 390.75216	        P1	
 196.72380	 375.68241	 556.01099	        P1	
 196.72380	 449.94521	 160.62540	        P1	
 197.98485	 471.05913	 319.19151	        P1	
 197.98485	 491.44501	  24.71160	        P1	
 196.72380	 531.48869	 380.45564	        P1	
 200.50695	  10.92100	 261.01627	        P1	
 200.50695	  73.53472	 172.46639	        P1	
 200.50695	 200.21832	 207.98932	        P1	
 200.50695	 223.51649	  70.01618	        P1	
 200.50695	 277.39341	 335.15107	        P1	
 200.50695	 472.51529	  70.01618	        P1	
 199.24590	 479.06789	 477.75757	        P1	
 199.24590	 546.05001	 469.52039	        P1	
 203.02905	  77.90312	 461.28321	        P1	
 201.76800	  80.08732	 170.92192	        P1	
 201.76800	  87.36800	  88.03507	        P1	
 203.02905	 105.56968	 236.81947	        P1	
 201.76800	 110.66612	 578.66331	        P1	
 201.76800	 262.10401	 347.50687	        P1	
 201.76800	 286.85829	 232.18605	        P1	
 203.02905	 296.32313	  11.84100	        P1	
 201.76800	 292.68281	 296.53919	        P1	
 203.02905	 571.53233	 506.07298	        P1	
 203.02905	 593.37433	 269.76831	        P1	
 203.02905	 599.19889	  59.20485	        P1	
 205.55115	 128.86780	 168.34777	        P1	
 204.29010	 126.68360	 594.62286	        P1	
 204.29010	 238.80589	 102.45015	        P1	
 205.55115	 284.67409	 236.81947	        P1	
 205.55115	 287.58632	 368.61471	        P1	
 204.29010	 339.27909	 584.32634	        P1	
 205.55115	 402.62089	 613.67136	        P1	
 205.55115	 428.83129	 545.71447	        P1	
 204.29010	 495.08533	 380.97051	        P1	
 204.29010	 497.99761	  44.78977	        P1	
 206.81220	 132.50812	 405.68211	        P1	
 206.81220	 154.35012	 438.11608	        P1	
 206.81220	 377.13853	  42.73049	        P1	
 206.81220	 463.05041	 403.10796	        P1	
 208.07325	 587.54981	   7.72237	        P1	
 208.07325	 586.09369	  57.66038	        P1	
 208.07325	 607.93569	 331.03245	        P1	
 210.59535	   9.46488	 170.40705	        P1	
 209.33430	 131.05200	 279.54997	        P1	
 209.33430	 295.59509	 269.25345	        P1	
 209.33430	 308.70029	 411.34514	        P1	
 209.33430	 326.17389	 403.62277	        P1	
 209.33430	 416.45413	 258.95699	        P1	
 210.59535	 543.86581	 271.82759	        P1	
 210.59535	 612.30409	 547.25894	        P1	
 209.33430	 615.94441	   0.00000	        P1	
 213.11745	  91.00832	 263.59041	        P1	
 213.11745	 171.09569	 125.61728	        P1	
 213.11745	 326.90193	   5.66310	        P1	
 211.85640	 334.91069	  40.67115	        P1	
 211.85640	 401.89281	 149.81407	        P1	
 211.85640	 438.29613	  36.55259	        P1	
 213.11745	 459.41009	 168.86258	        P1	
 213.11745	 476.88369	 331.03245	        P1	
 213.11745	 508.91861	 525.12149	        P1	
 214.37850	 106.29772	  24.19679	        P1	
 214.37850	 232.98132	 251.23461	        P1	
 214.37850	 582.45333	 215.71169	        P1	
 215.63955	 603.56729	 238.36395	        P1	
 215.63955	 610.84793	 609.55280	        P1	
 216.90060	  42.22788	  51.48248	        P1	
 216.90060	 116.49068	 459.22387	        P1	
 216.90060	 145.61332	 530.78458	        P1	
 218.16165	 208.95512	 282.12411	        P1	
 218.16165	 226.42872	 448.92741	        P1	
 216.90060	 334.91069	 343.38825	        P1	
 218.16165	 475.42753	 524.60668	        P1	
 220.68375	   6.55260	 230.12677	        P1	
 220.68375	  13.83328	  51.48248	        P1	
 219.42270	 198.03412	 164.74402	        P1	
 219.42270	 228.61292	 275.94621	        P1	
 219.42270	 330.54229	 613.67136	        P1	
 219.42270	 470.33109	 261.53107	        P1	
 220.68375	 517.65541	 508.13226	        P1	
 219.42270	 521.29573	  79.79789	        P1	
 219.42270	 569.34813	 393.32631	        P1	
 221.94480	  10.19292	 184.82219	        P1	
 221.94480	   8.73680	 222.40439	        P1	
 223.20585	  42.95592	  72.07552	        P1	
 221.94480	  81.54348	  77.73855	        P1	
 223.20585	 136.14848	 558.07026	        P1	
 221.94480	 254.82332	  67.44209	        P1	
 221.94480	 295.59509	   9.78165	        P1	
 223.20585	 415.72609	  26.77088	        P1	
 221.94480	 420.82253	 320.73599	        P1	
 223.20585	 466.69073	 493.71718	        P1	
 223.20585	 520.56769	 422.15647	        P1	
 221.94480	 607.20761	 353.68477	        P1	
 221.94480	 615.94441	 302.71709	        P1	
 225.72795	  41.49980	 549.83309	        P1	
 225.72795	 169.63952	 374.79261	        P1	
 224.46690	 176.19212	  41.18602	        P1	
 225.72795	 200.21832	 178.64429	        P1	
 225.72795	 201.67449	  71.56065	        P1	
 224.46690	 230.06909	  46.84905	        P1	
 225.72795	 258.46369	 479.30204	        P1	
 224.46690	 267.92852	 438.11608	        P1	
 224.46690	 289.77053	 411.86001	        P1	
 224.46690	 305.78801	 265.64969	        P1	
 224.46690	 324.71773	 283.66859	        P1	
 225.72795	 334.18261	 248.66047	        P1	
 224.46690	 374.22629	 372.73327	        P1	
 224.46690	 385.87533	 203.35589	        P1	
 224.46690	 428.10321	 172.98120	        P1	
 224.46690	 548.96229	 607.49346	        P1	
 225.72795	 564.25169	 125.61728	        P1	
 228.25005	 238.07781	 290.36129	        P1	
 228.25005	 243.90232	  16.47442	        P1	
 226.98900	 447.03293	 567.85198	        P1	
 226.98900	 458.68201	 186.88147	        P1	
 228.25005	 584.63753	 506.07298	        P1	
 230.77215	  19.65780	 149.81407	        P1	
 229.51110	  49.50852	 609.55280	        P1	
 230.77215	  98.28900	 129.73590	        P1	
 229.51110	 279.57761	 174.52567	        P1	
 229.51110	 317.43709	 114.80595	        P1	
 229.51110	 401.89281	 106.56877	        P1	
 229.51110	 416.45413	 282.12411	        P1	
 229.51110	 476.15561	  50.96767	        P1	
 230.77215	 555.51489	 133.33965	        P1	
 233.29425	 159.44660	 557.55546	        P1	
 233.29425	 232.25329	 378.91117	        P1	
 233.29425	 274.48112	 549.31828	        P1	
 233.29425	 360.39301	 217.77097	        P1	
 232.03320	 417.91029	 175.04047	        P1	
 233.29425	 441.93649	 619.84926	        P1	
 233.29425	 471.05913	 102.96502	        P1	
 232.03320	 527.12029	 578.14844	        P1	
 235.81635	  26.93848	 516.36944	        P1	
 234.55530	  90.28028	 460.76834	        P1	
 234.55530	 160.17469	 440.69017	        P1	
 234.55530	 219.87612	  10.29652	        P1	
 234.55530	 222.78840	 390.75216	        P1	
 234.55530	 334.91069	 312.49875	        P1	
 234.55530	 388.78761	 605.43418	        P1	
 234.55530	 416.45413	 603.37491	        P1	
 235.81635	 506.00633	 153.93269	        P1	
 234.55530	 618.85670	 397.44487	        P1	
 238.33845	  37.13140	 481.87619	        P1	
 237.07740	  46.59628	 242.99737	        P1	
 238.33845	  70.62248	 187.39627	        P1	
 238.33845	 115.76260	 427.81956	        P1	
 238.33845	 156.53432	 529.24011	        P1	
 238.33845	 160.90272	 133.85452	        P1	
 237.07740	 311.61253	 469.00558	        P1	
 237.07740	 381.50693	  84.43132	        P1	
 237.07740	 388.78761	 172.98120	        P1	
 238.33845	 414.26993	 104.50949	        P1	
 238.33845	 460.86621	 341.32897	        P1	
 240.86055	  38.58752	 300.65781	        P1	
 240.86055	 428.83129	 582.78186	        P1	
 242.12160	  24.75428	 273.88687	        P1	
 242.12160	  34.94720	 518.94359	        P1	
 242.12160	 128.13972	 140.03242	        P1	
 242.12160	 345.10361	 308.89499	        P1	
 243.38265	 420.09449	 280.06477	        P1	
 243.38265	 437.56809	 269.25345	        P1	
 243.38265	 511.83089	 454.59044	        P1	
 243.38265	 529.30449	 380.45564	        P1	
 244.64370	  62.61372	 604.91938	        P1	
 244.64370	 110.66612	 294.47991	        P1	
 245.90475	 124.49940	  50.96767	        P1	
 244.64370	 244.63041	 322.79527	        P1	
 245.90475	 388.05953	 524.60668	        P1	
 244.64370	 534.40093	 530.78458	        P1	
 245.90475	 558.42713	 313.01361	        P1	
 244.64370	 598.47081	 415.46376	        P1	
 245.90475	 616.67249	 380.45564	        P1	
 248.42685	 134.69232	 184.82219	        P1	
 248.42685	 160.90272	 591.01911	        P1	
 248.42685	 175.46409	 125.61728	        P1	
 247.16580	 184.92892	 263.59041	        P1	
 248.42685	 277.39341	 316.61737	        P1	
 247.16580	 286.85829	 559.61474	        P1	
 247.16580	 496.54149	 267.70897	        P1	
 247.16580	 557.69909	 534.90314	        P1	
 249.68790	  68.43828	 280.06477	        P1	
 249.68790	  97.56092	  22.65232	        P1	
 249.68790	 170.36760	  50.96767	        P1	
 250.94895	 191.48152	 424.21581	        P1	
 249.68790	 198.03412	 184.82219	        P1	
 250.94895	 423.00673	 345.44759	        P1	
 250.94895	 471.05913	 220.34512	        P1	
 250.94895	 575.90073	 350.08101	        P1	
 253.47105	  79.35928	 324.85455	        P1	
 252.21000	  82.99960	 203.87069	        P1	
 253.47105	 133.23620	 143.63617	        P1	
 252.21000	 149.98172	 133.85452	        P1	
 253.47105	 294.86701	  24.71160	        P1	
 252.21000	 327.63001	 162.16987	        P1	
 252.21000	 348.01589	 615.21584	        P1	
 253.47105	 367.67369	  71.56065	        P1	
 253.47105	 471.05913	  42.73049	        P1	
 253.47105	 471.05913	 333.09179	        P1	
 253.47105	 590.46209	 199.75207	        P1	
 254.73210	 173.27989	 479.30204	        P1	
 254.73210	 350.92813	  48.90839	        P1	
 255.99315	 356.02461	 512.76569	        P1	
 255.99315	 361.84913	 351.62549	        P1	
 254.73210	 499.45373	  53.54182	        P1	
 255.99315	 549.69033	 603.37491	        P1	
 254.73210	 569.34813	 580.20778	        P1	
 258.51525	  47.32432	 376.33709	        P1	
 257.25420	 110.66612	 177.09982	        P1	
 258.51525	 133.23620	 154.44750	        P1	
 257.25420	 238.80589	 473.12414	        P1	
 257.25420	 247.54269	 545.71447	        P1	
 258.51525	 296.32313	 469.00558	        P1	
 257.25420	 381.50693	 523.06221	        P1	
 257.25420	 385.87533	 127.67662	        P1	
 257.25420	 398.98053	 374.79261	        P1	
 258.51525	 447.76101	 481.87619	        P1	
 257.25420	 493.62921	  75.67927	        P1	
 257.25420	 595.55853	 425.76028	        P1	
 259.77630	  27.66652	 220.34512	        P1	
 259.77630	 141.24492	 197.17799	        P1	
 259.77630	 196.57800	 304.26157	        P1	
 261.03735	 201.67449	 477.75757	        P1	
 261.03735	 254.09529	 100.90568	        P1	
 261.03735	 277.39341	 420.09719	        P1	
 261.03735	 319.62129	 100.90568	        P1	
 261.03735	 495.81341	 125.10247	        P1	
 261.03735	 523.47993	 524.60668	        P1	
 259.77630	 557.69909	 490.11337	        P1	
 263.55945	  41.49980	 129.73590	        P1	
 263.55945	 160.90272	 238.87881	        P1	
 263.55945	 200.21832	 574.02988	        P1	
 262.29840	 483.43629	  71.56065	        P1	
 262.29840	 579.54109	 378.91117	        P1	
 263.55945	 587.54981	  43.24530	        P1	
 266.08155	  29.85072	 110.68739	        P1	
 264.82050	 117.94680	 457.16459	        P1	
 264.82050	 144.15720	  67.95690	        P1	
 266.08155	 204.58672	 493.71718	        P1	
 264.82050	 269.38469	  26.77088	        P1	
 264.82050	 299.96349	 212.10787	        P1	
 266.08155	 379.32273	 473.63901	        P1	
 264.82050	 457.22589	 255.35317	        P1	
 264.82050	 554.78681	 199.23727	        P1	
 266.08155	 583.18141	 278.00549	        P1	
 268.60365	  98.28900	 236.30467	        P1	
 268.60365	 137.60460	 432.45299	        P1	
 268.60365	 211.86740	 290.36129	        P1	
 268.60365	 294.86701	 531.29939	        P1	
 267.34260	 358.20881	 489.59856	        P1	
 268.60365	 615.21633	 234.24539	        P1	
 271.12575	 105.56968	 483.93547	        P1	
 271.12575	 188.56929	 397.44487	        P1	
 271.12575	 281.76181	 518.94359	        P1	
 271.12575	 331.27033	 258.95699	        P1	
 269.86470	 391.69989	 139.51755	        P1	
 269.86470	 464.50653	 455.10531	        P1	
 269.86470	 508.19053	 110.68739	        P1	
 272.38680	  27.66652	 110.68739	        P1	
 272.38680	  56.78920	 142.09170	        P1	
 272.38680	  59.70148	 613.67136	        P1	
 273.64785	 230.79712	 178.64429	        P1	
 273.64785	 261.37592	 555.49618	        P1	
 272.38680	 348.01589	 151.87335	        P1	
 272.38680	 371.31401	 148.26960	        P1	
 273.64785	 386.60341	 298.08367	        P1	
 272.38680	 390.24373	 313.01361	        P1	
 272.38680	 486.34853	 147.75479	        P1	
 276.16995	  15.28940	 203.87069	        P1	
 274.90890	 133.96428	  22.13745	        P1	
 276.16995	 185.65700	 526.66596	        P1	
 274.90890	 282.48989	 218.28577	        P1	
 276.16995	 497.26953	 214.16722	        P1	
 277.43100	 132.50812	 265.13489	        P1	
 278.69205	 459.41009	  28.31535	        P1	
 278.69205	 463.77849	 516.36944	        P1	
 277.43100	 516.92733	 172.46639	        P1	
 277.43100	 525.66413	 510.70641	        P1	
 278.69205	 546.77809	 261.53107	        P1	
 279.95310	 163.08692	 164.74402	        P1	
 281.21415	 178.37632	 294.47991	        P1	
 279.95310	 187.84120	 112.74667	        P1	
 279.95310	 263.56012	 234.24539	        P1	
 281.21415	 309.42833	 506.07298	        P1	
 281.21415	 319.62129	 428.33437	        P1	
 281.21415	 357.48073	 351.62549	        P1	
 279.95310	 371.31401	 347.50687	        P1	
 282.47520	  53.87692	 603.37491	        P1	
 283.73625	  70.62248	 533.35867	        P1	
 283.73625	  92.46448	 368.09984	        P1	
 283.73625	 252.63912	  90.60922	        P1	
 282.47520	 262.10401	 557.55546	        P1	
 282.47520	 342.19133	  35.00812	        P1	
 283.73625	 530.76061	 488.05409	        P1	
 286.25835	  58.97340	 203.87069	        P1	
 286.25835	 156.53432	 240.42329	        P1	
 284.99730	 199.49029	 551.89236	        P1	
 286.25835	 254.09529	 516.36944	        P1	
 284.99730	 470.33109	 446.86807	        P1	
 284.99730	 580.99721	 211.59307	        P1	
 284.99730	 582.45333	 411.86001	        P1	
 284.99730	 588.27789	 553.43684	        P1	
 288.78045	  15.28940	 199.23727	        P1	
 288.78045	 137.60460	  88.03507	        P1	
 287.51940	 279.57761	 568.36679	        P1	
 287.51940	 416.45413	 326.91389	        P1	
 287.51940	 531.48869	 423.70094	        P1	
 288.78045	 587.54981	 364.49609	        P1	
 288.78045	 590.46209	 114.80595	        P1	
 288.78045	 605.02341	 211.59307	        P1	
 291.30255	  42.95592	 609.55280	        P1	
 290.04150	  48.05240	  38.61187	        P1	
 291.30255	  61.88568	 551.89236	        P1	
 291.30255	 143.42912	 333.09179	        P1	
 291.30255	 270.11272	  28.83022	        P1	
 291.30255	 291.95473	 510.70641	        P1	
 291.30255	 306.51609	 281.60925	        P1	
 291.30255	 385.14729	 324.85455	        P1	
 290.04150	 432.47161	 495.77646	        P1	
 290.04150	 441.20841	 308.89499	        P1	
 290.04150	 503.82213	 506.07298	        P1	
 292.56360	  37.85948	 491.65784	        P1	
 292.56360	 174.73600	  63.32347	        P1	
 292.56360	 205.31480	 407.74139	        P1	
 292.56360	 441.20841	 588.44496	        P1	
 292.56360	 607.20761	 353.68477	        P1	
 296.34675	  86.63992	  16.47442	        P1	
 296.34675	 121.58712	 430.39371	        P1	
 295.08570	 173.27989	 187.39627	        P1	
 295.08570	 473.24333	 178.64429	        P1	
 295.08570	 559.15521	 321.25079	        P1	
 296.34675	 599.19889	 442.23464	        P1	
 296.34675	 615.21633	 238.87881	        P1	
 297.60780	  99.01708	 386.63354	        P1	
 298.86885	 152.16592	 246.60119	        P1	
 298.86885	 328.35809	 230.64157	        P1	
 298.86885	 396.79633	  41.18602	        P1	
 298.86885	 440.48033	 129.22109	        P1	
 298.86885	 594.83049	  45.30458	        P1	
 300.12990	  37.85948	 409.80067	        P1	
 301.39095	 188.56929	 324.85455	        P1	
 301.39095	 342.91941	 197.69279	        P1	
 300.12990	 410.62961	 310.43947	        P1	
 300.12990	 442.66453	  59.71972	        P1	
 300.12990	 567.89201	  86.49060	        P1	
 300.12990	 591.19013	 555.49618	        P1	
 302.65200	   7.28068	 596.68214	        P1	
 303.91305	  38.58752	 455.10531	        P1	
 303.91305	  83.72768	  26.77088	        P1	
 303.91305	  99.74512	  53.54182	        P1	
 303.91305	 208.95512	 611.09728	        P1	
 303.91305	 236.62169	 133.33965	        P1	
 302.65200	 315.98093	  85.97579	        P1	
 303.91305	 405.53313	  53.54182	        P1	
 302.65200	 429.55933	 549.31828	        P1	
 302.65200	 487.80469	 249.17527	        P1	
 302.65200	 515.47121	 160.62540	        P1	
 305.17410	 100.47320	 222.40439	        P1	
 305.17410	 211.13932	 209.53379	        P1	
 305.17410	 301.41961	 543.65519	        P1	
 306.43515	 313.79673	 541.59591	        P1	
 305.17410	 348.01589	 534.90314	        P1	
 306.43515	 373.49821	 427.81956	        P1	
 306.43515	 401.16473	 462.82768	        P1	
 306.43515	 561.33941	 415.46376	        P1	
 306.43515	 562.79553	 479.81691	        P1	
 305.17410	 586.82173	 462.82768	        P1	
 308.95725	  45.86820	 600.80076	        P1	
 308.95725	 104.11352	 325.36941	        P1	
 308.95725	 171.09569	 355.74404	        P1	
 307.69620	 401.89281	 501.95436	        P1	
 308.95725	 437.56809	 133.33965	        P1	
 307.69620	 479.06789	 187.39627	        P1	
 308.95725	 506.00633	  53.54182	        P1	
 308.95725	 577.35689	 613.67136	        P1	
 310.21830	  42.22788	 533.35867	        P1	
 310.21830	  50.96468	  32.94878	        P1	
 311.47935	  60.42952	 567.85198	        P1	
 310.21830	  68.43828	 324.85455	        P1	
 310.21830	  84.45572	 214.16722	        P1	
 310.21830	 112.12228	 514.82497	        P1	
 310.21830	 117.94680	 143.63617	        P1	
 310.21830	 171.82372	  84.43132	        P1	
 311.47935	 208.95512	  72.07552	        P1	
 311.47935	 297.77929	 182.76285	        P1	
 310.21830	 299.96349	 201.29655	        P1	
 310.21830	 308.70029	 224.46367	        P1	
 310.21830	 331.99841	  57.14557	        P1	
 310.21830	 550.41841	 483.42066	        P1	
 310.21830	 585.36561	  69.50137	        P1	
 311.47935	 596.28661	 216.22649	        P1	
 314.00145	   9.46488	 541.08104	        P1	
 312.74040	  32.03492	 603.37491	        P1	
 314.00145	  47.32432	 245.05671	        P1	
 312.74040	  56.78920	 284.18339	        P1	
 312.74040	 199.49029	 602.86004	        P1	
 314.00145	 294.86701	 308.89499	        P1	
 312.74040	 445.57681	 403.10796	        P1	
 314.00145	 514.74313	 345.44759	        P1	
 314.00145	 584.63753	 296.02439	        P1	
 315.26250	 125.22748	 207.47445	        P1	
 316.52355	 159.44660	 501.95436	        P1	
 316.52355	 277.39341	 613.15656	        P1	
 315.26250	 381.50693	 221.88959	        P1	
 316.52355	 385.14729	  96.27225	        P1	
 315.26250	 538.76933	 294.47991	        P1	
 316.52355	 555.51489	 534.90314	        P1	
 317.78460	  11.64908	 100.90568	        P1	
 317.78460	  87.36800	 384.57426	        P1	
 317.78460	 198.03412	 370.15919	        P1	
 319.04565	 207.49900	 174.52567	        P1	
 319.04565	 305.05993	 549.31828	        P1	
 317.78460	 346.55973	  79.79789	        P1	
 317.78460	 396.06829	 261.53107	        P1	
 317.78460	 479.06789	 114.80595	        P1	
 317.78460	 496.54149	 491.65784	        P1	
 320.30670	  14.56132	 109.14292	        P1	
 320.30670	  24.75428	 559.61474	        P1	
 320.30670	  30.57880	 154.44750	        P1	
 320.30670	 189.29732	 183.27772	        P1	
 321.56775	 206.04289	 349.56614	        P1	
 321.56775	 300.69153	 183.27772	        P1	
 320.30670	 375.68241	 100.39087	        P1	
 321.56775	 402.62089	 292.42057	        P1	
 321.56775	 431.74353	 313.01361	        P1	
 321.56775	 520.56769	   9.78165	        P1	
 322.82880	   2.91228	 385.08907	        P1	
 322.82880	 112.12228	 442.23464	        P1	
 322.82880	 126.68360	  88.03507	        P1	
 322.82880	 196.57800	 210.04859	        P1	
 324.08985	 246.81461	 594.62286	        P1	
 322.82880	 343.64749	 144.15098	        P1	
 324.08985	 487.07661	 166.80330	        P1	
 322.82880	 505.27829	  34.49325	        P1	
 324.08985	 580.26913	 257.41251	        P1	
 326.61195	  15.28940	 520.48806	        P1	
 326.61195	  72.07860	 508.13226	        P1	
 326.61195	 105.56968	 119.43938	        P1	
 326.61195	 144.88528	 380.45564	        P1	
 326.61195	 194.39380	 259.47179	        P1	
 326.61195	 273.02501	 236.30467	        P1	
 326.61195	 322.53353	 135.39899	        P1	
 325.35090	 412.08573	 133.85452	        P1	
 325.35090	 431.01549	 176.58495	        P1	
 326.61195	 444.84873	 129.22109	        P1	
 325.35090	 452.85749	 516.36944	        P1	
 326.61195	 485.62049	 324.85455	        P1	
 325.35090	 583.90949	 417.52304	        P1	
 327.87300	  34.94720	 409.28586	        P1	
 329.13405	 144.88528	 287.78715	        P1	
 327.87300	 161.63080	 526.66596	        P1	
 329.13405	 210.41129	  14.41508	        P1	
 329.13405	 293.41089	 187.39627	        P1	
 329.13405	 392.42793	 481.36138	        P1	
 329.13405	 431.74353	  98.33159	        P1	
 327.87300	 432.47161	   6.17790	        P1	
 327.87300	 449.94521	 240.93809	        P1	
 327.87300	 508.19053	 543.14038	        P1	
 327.87300	 599.92693	 160.11059	        P1	
 331.65615	  16.74552	 197.17799	        P1	
 331.65615	 141.97300	 284.18339	        P1	
 331.65615	 153.62208	  28.31535	        P1	
 330.39510	 165.99920	 549.83309	        P1	
 331.65615	 214.77969	 360.37747	        P1	
 330.39510	 227.15681	 302.71709	        P1	
 331.65615	 232.25329	 521.00287	        P1	
 330.39510	 263.56012	 518.42878	        P1	
 331.65615	 427.37513	  84.43132	        P1	
 331.65615	 519.11153	 221.88959	        P1	
 331.65615	 584.63753	 133.85452	        P1	
 334.17825	  99.74512	 475.18348	        P1	
 334.17825	 259.91981	 154.44750	        P1	
 332.91720	 305.78801	 471.06486	        P1	
 332.91720	 330.54229	 158.05125	        P1	
 332.91720	 339.27909	  77.73855	        P1	
 332.91720	 444.12069	 436.05674	        P1	
 332.91720	 495.08533	 288.30201	        P1	
 334.17825	 539.49741	 562.18889	        P1	
 335.43930	  17.47360	 205.41517	        P1	
 336.70035	  79.35928	 471.57967	        P1	
 335.43930	 116.49068	 205.92997	        P1	
 336.70035	 139.06072	 116.86529	        P1	
 335.43930	 164.54309	  14.41508	        P1	
 335.43930	 167.45532	   4.11862	        P1	
 336.70035	 181.28860	 230.12677	        P1	
 335.43930	 294.13893	 541.59591	        P1	
 336.70035	 307.97221	 556.01099	        P1	
 335.43930	 350.92813	  98.33159	        P1	
 336.70035	 383.69113	 560.12961	        P1	
 335.43930	 528.57641	  55.60110	        P1	
 335.43930	 614.48830	  76.19408	        P1	
 339.22245	  28.39460	 205.41517	        P1	
 339.22245	  32.76300	  13.90027	        P1	
 339.22245	 402.62089	 312.49875	        P1	
 339.22245	 430.28741	 489.59856	        P1	
 339.22245	 447.76101	 290.36129	        P1	
 339.22245	 495.81341	 384.57426	        P1	
 339.22245	 577.35689	 250.71975	        P1	
 337.96140	 617.40053	 232.70091	        P1	
 341.74455	  25.48232	 450.47188	        P1	
 340.48350	 214.05160	  81.85717	        P1	
 340.48350	 285.40213	  47.36392	        P1	
 340.48350	 311.61253	 339.26969	        P1	
 341.74455	 513.28701	 378.39637	        P1	
 340.48350	 537.31321	 421.64166	        P1	
 340.48350	 576.62881	 211.59307	        P1	
 344.26665	  35.67528	 521.00287	        P1	
 343.00560	 161.63080	   7.72237	        P1	
 344.26665	 162.35888	 287.78715	        P1	
 344.26665	 248.27072	 302.20229	        P1	
 344.26665	 254.09529	 466.94624	        P1	
 344.26665	 275.93729	 590.50424	        P1	
 343.00560	 374.22629	 181.21837	        P1	
 343.00560	 458.68201	 254.83837	        P1	
 344.26665	 479.79593	 331.54731	        P1	
 343.00560	 500.90989	 619.84926	        P1	
 343.00560	 527.12029	 615.21584	        P1	
 344.26665	 535.12901	 508.13226	        P1	
 343.00560	 543.13773	 485.99481	        P1	
 344.26665	 549.69033	 370.15919	        P1	
 343.00560	 570.80429	 429.87884	        P1	
 344.26665	 581.72529	 261.53107	        P1	
 346.78875	  61.88568	   2.05928	        P1	
 346.78875	  98.28900	  32.43397	        P1	
 346.78875	 203.13060	 477.24276	        P1	
 345.52770	 228.61292	 135.39899	        P1	
 345.52770	 559.15521	 500.40989	        P1	
 348.04980	   0.00000	 285.72787	        P1	
 349.31085	  21.11392	 221.88959	        P1	
 348.04980	 361.12109	   8.23718	        P1	
 349.31085	 589.00593	  55.08629	        P1	
 351.83295	 165.27112	 203.35589	        P1	
 351.83295	 223.51649	 193.57417	        P1	
 351.83295	 356.02461	 279.54997	        P1	
 350.57190	 409.17349	  46.84905	        P1	
 351.83295	 414.26993	 164.74402	        P1	
 351.83295	 450.67329	 477.75757	        P1	
 351.83295	 542.40969	 541.08104	        P1	
 350.57190	 595.55853	 215.71169	        P1	
 350.57190	 595.55853	 566.30751	        P1	
 353.09400	  64.06988	  45.30458	        P1	
 353.09400	  85.91188	 522.54734	        P1	
 353.09400	  90.28028	 440.69017	        P1	
 354.35505	 508.91861	 148.26960	        P1	
 354.35505	 564.25169	  65.38275	        P1	
 356.87715	  13.83328	 120.98385	        P1	
 356.87715	  15.28940	 611.61208	        P1	
 355.61610	  18.92972	 313.01361	        P1	
 355.61610	 142.70108	 287.78715	        P1	
 355.61610	 265.01629	  82.37198	        P1	
 355.61610	 314.52481	   7.72237	        P1	
 355.61610	 343.64749	 473.12414	        P1	
 356.87715	 393.88409	 324.85455	        P1	
 356.87715	 584.63753	 492.17271	        P1	
 359.39925	   0.72808	 602.86004	        P1	
 358.13820	  46.59628	 343.38825	        P1	
 359.39925	  61.88568	 471.57967	        P1	
 359.39925	  82.27152	 158.56612	        P1	
 359.39925	 104.11352	 201.81142	        P1	
 359.39925	 157.99048	 496.29127	        P1	
 359.39925	 175.46409	 267.70897	        P1	
 358.13820	 222.78840	 395.38559	        P1	
 358.13820	 285.40213	 195.63352	        P1	
 359.39925	 421.55061	  26.25607	        P1	
 359.39925	 610.84793	 172.46639	        P1	
 360.66030	 163.08692	 461.28321	        P1	
 360.66030	 286.85829	 292.42057	        P1	
 361.92135	 342.91941	 333.60659	        P1	
 360.66030	 413.54189	 249.17527	        P1	
 360.66030	 589.73401	 166.80330	        P1	
 363.18240	 129.59588	 244.54185	        P1	
 363.18240	 186.38509	  22.13745	        P1	
 363.18240	 307.24413	 485.99481	        P1	
 363.18240	 407.71733	 251.23461	        P1	
 363.18240	 410.62961	 599.25628	        P1	
 364.44345	 439.02421	 223.94887	        P1	
 363.18240	 588.27789	  63.83828	        P1	
 366.96555	 108.48192	 431.93818	        P1	
 365.70450	 157.26240	 291.90577	        P1	
 365.70450	 250.45492	 485.99481	        P1	
 365.70450	 278.12149	  88.54988	        P1	
 365.70450	 329.08613	 438.11608	        P1	
 366.96555	 409.90153	  18.01890	        P1	
 366.96555	 428.83129	 213.65235	        P1	
 365.70450	 528.57641	 372.21847	        P1	
 366.96555	 533.67289	  51.48248	        P1	
 365.70450	 532.94481	 162.16987	        P1	
 369.48765	 271.56889	 496.29127	        P1	
 369.48765	 374.95433	 561.67408	        P1	
 368.22660	 615.94441	 186.88147	        P1	
 370.74870	  93.19252	 611.09728	        P1	
 372.00975	 108.48192	  61.26419	        P1	
 370.74870	 327.63001	 185.33700	        P1	
 370.74870	 502.36601	   0.00000	        P1	
 372.00975	 545.32193	 184.82219	        P1	
 370.74870	 595.55853	 160.11059	        P1	
 372.00975	 615.21633	  47.36392	        P1	
 374.53185	  66.25408	 578.14844	        P1	
 374.53185	 184.20089	  82.37198	        P1	
 373.27080	 228.61292	 363.98129	        P1	
 374.53185	 239.53392	 431.93818	        P1	
 374.53185	 286.13021	 537.47729	        P1	
 374.53185	 390.97181	  37.06740	        P1	
 374.53185	 513.28701	 174.52567	        P1	
 375.79290	  33.49108	 275.43135	        P1	
 377.05395	 251.18301	 532.84386	        P1	
 377.05395	 344.37553	 269.76831	        P1	
 375.79290	 490.71693	 584.84121	        P1	
 377.05395	 599.19889	 261.53107	        P1	
 378.31500	  46.59628	  90.09435	        P1	
 379.57605	 130.32392	 493.71718	        P1	
 378.31500	 133.96428	 250.71975	        P1	
 378.31500	 266.47241	 191.51489	        P1	
 379.57605	 340.00713	 226.52302	        P1	
 379.57605	 348.74393	 448.92741	        P1	
 378.31500	 362.57721	 137.45827	        P1	
 378.31500	 362.57721	 520.48806	        P1	
 378.31500	 444.12069	 244.54185	        P1	
 378.31500	 457.22589	 473.12414	        P1	
 378.31500	 481.98013	 574.02988	        P1	
 378.31500	 582.45333	 487.53928	        P1	
 380.83710	  48.05240	 316.61737	        P1	
 380.83710	  97.56092	 269.76831	        P1	
 380.83710	 112.12228	 181.21837	        P1	
 380.83710	 149.98172	 133.85452	        P1	
 380.83710	 164.54309	 596.68214	        P1	
 380.83710	 279.57761	 464.88696	        P1	
 380.83710	 358.20881	  26.25607	        P1	
 380.83710	 557.69909	 417.52304	        P1	
 380.83710	 580.99721	 290.36129	        P1	
 380.83710	 591.19013	 492.17271	        P1	
 383.35920	  45.14012	 320.73599	        P1	
 383.35920	 152.89400	 469.52039	        P1	
 384.62025	 166.72728	 100.90568	        P1	
 383.35920	 165.99920	 611.61208	        P1	
 384.62025	 197.30609	 429.87884	        P1	
 383.35920	 270.84081	 142.09170	        P1	
 383.35920	 283.94601	 543.65519	        P1	
 383.35920	 321.80549	  14.41508	        P1	
 384.62025	 348.74393	 362.43681	        P1	
 383.35920	 521.29573	 597.19701	        P1	
 385.88130	 106.29772	 160.11059	        P1	
 385.88130	 241.71812	 609.55280	        P1	
 387.14235	 296.32313	 438.11608	        P1	
 385.88130	 299.96349	 502.46917	        P1	
 387.14235	 431.74353	 487.53928	        P1	
 385.88130	 461.59429	 286.24267	        P1	
 385.88130	 578.08493	 485.99481	        P1	
 388.40340	  37.85948	 409.80067	        P1	
 388.40340	 165.99920	 186.88147	        P1	
 389.66445	 171.09569	 609.03794	        P1	
 389.66445	 421.55061	 420.09719	        P1	
 389.66445	 507.46249	 459.22387	        P1	
 392.18655	  88.09608	 446.86807	        P1	
 392.18655	 140.51688	 545.71447	        P1	
 392.18655	 185.65700	 481.87619	        P1	
 392.18655	 388.05953	 430.39371	        P1	
 390.92550	 528.57641	 488.05409	        P1	
 392.18655	 572.98849	 324.85455	        P1	
 390.92550	 604.29533	 555.49618	        P1	
 390.92550	 607.20761	 185.33700	        P1	
 394.70865	  37.13140	 568.36679	        P1	
 393.44760	  39.31560	 619.33446	        P1	
 394.70865	  67.71020	 135.91380	        P1	
 393.44760	  88.82412	  16.47442	        P1	
 394.70865	 152.16592	 487.53928	        P1	
 394.70865	 240.99009	 226.00815	        P1	
 394.70865	 318.16513	 164.74402	        P1	
 394.70865	 468.14689	 242.99737	        P1	
 393.44760	 467.41881	 605.43418	        P1	
 393.44760	 493.62921	 501.95436	        P1	
 394.70865	 514.74313	  98.33159	        P1	
 394.70865	 529.30449	 582.78186	        P1	
 393.44760	 551.87453	 135.39899	        P1	
 397.23075	  51.69272	 313.01361	        P1	
 397.23075	  82.27152	 499.89508	        P1	
 395.96970	 234.43749	 119.43938	        P1	
 395.96970	 396.06829	  57.66038	        P1	
 397.23075	 443.39261	 471.06486	        P1	
 397.23075	 449.21713	 203.35589	        P1	
 395.96970	 541.68161	 562.18889	        P1	
 395.96970	 583.90949	  14.41508	        P1	
 399.75285	  48.78048	 281.60925	        P1	
 398.49180	 132.50812	 184.82219	        P1	
 398.49180	 158.71852	 331.54731	        P1	
 399.75285	 398.25249	 176.58495	        P1	
 398.49180	 436.84001	 223.94887	        P1	
 398.49180	 576.62881	 384.57426	        P1	
 399.75285	 589.00593	 374.79261	        P1	
 401.01390	   1.45612	 479.81691	        P1	
 401.01390	  52.42080	 532.84386	        P1	
 402.27495	 217.69192	 207.98932	        P1	
 402.27495	 243.90232	 591.01911	        P1	
 402.27495	 296.32313	 197.17799	        P1	
 402.27495	 335.63873	 246.60119	        P1	
 401.01390	 368.40173	 302.20229	        P1	
 402.27495	 546.77809	 571.97054	        P1	
 403.53600	 205.31480	  13.90027	        P1	
 403.53600	 247.54269	 238.36395	        P1	
 403.53600	 377.13853	 469.00558	        P1	
 404.79705	 507.46249	 318.67665	        P1	
 407.31915	  64.79792	 555.49618	        P1	
 407.31915	 230.79712	 407.22658	        P1	
 407.31915	 289.04249	 348.02167	        P1	
 407.31915	 332.72649	  14.41508	        P1	
 407.31915	 354.56849	 372.73327	        P1	
 407.31915	 510.37473	 313.01361	        P1	
 406.05810	 541.68161	  75.67927	        P1	
 407.31915	 586.09369	 286.24267	        P1	
 408.58020	  52.42080	  49.42320	        P1	
 408.58020	 279.57761	 155.99197	        P1	
 409.84125	 351.65621	 316.61737	        P1	
 408.58020	 382.96309	 212.10787	        P1	
 408.58020	 419.36641	 154.44750	        P1	
 408.58020	 463.05041	 586.90048	        P1	
 408.58020	 607.20761	 310.43947	        P1	
 411.10230	 149.98172	 424.21581	        P1	
 412.36335	 204.58672	 269.76831	        P1	
 412.36335	 412.81381	 446.35326	        P1	
 412.36335	 465.23461	 586.90048	        P1	
 414.88545	   2.18420	 389.20769	        P1	
 414.88545	  56.06112	 178.64429	        P1	
 414.88545	 108.48192	 580.20778	        P1	
 413.62440	 145.61332	 313.01361	        P1	
 414.88545	 249.72689	 188.94075	        P1	
 413.62440	 339.27909	 281.60925	        P1	
 414.88545	 434.65581	 172.98120	        P1	
 414.88545	 436.11193	 191.00009	        P1	
 413.62440	 550.41841	  80.31270	        P1	
 416.14650	  52.42080	 353.68477	        P1	
 417.40755	 211.86740	 531.29939	        P1	
 417.40755	 222.06032	 530.78458	        P1	
 416.14650	 224.24452	 368.61471	        P1	
 416.14650	 253.36721	 384.57426	        P1	
 416.14650	 288.31441	 488.05409	        P1	
 417.40755	 417.18221	 118.92457	        P1	
 417.40755	 427.37513	 209.53379	        P1	
 417.40755	 466.69073	 282.12411	        P1	
 418.66860	  29.12268	 448.41254	        P1	
 418.66860	  36.40332	 170.92192	        P1	
 419.92965	  83.72768	 516.36944	        P1	
 419.92965	 179.83249	 564.24816	        P1	
 418.66860	 270.84081	  57.14557	        P1	
 418.66860	 387.33149	 409.80067	        P1	
 419.92965	 508.91861	 298.08367	        P1	
 422.45175	  19.65780	 432.45299	        P1	
 421.19070	  59.70148	 107.08358	        P1	
 422.45175	 169.63952	 615.73070	        P1	
 422.45175	 174.00792	 362.43681	        P1	
 421.19070	 206.77092	 164.74402	        P1	
 421.19070	 314.52481	 421.64166	        P1	
 422.45175	 374.95433	 238.87881	        P1	
 421.19070	 378.59469	 256.89765	        P1	
 421.19070	 382.96309	  40.67115	        P1	
 421.19070	 455.76973	 407.22658	        P1	
 421.19070	 470.33109	 162.68468	        P1	
 421.19070	 564.97973	 523.06221	        P1	
 422.45175	 618.12861	 557.55546	        P1	
 423.71280	  43.68400	 341.32897	        P1	
 424.97385	  58.97340	 446.35326	        P1	
 424.97385	 201.67449	 422.15647	        P1	
 424.97385	 249.72689	 397.44487	        P1	
 423.71280	 508.19053	 598.74148	        P1	
 426.23490	 107.75388	 602.86004	        P1	
 427.49595	 168.18340	  13.90027	        P1	
 427.49595	 257.00752	 586.38568	        P1	
 427.49595	 297.77929	 514.82497	        P1	
 427.49595	 423.00673	 547.77381	        P1	
 426.23490	 422.27869	 588.95976	        P1	
 426.23490	 441.20841	 285.72787	        P1	
 426.23490	 495.08533	 481.36138	        P1	
 428.75700	  21.84200	 438.63089	        P1	
 430.01805	  80.81540	 242.48257	        P1	
 428.75700	 116.49068	  63.83828	        P1	
 430.01805	 204.58672	 133.85452	        P1	
 428.75700	 200.94640	 197.69279	        P1	
 428.75700	 269.38469	 201.29655	        P1	
 430.01805	 316.70901	 166.80330	        P1	
 428.75700	 390.24373	  85.97579	        P1	
 430.01805	 472.51529	 107.08358	        P1	
 428.75700	 502.36601	 539.02176	        P1	
 430.01805	 522.02381	 352.14029	        P1	
 428.75700	 614.48830	 496.29127	        P1	
 432.54015	 123.04328	 423.70094	        P1	
 432.54015	 192.93769	 391.26697	        P1	
 431.27910	 269.38469	 207.47445	        P1	
 431.27910	 313.06869	 423.70094	        P1	
 431.27910	 348.01589	 125.61728	        P1	
 432.54015	 473.97141	 131.28037	        P1	
 431.27910	 483.43629	 219.83025	        P1	
 432.54015	 526.39221	 549.83309	        P1	
 432.54015	 545.32193	 529.24011	        P1	
 431.27910	 608.66373	 512.25088	        P1	
 433.80120	 250.45492	 184.82219	        P1	
 433.80120	 288.31441	 613.15656	        P1	
 435.06225	 408.44541	 444.80879	        P1	
 435.06225	 527.84833	 269.76831	        P1	
 436.32330	 119.40292	  22.65232	        P1	
 436.32330	 198.03412	 362.43681	        P1	
 437.58435	 235.16552	  90.60922	        P1	
 437.58435	 335.63873	 499.89508	        P1	
 436.32330	 407.71733	 251.23461	        P1	
 437.58435	 469.60301	 143.63617	        P1	
 440.10645	  96.83288	 175.04047	        P1	
 440.10645	  96.83288	 602.86004	        P1	
 438.84540	 133.96428	 551.89236	        P1	
 438.84540	 215.50772	 325.36941	        P1	
 440.10645	 223.51649	 269.25345	        P1	
 440.10645	 243.90232	 357.80339	        P1	
 438.84540	 489.26081	  26.25607	        P1	
 438.84540	 516.92733	 308.38019	        P1	
 438.84540	 530.03253	  73.61999	        P1	
 440.10645	 593.37433	 456.64978	        P1	
 442.62855	  67.71020	 364.49609	        P1	
 442.62855	  80.81540	 352.14029	        P1	
 441.36750	 120.85908	 127.16175	        P1	
 441.36750	 157.26240	 308.89499	        P1	
 442.62855	 539.49741	 296.53919	        P1	
 441.36750	 564.97973	 141.57689	        P1	
 445.15065	  58.97340	 193.05937	        P1	
 445.15065	 102.65740	 353.68477	        P1	
 443.88960	 126.68360	 568.36679	        P1	
 443.88960	 135.42040	 341.32897	        P1	
 445.15065	 354.56849	 145.69545	        P1	
 445.15065	 385.14729	 619.84926	        P1	
 445.15065	 399.70861	 321.25079	        P1	
 443.88960	 503.82213	 116.86529	        P1	
 445.15065	 581.72529	 485.47994	        P1	
 446.41170	  78.63120	 162.16987	        P1	
 446.41170	 131.05200	  86.49060	        P1	
 446.41170	 158.71852	 246.60119	        P1	
 446.41170	 170.36760	 494.23199	        P1	
 447.67274	 415.72609	   8.23718	        P1	
 447.67274	 487.07661	 483.42066	        P1	
 450.19484	  60.42952	 541.59591	        P1	
 448.93379	  69.89440	  81.85717	        P1	
 448.93379	 152.89400	 267.19417	        P1	
 450.19484	 254.09529	 261.53107	        P1	
 450.19484	 297.77929	 564.24816	        P1	
 450.19484	 425.91901	   6.17790	        P1	
 450.19484	 491.44501	  74.13480	        P1	
 450.19484	 549.69033	 555.49618	        P1	
 450.19484	 618.12861	  94.21297	        P1	
 451.45589	  68.43828	 187.39627	        P1	
 451.45589	  90.28028	 596.68214	        P1	
 452.71694	 117.21872	 382.51499	        P1	
 452.71694	 605.02341	  98.84640	        P1	
 455.23904	  37.13140	 605.43418	        P1	
 455.23904	  66.25408	  34.49325	        P1	
 453.97799	 180.56052	 283.66859	        P1	
 455.23904	 207.49900	 179.15910	        P1	
 453.97799	 222.78840	 347.50687	        P1	
 453.97799	 238.80589	 590.50424	        P1	
 455.23904	 262.83209	 256.89765	        P1	
 455.23904	 395.34021	 488.05409	        P1	
 453.97799	 410.62961	 452.53116	        P1	
 453.97799	 493.62921	 376.85189	        P1	
 455.23904	 508.91861	 217.77097	        P1	
 455.23904	 546.77809	 150.32888	        P1	
 455.23904	 606.47953	 121.49872	        P1	
 456.50009	 281.03373	 479.81691	        P1	
 456.50009	 342.19133	 189.45562	        P1	
 457.76114	 366.21753	  65.89762	        P1	
 457.76114	 399.70861	 593.07838	        P1	
 457.76114	 488.53273	  22.65232	        P1	
 457.76114	 500.18181	 271.82759	        P1	
 457.76114	 533.67289	 392.81144	        P1	
 457.76114	 596.28661	 193.05937	        P1	
 460.28324	  70.62248	 609.03794	        P1	
 459.02219	  82.99960	  49.42320	        P1	
 460.28324	 238.07781	  63.32347	        P1	
 460.28324	 316.70901	 242.48257	        P1	
 459.02219	 374.22629	 422.15647	        P1	
 460.28324	 389.51569	 378.91117	        P1	
 459.02219	 484.89241	 236.30467	        P1	
 459.02219	 589.73401	 458.70906	        P1	
 461.54429	  64.06988	 504.01364	        P1	
 462.80534	  70.62248	  96.27225	        P1	
 462.80534	 108.48192	 110.68739	        P1	
 461.54429	 104.84160	 321.25079	        P1	
 462.80534	 137.60460	  24.71160	        P1	
 462.80534	 150.70980	  50.96767	        P1	
 462.80534	 168.18340	 440.17536	        P1	
 462.80534	 181.28860	  67.95690	        P1	
 461.54429	 232.98132	 357.80339	        P1	
 462.80534	 243.90232	 214.16722	        P1	
 462.80534	 306.51609	  53.02695	        P1	
 461.54429	 308.70029	 195.11865	        P1	
 462.80534	 345.83169	 188.94075	        P1	
 461.54429	 403.34893	 133.85452	        P1	
 462.80534	 420.09449	 119.43938	        P1	
 462.80534	 481.25209	 466.94624	        P1	
 461.54429	 537.31321	 464.88696	        P1	
 464.06639	  97.56092	 586.38568	        P1	
 465.32744	 147.79752	 220.34512	        P1	
 464.06639	 250.45492	 288.30201	        P1	
 464.06639	 412.08573	 362.43681	        P1	
 464.06639	 438.29613	  16.47442	        P1	
 464.06639	 540.22549	  70.01618	        P1	
 464.06639	 546.05001	 117.38010	        P1	
 464.06639	 602.83921	 191.51489	        P1	
 465.32744	 616.67249	 368.09984	        P1	
 466.58849	  43.68400	   6.17790	        P1	
 466.58849	 222.78840	 261.01627	        P1	
 467.84954	 358.93689	 144.15098	        P1	
 467.84954	 453.58553	 578.66331	        P1	
 466.58849	 486.34853	 442.74951	        P1	
 466.58849	 528.57641	 259.47179	        P1	
 466.58849	 535.85709	 490.11337	        P1	
 470.37164	 152.16592	 215.71169	        P1	
 470.37164	 204.58672	 387.14841	        P1	
 469.11059	 270.84081	 137.45827	        P1	
 470.37164	 328.35809	 275.43135	        P1	
 469.11059	 358.20881	 236.30467	        P1	
 470.37164	 379.32273	 492.17271	        P1	
 469.11059	 487.80469	 164.22915	        P1	
 470.37164	 504.55021	 413.91929	        P1	
 470.37164	 577.35689	  39.12668	        P1	
 469.11059	 604.29533	 567.85198	        P1	
 472.89374	  58.97340	 396.93006	        P1	
 472.89374	  74.99088	 551.89236	        P1	
 472.89374	 262.83209	 547.25894	        P1	
 472.89374	 538.04129	 490.11337	        P1	
 472.89374	 580.26913	 356.25891	        P1	
 475.41584	  70.62248	 559.61474	        P1	
 475.41584	 172.55180	 433.99746	        P1	
 474.15479	 209.68320	 562.18889	        P1	
 474.15479	 230.06909	 199.75207	        P1	
 476.67689	  10.19292	 529.24011	        P1	
 477.93794	  56.06112	 251.23461	        P1	
 477.93794	  67.71020	 278.00549	        P1	
 476.67689	 126.68360	 395.38559	        P1	
 477.93794	 404.07701	 611.61208	        P1	
 476.67689	 447.03293	  48.90839	        P1	
 477.93794	 460.86621	 248.66047	        P1	
 480.46004	  40.04368	 306.32085	        P1	
 479.19899	 253.36721	 284.18339	        P1	
 479.19899	 276.66532	 326.91389	        P1	
 479.19899	 301.41961	 432.45299	        P1	
 479.19899	 345.10361	 617.78998	        P1	
 480.46004	 392.42793	 561.67408	        P1	
 479.19899	 409.17349	 324.85455	        P1	
 479.19899	 444.12069	   8.23718	        P1	
 480.46004	 443.39261	 185.33700	        P1	
 480.46004	 478.33981	 556.01099	        P1	
 480.46004	 503.09409	 372.73327	        P1	
 479.19899	 508.19053	 473.63901	        P1	
 481.72109	  37.85948	 175.04047	        P1	
 481.72109	 128.13972	 197.17799	        P1	
 482.98214	 239.53392	 394.87079	        P1	
 481.72109	 269.38469	 448.41254	        P1	
 481.72109	 337.82293	 343.90311	        P1	
 481.72109	 371.31401	 222.40439	        P1	
 482.98214	 465.23461	 341.32897	        P1	
 482.98214	 494.35729	 578.14844	        P1	
 485.50424	 248.27072	 325.36941	        P1	
 485.50424	 305.05993	 172.46639	        P1	
 484.24319	 460.13813	 215.71169	        P1	
 485.50424	 526.39221	 488.05409	        P1	
 484.24319	 556.24293	 283.66859	        P1	
 488.02634	   6.55260	  88.03507	        P1	
 488.02634	  12.37712	 574.02988	        P1	
 486.76529	 174.73600	 347.50687	        P1	
 488.02634	 210.41129	 471.57967	        P1	
 488.02634	 396.79633	 158.56612	        P1	
 486.76529	 455.76973	 140.03242	        P1	
 489.28739	 129.59588	  22.13745	        P1	
 489.28739	 237.34972	  55.08629	        P1	
 490.54844	 373.49821	  32.43397	        P1	
 490.54844	 386.60341	  32.43397	        P1	
 490.54844	 475.42753	 201.81142	        P1	
 490.54844	 546.77809	 374.27774	        P1	
 491.80949	 112.12228	 230.64157	        P1	
 491.80949	 120.85908	 195.11865	        P1	
 493.07054	 206.04289	 522.54734	        P1	
 493.07054	 245.35849	 429.87884	        P1	
 493.07054	 332.72649	 341.84377	        P1	
 491.80949	 458.68201	 259.47179	        P1	
 491.80949	 464.50653	 455.10531	        P1	
 491.80949	 519.83961	 242.48257	        P1	
 491.80949	 547.50613	 265.13489	        P1	
 491.80949	 591.19013	  35.00812	        P1	
 494.33159	 122.31520	 117.38010	        P1	
 495.59264	 255.55141	 118.92457	        P1	
 495.59264	 271.56889	 337.21035	        P1	
 494.33159	 331.99841	 520.48806	        P1	
 494.33159	 495.08533	 197.17799	        P1	
 494.33159	 495.08533	 473.63901	        P1	
 495.59264	 556.97101	 203.87069	        P1	
 495.59264	 596.28661	 285.72787	        P1	
 496.85369	 101.92932	  61.26419	        P1	
 496.85369	 186.38509	 442.23464	        P1	
 496.85369	 195.12189	  45.30458	        P1	
 498.11474	 198.76220	  88.03507	        P1	
 498.11474	 198.76220	 240.93809	        P1	
 496.85369	 390.24373	 512.25088	        P1	
 496.85369	 499.45373	 467.46111	        P1	
 498.11474	 536.58513	 294.47991	        P1	
 498.11474	 549.69033	 104.50949	        P1	
 496.85369	 564.97973	 203.35589	        P1	
 499.37579	 182.01669	 615.21584	        P1	
 500.63684	 239.53392	 493.71718	        P1	
 499.37579	 254.82332	 160.11059	        P1	
 499.37579	 262.10401	 118.92457	        P1	
 500.63684	 296.32313	 325.36941	        P1	
 500.63684	 377.86661	 285.72787	        P1	
 500.63684	 423.00673	 444.29398	        P1	
 499.37579	 435.38389	 156.50678	        P1	
 499.37579	 480.52401	 501.95436	        P1	
 499.37579	 483.43629	 527.18077	        P1	
 499.37579	 537.31321	 222.40439	        P1	
 500.63684	 574.44461	 475.69829	        P1	
 499.37579	 615.94441	 594.62286	        P1	
 503.15894	  54.60500	 518.94359	        P1	
 503.15894	 162.35888	 368.09984	        P1	
 501.89789	 410.62961	 576.08916	        P1	
 503.15894	 577.35689	  14.41508	        P1	
 501.89789	 579.54109	 318.67665	        P1	
 501.89789	 597.01469	 541.08104	        P1	
 505.68104	  67.71020	   1.54447	        P1	
 505.68104	 128.86780	 568.36679	        P1	
 505.68104	 363.30529	 323.31007	        P1	
 505.68104	 433.19969	 442.23464	        P1	
 508.20314	   2.18420	 291.90577	        P1	
 508.20314	 107.02580	  81.85717	        P1	
 508.20314	 128.86780	 520.48806	        P1	
 508.20314	 192.93769	 238.36395	        P1	
 506.94209	 193.66572	 436.57161	        P1	
 508.20314	 222.06032	 425.76028	        P1	
 506.94209	 356.75269	 516.36944	        P1	
 506.94209	 396.06829	 102.45015	        P1	
 506.94209	 547.50613	 357.80339	        P1	
 508.20314	 551.14649	  15.95955	        P1	
 506.94209	 560.61133	 448.92741	        P1	
 506.94209	 567.89201	 420.09719	        P1	
 509.46419	   0.00000	  86.49060	        P1	
 510.72524	 278.84952	 553.95171	        P1	
 510.72524	 305.05993	 191.00009	        P1	
 510.72524	 574.44461	   6.17790	        P1	
 513.24734	 153.62208	 528.72524	        P1	
 513.24734	 331.27033	 333.09179	        P1	
 513.24734	 417.18221	  92.66850	        P1	
 513.24734	 465.23461	 217.77097	        P1	
 513.24734	 476.88369	 491.65784	        P1	
 514.50839	  46.59628	  46.84905	        P1	
 514.50839	 129.59588	 491.65784	        P1	
 515.76944	 127.41168	 578.14844	        P1	
 515.76944	 175.46409	 286.24267	        P1	
 514.50839	 426.64709	 534.90314	        P1	
 515.76944	 431.74353	 337.72521	        P1	
 515.76944	 450.67329	 436.05674	        P1	
 514.50839	 524.20801	 135.91380	        P1	
 514.50839	 541.68161	 112.74667	        P1	
 515.76944	 543.86581	 543.65519	        P1	
 515.76944	 549.69033	 549.31828	        P1	
 515.76944	 593.37433	  36.55259	        P1	
 517.03049	  36.40332	  28.83022	        P1	
 517.03049	  97.56092	 201.81142	        P1	
 517.03049	 163.08692	  67.44209	        P1	
 518.29154	 168.18340	 588.44496	        P1	
 517.03049	 193.66572	 263.59041	        P1	
 518.29154	 545.32193	 197.17799	        P1	
 518.29154	 545.32193	 411.86001	        P1	
 517.03049	 611.57601	 600.80076	        P1	
 519.55259	  69.89440	 162.16987	        P1	
 520.81364	 137.60460	 366.04057	        P1	
 520.81364	 175.46409	 188.94075	        P1	
 520.81364	 249.72689	 551.89236	        P1	
 520.81364	 255.55141	 526.66596	        P1	
 520.81364	 303.60381	 409.28586	        P1	
 520.81364	 418.63833	 343.90311	        P1	
 519.55259	 468.87493	 172.46639	        P1	
 519.55259	 569.34813	 541.59591	        P1	
 522.07469	  80.08732	  92.15369	        P1	
 522.07469	 129.59588	 502.46917	        P1	
 522.07469	 132.50812	  36.55259	        P1	
 523.33574	 353.11233	 530.78458	        P1	
 523.33574	 390.97181	 574.54468	        P1	
 523.33574	 427.37513	 153.93269	        P1	
 523.33574	 433.19969	 100.90568	        P1	
 523.33574	 463.77849	 113.26148	        P1	
 523.33574	 577.35689	 150.32888	        P1	
 522.07469	 592.64629	 429.87884	        P1	
 525.85784	 136.14848	 516.36944	        P1	
 525.85784	 169.63952	 282.12411	        P1	
 524.59679	 262.10401	 347.50687	        P1	
 525.85784	 291.95473	 319.19151	        P1	
 524.59679	 461.59429	 477.75757	        P1	
 524.59679	 595.55853	 147.75479	        P1	
 525.85784	 619.58473	 388.69289	        P1	
 527.11889	   1.45612	 592.56358	        P1	
 527.11889	  82.99960	 464.88696	        P1	
 528.37994	 197.30609	 318.67665	        P1	
 528.37994	 306.51609	 236.81947	        P1	
 527.11889	 495.08533	 356.25891	        P1	
 527.11889	 525.66413	 116.86529	        P1	
 527.11889	 543.13773	 226.52302	        P1	
 528.37994	 549.69033	 574.02988	        P1	
 527.11889	 607.20761	 131.28037	        P1	
 530.90204	  31.30688	 372.73327	        P1	
 530.90204	  48.78048	 423.70094	        P1	
 530.90204	 274.48112	  78.25342	        P1	
 530.90204	 281.76181	 600.80076	        P1	
 529.64099	 304.33189	 170.40705	        P1	
 529.64099	 337.82293	 609.55280	        P1	
 530.90204	 383.69113	 326.91389	        P1	
 529.64099	 431.01549	 361.92194	        P1	
 530.90204	 488.53273	 419.58238	        P1	
 530.90204	 581.72529	   3.60375	        P1	
 530.90204	 587.54981	 446.35326	        P1	
 529.64099	 613.03213	 405.68211	        P1	
 533.42414	  53.14888	 281.60925	        P1	
 532.16309	  87.36800	 265.64969	        P1	
 533.42414	 139.06072	 382.51499	        P1	
 533.42414	 291.95473	 135.39899	        P1	
 532.16309	 301.41961	 613.15656	        P1	
 533.42414	 340.00713	 102.96502	        P1	
 532.16309	 352.38429	 230.64157	        P1	
 532.16309	 382.96309	 534.90314	        P1	
 533.42414	 476.88369	 230.64157	        P1	
 532.16309	 508.19053	 418.03791	        P1	
 532.16309	 532.94481	 180.70357	        P1	
 532.16309	 569.34813	 135.39899	        P1	
 534.68519	  58.24532	  42.73049	        P1	
 535.94624	 192.93769	 453.04597	        P1	
 534.68519	 244.63041	 148.26960	        P1	
 535.94624	 289.04249	 230.64157	        P1	
 534.68519	 337.82293	 246.60119	        P1	
 535.94624	 532.21673	 368.61471	        P1	
 535.94624	 558.42713	  11.84100	        P1	
 535.94624	 567.16393	 300.65781	        P1	
 538.46834	  76.44700	  81.85717	        P1	
 537.20729	 112.12228	  51.48248	        P1	
 538.46834	 143.42912	 228.06749	        P1	
 537.20729	 182.01669	 576.60396	        P1	
 537.20729	 311.61253	 448.92741	        P1	
 538.46834	 340.00713	 226.52302	        P1	
 537.20729	 346.55973	 493.71718	        P1	
 537.20729	 465.96269	  39.12668	        P1	
 537.20729	 610.11989	   9.78165	        P1	
 539.72939	   8.73680	  43.24530	        P1	
 539.72939	  32.03492	 598.74148	        P1	
 540.99044	 101.20128	 207.47445	        P1	
 540.99044	 111.39420	 469.52039	        P1	
 539.72939	 263.56012	 498.35061	        P1	
 539.72939	 292.68281	  13.90027	        P1	
 539.72939	 311.61253	 572.48541	        P1	
 539.72939	 342.19133	 455.10531	        P1	
 543.51254	 146.34140	 389.20769	        P1	
 542.25149	 202.40252	 104.50949	        P1	
 543.51254	 268.65661	 106.56877	        P1	
 543.51254	 379.32273	 578.66331	        P1	
 543.51254	 434.65581	 488.05409	        P1	
 543.51254	 492.90113	 308.38019	        P1	
 543.51254	 489.98889	 374.27774	        P1	
 542.25149	 540.22549	 378.91117	        P1	
 546.03464	  47.32432	 566.30751	        P1	
 546.03464	  53.14888	 460.76834	        P1	
 546.03464	 270.11272	 351.62549	        P1	
 544.77359	 305.78801	 358.31819	        P1	
 546.03464	 348.74393	 380.97051	        P1	
 546.03464	 555.51489	 460.76834	        P1	
 544.77359	 608.66373	  48.90839	        P1	
 546.03464	 607.93569	 158.05125	        P1	
 548.55674	 302.14769	 310.95427	        P1	
 547.29569	 404.80509	 392.81144	        P1	
 547.29569	 416.45413	 152.38822	        P1	
 547.29569	 429.55933	 475.18348	        P1	
 548.55674	 453.58553	 288.30201	        P1	
 547.29569	 496.54149	 256.89765	        P1	
 547.29569	 531.48869	 131.79518	        P1	
 547.29569	 562.06749	 335.66587	        P1	
 549.81779	  48.05240	 378.39637	        P1	
 549.81779	 106.29772	 207.98932	        P1	
 549.81779	 119.40292	 170.92192	        P1	
 549.81779	 135.42040	 273.37207	        P1	
 549.81779	 283.94601	 335.15107	        P1	
 551.07884	 340.00713	 129.22109	        P1	
 551.07884	 561.33941	  94.21297	        P1	
 551.07884	 565.70781	 569.91126	        P1	
 549.81779	 585.36561	 483.42066	        P1	
 553.60094	  83.72768	 181.21837	        P1	
 552.33989	 122.31520	 469.52039	        P1	
 553.60094	 152.16592	  47.36392	        P1	
 553.60094	 246.81461	 234.76019	        P1	
 553.60094	 249.72689	 318.67665	        P1	
 553.60094	 344.37553	 325.36941	        P1	
 553.60094	 369.12981	  61.77900	        P1	
 553.60094	 379.32273	 611.09728	        P1	
 552.33989	 394.61213	 493.71718	        P1	
 553.60094	 469.60301	 248.66047	        P1	
 552.33989	 489.26081	  50.96767	        P1	
 552.33989	 589.73401	  38.61187	        P1	
 552.33989	 614.48830	 125.61728	        P1	
 554.86199	   4.36840	 222.40439	        P1	
 556.12304	  54.60500	 599.25628	        P1	
 556.12304	  69.16632	 469.00558	        P1	
 554.86199	 163.08692	 172.46639	        P1	
 554.86199	 205.31480	 284.18339	        P1	
 554.86199	 246.08652	 191.00009	        P1	
 556.12304	 275.93729	  88.54988	        P1	
 556.12304	 425.91901	 217.77097	        P1	
 554.86199	 429.55933	 535.41801	        P1	
 554.86199	 447.03293	 436.57161	        P1	
 556.12304	 485.62049	  65.38275	        P1	
 554.86199	 553.33069	  34.49325	        P1	
 554.86199	 594.10241	 296.53919	        P1	
 557.38409	 107.75388	 195.11865	        P1	
 558.64514	 178.37632	 510.70641	        P1	
 557.38409	 180.56052	 172.46639	        P1	
 557.38409	 219.87612	 195.63352	        P1	
 558.64514	 268.65661	 174.52567	        P1	
 557.38409	 313.06869	 182.76285	        P1	
 558.64514	 332.72649	 533.35867	        P1	
 557.38409	 350.92813	 380.97051	        P1	
 557.38409	 381.50693	 405.68211	        P1	
 558.64514	 529.30449	 218.28577	        P1	
 558.64514	 542.40969	 156.50678	        P1	
 557.38409	 573.71653	  16.47442	        P1	
 561.16724	  79.35928	 578.14844	        P1	
 559.90619	 141.24492	 448.92741	        P1	
 561.16724	 153.62208	 391.26697	        P1	
 561.16724	 169.63952	 104.50949	        P1	
 559.90619	 247.54269	   9.78165	        P1	
 559.90619	 375.68241	 247.11599	        P1	
 559.90619	 419.36641	 526.66596	        P1	
 561.16724	 427.37513	 308.38019	        P1	
 559.90619	 429.55933	 197.17799	        P1	
 561.16724	 561.33941	 606.97866	        P1	
 559.90619	 613.03213	 203.35589	        P1	
 562.42829	 115.03452	 115.32082	        P1	
 562.42829	 198.03412	 368.61471	        P1	
 562.42829	 214.05160	 216.22649	        P1	
 563.68934	 290.49861	 298.08367	        P1	
 562.42829	 298.50733	 363.98129	        P1	
 563.68934	 328.35809	 150.32888	        P1	
 563.68934	 463.77849	   2.05928	        P1	
 562.42829	 522.75189	 125.61728	        P1	
 562.42829	 524.20801	  63.32347	        P1	
 563.68934	 538.04129	 156.50678	        P1	
 564.95039	  34.94720	  32.43397	        P1	
 566.21144	 195.84992	 170.92192	        P1	
 566.21144	 425.91901	 304.26157	        P1	
 564.95039	 514.01509	 602.86004	        P1	
 564.95039	 566.43589	  70.01618	        P1	
 568.73354	  73.53472	 541.59591	        P1	
 568.73354	  83.72768	 286.24267	        P1	
 567.47249	  85.91188	 576.60396	        P1	
 568.73354	  99.74512	 543.14038	        P1	
 567.47249	 193.66572	 306.83571	        P1	
 568.73354	 258.46369	 372.73327	        P1	
 567.47249	 282.48989	 168.86258	        P1	
 567.47249	 282.48989	 528.72524	        P1	
 567.47249	 283.94601	 446.35326	        P1	
 568.73354	 300.69153	 343.90311	        P1	
 568.73354	 315.25289	 226.00815	        P1	
 567.47249	 343.64749	 490.11337	        P1	
 567.47249	 358.20881	 149.81407	        P1	
 569.99459	  66.98212	 232.70091	        P1	
 569.99459	 115.03452	   4.11862	        P1	
 571.25564	 137.60460	 191.51489	        P1	
 569.99459	 537.31321	 569.91126	        P1	
 569.99459	 556.24293	 591.01911	        P1	
 571.25564	 571.53233	 289.84649	        P1	
 573.77774	 102.65740	  55.60110	        P1	
 572.51669	 142.70108	 601.31556	        P1	
 573.77774	 147.79752	 191.00009	        P1	
 573.77774	 242.44621	  20.07817	        P1	
 573.77774	 427.37513	 461.28321	        P1	
 573.77774	 469.60301	 284.18339	        P1	
 572.51669	 527.12029	 151.87335	        P1	
 576.29984	  76.44700	 222.40439	        P1	
 576.29984	 213.32352	 529.24011	        P1	
 576.29984	 219.14809	 504.01364	        P1	
 575.03879	 305.78801	 106.56877	        P1	
 576.29984	 364.76141	  24.71160	        P1	
 576.29984	 425.91901	 228.58229	        P1	
 575.03879	 477.61173	 238.87881	        P1	
 575.03879	 515.47121	 247.11599	        P1	
 578.82194	  12.37712	 586.38568	        P1	
 577.56089	 186.38509	 434.51227	        P1	
 578.82194	 262.83209	 615.21584	        P1	
 578.82194	 268.65661	 438.63089	        P1	
 577.56089	 403.34893	 498.35061	        P1	
 577.56089	 496.54149	 553.43684	        P1	
 578.82194	 503.09409	 596.68214	        P1	
 577.56089	 598.47081	 186.88147	        P1	
 580.08299	  50.96468	 570.42606	        P1	
 580.08299	  74.26280	 236.30467	        P1	
 580.08299	 170.36760	  37.06740	        P1	
 580.08299	 182.01669	 471.57967	        P1	
 580.08299	 195.12189	 490.11337	        P1	
 581.34404	 248.27072	 382.51499	        P1	
 580.08299	 318.89321	 234.76019	        P1	
 580.08299	 323.26161	 545.19966	        P1	
 581.34404	 376.41049	 403.62277	        P1	
 581.34404	 402.62089	 471.57967	        P1	
 581.34404	 476.88369	 360.37747	        P1	
 582.60509	  39.31560	 278.00549	        P1	
 582.60509	  46.59628	 293.96505	        P1	
 583.86614	 210.41129	 460.76834	        P1	
 582.60509	 218.42000	 236.30467	        P1	
 583.86614	 264.28821	 230.12677	        P1	
 583.86614	 360.39301	 606.97866	        P1	
 582.60509	 369.85789	 151.87335	        P1	
 582.60509	 419.36641	 193.05937	        P1	
 582.60509	 607.20761	 328.97317	        P1	
 586.38824	  79.35928	 368.09984	        P1	
 586.38824	 162.35888	 465.40177	        P1	
 586.38824	 214.77969	 361.92194	        P1	
 585.12719	 238.80589	 310.95427	        P1	
 585.12719	 350.92813	 368.61471	        P1	
 586.38824	 437.56809	 516.36944	        P1	
 585.12719	 499.45373	 394.87079	        P1	
 586.38824	 577.35689	 602.86004	        P1	
 588.91034	 159.44660	 384.57426	        P1	
 588.91034	 210.41129	  83.91645	        P1	
 588.91034	 233.70941	  38.61187	        P1	
 588.91034	 261.37592	 387.14841	        P1	
 588.91034	 315.25289	 255.35317	        P1	
 588.91034	 319.62129	 453.04597	        P1	
 587.64929	 343.64749	 182.76285	        P1	
 588.91034	 393.88409	   9.78165	        P1	
 587.64929	 455.76973	 226.52302	        P1	
 588.91034	 578.81301	 426.27509	        P1	
 591.43244	 192.93769	 576.60396	        P1	
 590.17139	 336.36681	  49.42320	        P1	
 591.43244	 383.69113	 158.56612	        P1	
 590.17139	 391.69989	 341.84377	        P1	
 590.17139	 438.29613	 456.64978	        P1	
 590.17139	 516.92733	 413.40448	        P1	
 590.17139	 611.57601	 518.94359	        P1	
 593.95454	   5.09648	 107.08358	        P1	
 592.69349	   8.73680	  44.78977	        P1	
 592.69349	 241.71812	 356.25891	        P1	
 593.95454	 275.93729	  90.09435	        P1	
 593.95454	 398.25249	 244.54185	        P1	
 592.69349	 464.50653	 524.60668	        P1	
 592.69349	 541.68161	 279.54997	        P1	
 592.69349	 576.62881	 248.66047	        P1	
 596.47664	 198.76220	 463.34249	        P1	
 596.47664	 217.69192	 492.17271	        P1	
 595.21559	 262.10401	 273.37207	        P1	
 596.47664	 291.95473	 300.65781	        P1	
 596.47664	 369.12981	 210.04859	        P1	
 595.21559	 455.76973	 102.96502	        P1	
 595.21559	 481.98013	  24.19679	        P1	
 596.47664	 495.81341	  44.78977	        P1	
 596.47664	 574.44461	 155.99197	        P1	
 598.99874	  45.86820	 261.01627	        P1	
 598.99874	  57.51728	 249.17527	        P1	
 597.73769	 139.78880	 117.38010	        P1	
 597.73769	 216.96389	 446.86807	        P1	
 598.99874	 248.27072	 424.21581	        P1	
 598.99874	 316.70901	 100.39087	        P1	
 598.99874	 475.42753	 492.17271	        P1	
 601.52084	 124.49940	 617.78998	        P1	
 601.52084	 144.88528	 372.73327	        P1	
 600.25979	 203.85869	 201.29655	        P1	
 600.25979	 397.52441	 556.01099	        P1	
 600.25979	 509.64669	 188.94075	        P1	
 601.52084	 578.81301	 378.39637	        P1	
 600.25979	 592.64629	 405.16724	        P1	
 604.04294	 108.48192	 462.82768	        P1	
 602.78189	 254.82332	 376.33709	        P1	
 602.78189	 273.75309	 502.46917	        P1	
 604.04294	 405.53313	 368.61471	        P1	
 602.78189	 409.17349	 405.16724	        P1	
 602.78189	 413.54189	 107.08358	        P1	
 604.04294	 567.16393	  42.73049	        P1	
 606.56504	  63.34180	 111.20220	        P1	
 605.30399	 205.31480	 191.51489	        P1	
 606.56504	 271.56889	 372.73327	        P1	
 606.56504	 275.93729	 378.91117	        P1	
 605.30399	 281.03373	 598.74148	        P1	
 606.56504	 299.23541	 599.25628	        P1	
 605.30399	 334.91069	 417.52304	        P1	
 605.30399	 365.48949	  83.91645	        P1	
 605.30399	 602.83921	 112.74667	        P1	
 606.56504	 615.21633	 617.27518	        P1	
 609.08714	  98.28900	 160.62540	        P1	
 609.08714	 123.04328	  32.94878	        P1	
 607.82609	 273.75309	 398.98934	        P1	
 609.08714	 377.86661	 352.14029	        P1	
 609.08714	 503.09409	 479.30204	        P1	
 609.08714	 506.00633	 617.27518	        P1	
 607.82609	 531.48869	 312.49875	        P1	
 607.82609	 548.96229	  22.13745	        P1	
 609.08714	 571.53233	 325.36941	        P1	
 609.08714	 602.11113	 431.93818	        P1	
 607.82609	 605.75149	 256.89765	        P1	
 610.34819	   4.36840	 426.27509	        P1	
 611.60924	  19.65780	 450.98669	        P1	
 611.60924	  53.14888	 527.18077	        P1	
 610.34819	  75.71892	 319.19151	        P1	
 610.34819	  99.01708	  45.30458	        P1	
 610.34819	 128.13972	 166.28849	        P1	
 611.60924	 211.86740	 142.09170	        P1	
 610.34819	 410.62961	 407.74139	        P1	
 610.34819	 592.64629	  15.95955	        P1	
 612.87029	  16.01748	 256.89765	        P1	
 614.13134	 130.32392	 436.57161	        P1	
 612.87029	 221.33229	  20.59298	        P1	
 612.87029	 257.73561	 489.59856	        P1	
 612.87029	 333.45453	 387.14841	        P1	
 614.13134	 417.18221	 452.53116	        P1	
 612.87029	 463.05041	 236.30467	        P1	
 614.13134	 517.65541	  88.03507	        P1	
 616.65344	  34.21912	 189.45562	        P1	
 615.39239	  91.73640	 469.52039	        P1	
 615.39239	 110.66612	 543.14038	        P1	
 616.65344	 143.42912	  96.78712	        P1	
 615.39239	 203.85869	  90.09435	        P1	
 616.65344	 220.60420	 508.13226	        P1	
 616.65344	 254.09529	 242.99737	        P1	
 615.39239	 435.38389	 317.13217	        P1	
 615.39239	 438.29613	 405.68211	        P1	
 616.65344	 478.33981	 242.48257	        P1	
 615.39239	 487.80469	 417.52304	        P1	
 616.65344	 548.23421	 500.40989	        P1	
 615.39239	 550.41841	 154.44750	        P1	
 616.65344	 568.62009	  40.67115	        P1	
 615.39239	 580.99721	  69.50137	        P1	
 619.17554	  86.63992	 374.79261	        P1	
 619.17554	 220.60420	  30.88950	        P1	
 619.17554	 273.02501	 562.18889	        P1	
 617.91449	 366.94561	 316.61737	        P1	
 617.91449	 375.68241	 168.34777	        P1	
 619.17554	 390.97181	  69.50137	        P1	
