2101.00000	   0.00000	   0.00000	   0.00000	
   0.00000	  55.33308	 442.23464	        P1	
   1.26105	 127.41168	 224.46367	        P1	
   0.00000	 141.24492	  78.25342	        P1	
   1.26105	 149.25368	   9.78165	        P1	
   0.00000	 384.41921	   6.17790	        P1	
   1.26105	 571.53233	 382.51499	        P1	
   3.78315	 143.42912	 214.16722	        P1	
   3.78315	 201.67449	 256.89765	        P1	
   2.52210	 206.77092	  10.29652	        P1	
   2.52210	 276.66532	  42.73049	        P1	
   2.52210	 361.12109	 195.11865	        P1	
   3.78315	 388.05953	 611.09728	        P1	
   3.78315	 540.95353	 308.38019	        P1	
   2.52210	 597.01469	  65.38275	        P1	
   6.30525	   0.72808	  77.73855	        P1	
   5.04420	  96.10480	 316.61737	        P1	
   6.30525	 131.78008	 459.22387	        P1	
   6.30525	 176.92020	 310.43947	        P1	
   5.04420	 174.73600	 372.21847	        P1	
   5.04420	 407.71733	 376.33709	        P1	
   5.04420	 455.76973	 597.19701	        P1	
   6.30525	 465.23461	  61.77900	        P1	
   5.04420	 487.80469	 107.08358	        P1	
   6.30525	 568.62009	 230.64157	        P1	
   5.04420	 572.26041	 112.74667	        P1	
   8.82735	  16.74552	 455.10531	        P1	
   8.82735	 111.39420	 358.31819	        P1	
   7.56630	 113.57840	  75.67927	        P1	
   7.56630	 117.94680	 401.56349	        P1	
   7.56630	 237.34972	 308.38019	        P1	
   8.82735	 273.02501	 230.12677	        P1	
   7.56630	 372.77013	 547.77381	        P1	
   7.56630	 429.55933	 289.84649	        P1	
   7.56630	 455.76973	 510.70641	        P1	
   8.82735	 554.05873	   5.66310	        P1	
   8.82735	 586.09369	 244.54185	        P1	
  10.08840	  30.57880	 586.90048	        P1	
  11.34945	  82.27152	 512.25088	        P1	
  11.34945	 174.00792	  53.54182	        P1	
  10.08840	 412.08573	 345.44759	        P1	
  11.34945	 421.55061	  61.77900	        P1	
  10.08840	 528.57641	  30.88950	        P1	
  12.61050	   2.91228	 527.18077	        P1	
  12.61050	  11.64908	 545.71447	        P1	
  12.61050	  20.38588	 120.98385	        P1	
  12.61050	  37.85948	 100.90568	        P1	
  13.87155	 305.05993	 246.60119	        P1	
  13.87155	 303.60381	 611.61208	        P1	
  15.13260	  29.12268	 448.41254	        P1	
  16.39365	  57.51728	  14.41508	        P1	
  15.13260	 138.33268	 113.26148	        P1	
  16.39365	 185.65700	 407.74139	        P1	
  16.39365	 379.32273	 319.19151	        P1	
  15.13260	 425.19093	 450.47188	        P1	
  15.13260	 448.48909	 349.56614	        P1	
  15.13260	 451.40133	 166.28849	        P1	
  15.13260	 455.76973	 133.85452	        P1	
  16.39365	 469.60301	  92.66850	        P1	
  15.13260	 532.94481	  92.66850	        P1	
  18.91575	  13.83328	 100.90568	        P1	
  18.91575	  21.11392	 191.00009	        P1	
  17.65470	  96.10480	 432.45299	        P1	
  18.91575	 152.16592	 431.93818	        P1	
  18.91575	 175.46409	 459.22387	        P1	
  18.91575	 243.90232	 382.51499	        P1	
  17.65470	 276.66532	 288.30201	        P1	
  17.65470	 361.12109	 249.17527	        P1	
  21.43785	  54.60500	 254.83837	        P1	
  20.17680	  64.06988	 380.45564	        P1	
  21.43785	 112.85032	 263.59041	        P1	
  20.17680	 128.13972	 363.98129	        P1	
  21.43785	 141.97300	 433.99746	        P1	
  21.43785	 210.41129	 244.54185	        P1	
  21.43785	 258.46369	 473.12414	        P1	
  20.17680	 406.26121	 372.21847	        P1	
  21.43785	 412.81381	 253.29389	        P1	
  20.17680	 429.55933	 215.71169	        P1	
  20.17680	 490.71693	 376.33709	        P1	
  21.43785	 564.25169	 409.80067	        P1	
  21.43785	 568.62009	 436.05674	        P1	
  23.95995	  15.28940	 539.02176	        P1	
  22.69890	  69.89440	   6.17790	        P1	
  22.69890	  90.28028	  96.27225	        P1	
  23.95995	  93.92060	 574.54468	        P1	
  22.69890	 125.22748	  57.66038	        P1	
  23.95995	 139.06072	 121.49872	        P1	
  23.95995	 184.20089	 287.78715	        P1	
  22.69890	 265.01629	  76.19408	        P1	
  22.69890	 496.54149	 213.65235	        P1	
  22.69890	 541.68161	  18.53370	        P1	
  25.22100	  56.78920	  13.90027	        P1	
  25.22100	  64.06988	 497.83574	        P1	
  25.22100	 160.17469	 471.57967	        P1	
  25.22100	 215.50772	 442.74951	        P1	
  26.48205	 281.76181	 370.67399	        P1	
  25.22100	 317.43709	 281.60925	        P1	
  26.48205	 441.93649	 471.57967	        P1	
  26.48205	 469.60301	 427.81956	        P1	
  26.48205	 519.11153	 598.74148	        P1	
  25.22100	 599.92693	 586.38568	        P1	
  25.22100	 614.48830	 263.07555	        P1	
  29.00415	 118.67488	 613.67136	        P1	
  29.00415	 156.53432	 462.82768	        P1	
  29.00415	 191.48152	 153.93269	        P1	
  29.00415	 210.41129	 232.18605	        P1	
  27.74310	 230.06909	  65.38275	        P1	
  29.00415	 328.35809	 613.67136	        P1	
  27.74310	 378.59469	 187.39627	        P1	
  29.00415	 395.34021	  75.67927	        P1	
  27.74310	 557.69909	 341.84377	        P1	
  31.52625	  19.65780	 290.36129	        P1	
  31.52625	 172.55180	 230.12677	        P1	
  30.26520	 278.12149	 236.81947	        P1	
  30.26520	 278.12149	 238.36395	        P1	
  30.26520	 365.48949	 595.13766	        P1	
  31.52625	 412.81381	 137.45827	        P1	
  30.26520	 420.82253	 487.53928	        P1	
  30.26520	 564.97973	 473.63901	        P1	
  32.78730	  10.19292	  28.83022	        P1	
  34.04835	  47.32432	 282.12411	        P1	
  34.04835	  96.83288	 564.24816	        P1	
  34.04835	 152.16592	 578.66331	        P1	
  32.78730	 173.27989	 100.90568	        P1	
  34.04835	 274.48112	 598.74148	        P1	
  34.04835	 396.79633	 160.11059	        P1	
  34.04835	 393.88409	 465.40177	        P1	
  34.04835	 421.55061	 321.25079	        P1	
  36.57045	  98.28900	 278.00549	        P1	
  35.30940	 144.15720	   6.17790	        P1	
  35.30940	 190.75349	 504.01364	        P1	
  36.57045	 281.76181	  69.50137	        P1	
  35.30940	 279.57761	 613.15656	        P1	
  35.30940	 299.96349	  26.77088	        P1	
  35.30940	 333.45453	 591.01911	        P1	
  36.57045	 405.53313	 308.38019	        P1	
  35.30940	 414.99801	  98.84640	        P1	
  35.30940	 515.47121	  32.43397	        P1	
  36.57045	 542.40969	 454.59044	        P1	
  37.83150	  21.84200	 228.58229	        P1	
  39.09255	  34.21912	 153.93269	        P1	
  37.83150	  48.05240	 364.49609	        P1	
  37.83150	 247.54269	 170.40705	        P1	
  39.09255	 258.46369	 479.30204	        P1	
  37.83150	 414.99801	 335.15107	        P1	
  39.09255	 468.14689	  82.37198	        P1	
  39.09255	 501.63793	 203.35589	        P1	
  37.83150	 534.40093	  61.26419	        P1	
  37.83150	 559.15521	  55.60110	        P1	
  39.09255	 577.35689	 619.84926	        P1	
  41.61465	 111.39420	 117.38010	        P1	
  40.35360	 275.20921	 401.56349	        P1	
  41.61465	 351.65621	  38.61187	        P1	
  40.35360	 391.69989	 596.68214	        P1	
  40.35360	 496.54149	  46.84905	        P1	
  40.35360	 550.41841	 508.13226	        P1	
  40.35360	 580.99721	 304.26157	        P1	
  44.13675	  38.58752	 195.63352	        P1	
  44.13675	  42.95592	 127.67662	        P1	
  44.13675	  50.23660	 421.64166	        P1	
  42.87570	  56.78920	 149.81407	        P1	
  44.13675	 121.58712	 283.66859	        P1	
  44.13675	 134.69232	 234.24539	        P1	
  44.13675	 166.72728	 448.41254	        P1	
  44.13675	 190.02540	 390.75216	        P1	
  42.87570	 313.06869	 428.33437	        P1	
  44.13675	 315.25289	 392.81144	        P1	
  42.87570	 414.99801	 285.72787	        P1	
  42.87570	 595.55853	 387.14841	        P1	
  45.39780	  66.98212	 518.42878	        P1	
  45.39780	  96.10480	 556.01099	        P1	
  45.39780	 362.57721	 525.12149	        P1	
  45.39780	 401.89281	 594.62286	        P1	
  46.65885	 441.93649	 162.68468	        P1	
  45.39780	 444.12069	 188.94075	        P1	
  46.65885	 481.25209	 317.13217	        P1	
  46.65885	 540.95353	  72.07552	        P1	
  49.18095	  53.14888	  90.09435	        P1	
  49.18095	  77.90312	 263.59041	        P1	
  47.91990	 116.49068	 331.03245	        P1	
  47.91990	 168.91149	  94.72778	        P1	
  47.91990	 208.22709	  22.13745	        P1	
  49.18095	 326.90193	 172.46639	        P1	
  47.91990	 359.66493	  92.15369	        P1	
  47.91990	 487.80469	 181.21837	        P1	
  47.91990	 527.12029	  71.56065	        P1	
  47.91990	 608.66373	 572.48541	        P1	
  51.70305	  56.06112	 178.64429	        P1	
  50.44200	 109.21000	 364.49609	        P1	
  51.70305	 203.13060	 129.73590	        P1	
  50.44200	 288.31441	 143.63617	        P1	
  51.70305	 425.91901	 347.50687	        P1	
  52.96410	 278.12149	 298.59847	        P1	
  54.22515	 329.81421	 125.10247	        P1	
  52.96410	 336.36681	 216.22649	        P1	
  52.96410	 428.10321	 191.51489	        P1	
  54.22515	 605.02341	 574.54468	        P1	
  56.74725	 150.70980	 172.98120	        P1	
  56.74725	 232.25329	  15.95955	        P1	
  55.48620	 259.19172	 419.58238	        P1	
  55.48620	 435.38389	  20.59298	        P1	
  56.74725	 508.91861	 588.44496	        P1	
  58.00830	 222.78840	 197.69279	        P1	
  59.26935	 326.90193	 177.09982	        P1	
  58.00830	 349.47201	 378.39637	        P1	
  58.00830	 473.24333	 226.52302	        P1	
  58.00830	 480.52401	 160.62540	        P1	
  58.00830	 480.52401	 403.10796	        P1	
  59.26935	 613.76021	 129.73590	        P1	
  60.53040	  37.85948	 267.70897	        P1	
  60.53040	  39.31560	 254.83837	        P1	
  60.53040	 232.98132	 104.50949	        P1	
  61.79145	 238.07781	 328.97317	        P1	
  60.53040	 342.19133	 356.25891	        P1	
  61.79145	 388.05953	 325.36941	        P1	
  61.79145	 395.34021	 366.04057	        P1	
  60.53040	 614.48830	 588.95976	        P1	
  63.05250	  91.73640	 619.33446	        P1	
  64.31355	  96.83288	 193.57417	        P1	
  63.05250	 100.47320	 605.43418	        P1	
  64.31355	 172.55180	 142.09170	        P1	
  64.31355	 219.14809	 317.13217	        P1	
  63.05250	 350.92813	 135.39899	        P1	
  63.05250	 439.75229	 496.29127	        P1	
  63.05250	 575.17269	 539.53657	        P1	
  63.05250	 582.45333	 325.36941	        P1	
  66.83565	  45.86820	 489.59856	        P1	
  65.57460	  66.98212	 152.38822	        P1	
  66.83565	  93.92060	 197.69279	        P1	
  66.83565	  93.92060	 599.25628	        P1	
  65.57460	 104.84160	 458.70906	        P1	
  66.83565	 120.13100	 531.29939	        P1	
  66.83565	 187.11312	 380.97051	        P1	
  65.57460	 231.52521	 339.78449	        P1	
  65.57460	 269.38469	 300.14295	        P1	
  65.57460	 270.84081	 125.10247	        P1	
  66.83565	 337.09489	 113.26148	        P1	
  65.57460	 410.62961	 316.61737	        P1	
  66.83565	 552.60261	 446.35326	        P1	
  65.57460	 592.64629	 335.66587	        P1	
  68.09670	  59.70148	 114.80595	        P1	
  69.35775	 185.65700	  12.35580	        P1	
  69.35775	 201.67449	 145.69545	        P1	
  69.35775	 230.79712	 498.35061	        P1	
  70.61880	  50.96468	 360.37747	        P1	
  70.61880	  53.87692	  85.97579	        P1	
  71.87985	  66.25408	 522.54734	        P1	
  70.61880	  75.71892	 123.04319	        P1	
  71.87985	 220.60420	 223.94887	        P1	
  71.87985	 390.97181	 290.36129	        P1	
  70.61880	 564.97973	 561.67408	        P1	
  70.61880	 580.99721	 290.36129	        P1	
  71.87985	 618.12861	 106.56877	        P1	
  73.14090	   5.82452	 481.36138	        P1	
  73.14090	  42.22788	 497.83574	        P1	
  73.14090	 291.22669	 137.97308	        P1	
  73.14090	 425.19093	 611.09728	        P1	
  73.14090	 493.62921	  55.60110	        P1	
  74.40195	 538.04129	 195.11865	        P1	
  76.92405	  25.48232	 314.55809	        P1	
  76.92405	 227.88489	 477.75757	        P1	
  76.92405	 290.49861	  18.53370	        P1	
  75.66300	 317.43709	 324.85455	        P1	
  75.66300	 337.82293	 158.56612	        P1	
  76.92405	 417.18221	 606.97866	        P1	
  75.66300	 559.15521	  98.84640	        P1	
  75.66300	 592.64629	 293.96505	        P1	
  78.18510	  32.03492	 617.27518	        P1	
  79.44615	  51.69272	 524.60668	        P1	
  79.44615	  54.60500	 427.81956	        P1	
  78.18510	  84.45572	 207.98932	        P1	
  79.44615	 258.46369	 267.70897	        P1	
  78.18510	 278.12149	 374.27774	        P1	
  79.44615	 354.56849	 588.95976	        P1	
  79.44615	 428.83129	 164.22915	        P1	
  79.44615	 503.09409	 205.92997	        P1	
  80.70720	  94.64868	 137.97308	        P1	
  81.96825	 125.95552	 516.88431	        P1	
  80.70720	 237.34972	 221.88959	        P1	
  81.96825	 278.84952	 158.56612	        P1	
  81.96825	 350.20009	 497.83574	        P1	
  81.96825	 377.86661	 582.26706	        P1	
  80.70720	 477.61173	 289.84649	        P1	
  80.70720	 495.08533	  98.33159	        P1	
  81.96825	 554.05873	  67.44209	        P1	
  84.49035	  77.90312	 183.27772	        P1	
  84.49035	 163.81500	 199.23727	        P1	
  83.22930	 320.34933	 560.12961	        P1	
  84.49035	 329.81421	 271.82759	        P1	
  84.49035	 370.58593	 561.67408	        P1	
  84.49035	 546.77809	  88.54988	        P1	
  85.75140	  20.38588	 256.89765	        P1	
  87.01245	  44.41208	 491.65784	        P1	
  85.75140	  78.63120	 100.39087	        P1	
  85.75140	 391.69989	 423.70094	        P1	
  85.75140	 445.57681	 378.39637	        P1	
  87.01245	 473.97141	 172.98120	        P1	
  87.01245	 572.98849	 150.32888	        P1	
  89.53455	  64.79792	 232.70091	        P1	
  89.53455	 104.11352	 401.04869	        P1	
  88.27350	 113.57840	 576.08916	        P1	
  89.53455	 131.78008	 213.65235	        P1	
  89.53455	 172.55180	 494.23199	        P1	
  88.27350	 339.27909	 341.84377	        P1	
  88.27350	 371.31401	 512.76569	        P1	
  88.27350	 390.24373	 430.39371	        P1	
  89.53455	 406.98929	 440.69017	        P1	
  88.27350	 493.62921	 421.64166	        P1	
  92.05665	  28.39460	 328.97317	        P1	
  90.79560	  77.17508	 343.38825	        P1	
  90.79560	 214.05160	 426.27509	        P1	
  90.79560	 401.89281	 464.88696	        P1	
  90.79560	 438.29613	 578.66331	        P1	
  92.05665	 578.81301	 611.61208	        P1	
  92.05665	 599.19889	 411.34514	        P1	
  93.31770	  87.36800	 172.98120	        P1	
  93.31770	 104.84160	 401.56349	        P1	
  93.31770	 133.96428	 238.36395	        P1	
  93.31770	 263.56012	 207.98932	        P1	
  94.57875	 331.27033	 615.73070	        P1	
  93.31770	 352.38429	 564.24816	        P1	
  93.31770	 369.85789	 553.43684	        P1	
  93.31770	 393.15601	 160.62540	        P1	
  94.57875	 401.16473	 481.36138	        P1	
  93.31770	 493.62921	 606.97866	        P1	
  94.57875	 514.74313	 116.86529	        P1	
  93.31770	 560.61133	 604.91938	        P1	
  93.31770	 564.97973	 221.88959	        P1	
  95.83980	 109.21000	 421.64166	        P1	
  95.83980	 190.75349	 595.13766	        P1	
  95.83980	 251.91109	 434.51227	        P1	
  95.83980	 324.71773	 333.09179	        P1	
  97.10085	 421.55061	 401.56349	        P1	
  95.83980	 483.43629	 405.16724	        P1	
  97.10085	 513.28701	 148.26960	        P1	
  99.62295	  91.00832	 543.14038	        P1	
  98.36190	  93.19252	  18.01890	        P1	
  99.62295	 157.99048	  45.30458	        P1	
  99.62295	 176.92020	 352.14029	        P1	
  99.62295	 179.83249	 144.15098	        P1	
  98.36190	 192.20960	 278.00549	        P1	
  98.36190	 307.24413	  65.89762	        P1	
  98.36190	 417.91029	 516.36944	        P1	
 102.14505	  69.16632	 444.29398	        P1	
 100.88400	 174.73600	 322.79527	        P1	
 102.14505	 197.30609	 131.79518	        P1	
 100.88400	 231.52521	 376.85189	        P1	
 102.14505	 280.30569	 403.62277	        P1	
 100.88400	 375.68241	 129.73590	        P1	
 100.88400	 380.05081	 148.26960	        P1	
 102.14505	 437.56809	 392.81144	        P1	
 100.88400	 436.84001	 440.17536	        P1	
 100.88400	 463.05041	 395.38559	        P1	
 100.88400	 502.36601	 452.53116	        P1	
 100.88400	 519.83961	 556.01099	        P1	
 100.88400	 569.34813	 510.70641	        P1	
 104.66715	  40.04368	 397.44487	        P1	
 103.40610	  62.61372	 220.34512	        P1	
 103.40610	  64.06988	 323.31007	        P1	
 103.40610	  94.64868	  70.01618	        P1	
 104.66715	 178.37632	 234.24539	        P1	
 103.40610	 211.13932	 368.61471	        P1	
 103.40610	 282.48989	  26.77088	        P1	
 103.40610	 295.59509	  82.37198	        P1	
 104.66715	 366.21753	 296.02439	        P1	
 103.40610	 368.40173	 289.84649	        P1	
 103.40610	 524.20801	  43.24530	        P1	
 107.18925	  60.42952	 510.70641	        P1	
 107.18925	  99.74512	 123.04319	        P1	
 107.18925	 111.39420	 265.64969	        P1	
 107.18925	 257.00752	 320.73599	        P1	
 107.18925	 258.46369	 324.85455	        P1	
 105.92820	 340.73521	 117.38010	        P1	
 105.92820	 375.68241	 155.99197	        P1	
 107.18925	 430.28741	 501.95436	        P1	
 105.92820	 505.27829	 300.14295	        P1	
 107.18925	 524.93609	 355.74404	        P1	
 108.45030	  48.05240	 123.55800	        P1	
 109.71135	 325.44581	 426.27509	        P1	
 109.71135	 460.86621	 464.88696	        P1	
 112.23345	  12.37712	 586.38568	        P1	
 110.97240	 164.54309	 304.77637	        P1	
 110.97240	 168.91149	 547.25894	        P1	
 112.23345	 197.30609	 269.25345	        P1	
 112.23345	 379.32273	 376.33709	        P1	
 112.23345	 402.62089	 584.32634	        P1	
 110.97240	 551.87453	 102.96502	        P1	
 114.75555	 261.37592	 220.34512	        P1	
 113.49450	 359.66493	 479.81691	        P1	
 114.75555	 376.41049	 609.03794	        P1	
 114.75555	 526.39221	 488.05409	        P1	
 116.01660	 110.66612	 170.92192	        P1	
 116.01660	 176.19212	  11.84100	        P1	
 117.27765	 224.97260	 568.36679	        P1	
 116.01660	 231.52521	 574.54468	        P1	
 117.27765	 238.07781	 191.51489	        P1	
 117.27765	 328.35809	 508.64707	        P1	
 116.01660	 343.64749	 460.76834	        P1	
 116.01660	 350.92813	 399.50421	        P1	
 118.53870	  49.50852	 232.70091	        P1	
 118.53870	  78.63120	 174.52567	        P1	
 119.79975	  88.09608	  70.01618	        P1	
 119.79975	  92.46448	 397.44487	        P1	
 118.53870	  96.10480	 396.93006	        P1	
 118.53870	 219.87612	 326.91389	        P1	
 118.53870	 311.61253	 407.22658	        P1	
 118.53870	 342.19133	 356.25891	        P1	
 118.53870	 416.45413	 510.70641	        P1	
 119.79975	 444.84873	 220.34512	        P1	
 118.53870	 486.34853	  24.19679	        P1	
 119.79975	 538.04129	 619.84926	        P1	
 118.53870	 551.87453	 547.77381	        P1	
 118.53870	 566.43589	 485.47994	        P1	
 121.06080	   5.82452	  55.08629	        P1	
 121.06080	  37.85948	 504.01364	        P1	
 121.06080	 112.12228	  15.95955	        P1	
 121.06080	 235.89361	 358.31819	        P1	
 121.06080	 317.43709	  40.67115	        P1	
 122.32185	 338.55101	 143.63617	        P1	
 122.32185	 388.05953	 121.49872	        P1	
 121.06080	 420.82253	 289.84649	        P1	
 121.06080	 425.19093	 444.29398	        P1	
 123.58290	  77.17508	  94.72778	        P1	
 123.58290	 167.45532	 603.37491	        P1	
 124.84395	 206.04289	 261.53107	        P1	
 124.84395	 278.84952	 553.95171	        P1	
 124.84395	 287.58632	 183.27772	        P1	
 123.58290	 320.34933	  85.97579	        P1	
 123.58290	 414.99801	  37.06740	        P1	
 124.84395	 487.07661	 438.63089	        P1	
 127.36605	  72.07860	 378.39637	        P1	
 126.10500	  81.54348	 582.78186	        P1	
 126.10500	 152.89400	  63.32347	        P1	
 127.36605	 248.27072	 374.79261	        P1	
 127.36605	 289.04249	 386.63354	        P1	
 126.10500	 426.64709	  94.72778	        P1	
 127.36605	 430.28741	  44.78977	        P1	
 126.10500	 436.84001	 265.64969	        P1	
 126.10500	 486.34853	 506.07298	        P1	
 127.36605	 562.79553	 530.78458	        P1	
 127.36605	 581.72529	 306.32085	        P1	
 126.10500	 613.03213	 394.87079	        P1	
 129.88815	 111.39420	 532.84386	        P1	
 128.62710	 160.17469	  53.02695	        P1	
 129.88815	 163.81500	 117.38010	        P1	
 128.62710	 179.10440	 191.51489	        P1	
 128.62710	 205.31480	 407.74139	        P1	
 128.62710	 273.75309	 298.59847	        P1	
 129.88815	 344.37553	 146.21032	        P1	
 129.88815	 444.84873	  36.55259	        P1	
 129.88815	 466.69073	 591.01911	        P1	
 128.62710	 497.99761	 335.15107	        P1	
 128.62710	 582.45333	  73.61999	        P1	
 131.14920	   8.73680	  30.88950	        P1	
 131.14920	   8.73680	 335.15107	        P1	
 132.41025	 153.62208	 397.44487	        P1	
 131.14920	 281.03373	 226.52302	        P1	
 131.14920	 385.87533	 617.27518	        P1	
 132.41025	 545.32193	  96.78712	        P1	
 131.14920	 557.69909	  71.56065	        P1	
 132.41025	 581.72529	 195.11865	        P1	
 131.14920	 605.75149	 442.23464	        P1	
 133.67130	   5.82452	 393.32631	        P1	
 133.67130	  39.31560	 310.43947	        P1	
 133.67130	  71.35052	 506.07298	        P1	
 134.93235	 174.00792	 405.68211	        P1	
 133.67130	 187.84120	  32.43397	        P1	
 133.67130	 228.61292	 547.77381	        P1	
 133.67130	 266.47241	 389.20769	        P1	
 133.67130	 416.45413	  90.60922	        P1	
 134.93235	 476.88369	 514.82497	        P1	
 133.67130	 492.17309	  46.84905	        P1	
 133.67130	 514.01509	 459.22387	        P1	
 134.93235	 552.60261	 495.77646	        P1	
 133.67130	 560.61133	  85.97579	        P1	
 134.93235	 564.25169	 263.07555	        P1	
 136.19340	  45.14012	 141.57689	        P1	
 137.45445	 249.72689	  82.37198	        P1	
 137.45445	 289.04249	 615.21584	        P1	
 136.19340	 308.70029	 528.72524	        P1	
 137.45445	 437.56809	 380.45564	        P1	
 137.45445	 443.39261	 605.43418	        P1	
 138.71550	  29.12268	 300.14295	        P1	
 139.97655	  80.81540	 160.62540	        P1	
 138.71550	 113.57840	 444.80879	        P1	
 138.71550	 276.66532	 265.13489	        P1	
 139.97655	 290.49861	 475.69829	        P1	
 139.97655	 393.88409	 582.78186	        P1	
 138.71550	 448.48909	 329.48797	        P1	
 139.97655	 475.42753	 407.22658	        P1	
 138.71550	 599.92693	 275.94621	        P1	
 142.49865	  12.37712	 320.73599	        P1	
 141.23760	 202.40252	  11.84100	        P1	
 141.23760	 253.36721	 432.45299	        P1	
 142.49865	 268.65661	 155.99197	        P1	
 141.23760	 317.43709	  88.54988	        P1	
 143.75970	 394.61213	 177.09982	        P1	
 143.75970	 518.38349	 218.28577	        P1	
 143.75970	 535.85709	 453.04597	        P1	
 146.28180	  16.01748	 250.71975	        P1	
 146.28180	 176.19212	  11.84100	        P1	
 146.28180	 295.59509	 528.72524	        P1	
 146.28180	 366.94561	 234.76019	        P1	
 147.54285	 455.04169	 168.86258	        P1	
 146.28180	 454.31361	 611.61208	        P1	
 147.54285	 498.72569	 102.45015	        P1	
 146.28180	 541.68161	  20.07817	        P1	
 146.28180	 583.90949	 571.97054	        P1	
 148.80390	   2.91228	 323.31007	        P1	
 150.06495	  92.46448	 545.71447	        P1	
 148.80390	 295.59509	 256.89765	        P1	
 150.06495	 455.04169	 516.36944	        P1	
 152.58705	  73.53472	 160.11059	        P1	
 151.32600	 187.84120	  50.96767	        P1	
 152.58705	 267.20049	 360.37747	        P1	
 152.58705	 354.56849	 151.87335	        P1	
 151.32600	 358.20881	  49.42320	        P1	
 152.58705	 440.48033	 498.35061	        P1	
 151.32600	 492.17309	 576.60396	        P1	
 152.58705	 555.51489	 187.39627	        P1	
 151.32600	 567.89201	 401.56349	        P1	
 155.10915	  42.95592	 201.81142	        P1	
 155.10915	  93.92060	 142.09170	        P1	
 155.10915	 105.56968	 145.69545	        P1	
 153.84810	 145.61332	 535.41801	        P1	
 153.84810	 196.57800	 267.19417	        P1	
 155.10915	 258.46369	  88.54988	        P1	
 155.10915	 299.23541	  20.07817	        P1	
 155.10915	 420.09449	  83.91645	        P1	
 155.10915	 466.69073	 277.49069	        P1	
 155.10915	 543.86581	 179.15910	        P1	
 156.37020	  36.40332	 615.73070	        P1	
 157.63125	 141.97300	   7.72237	        P1	
 157.63125	 185.65700	 407.74139	        P1	
 157.63125	 351.65621	 600.80076	        P1	
 157.63125	 565.70781	 619.33446	        P1	
 156.37020	 618.85670	 391.26697	        P1	
 158.89230	  46.59628	 613.67136	        P1	
 158.89230	 123.77132	 215.71169	        P1	
 160.15335	 136.14848	 615.21584	        P1	
 158.89230	 193.66572	 530.78458	        P1	
 160.15335	 223.51649	 113.26148	        P1	
 160.15335	 335.63873	 431.93818	        P1	
 158.89230	 465.96269	  51.48248	        P1	
 160.15335	 529.30449	 504.01364	        P1	
 161.41440	  49.50852	 326.91389	        P1	
 161.41440	  84.45572	 572.48541	        P1	
 162.67545	 108.48192	 184.82219	        P1	
 162.67545	 128.86780	   7.72237	        P1	
 162.67545	 185.65700	 588.44496	        P1	
 161.41440	 199.49029	 378.91117	        P1	
 162.67545	 274.48112	 580.20778	        P1	
 161.41440	 546.05001	 106.56877	        P1	
 165.19755	 105.56968	 473.12414	        P1	
 163.93650	 209.68320	 154.44750	        P1	
 163.93650	 463.05041	  55.60110	        P1	
 163.93650	 524.20801	 352.14029	        P1	
 165.19755	 540.95353	  11.84100	        P1	
 166.45860	  32.03492	 617.27518	        P1	
 167.71965	 184.20089	 195.11865	        P1	
 167.71965	 262.83209	  34.49325	        P1	
 167.71965	 273.02501	  57.14557	        P1	
 166.45860	 285.40213	 555.49618	        P1	
 166.45860	 442.66453	 516.88431	        P1	
 167.71965	 488.53273	 325.36941	        P1	
 167.71965	 607.93569	 483.93547	        P1	
 170.24175	  61.88568	 378.91117	        P1	
 170.24175	 238.07781	 191.51489	        P1	
 170.24175	 363.30529	  45.30458	        P1	
 170.24175	 364.76141	 302.71709	        P1	
 170.24175	 455.04169	 242.99737	        P1	
 170.24175	 457.95393	 357.80339	        P1	
 170.24175	 459.41009	 114.80595	        P1	
 171.50280	  40.77172	 535.41801	        P1	
 172.76385	  60.42952	 258.95699	        P1	
 172.76385	  63.34180	   6.17790	        P1	
 171.50280	 100.47320	 545.19966	        P1	
 171.50280	 155.80628	 176.58495	        P1	
 171.50280	 442.66453	 615.73070	        P1	
 172.76385	 583.18141	  26.25607	        P1	
 172.76385	 597.74273	 450.47188	        P1	
 174.02490	  68.43828	 100.90568	        P1	
 174.02490	 198.03412	 572.48541	        P1	
 175.28595	 252.63912	 405.68211	        P1	
 174.02490	 346.55973	 314.55809	        P1	
 174.02490	 608.66373	 479.81691	        P1	
 177.80805	  93.92060	 160.62540	        P1	
 177.80805	 258.46369	 201.29655	        P1	
 177.80805	 376.41049	 490.11337	        P1	
 176.54700	 468.87493	 405.68211	        P1	
 179.06910	 109.21000	 279.54997	        P1	
 179.06910	 448.48909	 144.15098	        P1	
 182.85225	   5.09648	  40.67115	        P1	
 181.59120	  62.61372	 226.52302	        P1	
 181.59120	 112.12228	 312.49875	        P1	
 181.59120	 206.77092	 567.85198	        P1	
 181.59120	 314.52481	 353.68477	        P1	
 181.59120	 324.71773	 152.38822	        P1	
 182.85225	 364.76141	 273.37207	        P1	
 182.85225	 427.37513	 183.27772	        P1	
 181.59120	 438.29613	 238.87881	        P1	
 182.85225	 500.18181	 290.36129	        P1	
 182.85225	 504.55021	 464.88696	        P1	
 181.59120	 544.59389	 553.43684	        P1	
 182.85225	 586.09369	 391.26697	        P1	
 184.11330	  94.64868	 256.89765	        P1	
 185.37435	 171.09569	 485.47994	        P1	
 184.11330	 304.33189	 137.97308	        P1	
 184.11330	 375.68241	 149.81407	        P1	
 184.11330	 401.89281	 421.64166	        P1	
 185.37435	 439.02421	 125.10247	        P1	
 185.37435	 603.56729	 131.79518	        P1	
 187.89645	  67.71020	 390.75216	        P1	
 186.63540	 101.92932	 475.18348	        P1	
 187.89645	 322.53353	 615.73070	        P1	
 186.63540	 337.82293	 419.58238	        P1	
 186.63540	 361.12109	  14.41508	        P1	
 187.89645	 472.51529	 436.05674	        P1	
 187.89645	 580.26913	 603.37491	        P1	
 189.15750	  50.96468	 182.76285	        P1	
 190.41855	 120.13100	 131.28037	        P1	
 190.41855	 131.78008	 485.47994	        P1	
 190.41855	 153.62208	 100.90568	        P1	
 190.41855	 211.86740	 556.01099	        P1	
 190.41855	 306.51609	 195.11865	        P1	
 190.41855	 309.42833	 516.88431	        P1	
 189.15750	 366.94561	  61.77900	        P1	
 189.15750	 425.19093	 376.33709	        P1	
 192.94065	  24.02620	 135.91380	        P1	
 192.94065	 127.41168	 244.54185	        P1	
 191.67960	 155.80628	 428.33437	        P1	
 191.67960	 196.57800	 539.02176	        P1	
 191.67960	 225.70069	 361.92194	        P1	
 192.94065	 331.27033	  41.18602	        P1	
 191.67960	 480.52401	   7.72237	        P1	
 192.94065	 503.09409	 409.80067	        P1	
 192.94065	 530.76061	 508.13226	        P1	
 195.46275	   2.18420	 611.61208	        P1	
 194.20170	  10.19292	  28.83022	        P1	
 195.46275	 104.11352	 296.02439	        P1	
 194.20170	 222.78840	  55.60110	        P1	
 194.20170	 246.08652	 504.52851	        P1	
 194.20170	 391.69989	 182.76285	        P1	
 195.46275	 513.28701	 322.79527	        P1	
 195.46275	 551.14649	 119.43938	        P1	
 196.72380	  88.82412	 127.67662	        P1	
 197.98485	  88.09608	 582.78186	        P1	
 197.98485	 175.46409	 230.64157	        P1	
 197.98485	 214.77969	 164.22915	        P1	
 196.72380	 305.78801	 413.91929	        P1	
 196.72380	 317.43709	 144.15098	        P1	
 197.98485	 517.65541	 254.83837	        P1	
 196.72380	 566.43589	 100.90568	        P1	
 196.72380	 611.57601	  81.85717	        P1	
 200.50695	  79.35928	 292.42057	        P1	
 199.24590	 193.66572	  48.90839	        P1	
 200.50695	 217.69192	 357.80339	        P1	
 199.24590	 299.96349	 571.97054	        P1	
 200.50695	 303.60381	   1.54447	        P1	
 199.24590	 481.98013	 479.81691	        P1	
 199.24590	 516.92733	 197.17799	        P1	
 201.76800	   2.91228	 422.15647	        P1	
 203.02905	  29.85072	 331.54731	        P1	
 201.76800	  29.12268	 619.84926	        P1	
 203.02905	 153.62208	  15.95955	        P1	
 203.02905	 179.83249	 361.92194	        P1	
 203.02905	 390.97181	 131.28037	        P1	
 201.76800	 435.38389	 465.40177	        P1	
 201.76800	 514.01509	 502.46917	        P1	
 201.76800	 553.33069	 335.66587	        P1	
 203.02905	 561.33941	 600.80076	        P1	
 203.02905	 571.53233	 170.92192	        P1	
 205.55115	  85.18380	  75.67927	        P1	
 205.55115	 141.97300	  43.24530	        P1	
 205.55115	 252.63912	 388.69289	        P1	
 205.55115	 264.28821	 588.44496	        P1	
 205.55115	 273.02501	  37.06740	        P1	
 204.29010	 273.75309	 564.24816	        P1	
 205.55115	 390.97181	 216.22649	        P1	
 204.29010	 414.99801	 531.29939	        P1	
 205.55115	 430.28741	 432.45299	        P1	
 205.55115	 494.35729	 539.53657	        P1	
 204.29010	 569.34813	 382.51499	        P1	
 205.55115	 594.83049	 491.65784	        P1	
 208.07325	   9.46488	 100.90568	        P1	
 208.07325	  89.55220	 488.05409	        P1	
 208.07325	 123.04328	 218.28577	        P1	
 208.07325	 139.06072	 166.28849	        P1	
 208.07325	 305.05993	 473.63901	        P1	
 208.07325	 363.30529	 244.54185	        P1	
 206.81220	 454.31361	  44.78977	        P1	
 206.81220	 530.03253	 578.66331	        P1	
 208.07325	 603.56729	 368.09984	        P1	
 208.07325	 613.76021	 290.36129	        P1	
 209.33430	  10.19292	 580.20778	        P1	
 210.59535	  24.02620	  44.78977	        P1	
 210.59535	  89.55220	 440.17536	        P1	
 210.59535	 115.76260	 395.38559	        P1	
 210.59535	 155.07820	  75.67927	        P1	
 209.33430	 154.35012	 308.38019	        P1	
 210.59535	 283.21792	 586.38568	        P1	
 210.59535	 287.58632	 265.13489	        P1	
 209.33430	 285.40213	 411.86001	        P1	
 210.59535	 360.39301	 574.54468	        P1	
 211.85640	  33.49108	  59.20485	        P1	
 213.11745	 107.02580	 162.16987	        P1	
 211.85640	 368.40173	 275.94621	        P1	
 213.11745	 522.02381	 512.76569	        P1	
 211.85640	 601.38309	 219.83025	        P1	
 215.63955	  18.20168	 205.92997	        P1	
 214.37850	  82.99960	  81.85717	        P1	
 215.63955	 150.70980	 545.19966	        P1	
 214.37850	 228.61292	 357.80339	        P1	
 215.63955	 305.05993	  61.26419	        P1	
 215.63955	 404.07701	 438.63089	        P1	
 215.63955	 475.42753	 203.35589	        P1	
 214.37850	 546.05001	 506.58779	        P1	
 214.37850	 608.66373	 388.69289	        P1	
 218.16165	  10.92100	 316.61737	        P1	
 216.90060	 141.24492	 296.02439	        P1	
 218.16165	 178.37632	 524.60668	        P1	
 218.16165	 261.37592	 121.49872	        P1	
 218.16165	 283.21792	 401.04869	        P1	
 216.90060	 460.13813	 177.09982	        P1	
 218.16165	 554.05873	 393.32631	        P1	
 218.16165	 612.30409	 584.32634	        P1	
 219.42270	  17.47360	 267.19417	        P1	
 220.68375	  88.09608	  82.37198	        P1	
 220.68375	 453.58553	 263.59041	        P1	
 219.42270	 455.76973	 232.70091	        P1	
 219.42270	 547.50613	 140.03242	        P1	
 220.68375	 555.51489	 298.59847	        P1	
 223.20585	  18.20168	 261.53107	        P1	
 221.94480	  71.35052	 374.79261	        P1	
 221.94480	 221.33229	 255.35317	        P1	
 221.94480	 267.92852	 152.38822	        P1	
 223.20585	 293.41089	 195.11865	        P1	
 221.94480	 348.01589	 242.99737	        P1	
 221.94480	 397.52441	  13.90027	        P1	
 223.20585	 568.62009	 613.67136	        P1	
 223.20585	 616.67249	 226.00815	        P1	
 224.46690	  50.96468	 368.09984	        P1	
 224.46690	  59.70148	 318.67665	        P1	
 225.72795	  60.42952	 382.51499	        P1	
 225.72795	  63.34180	 438.63089	        P1	
 224.46690	  69.89440	 321.25079	        P1	
 224.46690	  87.36800	 500.40989	        P1	
 225.72795	 105.56968	 491.65784	        P1	
 225.72795	 169.63952	  35.00812	        P1	
 224.46690	 212.59549	 293.96505	        P1	
 225.72795	 270.11272	 232.70091	        P1	
 225.72795	 271.56889	 448.41254	        P1	
 225.72795	 345.83169	 596.68214	        P1	
 224.46690	 350.92813	 578.66331	        P1	
 225.72795	 367.67369	 343.38825	        P1	
 225.72795	 516.19929	 269.25345	        P1	
 224.46690	 556.24293	 258.95699	        P1	
 226.98900	  24.75428	 114.80595	        P1	
 228.25005	  96.83288	 218.28577	        P1	
 226.98900	 115.03452	 510.70641	        P1	
 226.98900	 281.03373	 184.82219	        P1	
 228.25005	 310.88449	 477.75757	        P1	
 228.25005	 440.48033	 238.87881	        P1	
 228.25005	 443.39261	 384.57426	        P1	
 228.25005	 481.25209	  53.02695	        P1	
 228.25005	 524.93609	 516.36944	        P1	
 229.51110	   8.73680	 168.34777	        P1	
 229.51110	  75.71892	 271.31279	        P1	
 230.77215	  74.99088	 317.13217	        P1	
 229.51110	  88.82412	 499.89508	        P1	
 230.77215	 271.56889	  57.66038	        P1	
 230.77215	 323.98969	 361.92194	        P1	
 229.51110	 330.54229	 300.14295	        P1	
 230.77215	 421.55061	 376.85189	        P1	
 229.51110	 487.80469	 232.18605	        P1	
 229.51110	 554.78681	 420.09719	        P1	
 232.03320	   2.91228	 267.70897	        P1	
 233.29425	 125.95552	 350.08101	        P1	
 232.03320	 147.06948	  70.01618	        P1	
 232.03320	 148.52560	 341.32897	        P1	
 233.29425	 290.49861	 532.84386	        P1	
 232.03320	 414.99801	 569.91126	        P1	
 232.03320	 432.47161	 599.25628	        P1	
 232.03320	 441.20841	 432.45299	        P1	
 232.03320	 484.89241	 328.97317	        P1	
 232.03320	 566.43589	 386.63354	        P1	
 235.81635	 165.27112	 288.30201	        P1	
 235.81635	 172.55180	 617.78998	        P1	
 234.55530	 206.77092	   4.11862	        P1	
 235.81635	 332.72649	 119.43938	        P1	
 235.81635	 398.25249	  22.13745	        P1	
 235.81635	 475.42753	 207.98932	        P1	
 234.55530	 518.38349	 453.04597	        P1	
 234.55530	 564.97973	 560.12961	        P1	
 234.55530	 567.89201	 525.12149	        P1	
 238.33845	  48.78048	 609.03794	        P1	
 237.07740	  65.52600	 537.47729	        P1	
 237.07740	 295.59509	 391.26697	        P1	
 238.33845	 434.65581	 588.44496	        P1	
 237.07740	 511.10281	  80.31270	        P1	
 238.33845	 590.46209	 397.44487	        P1	
 238.33845	 603.56729	 318.67665	        P1	
 240.86055	  60.42952	 430.39371	        P1	
 239.59950	 167.45532	 271.31279	        P1	
 239.59950	 224.24452	 456.64978	        P1	
 240.86055	 267.20049	 298.59847	        P1	
 240.86055	 335.63873	 269.76831	        P1	
 239.59950	 445.57681	 545.19966	        P1	
 239.59950	 460.13813	 561.67408	        P1	
 239.59950	 521.29573	 121.49872	        P1	
 240.86055	 543.86581	  44.78977	        P1	
 243.38265	  76.44700	  98.84640	        P1	
 243.38265	  98.28900	  63.32347	        P1	
 242.12160	 123.77132	  22.65232	        P1	
 243.38265	 165.27112	 153.93269	        P1	
 243.38265	 178.37632	 450.47188	        P1	
 243.38265	 227.88489	 397.44487	        P1	
 242.12160	 317.43709	 107.08358	        P1	
 245.90475	   9.46488	   2.05928	        P1	
 244.64370	  96.10480	  63.32347	        P1	
 244.64370	 106.29772	 592.56358	        P1	
 244.64370	 366.94561	 458.70906	        P1	
 244.64370	 575.17269	 131.79518	        P1	
 248.42685	  50.23660	 582.26706	        P1	
 248.42685	 254.09529	 287.78715	        P1	
 248.42685	 264.28821	 433.99746	        P1	
 247.16580	 428.10321	 347.50687	        P1	
 248.42685	 447.76101	 600.80076	        P1	
 250.94895	  80.81540	 341.32897	        P1	
 250.94895	  93.92060	 569.91126	        P1	
 250.94895	 200.21832	 325.36941	        P1	
 250.94895	 356.02461	 471.06486	        P1	
 250.94895	 363.30529	 212.10787	        P1	
 249.68790	 550.41841	 539.02176	        P1	
 249.68790	 566.43589	 317.13217	        P1	
 250.94895	 597.74273	  55.08629	        P1	
 252.21000	  75.71892	 566.30751	        P1	
 252.21000	 193.66572	  22.65232	        P1	
 253.47105	 198.76220	 471.06486	        P1	
 253.47105	 289.04249	  22.13745	        P1	
 253.47105	 466.69073	  55.08629	        P1	
 252.21000	 467.41881	 341.32897	        P1	
 253.47105	 540.95353	 413.40448	        P1	
 253.47105	 556.97101	 569.91126	        P1	
 252.21000	 575.17269	 490.11337	        P1	
 254.73210	 129.59588	 477.75757	        P1	
 255.99315	 262.83209	  53.02695	        P1	
 255.99315	 322.53353	 308.38019	        P1	
 255.99315	 342.91941	  74.13480	        P1	
 255.99315	 366.21753	  61.26419	        P1	
 255.99315	 374.95433	 448.92741	        P1	
 255.99315	 383.69113	 498.35061	        P1	
 255.99315	 417.18221	 432.45299	        P1	
 255.99315	 428.83129	 619.84926	        P1	
 254.73210	 451.40133	 109.14292	        P1	
 255.99315	 459.41009	 442.23464	        P1	
 255.99315	 482.70821	 174.52567	        P1	
 255.99315	 500.18181	 217.77097	        P1	
 254.73210	 592.64629	  32.94878	        P1	
 257.25420	  17.47360	 347.50687	        P1	
 258.51525	  25.48232	 147.75479	        P1	
 257.25420	  61.15760	 525.12149	        P1	
 258.51525	  83.72768	 609.03794	        P1	
 257.25420	 237.34972	 411.86001	        P1	
 257.25420	 278.12149	  51.48248	        P1	
 258.51525	 293.41089	 100.90568	        P1	
 257.25420	 333.45453	  35.00812	        P1	
 257.25420	 348.01589	 236.81947	        P1	
 257.25420	 563.52361	 569.91126	        P1	
 259.77630	  30.57880	 100.39087	        P1	
 259.77630	 163.08692	 475.18348	        P1	
 261.03735	 182.74472	  61.26419	        P1	
 259.77630	 183.47280	 370.67399	        P1	
 259.77630	 240.26201	 506.58779	        P1	
 261.03735	 252.63912	 394.87079	        P1	
 261.03735	 328.35809	 312.49875	        P1	
 259.77630	 369.85789	   3.60375	        P1	
 259.77630	 388.78761	 135.91380	        P1	
 259.77630	 416.45413	 407.22658	        P1	
 259.77630	 471.78721	  13.90027	        P1	
 263.55945	 120.13100	 376.85189	        P1	
 263.55945	 254.09529	 280.06477	        P1	
 263.55945	 261.37592	 166.28849	        P1	
 263.55945	 364.76141	   1.54447	        P1	
 262.29840	 368.40173	 444.29398	        P1	
 263.55945	 412.81381	  92.66850	        P1	
 262.29840	 429.55933	 201.81142	        P1	
 262.29840	 471.78721	 327.42869	        P1	
 263.55945	 575.90073	 152.38822	        P1	
 264.82050	 265.01629	 212.10787	        P1	
 266.08155	 417.18221	 112.74667	        P1	
 266.08155	 600.65501	 228.58229	        P1	
 267.34260	  24.75428	 120.98385	        P1	
 267.34260	  93.19252	 177.09982	        P1	
 267.34260	 139.78880	 611.61208	        P1	
 267.34260	 151.43788	 195.11865	        P1	
 267.34260	 556.24293	 339.26969	        P1	
 267.34260	 595.55853	 275.94621	        P1	
 269.86470	   0.00000	 389.20769	        P1	
 269.86470	  24.75428	 199.75207	        P1	
 271.12575	 117.21872	 220.34512	        P1	
 269.86470	 158.71852	 450.47188	        P1	
 269.86470	 168.91149	 497.83574	        P1	
 271.12575	 239.53392	 240.42329	        P1	
 269.86470	 359.66493	 115.32082	        P1	
 272.38680	  30.57880	  32.43397	        P1	
 273.64785	  63.34180	 464.88696	        P1	
 272.38680	 113.57840	 605.43418	        P1	
 272.38680	 254.82332	 617.27518	        P1	
 273.64785	 347.28781	 316.61737	        P1	
 272.38680	 355.29653	 387.14841	        P1	
 272.38680	 364.03333	 493.71718	        P1	
 273.64785	 456.49781	 520.48806	        P1	
 272.38680	 487.80469	  70.01618	        P1	
 272.38680	 516.92733	 289.84649	        P1	
 273.64785	 539.49741	 105.02430	        P1	
 272.38680	 553.33069	 490.11337	        P1	
 273.64785	 594.83049	 168.86258	        P1	
 272.38680	 607.20761	   1.54447	        P1	
 276.16995	  15.28940	  63.32347	        P1	
 274.90890	  55.33308	 539.53657	        P1	
 276.16995	 184.20089	 417.52304	        P1	
 274.90890	 190.75349	  22.13745	        P1	
 276.16995	 191.48152	 209.53379	        P1	
 274.90890	 251.91109	 403.62277	        P1	
 274.90890	 372.77013	 487.53928	        P1	
 276.16995	 423.00673	  67.44209	        P1	
 276.16995	 434.65581	 582.26706	        P1	
 276.16995	 519.11153	  65.89762	        P1	
 274.90890	 557.69909	 213.65235	        P1	
 274.90890	 583.90949	 502.46917	        P1	
 278.69205	  18.20168	 514.82497	        P1	
 277.43100	  56.78920	 273.37207	        P1	
 277.43100	 195.12189	 473.12414	        P1	
 278.69205	 198.76220	 123.55800	        P1	
 278.69205	 203.13060	 605.43418	        P1	
 278.69205	 236.62169	 459.22387	        P1	
 277.43100	 286.85829	 514.82497	        P1	
 278.69205	 354.56849	 422.15647	        P1	
 277.43100	 464.50653	 609.55280	        P1	
 277.43100	 497.99761	 446.35326	        P1	
 278.69205	 583.18141	  12.35580	        P1	
 278.69205	 589.00593	 394.87079	        P1	
 277.43100	 597.01469	 250.71975	        P1	
 277.43100	 610.11989	 448.41254	        P1	
 281.21415	  18.20168	  88.54988	        P1	
 281.21415	 123.04328	 490.11337	        P1	
 279.95310	 128.13972	 555.49618	        P1	
 281.21415	 134.69232	 615.73070	        P1	
 279.95310	 246.08652	 479.81691	        P1	
 281.21415	 283.21792	  22.65232	        P1	
 281.21415	 337.09489	 323.31007	        P1	
 281.21415	 431.74353	 380.97051	        P1	
 281.21415	 440.48033	 306.83571	        P1	
 282.47520	  71.35052	 333.09179	        P1	
 283.73625	 140.51688	  34.49325	        P1	
 282.47520	 176.19212	 498.35061	        P1	
 283.73625	 252.63912	 485.99481	        P1	
 283.73625	 296.32313	 183.27772	        P1	
 283.73625	 565.70781	 106.56877	        P1	
 282.47520	 567.89201	 606.97866	        P1	
 282.47520	 611.57601	 370.67399	        P1	
 284.99730	  99.01708	 261.53107	        P1	
 286.25835	 104.11352	 475.18348	        P1	
 284.99730	 148.52560	  50.96767	        P1	
 284.99730	 321.80549	 403.62277	        P1	
 284.99730	 336.36681	 248.66047	        P1	
 286.25835	 353.11233	 300.65781	        P1	
 286.25835	 425.91901	 613.15656	        P1	
 286.25835	 619.58473	 469.00558	        P1	
 288.78045	  83.72768	 230.64157	        P1	
 287.51940	 173.27989	 576.60396	        P1	
 287.51940	 350.92813	 251.23461	        P1	
 288.78045	 361.84913	 382.51499	        P1	
 287.51940	 423.73481	 569.91126	        P1	
 288.78045	 456.49781	 389.20769	        P1	
 287.51940	 481.98013	 430.39371	        P1	
 288.78045	 497.26953	 263.59041	        P1	
 291.30255	   3.64032	 170.92192	        P1	
 290.04150	  13.10520	 407.74139	        P1	
 290.04150	 128.13972	 257.41251	        P1	
 290.04150	 390.24373	 306.83571	        P1	
 291.30255	 404.07701	 415.46376	        P1	
 290.04150	 480.52401	  67.95690	        P1	
 291.30255	 523.47993	 331.54731	        P1	
 291.30255	 583.18141	 438.63089	        P1	
 290.04150	 598.47081	  86.49060	        P1	
 290.04150	 614.48830	  40.67115	        P1	
 292.56360	 206.77092	 300.65781	        P1	
 293.82465	 246.81461	 106.56877	        P1	
 292.56360	 288.31441	 370.67399	        P1	
 292.56360	 292.68281	 160.62540	        P1	
 293.82465	 436.11193	 510.70641	        P1	
 293.82465	 450.67329	 226.00815	        P1	
 293.82465	 570.07621	 531.29939	        P1	
 296.34675	  16.74552	 363.98129	        P1	
 295.08570	  46.59628	 553.43684	        P1	
 295.08570	 200.94640	 599.25628	        P1	
 296.34675	 220.60420	 129.73590	        P1	
 296.34675	 261.37592	 592.56358	        P1	
 295.08570	 372.77013	 289.84649	        P1	
 295.08570	 378.59469	 516.36944	        P1	
 295.08570	 404.80509	 230.64157	        P1	
 295.08570	 467.41881	 210.04859	        P1	
 295.08570	 511.10281	 105.02430	        P1	
 296.34675	 549.69033	 574.02988	        P1	
 296.34675	 571.53233	  53.54182	        P1	
 296.34675	 587.54981	 131.28037	        P1	
 298.86885	 141.97300	 149.81407	        P1	
 297.60780	 247.54269	 366.55537	        P1	
 298.86885	 361.84913	 172.46639	        P1	
 297.60780	 473.24333	 498.35061	        P1	
 300.12990	  68.43828	  76.19408	        P1	
 300.12990	 133.96428	 175.04047	        P1	
 301.39095	 194.39380	 304.26157	        P1	
 301.39095	 251.18301	 217.77097	        P1	
 301.39095	 468.14689	 571.97054	        P1	
 301.39095	 546.77809	 471.57967	        P1	
 301.39095	 567.16393	 376.33709	        P1	
 300.12990	 615.94441	 588.44496	        P1	
 303.91305	 105.56968	 293.96505	        P1	
 303.91305	 203.13060	 117.38010	        P1	
 303.91305	 204.58672	 189.45562	        P1	
 303.91305	 326.90193	 368.61471	        P1	
 302.65200	 377.13853	 313.01361	        P1	
 302.65200	 422.27869	 218.28577	        P1	
 303.91305	 497.26953	 473.63901	        P1	
 302.65200	 547.50613	 147.75479	        P1	
 305.17410	 187.84120	   6.17790	        P1	
 306.43515	 194.39380	 562.18889	        P1	
 305.17410	 465.96269	 263.07555	        P1	
 306.43515	 543.86581	 395.38559	        P1	
 306.43515	 555.51489	 156.50678	        P1	
 305.17410	 567.89201	  44.78977	        P1	
 308.95725	   3.64032	 258.95699	        P1	
 308.95725	 235.16552	  35.00812	        P1	
 308.95725	 284.67409	 527.18077	        P1	
 308.95725	 316.70901	 304.26157	        P1	
 307.69620	 470.33109	 429.87884	        P1	
 308.95725	 473.97141	  69.50137	        P1	
 307.69620	 570.80429	 514.82497	        P1	
 310.21830	  53.87692	 357.80339	        P1	
 310.21830	  97.56092	 333.09179	        P1	
 310.21830	 142.70108	 318.67665	        P1	
 311.47935	 194.39380	 586.90048	        P1	
 310.21830	 241.71812	 214.16722	        P1	
 311.47935	 305.05993	 345.44759	        P1	
 310.21830	 346.55973	 350.08101	        P1	
 311.47935	 484.16433	 399.50421	        P1	
 310.21830	 489.26081	 409.28586	        P1	
 310.21830	 537.31321	  49.42320	        P1	
 312.74040	 216.96389	 354.19957	        P1	
 314.00145	 354.56849	 582.78186	        P1	
 312.74040	 385.87533	 492.17271	        P1	
 312.74040	 438.29613	 110.68739	        P1	
 312.74040	 490.71693	 226.52302	        P1	
 316.52355	  40.04368	 310.95427	        P1	
 315.26250	 196.57800	 316.61737	        P1	
 316.52355	 249.72689	 454.59044	        P1	
 316.52355	 316.70901	 438.63089	        P1	
 319.04565	 102.65740	 532.84386	        P1	
 317.78460	 133.96428	 380.45564	        P1	
 317.78460	 174.73600	 526.66596	        P1	
 319.04565	 204.58672	 604.91938	        P1	
 317.78460	 212.59549	 107.08358	        P1	
 319.04565	 358.93689	 139.51755	        P1	
 317.78460	 377.13853	  48.90839	        P1	
 317.78460	 388.78761	 464.88696	        P1	
 317.78460	 398.98053	 424.21581	        P1	
 317.78460	 455.76973	 306.83571	        P1	
 319.04565	 549.69033	 221.88959	        P1	
 320.30670	  42.22788	 348.02167	        P1	
 320.30670	  62.61372	 246.60119	        P1	
 320.30670	 212.59549	  26.77088	        P1	
 320.30670	 275.20921	  20.07817	        P1	
 321.56775	 316.70901	 563.73336	        P1	
 320.30670	 391.69989	 615.21584	        P1	
 320.30670	 433.92773	 356.25891	        P1	
 321.56775	 452.12941	  80.31270	        P1	
 321.56775	 590.46209	 372.73327	        P1	
 322.82880	  17.47360	 322.79527	        P1	
 322.82880	  62.61372	  72.07552	        P1	
 322.82880	 119.40292	 479.81691	        P1	
 324.08985	 204.58672	 376.33709	        P1	
 322.82880	 304.33189	 195.11865	        P1	
 324.08985	 383.69113	 530.78458	        P1	
 324.08985	 415.72609	 559.61474	        P1	
 324.08985	 441.93649	 385.08907	        P1	
 324.08985	 514.74313	 504.52851	        P1	
 324.08985	 536.58513	 498.35061	        P1	
 322.82880	 563.52361	 142.09170	        P1	
 326.61195	  24.02620	  61.77900	        P1	
 326.61195	  41.49980	 290.36129	        P1	
 326.61195	 108.48192	 473.63901	        P1	
 325.35090	 115.03452	 535.41801	        P1	
 325.35090	 307.24413	 269.76831	        P1	
 326.61195	 335.63873	 485.99481	        P1	
 325.35090	 394.61213	 592.56358	        P1	
 325.35090	 598.47081	 562.18889	        P1	
 327.87300	  11.64908	 576.60396	        P1	
 327.87300	 260.64789	 158.05125	        P1	
 327.87300	 320.34933	  59.71972	        P1	
 329.13405	 326.90193	 504.52851	        P1	
 327.87300	 337.82293	 313.01361	        P1	
 327.87300	 417.91029	 601.31556	        P1	
 329.13405	 447.76101	 347.50687	        P1	
 327.87300	 458.68201	  13.90027	        P1	
 331.65615	  42.95592	 104.50949	        P1	
 331.65615	 264.28821	 432.45299	        P1	
 331.65615	 402.62089	 422.15647	        P1	
 331.65615	 404.07701	 489.59856	        P1	
 330.39510	 445.57681	 488.05409	        P1	
 331.65615	 567.16393	 214.16722	        P1	
 330.39510	 595.55853	 215.71169	        P1	
 332.91720	  43.68400	 475.69829	        P1	
 334.17825	 107.02580	 123.55800	        P1	
 332.91720	 144.15720	 518.94359	        P1	
 332.91720	 225.70069	 460.76834	        P1	
 334.17825	 303.60381	 588.44496	        P1	
 334.17825	 554.05873	  18.01890	        P1	
 334.17825	 583.18141	  69.50137	        P1	
 336.70035	  28.39460	 594.62286	        P1	
 336.70035	  89.55220	 273.37207	        P1	
 336.70035	 115.76260	 290.36129	        P1	
 335.43930	 154.35012	 574.02988	        P1	
 335.43930	 203.85869	 578.14844	        P1	
 335.43930	 237.34972	 121.49872	        P1	
 336.70035	 264.28821	  75.67927	        P1	
 335.43930	 323.26161	 599.25628	        P1	
 335.43930	 362.57721	 179.15910	        P1	
 335.43930	 398.98053	 339.26969	        P1	
 335.43930	 481.98013	 115.32082	        P1	
 337.96140	   1.45612	 524.60668	        P1	
 339.22245	  18.20168	   3.60375	        P1	
 339.22245	  86.63992	  53.54182	        P1	
 339.22245	 131.78008	 429.87884	        P1	
 339.22245	 141.97300	 267.19417	        P1	
 339.22245	 146.34140	 304.26157	        P1	
 339.22245	 321.07741	 180.70357	        P1	
 339.22245	 332.72649	  40.67115	        P1	
 337.96140	 473.24333	  84.43132	        P1	
 337.96140	 599.92693	 141.57689	        P1	
 341.74455	  15.28940	  98.84640	        P1	
 340.48350	  59.70148	 602.86004	        P1	
 341.74455	  76.44700	 407.74139	        P1	
 340.48350	  94.64868	 207.47445	        P1	
 341.74455	 133.23620	  57.14557	        P1	
 341.74455	 171.09569	 250.71975	        P1	
 340.48350	 234.43749	 201.29655	        P1	
 340.48350	 283.94601	  43.24530	        P1	
 340.48350	 327.63001	 123.55800	        P1	
 340.48350	 337.82293	 411.86001	        P1	
 341.74455	 447.76101	 396.93006	        P1	
 341.74455	 463.77849	  53.02695	        P1	
 341.74455	 533.67289	 588.95976	        P1	
 341.74455	 548.23421	 526.66596	        P1	
 340.48350	 585.36561	 525.12149	        P1	
 340.48350	 602.83921	 611.61208	        P1	
 340.48350	 617.40053	  72.07552	        P1	
 343.00560	  94.64868	 226.00815	        P1	
 344.26665	 107.02580	 520.48806	        P1	
 343.00560	 265.01629	 545.71447	        P1	
 344.26665	 271.56889	 601.31556	        P1	
 343.00560	 480.52401	  26.25607	        P1	
 343.00560	 505.27829	 578.14844	        P1	
 344.26665	 504.55021	 586.90048	        P1	
 344.26665	 539.49741	 444.80879	        P1	
 346.78875	  24.02620	 557.55546	        P1	
 346.78875	  85.18380	 261.01627	        P1	
 346.78875	 176.92020	 185.33700	        P1	
 345.52770	 286.85829	  88.54988	        P1	
 346.78875	 299.23541	 370.67399	        P1	
 345.52770	 310.15641	 364.49609	        P1	
 346.78875	 370.58593	 431.93818	        P1	
 345.52770	 414.99801	 457.16459	        P1	
 345.52770	 433.92773	 387.14841	        P1	
 345.52770	 457.22589	 602.86004	        P1	
 346.78875	 616.67249	 409.80067	        P1	
 348.04980	  30.57880	 125.10247	        P1	
 348.04980	 385.87533	 245.05671	        P1	
 349.31085	 524.93609	 199.75207	        P1	
 351.83295	  15.28940	  98.84640	        P1	
 350.57190	 115.03452	  18.01890	        P1	
 351.83295	 372.04209	 267.70897	        P1	
 350.57190	 387.33149	 607.49346	        P1	
 350.57190	 460.13813	  84.43132	        P1	
 351.83295	 565.70781	 475.69829	        P1	
 351.83295	 575.90073	 362.43681	        P1	
 351.83295	 610.84793	  47.36392	        P1	
 353.09400	   7.28068	 226.00815	        P1	
 354.35505	  64.79792	 333.09179	        P1	
 354.35505	  63.34180	 446.35326	        P1	
 354.35505	  82.27152	 430.39371	        P1	
 354.35505	 130.32392	 475.18348	        P1	
 354.35505	 133.23620	 230.12677	        P1	
 353.09400	 149.98172	  78.25342	        P1	
 354.35505	 171.09569	 386.63354	        P1	
 354.35505	 175.46409	 473.12414	        P1	
 353.09400	 198.03412	 238.87881	        P1	
 353.09400	 310.15641	 562.18889	        P1	
 354.35505	 347.28781	 512.76569	        P1	
 354.35505	 399.70861	  80.31270	        P1	
 353.09400	 546.05001	 234.76019	        P1	
 356.87715	 112.85032	 374.79261	        P1	
 355.61610	 109.21000	 372.21847	        P1	
 356.87715	 156.53432	 615.73070	        P1	
 355.61610	 218.42000	 341.32897	        P1	
 356.87715	 229.34101	 248.66047	        P1	
 358.13820	  88.82412	  55.08629	        P1	
 359.39925	 114.30648	  14.41508	        P1	
 359.39925	 175.46409	 193.57417	        P1	
 358.13820	 247.54269	 205.92997	        P1	
 358.13820	 267.92852	  22.65232	        P1	
 358.13820	 282.48989	 483.93547	        P1	
 358.13820	 298.50733	 220.34512	        P1	
 359.39925	 415.72609	 201.29655	        P1	
 358.13820	 420.82253	 479.81691	        P1	
 359.39925	 609.39181	 174.52567	        P1	
 359.39925	 612.30409	 188.94075	        P1	
 361.92135	 251.18301	 580.72258	        P1	
 361.92135	 431.74353	 343.90311	        P1	
 361.92135	 434.65581	 203.87069	        P1	
 361.92135	 457.95393	 547.77381	        P1	
 361.92135	 548.23421	 193.05937	        P1	
 360.66030	 576.62881	 308.89499	        P1	
 363.18240	  58.24532	 382.51499	        P1	
 363.18240	  58.24532	 598.74148	        P1	
 364.44345	  69.16632	 252.77909	        P1	
 363.18240	 334.91069	 188.94075	        P1	
 363.18240	 331.99841	 321.25079	        P1	
 363.18240	 601.38309	 349.56614	        P1	
 366.96555	 124.49940	 376.85189	        P1	
 365.70450	 149.98172	 598.74148	        P1	
 366.96555	 428.83129	 547.25894	        P1	
 366.96555	 476.88369	 516.36944	        P1	
 366.96555	 487.07661	 180.70357	        P1	
 365.70450	 486.34853	 469.00558	        P1	
 366.96555	 574.44461	 265.64969	        P1	
 366.96555	 603.56729	 374.27774	        P1	
 369.48765	   9.46488	 168.86258	        P1	
 368.22660	  90.28028	 502.46917	        P1	
 369.48765	 187.11312	 566.30751	        P1	
 368.22660	 186.38509	 564.24816	        P1	
 369.48765	 258.46369	 547.25894	        P1	
 368.22660	 298.50733	 350.08101	        P1	
 368.22660	 371.31401	 240.93809	        P1	
 372.00975	  26.93848	 533.35867	        P1	
 370.74870	  43.68400	 420.09719	        P1	
 370.74870	  72.80668	 391.26697	        P1	
 370.74870	 244.63041	  88.03507	        P1	
 370.74870	 267.92852	  30.37469	        P1	
 370.74870	 444.12069	 236.81947	        P1	
 372.00975	 457.95393	  36.55259	        P1	
 370.74870	 481.98013	 506.07298	        P1	
 370.74870	 493.62921	 223.94887	        P1	
 372.00975	 539.49741	 265.64969	        P1	
 374.53185	 112.85032	 214.16722	        P1	
 373.27080	 168.91149	 483.93547	        P1	
 373.27080	 171.82372	 370.15919	        P1	
 373.27080	 198.03412	 461.28321	        P1	
 373.27080	 404.80509	 570.42606	        P1	
 374.53185	 418.63833	 127.67662	        P1	
 373.27080	 423.73481	 514.31016	        P1	
 373.27080	 468.87493	 238.87881	        P1	
 375.79290	  11.64908	 422.15647	        P1	
 377.05395	  57.51728	 368.09984	        P1	
 375.79290	  72.80668	 490.11337	        P1	
 377.05395	 112.85032	 172.46639	        P1	
 375.79290	 151.43788	 193.57417	        P1	
 377.05395	 252.63912	 277.49069	        P1	
 375.79290	 342.19133	 611.09728	        P1	
 377.05395	 471.05913	 302.20229	        P1	
 375.79290	 566.43589	 238.36395	        P1	
 378.31500	   8.73680	 582.26706	        P1	
 379.57605	  29.85072	 164.74402	        P1	
 378.31500	 195.12189	 280.06477	        P1	
 378.31500	 218.42000	 172.98120	        P1	
 379.57605	 271.56889	  82.37198	        P1	
 379.57605	 347.28781	 265.64969	        P1	
 379.57605	 580.26913	 436.57161	        P1	
 378.31500	 592.64629	 547.25894	        P1	
 382.09815	 127.41168	 286.24267	        P1	
 382.09815	 171.09569	 527.18077	        P1	
 382.09815	 248.27072	 209.53379	        P1	
 380.83710	 433.92773	  84.43132	        P1	
 380.83710	 534.40093	 170.92192	        P1	
 383.35920	  27.66652	  41.18602	        P1	
 384.62025	  70.62248	 151.87335	        P1	
 384.62025	  76.44700	 580.72258	        P1	
 384.62025	 156.53432	 388.69289	        P1	
 384.62025	 478.33981	 123.55800	        P1	
 383.35920	 495.08533	 615.73070	        P1	
 387.14235	  98.28900	 475.69829	        P1	
 387.14235	 152.16592	 240.42329	        P1	
 385.88130	 288.31441	 370.67399	        P1	
 387.14235	 299.23541	  92.66850	        P1	
 385.88130	 365.48949	 547.25894	        P1	
 389.66445	  51.69272	 116.86529	        P1	
 389.66445	  63.34180	 285.72787	        P1	
 388.40340	  87.36800	 520.48806	        P1	
 389.66445	 155.07820	 378.39637	        P1	
 388.40340	 372.77013	  11.84100	        P1	
 388.40340	 444.12069	 386.63354	        P1	
 388.40340	 458.68201	 407.74139	        P1	
 388.40340	 490.71693	  48.90839	        P1	
 389.66445	 533.67289	 491.65784	        P1	
 389.66445	 562.79553	 418.03791	        P1	
 390.92550	 251.91109	 281.60925	        P1	
 390.92550	 372.77013	 357.80339	        P1	
 392.18655	 572.98849	 490.11337	        P1	
 393.44760	 112.12228	 386.63354	        P1	
 394.70865	 152.16592	  55.08629	        P1	
 393.44760	 231.52521	 531.29939	        P1	
 393.44760	 537.31321	 568.36679	        P1	
 394.70865	 552.60261	 563.73336	        P1	
 397.23075	  24.02620	 296.53919	        P1	
 397.23075	 112.85032	 431.93818	        P1	
 395.96970	 219.87612	  22.65232	        P1	
 397.23075	 408.44541	 254.83837	        P1	
 397.23075	 423.00673	 547.77381	        P1	
 397.23075	 536.58513	 584.84121	        P1	
 395.96970	 546.05001	 611.61208	        P1	
 397.23075	 559.88329	 354.19957	        P1	
 395.96970	 563.52361	 261.01627	        P1	
 398.49180	  68.43828	 312.49875	        P1	
 399.75285	  93.92060	 475.69829	        P1	
 398.49180	 205.31480	 254.83837	        P1	
 398.49180	 225.70069	 255.35317	        P1	
 398.49180	 318.89321	 211.59307	        P1	
 402.27495	 195.84992	  90.60922	        P1	
 401.01390	 281.03373	 331.54731	        P1	
 401.01390	 301.41961	 574.54468	        P1	
 401.01390	 331.99841	 242.48257	        P1	
 402.27495	 406.98929	 490.11337	        P1	
 402.27495	 488.53273	 166.28849	        P1	
 402.27495	 554.05873	 380.97051	        P1	
 401.01390	 557.69909	 559.61474	        P1	
 402.27495	 591.91821	 279.54997	        P1	
 402.27495	 596.28661	 426.27509	        P1	
 403.53600	   2.91228	 175.04047	        P1	
 403.53600	  87.36800	 240.93809	        P1	
 404.79705	 367.67369	 329.48797	        P1	
 404.79705	 374.95433	 283.66859	        P1	
 403.53600	 387.33149	  83.91645	        P1	
 403.53600	 465.96269	 230.64157	        P1	
 403.53600	 511.10281	 285.72787	        P1	
 406.05810	  27.66652	 541.59591	        P1	
 407.31915	 107.02580	 352.14029	        P1	
 406.05810	 465.96269	  88.54988	        P1	
 407.31915	 580.26913	 220.34512	        P1	
 408.58020	  21.84200	 606.97866	        P1	
 408.58020	  52.42080	 444.80879	        P1	
 409.84125	  63.34180	 366.04057	        P1	
 409.84125	  76.44700	 475.69829	        P1	
 408.58020	 115.03452	 306.83571	        P1	
 408.58020	 170.36760	 483.42066	        P1	
 408.58020	 439.75229	  63.83828	        P1	
 408.58020	 538.76933	  65.89762	        P1	
 411.10230	  90.28028	 175.04047	        P1	
 412.36335	 159.44660	 185.33700	        P1	
 411.10230	 173.27989	 267.70897	        P1	
 411.10230	 187.84120	 433.99746	        P1	
 412.36335	 257.00752	 393.32631	        P1	
 411.10230	 449.94521	 514.31016	        P1	
 412.36335	 481.25209	  94.72778	        P1	
 412.36335	 507.46249	 156.50678	        P1	
 412.36335	 529.30449	 607.49346	        P1	
 412.36335	 575.90073	  35.00812	        P1	
 414.88545	 163.81500	 518.94359	        P1	
 414.88545	 287.58632	 357.80339	        P1	
 414.88545	 373.49821	 426.27509	        P1	
 413.62440	 439.75229	 428.33437	        P1	
 413.62440	 447.03293	 506.07298	        P1	
 414.88545	 507.46249	 226.00815	        P1	
 417.40755	 316.70901	 557.55546	        P1	
 417.40755	 323.98969	 249.17527	        P1	
 416.14650	 333.45453	 166.28849	        P1	
 416.14650	 352.38429	 280.06477	        P1	
 417.40755	 577.35689	 453.04597	        P1	
 418.66860	   1.45612	 382.51499	        P1	
 418.66860	  14.56132	 269.76831	        P1	
 419.92965	  44.41208	 119.43938	        P1	
 418.66860	  93.19252	 282.12411	        P1	
 418.66860	 174.73600	 316.61737	        P1	
 418.66860	 199.49029	 386.63354	        P1	
 419.92965	 293.41089	  15.95955	        P1	
 419.92965	 412.81381	 588.44496	        P1	
 419.92965	 418.63833	 133.85452	        P1	
 419.92965	 434.65581	 193.05937	        P1	
 421.19070	  14.56132	 615.73070	        P1	
 422.45175	  38.58752	 547.77381	        P1	
 422.45175	  60.42952	 350.08101	        P1	
 421.19070	 221.33229	 201.29655	        P1	
 421.19070	 302.87573	 394.87079	        P1	
 422.45175	 322.53353	 314.55809	        P1	
 421.19070	 331.99841	 222.40439	        P1	
 421.19070	 359.66493	  96.78712	        P1	
 421.19070	 406.26121	 298.08367	        P1	
 423.71280	  94.64868	 310.95427	        P1	
 424.97385	 105.56968	 306.32085	        P1	
 424.97385	 262.83209	 317.13217	        P1	
 423.71280	 382.96309	 516.36944	        P1	
 423.71280	 452.85749	 491.65784	        P1	
 423.71280	 534.40093	 325.36941	        P1	
 426.23490	  30.57880	 494.23199	        P1	
 426.23490	  53.87692	 135.39899	        P1	
 427.49595	 222.06032	 201.81142	        P1	
 427.49595	 278.84952	 201.81142	        P1	
 426.23490	 343.64749	  70.01618	        P1	
 426.23490	 615.94441	  57.14557	        P1	
 430.01805	  72.07860	 105.02430	        P1	
 428.75700	  90.28028	   9.78165	        P1	
 428.75700	 248.99881	 265.64969	        P1	
 430.01805	 495.81341	 543.65519	        P1	
 430.01805	 568.62009	 368.09984	        P1	
 428.75700	 595.55853	 549.31828	        P1	
 432.54015	  13.83328	 588.95976	        P1	
 431.27910	 100.47320	 222.40439	        P1	
 432.54015	 101.20128	 514.82497	        P1	
 431.27910	 112.12228	 559.61474	        P1	
 431.27910	 243.17429	  83.91645	        P1	
 431.27910	 343.64749	 250.71975	        P1	
 431.27910	 387.33149	 139.51755	        P1	
 432.54015	 405.53313	 567.85198	        P1	
 432.54015	 433.19969	 483.93547	        P1	
 431.27910	 441.20841	  74.13480	        P1	
 432.54015	 584.63753	 578.66331	        P1	
 435.06225	  16.74552	 302.20229	        P1	
 433.80120	  90.28028	 354.19957	        P1	
 435.06225	 174.00792	 473.63901	        P1	
 433.80120	 179.10440	 179.15910	        P1	
 433.80120	 227.15681	 248.66047	        P1	
 435.06225	 338.55101	 432.45299	        P1	
 433.80120	 410.62961	 117.38010	        P1	
 435.06225	 447.76101	 395.38559	        P1	
 433.80120	 457.22589	 125.61728	        P1	
 435.06225	 527.84833	 207.98932	        P1	
 433.80120	 597.01469	 454.59044	        P1	
 437.58435	  92.46448	 341.84377	        P1	
 436.32330	 149.98172	  84.43132	        P1	
 436.32330	 158.71852	  30.37469	        P1	
 437.58435	 184.20089	 559.61474	        P1	
 437.58435	 377.86661	 117.38010	        P1	
 437.58435	 393.88409	 213.65235	        P1	
 436.32330	 416.45413	 283.66859	        P1	
 436.32330	 518.38349	  70.01618	        P1	
 437.58435	 533.67289	 553.43684	        P1	
 440.10645	 137.60460	 322.79527	        P1	
 440.10645	 268.65661	 475.69829	        P1	
 440.10645	 274.48112	  96.78712	        P1	
 438.84540	 294.13893	  92.15369	        P1	
 438.84540	 422.27869	 582.78186	        P1	
 440.10645	 501.63793	   4.11862	        P1	
 441.36750	  10.19292	 201.81142	        P1	
 442.62855	 398.25249	 219.83025	        P1	
 442.62855	 452.12941	  37.06740	        P1	
 441.36750	 521.29573	 296.02439	        P1	
 441.36750	 553.33069	 181.21837	        P1	
 441.36750	 556.24293	 115.32082	        P1	
 443.88960	 189.29732	 394.87079	        P1	
 445.15065	 211.86740	 253.29389	        P1	
 443.88960	 283.94601	  92.66850	        P1	
 443.88960	 371.31401	 611.61208	        P1	
 445.15065	 439.02421	 131.28037	        P1	
 445.15065	 437.56809	 442.23464	        P1	
 443.88960	 442.66453	  67.44209	        P1	
 445.15065	 453.58553	 529.24011	        P1	
 445.15065	 471.05913	 604.91938	        P1	
 445.15065	 546.77809	  28.31535	        P1	
 446.41170	  77.17508	  46.84905	        P1	
 447.67274	 140.51688	 261.53107	        P1	
 446.41170	 149.98172	 127.67662	        P1	
 447.67274	 203.13060	 278.00549	        P1	
 446.41170	 231.52521	 582.26706	        P1	
 446.41170	 241.71812	 536.96248	        P1	
 446.41170	 282.48989	  46.84905	        P1	
 447.67274	 300.69153	 109.14292	        P1	
 447.67274	 309.42833	 455.10531	        P1	
 447.67274	 421.55061	 545.19966	        P1	
 450.19484	  35.67528	 496.29127	        P1	
 450.19484	 123.04328	 107.08358	        P1	
 450.19484	 217.69192	 485.99481	        P1	
 448.93379	 348.01589	 584.32634	        P1	
 450.19484	 408.44541	  44.78977	        P1	
 448.93379	 457.22589	  40.67115	        P1	
 450.19484	 487.07661	 302.71709	        P1	
 448.93379	 559.15521	 302.71709	        P1	
 450.19484	 570.07621	 413.91929	        P1	
 451.45589	  49.50852	 104.50949	        P1	
 452.71694	  63.34180	  49.42320	        P1	
 452.71694	 128.86780	 409.28586	        P1	
 452.71694	 249.72689	 107.08358	        P1	
 451.45589	 457.22589	 261.53107	        P1	
 451.45589	 528.57641	 353.68477	        P1	
 451.45589	 570.80429	  51.48248	        P1	
 451.45589	 605.75149	 516.36944	        P1	
 455.23904	 252.63912	 314.55809	        P1	
 455.23904	 318.16513	 405.68211	        P1	
 455.23904	 334.18261	 137.45827	        P1	
 453.97799	 334.91069	 195.11865	        P1	
 453.97799	 377.13853	 228.06749	        P1	
 453.97799	 407.71733	  61.26419	        P1	
 453.97799	 441.20841	 310.43947	        P1	
 455.23904	 456.49781	 514.31016	        P1	
 455.23904	 516.19929	 232.18605	        P1	
 455.23904	 529.30449	 323.31007	        P1	
 456.50009	  78.63120	 582.26706	        P1	
 457.76114	 104.11352	 356.25891	        P1	
 457.76114	 220.60420	  75.67927	        P1	
 457.76114	 245.35849	 125.61728	        P1	
 457.76114	 513.28701	  12.35580	        P1	
 457.76114	 523.47993	 325.36941	        P1	
 456.50009	 521.29573	 549.31828	        P1	
 459.02219	  14.56132	 160.11059	        P1	
 460.28324	  72.07860	  44.78977	        P1	
 459.02219	 202.40252	  73.61999	        P1	
 460.28324	 233.70941	 236.30467	        P1	
 460.28324	 335.63873	 197.17799	        P1	
 459.02219	 377.13853	 296.02439	        P1	
 460.28324	 472.51529	 145.69545	        P1	
 461.54429	   2.91228	  94.72778	        P1	
 461.54429	 136.87652	 164.74402	        P1	
 461.54429	 302.87573	 102.96502	        P1	
 462.80534	 325.44581	 483.42066	        P1	
 461.54429	 348.01589	 256.89765	        P1	
 461.54429	 387.33149	  59.20485	        P1	
 462.80534	 434.65581	 290.36129	        P1	
 461.54429	 449.94521	 302.71709	        P1	
 461.54429	 562.06749	 125.61728	        P1	
 461.54429	 569.34813	 263.59041	        P1	
 462.80534	 587.54981	 186.88147	        P1	
 461.54429	 598.47081	 125.10247	        P1	
 461.54429	 604.29533	  65.89762	        P1	
 464.06639	  85.91188	 442.23464	        P1	
 464.06639	 144.15720	 543.65519	        P1	
 465.32744	 248.27072	 357.80339	        P1	
 465.32744	 310.88449	 102.45015	        P1	
 465.32744	 370.58593	 102.96502	        P1	
 465.32744	 455.04169	 256.89765	        P1	
 465.32744	 457.95393	 611.09728	        P1	
 464.06639	 516.92733	 566.30751	        P1	
 464.06639	 543.13773	 160.11059	        P1	
 464.06639	 592.64629	 236.81947	        P1	
 467.84954	   8.00872	 251.23461	        P1	
 467.84954	  10.92100	  43.24530	        P1	
 466.58849	  81.54348	 582.78186	        P1	
 467.84954	 157.99048	 615.21584	        P1	
 467.84954	 238.07781	 370.67399	        P1	
 467.84954	 273.02501	 174.52567	        P1	
 467.84954	 313.79673	 240.42329	        P1	
 466.58849	 321.80549	  77.73855	        P1	
 467.84954	 354.56849	 514.82497	        P1	
 466.58849	 470.33109	 175.04047	        P1	
 466.58849	 548.96229	 170.40705	        P1	
 466.58849	 566.43589	  71.56065	        P1	
 470.37164	 232.25329	 193.57417	        P1	
 469.11059	 263.56012	 374.79261	        P1	
 470.37164	 310.88449	 249.17527	        P1	
 469.11059	 586.82173	 115.32082	        P1	
 472.89374	  85.18380	 606.97866	        P1	
 472.89374	 149.25368	 300.14295	        P1	
 471.63269	 148.52560	 514.31016	        P1	
 472.89374	 264.28821	 358.31819	        P1	
 472.89374	 357.48073	  79.79789	        P1	
 472.89374	 444.84873	 448.92741	        P1	
 471.63269	 543.13773	 368.61471	        P1	
 471.63269	 546.05001	  86.49060	        P1	
 471.63269	 553.33069	 514.82497	        P1	
 471.63269	 573.71653	 407.22658	        P1	
 474.15479	  52.42080	 199.23727	        P1	
 475.41584	 117.21872	 178.64429	        P1	
 475.41584	 340.00713	 246.60119	        P1	
 475.41584	 342.91941	 427.81956	        P1	
 474.15479	 473.24333	 339.26969	        P1	
 474.15479	 519.83961	 450.98669	        P1	
 477.93794	 108.48192	 580.20778	        P1	
 477.93794	 127.41168	 422.15647	        P1	
 477.93794	 261.37592	 455.10531	        P1	
 476.67689	 314.52481	 531.29939	        P1	
 477.93794	 447.76101	 205.41517	        P1	
 476.67689	 500.90989	  28.31535	        P1	
 476.67689	 554.78681	 148.26960	        P1	
 480.46004	  60.42952	 339.26969	        P1	
 480.46004	 140.51688	 514.82497	        P1	
 480.46004	 149.25368	 182.76285	        P1	
 479.19899	 222.78840	 197.69279	        P1	
 479.19899	 234.43749	 292.42057	        P1	
 480.46004	 473.97141	 501.95436	        P1	
 479.19899	 563.52361	 537.47729	        P1	
 481.72109	 218.42000	 458.70906	        P1	
 482.98214	 223.51649	  96.27225	        P1	
 481.72109	 308.70029	 108.62805	        P1	
 482.98214	 466.69073	  96.78712	        P1	
 482.98214	 504.55021	 420.09719	        P1	
 482.98214	 508.91861	 278.00549	        P1	
 482.98214	 539.49741	  67.95690	        P1	
 481.72109	 580.99721	 310.43947	        P1	
 481.72109	 597.01469	  53.02695	        P1	
 481.72109	 595.55853	 388.69289	        P1	
 481.72109	 595.55853	 461.28321	        P1	
 481.72109	 598.47081	  61.77900	        P1	
 485.50424	 229.34101	 545.19966	        P1	
 485.50424	 437.56809	 275.43135	        P1	
 484.24319	 458.68201	 488.05409	        P1	
 484.24319	 534.40093	 597.19701	        P1	
 484.24319	 618.85670	 545.71447	        P1	
 486.76529	  40.77172	 578.66331	        P1	
 486.76529	 101.92932	 215.71169	        P1	
 486.76529	 196.57800	 253.29389	        P1	
 488.02634	 278.84952	 238.87881	        P1	
 488.02634	 303.60381	 557.55546	        P1	
 488.02634	 341.46329	 224.46367	        P1	
 486.76529	 362.57721	  13.90027	        P1	
 486.76529	 429.55933	 357.80339	        P1	
 486.76529	 505.27829	 156.50678	        P1	
 488.02634	 602.11113	 207.98932	        P1	
 488.02634	 603.56729	 502.46917	        P1	
 489.28739	  37.85948	 510.19154	        P1	
 489.28739	  74.26280	 420.09719	        P1	
 490.54844	 141.97300	 308.89499	        P1	
 489.28739	 145.61332	  90.60922	        P1	
 490.54844	 187.11312	 277.49069	        P1	
 490.54844	 332.72649	   3.60375	        P1	
 489.28739	 336.36681	 599.25628	        P1	
 489.28739	 578.08493	 456.64978	        P1	
 490.54844	 607.93569	 133.33965	        P1	
 489.28739	 610.11989	 286.24267	        P1	
 493.07054	  10.92100	 172.98120	        P1	
 491.80949	 117.94680	 557.55546	        P1	
 491.80949	 216.96389	 440.69017	        P1	
 493.07054	 226.42872	 245.05671	        P1	
 491.80949	 235.89361	  20.07817	        P1	
 491.80949	 266.47241	 619.33446	        P1	
 493.07054	 322.53353	 461.28321	        P1	
 493.07054	 392.42793	 549.31828	        P1	
 491.80949	 413.54189	 423.70094	        P1	
 493.07054	 424.46289	 380.45564	        P1	
 493.07054	 455.04169	 170.40705	        P1	
 493.07054	 532.21673	 197.17799	        P1	
 494.33159	  49.50852	 356.25891	        P1	
 495.59264	  57.51728	 107.08358	        P1	
 494.33159	  69.89440	 117.38010	        P1	
 495.59264	 160.90272	 598.74148	        P1	
 495.59264	 235.16552	 245.05671	        P1	
 494.33159	 299.96349	 355.74404	        P1	
 495.59264	 300.69153	 405.68211	        P1	
 495.59264	 316.70901	 384.57426	        P1	
 495.59264	 342.91941	 284.18339	        P1	
 494.33159	 384.41921	 501.95436	        P1	
 494.33159	 483.43629	 465.40177	        P1	
 494.33159	 521.29573	 467.46111	        P1	
 494.33159	 541.68161	 143.63617	        P1	
 494.33159	 554.78681	 291.90577	        P1	
 496.85369	  14.56132	 380.97051	        P1	
 498.11474	 114.30648	 619.84926	        P1	
 498.11474	 121.58712	 481.36138	        P1	
 496.85369	 147.06948	   3.60375	        P1	
 498.11474	 171.09569	 398.98934	        P1	
 498.11474	 182.74472	 164.74402	        P1	
 498.11474	 230.79712	 333.09179	        P1	
 498.11474	 348.74393	 170.92192	        P1	
 498.11474	 366.21753	 442.74951	        P1	
 496.85369	 384.41921	 605.43418	        P1	
 496.85369	 409.17349	 521.00287	        P1	
 498.11474	 446.30489	 423.70094	        P1	
 498.11474	 462.32233	 362.43681	        P1	
 496.85369	 579.54109	 547.25894	        P1	
 499.37579	  21.84200	 100.39087	        P1	
 499.37579	  55.33308	 170.40705	        P1	
 499.37579	  66.98212	 251.23461	        P1	
 500.63684	 117.21872	  67.44209	        P1	
 500.63684	 125.95552	 172.46639	        P1	
 500.63684	 328.35809	 269.25345	        P1	
 500.63684	 344.37553	 462.82768	        P1	
 499.37579	 378.59469	  71.56065	        P1	
 499.37579	 438.29613	 506.07298	        P1	
 499.37579	 538.76933	 604.91938	        P1	
 503.15894	  98.28900	 421.64166	        P1	
 503.15894	 130.32392	 498.35061	        P1	
 503.15894	 197.30609	 483.93547	        P1	
 503.15894	 340.00713	 197.17799	        P1	
 501.89789	 435.38389	 473.12414	        P1	
 501.89789	 512.55893	 617.27518	        P1	
 503.15894	 522.02381	  61.77900	        P1	
 503.15894	 524.93609	 477.75757	        P1	
 504.41999	  24.75428	 582.78186	        P1	
 505.68104	 133.23620	 174.52567	        P1	
 504.41999	 161.63080	 494.23199	        P1	
 504.41999	 168.91149	 195.11865	        P1	
 504.41999	 179.10440	  32.43397	        P1	
 504.41999	 263.56012	 461.28321	        P1	
 505.68104	 334.18261	 179.15910	        P1	
 504.41999	 343.64749	  88.54988	        P1	
 504.41999	 343.64749	 508.64707	        P1	
 505.68104	 488.53273	 282.12411	        P1	
 504.41999	 608.66373	 121.49872	        P1	
 506.94209	  16.01748	 273.88687	        P1	
 508.20314	  37.13140	  75.67927	        P1	
 506.94209	 104.84160	  44.78977	        P1	
 508.20314	 124.49940	 100.39087	        P1	
 508.20314	 127.41168	 199.75207	        P1	
 506.94209	 141.24492	 604.91938	        P1	
 508.20314	 236.62169	 164.22915	        P1	
 508.20314	 329.81421	 174.52567	        P1	
 508.20314	 351.65621	 438.63089	        P1	
 506.94209	 358.20881	 549.83309	        P1	
 509.46419	  64.06988	 269.25345	        P1	
 510.72524	  69.16632	 425.76028	        P1	
 510.72524	 175.46409	 162.68468	        P1	
 510.72524	 197.30609	  90.09435	        P1	
 510.72524	 227.88489	 164.22915	        P1	
 510.72524	 248.27072	 325.36941	        P1	
 509.46419	 250.45492	 448.92741	        P1	
 509.46419	 276.66532	 499.89508	        P1	
 509.46419	 323.26161	 302.71709	        P1	
 510.72524	 351.65621	 186.88147	        P1	
 510.72524	 399.70861	 278.00549	        P1	
 510.72524	 447.76101	 247.11599	        P1	
 509.46419	 506.73441	 236.30467	        P1	
 513.24734	  74.99088	  77.73855	        P1	
 513.24734	 143.42912	 407.22658	        P1	
 513.24734	 144.88528	  32.94878	        P1	
 511.98629	 176.19212	 543.14038	        P1	
 513.24734	 206.04289	 242.99737	        P1	
 513.24734	 255.55141	 211.59307	        P1	
 513.24734	 286.13021	 242.48257	        P1	
 513.24734	 296.32313	 121.49872	        P1	
 513.24734	 383.69113	  78.25342	        P1	
 511.98629	 388.78761	 514.31016	        P1	
 513.24734	 393.88409	 440.69017	        P1	
 511.98629	 441.20841	 409.28586	        P1	
 511.98629	 486.34853	 535.41801	        P1	
 511.98629	 562.06749	 415.97857	        P1	
 513.24734	 570.07621	 594.62286	        P1	
 511.98629	 585.36561	 440.17536	        P1	
 514.50839	 228.61292	 413.40448	        P1	
 514.50839	 283.94601	 518.94359	        P1	
 515.76944	 303.60381	 166.80330	        P1	
 515.76944	 389.51569	 244.54185	        P1	
 515.76944	 433.19969	 411.34514	        P1	
 514.50839	 461.59429	 528.72524	        P1	
 515.76944	 565.70781	 582.26706	        P1	
 517.03049	   4.36840	 469.52039	        P1	
 517.03049	  33.49108	 453.04597	        P1	
 517.03049	  48.05240	 359.86267	        P1	
 518.29154	  89.55220	 193.05937	        P1	
 518.29154	 351.65621	 240.93809	        P1	
 518.29154	 370.58593	 121.49872	        P1	
 518.29154	 376.41049	 280.06477	        P1	
 518.29154	 500.18181	 508.13226	        P1	
 517.03049	 505.27829	 527.18077	        P1	
 518.29154	 568.62009	 114.80595	        P1	
 518.29154	 578.81301	 166.80330	        P1	
 517.03049	 589.73401	 532.84386	        P1	
 519.55259	  29.12268	 366.55537	        P1	
 520.81364	 114.30648	 378.91117	        P1	
 519.55259	 206.77092	 380.97051	        P1	
 520.81364	 217.69192	 401.04869	        P1	
 520.81364	 240.99009	  15.95955	        P1	
 519.55259	 289.77053	 178.64429	        P1	
 519.55259	 295.59509	 317.13217	        P1	
 519.55259	 317.43709	   2.05928	        P1	
 520.81364	 323.98969	 607.49346	        P1	
 520.81364	 338.55101	 217.77097	        P1	
 520.81364	 361.84913	 102.96502	        P1	
 520.81364	 389.51569	 473.12414	        P1	
 520.81364	 460.86621	  18.53370	        P1	
 519.55259	 556.24293	  11.84100	        P1	
 519.55259	 617.40053	 524.60668	        P1	
 522.07469	 109.21000	 576.08916	        P1	
 522.07469	 324.71773	  67.44209	        P1	
 523.33574	 341.46329	 244.54185	        P1	
 523.33574	 348.74393	  10.29652	        P1	
 523.33574	 360.39301	 191.51489	        P1	
 522.07469	 385.87533	 116.86529	        P1	
 523.33574	 471.05913	 201.81142	        P1	
 523.33574	 504.55021	 568.36679	        P1	
 525.85784	  26.93848	 318.67665	        P1	
 525.85784	  37.13140	 353.68477	        P1	
 525.85784	 114.30648	  83.91645	        P1	
 525.85784	 114.30648	 144.15098	        P1	
 525.85784	 280.30569	 477.75757	        P1	
 524.59679	 391.69989	 230.64157	        P1	
 524.59679	 431.01549	 120.98385	        P1	
 525.85784	 455.04169	 127.16175	        P1	
 524.59679	 530.03253	 356.25891	        P1	
 525.85784	 551.14649	 453.04597	        P1	
 525.85784	 565.70781	 539.02176	        P1	
 528.37994	 105.56968	 267.70897	        P1	
 527.11889	 131.05200	 230.12677	        P1	
 527.11889	 205.31480	 290.36129	        P1	
 528.37994	 427.37513	 578.66331	        P1	
 529.64099	  59.70148	 256.89765	        P1	
 530.90204	  73.53472	 549.31828	        P1	
 529.64099	 136.87652	 512.25088	        P1	
 529.64099	 234.43749	 213.65235	        P1	
 530.90204	 405.53313	  11.84100	        P1	
 529.64099	 471.78721	 142.09170	        P1	
 529.64099	 492.17309	 576.60396	        P1	
 532.16309	 107.75388	 176.58495	        P1	
 532.16309	 149.98172	 207.98932	        P1	
 533.42414	 163.81500	 481.87619	        P1	
 533.42414	 184.20089	  15.95955	        P1	
 532.16309	 281.03373	  35.00812	        P1	
 533.42414	 379.32273	 109.14292	        P1	
 533.42414	 430.28741	 569.91126	        P1	
 532.16309	 445.57681	  49.42320	        P1	
 532.16309	 458.68201	 179.15910	        P1	
 532.16309	 463.05041	 396.93006	        P1	
 533.42414	 492.90113	 597.19701	        P1	
 532.16309	 537.31321	 403.10796	        P1	
 532.16309	 564.97973	 567.85198	        P1	
 534.68519	 125.22748	 551.89236	        P1	
 534.68519	 297.05121	 223.94887	        P1	
 535.94624	 382.23501	 409.28586	        P1	
 534.68519	 400.43669	   8.23718	        P1	
 534.68519	 566.43589	   3.60375	        P1	
 538.46834	  69.16632	 127.67662	        P1	
 537.20729	 119.40292	 547.77381	        P1	
 537.20729	 254.82332	 617.27518	        P1	
 537.20729	 257.73561	  13.90027	        P1	
 538.46834	 261.37592	  85.97579	        P1	
 538.46834	 457.95393	 183.27772	        P1	
 537.20729	 588.27789	 595.13766	        P1	
 537.20729	 594.10241	 254.83837	        P1	
 540.99044	  56.06112	 257.41251	        P1	
 539.72939	  96.10480	 316.61737	        P1	
 539.72939	 135.42040	 328.97317	        P1	
 539.72939	 211.13932	 547.77381	        P1	
 539.72939	 317.43709	 590.50424	        P1	
 539.72939	 384.41921	 191.51489	        P1	
 540.99044	 425.91901	 426.27509	        P1	
 539.72939	 444.12069	 269.25345	        P1	
 539.72939	 569.34813	  59.71972	        P1	
 542.25149	  65.52600	 605.43418	        P1	
 542.25149	 208.22709	 582.78186	        P1	
 543.51254	 245.35849	 516.36944	        P1	
 543.51254	 265.74432	 561.67408	        P1	
 543.51254	 289.04249	 434.51227	        P1	
 543.51254	 329.81421	 315.07289	        P1	
 543.51254	 427.37513	 586.38568	        P1	
 542.25149	 428.10321	 483.42066	        P1	
 543.51254	 466.69073	 598.74148	        P1	
 542.25149	 524.20801	 463.34249	        P1	
 544.77359	  46.59628	 267.70897	        P1	
 546.03464	 107.02580	 539.02176	        P1	
 546.03464	 310.88449	 602.86004	        P1	
 544.77359	 345.10361	 458.70906	        P1	
 544.77359	 484.89241	 537.47729	        P1	
 547.29569	 205.31480	 421.64166	        P1	
 547.29569	 221.33229	 323.31007	        P1	
 548.55674	 300.69153	 116.86529	        P1	
 548.55674	 305.05993	 405.68211	        P1	
 547.29569	 321.80549	 286.24267	        P1	
 548.55674	 452.12941	   1.54447	        P1	
 547.29569	 461.59429	 250.71975	        P1	
 547.29569	 470.33109	 170.40705	        P1	
 548.55674	 469.60301	 452.53116	        P1	
 547.29569	 489.26081	  94.21297	        P1	
 549.81779	   1.45612	 393.32631	        P1	
 551.07884	  53.14888	 238.36395	        P1	
 549.81779	  71.35052	  84.43132	        P1	
 549.81779	 110.66612	 263.59041	        P1	
 549.81779	 240.26201	 228.58229	        P1	
 549.81779	 318.89321	 433.99746	        P1	
 549.81779	 364.03333	 191.00009	        P1	
 551.07884	 431.74353	 462.82768	        P1	
 551.07884	 462.32233	 177.09982	        P1	
 551.07884	 489.98889	 341.84377	        P1	
 551.07884	 501.63793	 393.32631	        P1	
 549.81779	 553.33069	 331.03245	        P1	
 549.81779	 604.29533	 178.64429	        P1	
 552.33989	  26.21040	 328.97317	        P1	
 552.33989	 131.05200	 236.30467	        P1	
 553.60094	 203.13060	  63.32347	        P1	
 552.33989	 202.40252	 294.47991	        P1	
 552.33989	 248.99881	  80.31270	        P1	
 552.33989	 299.96349	 187.39627	        P1	
 552.33989	 327.63001	 149.81407	        P1	
 552.33989	 356.75269	 565.79264	        P1	
 553.60094	 386.60341	 383.02979	        P1	
 553.60094	 524.93609	 175.04047	        P1	
 553.60094	 618.12861	 304.26157	        P1	
 556.12304	  42.95592	 146.21032	        P1	
 554.86199	 190.75349	 312.49875	        P1	
 554.86199	 199.49029	 361.92194	        P1	
 554.86199	 234.43749	  53.02695	        P1	
 554.86199	 262.10401	 569.91126	        P1	
 556.12304	 390.97181	 253.29389	        P1	
 556.12304	 466.69073	 191.00009	        P1	
 558.64514	  96.83288	 477.75757	        P1	
 558.64514	 230.79712	 215.71169	        P1	
 558.64514	 233.70941	 230.12677	        P1	
 558.64514	 251.18301	 396.93006	        P1	
 558.64514	 277.39341	 569.91126	        P1	
 558.64514	 353.11233	 121.49872	        P1	
 557.38409	 382.96309	 465.40177	        P1	
 557.38409	 420.82253	 487.53928	        P1	
 559.90619	  37.85948	 280.06477	        P1	
 559.90619	  78.63120	 440.17536	        P1	
 559.90619	 142.70108	  53.02695	        P1	
 559.90619	 145.61332	 529.24011	        P1	
 561.16724	 195.84992	 418.03791	        P1	
 561.16724	 222.06032	  22.65232	        P1	
 559.90619	 452.85749	 380.45564	        P1	
 559.90619	 490.71693	 436.57161	        P1	
 559.90619	 598.47081	 463.34249	        P1	
 562.42829	   1.45612	  72.07552	        P1	
 562.42829	  10.19292	 221.88959	        P1	
 563.68934	  72.07860	 438.63089	        P1	
 563.68934	 197.30609	 516.36944	        P1	
 562.42829	 246.08652	 257.41251	        P1	
 562.42829	 512.55893	  35.00812	        P1	
 563.68934	 539.49741	  24.71160	        P1	
 563.68934	 568.62009	 528.72524	        P1	
 562.42829	 610.11989	  28.31535	        P1	
 562.42829	 615.94441	 464.88696	        P1	
 564.95039	   4.36840	 471.06486	        P1	
 564.95039	   8.73680	  80.31270	        P1	
 566.21144	  74.99088	  59.20485	        P1	
 566.21144	 146.34140	 551.37756	        P1	
 564.95039	 157.26240	 450.98669	        P1	
 564.95039	 269.38469	 188.94075	        P1	
 566.21144	 340.00713	 238.87881	        P1	
 564.95039	 607.20761	 345.96239	        P1	
 564.95039	 617.40053	 572.48541	        P1	
 567.47249	 125.22748	 613.67136	        P1	
 568.73354	 165.27112	 493.71718	        P1	
 568.73354	 385.14729	 176.58495	        P1	
 568.73354	 396.79633	 516.88431	        P1	
 568.73354	 485.62049	 539.53657	        P1	
 568.73354	 551.14649	 312.49875	        P1	
 568.73354	 561.33941	 446.35326	        P1	
 567.47249	 566.43589	 323.31007	        P1	
 571.25564	 187.11312	  35.00812	        P1	
 571.25564	 192.93769	 429.87884	        P1	
 571.25564	 479.79593	 374.79261	        P1	
 571.25564	 489.98889	 348.02167	        P1	
 571.25564	 494.35729	 570.42606	        P1	
 571.25564	 594.83049	  77.73855	        P1	
 571.25564	 618.12861	 450.98669	        P1	
 572.51669	  78.63120	 321.25079	        P1	
 573.77774	 239.53392	 506.07298	        P1	
 573.77774	 446.30489	 502.46917	        P1	
 573.77774	 522.02381	 500.40989	        P1	
 572.51669	 532.94481	 129.73590	        P1	
 576.29984	  64.79792	 438.11608	        P1	
 576.29984	  89.55220	 366.04057	        P1	
 576.29984	 369.12981	 471.06486	        P1	
 575.03879	 489.26081	 205.41517	        P1	
 576.29984	 492.90113	 561.67408	        P1	
 576.29984	 542.40969	 411.34514	        P1	
 576.29984	 568.62009	 378.91117	        P1	
 575.03879	 575.17269	 164.22915	        P1	
 576.29984	 577.35689	 354.19957	        P1	
 578.82194	  28.39460	 265.64969	        P1	
 578.82194	  66.25408	 360.37747	        P1	
 578.82194	  73.53472	 487.53928	        P1	
 577.56089	 132.50812	 269.76831	        P1	
 578.82194	 140.51688	 343.38825	        P1	
 578.82194	 235.16552	  22.65232	        P1	
 577.56089	 282.48989	 497.83574	        P1	
 578.82194	 367.67369	 588.95976	        P1	
 578.82194	 476.88369	 137.97308	        P1	
 580.08299	  77.17508	 368.09984	        P1	
 580.08299	 160.17469	 508.64707	        P1	
 581.34404	 236.62169	 269.25345	        P1	
 580.08299	 396.06829	 355.74404	        P1	
 581.34404	 433.19969	 504.01364	        P1	
 580.08299	 614.48830	 466.94624	        P1	
 582.60509	 164.54309	 411.34514	        P1	
 583.86614	 261.37592	 566.30751	        P1	
 582.60509	 315.98093	 418.03791	        P1	
 582.60509	 339.27909	 403.62277	        P1	
 583.86614	 388.05953	  98.33159	        P1	
 583.86614	 444.84873	 263.59041	        P1	
 583.86614	 475.42753	 438.11608	        P1	
 582.60509	 490.71693	 357.80339	        P1	
 582.60509	 505.27829	 176.58495	        P1	
 583.86614	 526.39221	 520.48806	        P1	
 583.86614	 543.86581	 520.48806	        P1	
 582.60509	 607.20761	  98.84640	        P1	
 586.38824	 248.27072	 510.70641	        P1	
 586.38824	 284.67409	 199.75207	        P1	
 586.38824	 347.28781	 576.08916	        P1	
 586.38824	 478.33981	 452.53116	        P1	
 586.38824	 500.18181	 242.48257	        P1	
 587.64929	  16.01748	 615.21584	        P1	
 588.91034	  99.74512	 430.39371	        P1	
 588.91034	 137.60460	 532.84386	        P1	
 587.64929	 232.98132	 326.91389	        P1	
 588.91034	 251.18301	 576.08916	        P1	
 588.91034	 408.44541	  98.84640	        P1	
 587.64929	 506.73441	 518.94359	        P1	
 588.91034	 519.11153	 357.80339	        P1	
 588.91034	 543.86581	 223.94887	        P1	
 588.91034	 578.81301	 100.39087	        P1	
 588.91034	 589.00593	 456.64978	        P1	
 591.43244	  22.57008	 558.07026	        P1	
 591.43244	  76.44700	 594.62286	        P1	
 590.17139	  81.54348	 502.46917	        P1	
 591.43244	 179.83249	  20.59298	        P1	
 591.43244	 195.84992	 326.91389	        P1	
 591.43244	 319.62129	 131.79518	        P1	
 590.17139	 327.63001	 532.84386	        P1	
 591.43244	 366.21753	 584.84121	        P1	
 591.43244	 382.23501	 197.69279	        P1	
 591.43244	 484.16433	 228.06749	        P1	
 591.43244	 570.07621	 290.36129	        P1	
 590.17139	 591.19013	 214.16722	        P1	
 592.69349	  80.08732	 129.22109	        P1	
 592.69349	  81.54348	 534.90314	        P1	
 593.95454	 377.86661	 477.24276	        P1	
 593.95454	 398.25249	 446.86807	        P1	
 593.95454	 441.93649	 454.59044	        P1	
 593.95454	 501.63793	 240.42329	        P1	
 592.69349	 502.36601	 366.04057	        P1	
 592.69349	 551.87453	 380.97051	        P1	
 592.69349	 564.97973	 127.67662	        P1	
 596.47664	  57.51728	  45.30458	        P1	
 596.47664	  66.25408	 310.95427	        P1	
 595.21559	  87.36800	 298.08367	        P1	
 595.21559	 265.01629	 341.84377	        P1	
 595.21559	 396.06829	 619.84926	        P1	
 596.47664	 427.37513	 104.50949	        P1	
 595.21559	 448.48909	  57.66038	        P1	
 598.99874	  32.76300	 265.64969	        P1	
 597.73769	  42.22788	  70.01618	        P1	
 597.73769	  52.42080	 458.70906	        P1	
 598.99874	  60.42952	   4.11862	        P1	
 597.73769	 350.92813	 283.66859	        P1	
 598.99874	 367.67369	  28.31535	        P1	
 598.99874	 393.88409	  63.83828	        P1	
 597.73769	 419.36641	 512.76569	        P1	
 598.99874	 540.95353	 146.21032	        P1	
 600.25979	  69.89440	 267.19417	        P1	
 600.25979	 221.33229	 205.92997	        P1	
 600.25979	 350.92813	 424.21581	        P1	
 601.52084	 358.93689	 355.74404	        P1	
 601.52084	 386.60341	 271.82759	        P1	
 601.52084	 395.34021	 148.26960	        P1	
 600.25979	 397.52441	 228.58229	        P1	
 601.52084	 500.18181	 345.96239	        P1	
 601.52084	 506.00633	 592.56358	        P1	
 601.52084	 524.93609	  26.77088	        P1	
 602.78189	  13.10520	 148.26960	        P1	
 602.78189	 125.22748	 250.71975	        P1	
 604.04294	 181.28860	 304.26157	        P1	
 604.04294	 210.41129	 479.30204	        P1	
 602.78189	 333.45453	  67.44209	        P1	
 602.78189	 339.27909	 182.76285	        P1	
 604.04294	 396.79633	 388.69289	        P1	
 602.78189	 403.34893	  24.19679	        P1	
 604.04294	 487.07661	 562.18889	        P1	
 602.78189	 573.71653	 246.60119	        P1	
 605.30399	   1.45612	  30.37469	        P1	
 606.56504	  80.81540	 457.16459	        P1	
 606.56504	  83.72768	 423.70094	        P1	
 606.56504	  91.00832	  59.71972	        P1	
 606.56504	 147.79752	 560.12961	        P1	
 605.30399	 208.22709	   8.23718	        P1	
 606.56504	 415.72609	  94.72778	        P1	
 609.08714	  22.57008	 590.50424	        P1	
 609.08714	  64.79792	 109.14292	        P1	
 609.08714	 243.90232	 123.04319	        P1	
 607.82609	 352.38429	  83.91645	        P1	
 607.82609	 377.13853	  30.37469	        P1	
 609.08714	 440.48033	 370.15919	        P1	
 607.82609	 461.59429	 613.67136	        P1	
 607.82609	 527.12029	 397.44487	        P1	
 610.34819	  27.66652	 529.24011	        P1	
 610.34819	  43.68400	 512.76569	        P1	
 611.60924	 111.39420	 426.27509	        P1	
 611.60924	 238.07781	 129.73590	        P1	
 611.60924	 524.93609	 527.18077	        P1	
 611.60924	 545.32193	  48.90839	        P1	
 610.34819	 562.06749	 596.68214	        P1	
 614.13134	 236.62169	 411.34514	        P1	
 612.87029	 331.99841	 248.66047	        P1	
 612.87029	 382.96309	 144.15098	        P1	
 612.87029	 431.01549	 263.07555	        P1	
 612.87029	 433.92773	  73.61999	        P1	
 615.39239	  61.15760	 551.37756	        P1	
 615.39239	 126.68360	 261.01627	        P1	
 616.65344	 172.55180	 539.02176	        P1	
 615.39239	 275.20921	 415.46376	        P1	
 616.65344	 306.51609	 454.59044	        P1	
 615.39239	 359.66493	 455.10531	        P1	
 615.39239	 439.75229	 150.32888	        P1	
 615.39239	 454.31361	  13.90027	        P1	
 615.39239	 566.43589	 218.28577	        P1	
 615.39239	 573.71653	 320.73599	        P1	
 615.39239	 575.17269	 434.51227	        P1	
 617.91449	 149.98172	 277.49069	        P1	
 619.17554	 265.74432	 104.50949	        P1	
 619.17554	 318.16513	 407.22658	        P1	
 617.91449	 378.59469	 242.99737	        P1	
 619.17554	 383.69113	 160.11059	        P1	
 617.91449	 448.48909	 516.36944	        P1	
 617.91449	 514.01509	 578.14844	        P1	
 619.17554	 549.69033	 215.71169	        P1	
