2128.00000	   0.00000	   0.00000	   0.00000	
   1.26105	   2.18420	 273.37207	        P1	
   0.00000	  42.22788	 417.52304	        P1	
   0.00000	  84.45572	 152.38822	        P1	
   1.26105	 156.53432	 164.74402	        P1	
   1.26105	 259.91981	 180.70357	        P1	
   1.26105	 294.86701	 525.12149	        P1	
   0.00000	 374.22629	 304.77637	        P1	
   1.26105	 382.23501	 341.32897	        P1	
   1.26105	 508.91861	 148.26960	        P1	
   1.26105	 519.11153	 485.99481	        P1	
   3.78315	  60.42952	 121.49872	        P1	
   3.78315	  73.53472	 172.46639	        P1	
   3.78315	 273.02501	 160.62540	        P1	
   2.52210	 375.68241	  30.88950	        P1	
   2.52210	 473.24333	 393.32631	        P1	
   5.04420	  20.38588	 564.24816	        P1	
   5.04420	 157.26240	  92.66850	        P1	
   6.30525	 159.44660	 551.37756	        P1	
   6.30525	 430.28741	 180.70357	        P1	
   6.30525	 482.70821	 154.44750	        P1	
   5.04420	 524.20801	 210.04859	        P1	
   6.30525	 530.76061	 304.26157	        P1	
   8.82735	  19.65780	 123.55800	        P1	
   8.82735	 216.23580	 135.91380	        P1	
   8.82735	 236.62169	 397.44487	        P1	
   8.82735	 348.74393	 238.87881	        P1	
   8.82735	 356.02461	 211.59307	        P1	
   7.56630	 477.61173	 164.74402	        P1	
   8.82735	 613.76021	 180.70357	        P1	
  10.08840	  18.92972	 109.14292	        P1	
  11.34945	 118.67488	  88.54988	        P1	
  10.08840	 120.85908	 466.94624	        P1	
  11.34945	 125.95552	 275.94621	        P1	
  11.34945	 169.63952	 407.22658	        P1	
  10.08840	 251.91109	  26.77088	        P1	
  10.08840	 260.64789	 446.86807	        P1	
  10.08840	 461.59429	 275.43135	        P1	
  11.34945	 465.23461	 290.36129	        P1	
  10.08840	 473.24333	 102.96502	        P1	
  10.08840	 481.98013	 462.82768	        P1	
  11.34945	 501.63793	 294.47991	        P1	
  11.34945	 540.95353	 351.62549	        P1	
  11.34945	 558.42713	 337.72521	        P1	
  10.08840	 575.17269	  94.72778	        P1	
  10.08840	 579.54109	 490.11337	        P1	
  13.87155	  47.32432	 603.37491	        P1	
  12.61050	 128.13972	 475.18348	        P1	
  12.61050	 230.06909	  57.66038	        P1	
  12.61050	 288.31441	 273.37207	        P1	
  12.61050	 438.29613	 512.25088	        P1	
  12.61050	 493.62921	  26.25607	        P1	
  13.87155	 516.19929	  28.31535	        P1	
  16.39365	  19.65780	 352.14029	        P1	
  16.39365	  45.86820	  74.13480	        P1	
  16.39365	 216.23580	 383.02979	        P1	
  15.13260	 265.01629	 212.10787	        P1	
  15.13260	 263.56012	 265.13489	        P1	
  16.39365	 305.05993	 306.83571	        P1	
  16.39365	 307.97221	 606.97866	        P1	
  16.39365	 356.02461	 457.16459	        P1	
  16.39365	 533.67289	 545.71447	        P1	
  16.39365	 587.54981	  44.78977	        P1	
  17.65470	   0.00000	 440.17536	        P1	
  17.65470	  40.77172	 567.85198	        P1	
  18.91575	 112.85032	 419.58238	        P1	
  17.65470	 248.99881	 576.08916	        P1	
  18.91575	 262.83209	  53.02695	        P1	
  18.91575	 270.11272	 289.84649	        P1	
  18.91575	 315.25289	 267.70897	        P1	
  18.91575	 447.76101	  20.07817	        P1	
  17.65470	 614.48830	 182.76285	        P1	
  20.17680	  71.35052	  30.37469	        P1	
  21.43785	 211.86740	 185.33700	        P1	
  21.43785	 243.90232	  53.54182	        P1	
  20.17680	 253.36721	 327.42869	        P1	
  20.17680	 314.52481	 117.38010	        P1	
  21.43785	 315.25289	 304.77637	        P1	
  20.17680	 422.27869	  88.54988	        P1	
  20.17680	 493.62921	 296.53919	        P1	
  20.17680	 497.99761	 421.64166	        P1	
  20.17680	 546.05001	 341.32897	        P1	
  20.17680	 569.34813	 481.36138	        P1	
  23.95995	 117.21872	 116.86529	        P1	
  23.95995	 127.41168	 533.35867	        P1	
  23.95995	 251.18301	 166.80330	        P1	
  23.95995	 423.00673	 504.52851	        P1	
  22.69890	 548.96229	 113.26148	        P1	
  25.22100	  26.21040	 488.05409	        P1	
  25.22100	 189.29732	 560.12961	        P1	
  25.22100	 241.71812	 133.85452	        P1	
  25.22100	 240.26201	 582.26706	        P1	
  25.22100	 250.45492	 115.32082	        P1	
  29.00415	  18.20168	 372.73327	        P1	
  27.74310	 136.87652	 444.29398	        P1	
  27.74310	 436.84001	 236.30467	        P1	
  27.74310	 463.05041	  57.14557	        P1	
  27.74310	 598.47081	 230.12677	        P1	
  31.52625	 187.11312	 382.51499	        P1	
  30.26520	 187.84120	 599.25628	        P1	
  30.26520	 208.22709	 539.53657	        P1	
  31.52625	 239.53392	  79.79789	        P1	
  30.26520	 243.17429	 306.32085	        P1	
  31.52625	 273.02501	 211.59307	        P1	
  31.52625	 294.86701	 339.78449	        P1	
  31.52625	 299.23541	 118.92457	        P1	
  30.26520	 297.05121	 494.23199	        P1	
  30.26520	 337.82293	 141.57689	        P1	
  30.26520	 381.50693	 226.52302	        P1	
  31.52625	 382.23501	 415.46376	        P1	
  30.26520	 502.36601	 358.31819	        P1	
  31.52625	 532.21673	  90.60922	        P1	
  30.26520	 567.89201	 162.16987	        P1	
  30.26520	 570.80429	 415.97857	        P1	
  34.04835	 146.34140	 420.09719	        P1	
  32.78730	 279.57761	 582.26706	        P1	
  32.78730	 305.78801	  44.78977	        P1	
  32.78730	 366.94561	 106.56877	        P1	
  34.04835	 414.26993	 380.97051	        P1	
  34.04835	 444.84873	 102.96502	        P1	
  34.04835	 455.04169	 244.54185	        P1	
  34.04835	 460.86621	  43.24530	        P1	
  32.78730	 464.50653	 450.47188	        P1	
  36.57045	  29.85072	 462.82768	        P1	
  35.30940	 119.40292	 498.35061	        P1	
  35.30940	 212.59549	  32.94878	        P1	
  35.30940	 253.36721	  49.42320	        P1	
  36.57045	 303.60381	 438.63089	        P1	
  35.30940	 349.47201	  44.78977	        P1	
  36.57045	 402.62089	 249.17527	        P1	
  36.57045	 455.04169	 287.78715	        P1	
  39.09255	  16.74552	 499.89508	        P1	
  39.09255	  13.83328	 545.71447	        P1	
  37.83150	  78.63120	 376.85189	        P1	
  39.09255	  89.55220	 265.64969	        P1	
  39.09255	 160.90272	 183.27772	        P1	
  37.83150	 183.47280	 236.30467	        P1	
  39.09255	 236.62169	 187.39627	        P1	
  37.83150	 343.64749	 176.58495	        P1	
  37.83150	 419.36641	 296.53919	        P1	
  37.83150	 463.05041	 531.29939	        P1	
  37.83150	 503.82213	 191.00009	        P1	
  39.09255	 538.04129	 120.98385	        P1	
  37.83150	 540.22549	 323.31007	        P1	
  37.83150	 544.59389	 521.00287	        P1	
  37.83150	 559.15521	 328.97317	        P1	
  41.61465	  50.23660	 359.86267	        P1	
  40.35360	  53.87692	 339.26969	        P1	
  41.61465	  67.71020	 253.29389	        P1	
  41.61465	  99.74512	 425.76028	        P1	
  41.61465	 136.14848	 139.51755	        P1	
  40.35360	 251.91109	 595.13766	        P1	
  41.61465	 321.07741	 193.05937	        P1	
  41.61465	 427.37513	 232.70091	        P1	
  41.61465	 504.55021	 154.44750	        P1	
  41.61465	 565.70781	 403.10796	        P1	
  44.13675	  93.92060	 335.15107	        P1	
  44.13675	 104.11352	 282.12411	        P1	
  42.87570	 237.34972	 289.84649	        P1	
  42.87570	 240.26201	 179.15910	        P1	
  42.87570	 302.87573	 147.75479	        P1	
  44.13675	 313.79673	 337.72521	        P1	
  42.87570	 342.19133	 228.06749	        P1	
  42.87570	 349.47201	  57.14557	        P1	
  44.13675	 363.30529	  20.59298	        P1	
  46.65885	  29.85072	 499.89508	        P1	
  46.65885	 172.55180	 508.13226	        P1	
  46.65885	 296.32313	 209.53379	        P1	
  45.39780	 302.87573	 436.57161	        P1	
  46.65885	 338.55101	 506.58779	        P1	
  46.65885	 382.23501	 426.27509	        P1	
  46.65885	 401.16473	  24.19679	        P1	
  46.65885	 449.21713	  16.47442	        P1	
  46.65885	 482.70821	 366.04057	        P1	
  45.39780	 595.55853	 362.43681	        P1	
  46.65885	 599.19889	 181.21837	        P1	
  49.18095	  61.88568	  57.66038	        P1	
  47.91990	  64.06988	 551.89236	        P1	
  47.91990	 119.40292	 258.95699	        P1	
  47.91990	 227.15681	 310.43947	        P1	
  49.18095	 441.93649	 564.24816	        P1	
  47.91990	 547.50613	  10.29652	        P1	
  49.18095	 575.90073	 289.84649	        P1	
  47.91990	 579.54109	 145.69545	        P1	
  50.44200	   8.73680	  38.61187	        P1	
  51.70305	  28.39460	 271.82759	        P1	
  50.44200	  40.77172	 246.60119	        P1	
  51.70305	 133.23620	  49.42320	        P1	
  50.44200	 131.05200	 290.36129	        P1	
  51.70305	 166.72728	 398.98934	        P1	
  50.44200	 374.22629	 224.46367	        P1	
  50.44200	 516.92733	 553.95171	        P1	
  51.70305	 559.88329	 434.51227	        P1	
  51.70305	 613.76021	 471.06486	        P1	
  52.96410	 168.91149	  46.84905	        P1	
  54.22515	 281.76181	 576.08916	        P1	
  52.96410	 307.24413	  22.65232	        P1	
  54.22515	 335.63873	 214.16722	        P1	
  54.22515	 424.46289	   8.23718	        P1	
  54.22515	 501.63793	 252.77909	        P1	
  52.96410	 544.59389	  39.12668	        P1	
  52.96410	 588.27789	 310.95427	        P1	
  56.74725	  53.14888	 547.25894	        P1	
  56.74725	 313.79673	 275.94621	        P1	
  56.74725	 373.49821	 433.99746	        P1	
  56.74725	 406.98929	  32.94878	        P1	
  56.74725	 420.09449	 576.60396	        P1	
  56.74725	 469.60301	 440.17536	        P1	
  55.48620	 599.92693	 356.25891	        P1	
  58.00830	  39.31560	 168.34777	        P1	
  58.00830	 135.42040	  26.25607	        P1	
  58.00830	 283.94601	  81.85717	        P1	
  59.26935	 425.91901	 619.33446	        P1	
  58.00830	 489.26081	 347.50687	        P1	
  58.00830	 505.27829	 584.32634	        P1	
  58.00830	 514.01509	 114.80595	        P1	
  58.00830	 530.03253	 611.09728	        P1	
  59.26935	 613.76021	 432.45299	        P1	
  58.00830	 617.40053	  67.44209	        P1	
  60.53040	  59.70148	  40.67115	        P1	
  61.79145	  93.92060	 556.01099	        P1	
  60.53040	 198.03412	 147.75479	        P1	
  61.79145	 258.46369	 281.60925	        P1	
  61.79145	 291.95473	 393.32631	        P1	
  61.79145	 294.86701	 230.12677	        P1	
  61.79145	 303.60381	 197.69279	        P1	
  60.53040	 330.54229	 193.57417	        P1	
  60.53040	 329.08613	 345.44759	        P1	
  60.53040	 365.48949	 422.15647	        P1	
  60.53040	 384.41921	 617.78998	        P1	
  61.79145	 398.25249	 337.21035	        P1	
  61.79145	 436.11193	 498.35061	        P1	
  60.53040	 614.48830	  77.73855	        P1	
  63.05250	  16.01748	 428.33437	        P1	
  64.31355	  77.90312	 603.37491	        P1	
  64.31355	 141.97300	 569.91126	        P1	
  63.05250	 145.61332	 401.04869	        P1	
  64.31355	 182.74472	 265.13489	        P1	
  63.05250	 409.17349	 368.09984	        P1	
  63.05250	 410.62961	 273.37207	        P1	
  63.05250	 417.91029	 100.90568	        P1	
  64.31355	 427.37513	 609.55280	        P1	
  64.31355	 456.49781	 347.50687	        P1	
  63.05250	 479.06789	 224.46367	        P1	
  64.31355	 485.62049	 539.53657	        P1	
  64.31355	 530.76061	 217.77097	        P1	
  63.05250	 537.31321	 518.94359	        P1	
  65.57460	  21.84200	 611.61208	        P1	
  66.83565	  83.72768	 133.33965	        P1	
  66.83565	  99.74512	 584.84121	        P1	
  65.57460	 125.22748	 137.97308	        P1	
  65.57460	 163.08692	 158.56612	        P1	
  65.57460	 256.27949	 490.11337	        P1	
  66.83565	 363.30529	 349.56614	        P1	
  66.83565	 393.88409	 386.63354	        P1	
  66.83565	 433.19969	 361.92194	        P1	
  66.83565	 481.25209	  96.27225	        P1	
  68.09670	  14.56132	 183.27772	        P1	
  69.35775	  85.18380	 471.06486	        P1	
  69.35775	  88.09608	  26.77088	        P1	
  69.35775	  89.55220	 407.74139	        P1	
  69.35775	  96.83288	 429.87884	        P1	
  68.09670	 168.91149	 170.40705	        P1	
  68.09670	 222.78840	 469.52039	        P1	
  68.09670	 257.73561	 339.78449	        P1	
  69.35775	 305.05993	 560.12961	        P1	
  68.09670	 305.78801	  12.35580	        P1	
  69.35775	 341.46329	 473.12414	        P1	
  69.35775	 377.86661	 358.31819	        P1	
  68.09670	 511.10281	 129.73590	        P1	
  69.35775	 561.33941	 223.94887	        P1	
  69.35775	 596.28661	 296.53919	        P1	
  71.87985	  10.92100	 366.04057	        P1	
  70.61880	  26.21040	 438.63089	        P1	
  70.61880	 211.13932	 319.19151	        P1	
  70.61880	 241.71812	  30.37469	        P1	
  71.87985	 275.93729	 392.81144	        P1	
  70.61880	 355.29653	  30.37469	        P1	
  70.61880	 371.31401	 273.37207	        P1	
  70.61880	 400.43669	 145.69545	        P1	
  71.87985	 453.58553	  30.37469	        P1	
  71.87985	 471.05913	 232.70091	        P1	
  71.87985	 618.12861	 149.81407	        P1	
  73.14090	  94.64868	   3.60375	        P1	
  73.14090	 275.20921	 576.08916	        P1	
  73.14090	 336.36681	 438.63089	        P1	
  73.14090	 352.38429	 250.71975	        P1	
  74.40195	 406.98929	 125.61728	        P1	
  74.40195	 446.30489	 405.16724	        P1	
  74.40195	 527.84833	 221.88959	        P1	
  75.66300	 100.47320	 137.45827	        P1	
  76.92405	 178.37632	 536.96248	        P1	
  75.66300	 206.77092	 110.68739	        P1	
  75.66300	 225.70069	 386.63354	        P1	
  76.92405	 249.72689	 349.56614	        P1	
  75.66300	 295.59509	 571.97054	        P1	
  75.66300	 417.91029	 397.44487	        P1	
  75.66300	 457.22589	 496.29127	        P1	
  79.44615	  80.81540	  88.03507	        P1	
  78.18510	 122.31520	 415.46376	        P1	
  79.44615	 251.18301	 444.80879	        P1	
  78.18510	 387.33149	 590.50424	        P1	
  79.44615	 475.42753	 444.29398	        P1	
  78.18510	 559.15521	 580.72258	        P1	
  81.96825	 169.63952	 172.46639	        P1	
  80.70720	 265.01629	 392.81144	        P1	
  81.96825	 307.97221	 217.77097	        P1	
  80.70720	 348.01589	 471.57967	        P1	
  81.96825	 412.81381	   6.17790	        P1	
  80.70720	 509.64669	 144.15098	        P1	
  81.96825	 581.72529	 201.29655	        P1	
  81.96825	 609.39181	 407.74139	        P1	
  84.49035	  22.57008	  26.77088	        P1	
  84.49035	  76.44700	 333.60659	        P1	
  84.49035	 163.81500	 254.83837	        P1	
  84.49035	 219.14809	 249.17527	        P1	
  84.49035	 329.81421	 613.15656	        P1	
  83.22930	 350.92813	  84.43132	        P1	
  83.22930	 349.47201	 613.15656	        P1	
  83.22930	 432.47161	 296.53919	        P1	
  83.22930	 438.29613	 523.06221	        P1	
  84.49035	 478.33981	 531.29939	        P1	
  84.49035	 522.02381	 481.87619	        P1	
  84.49035	 530.76061	 236.30467	        P1	
  83.22930	 599.92693	 282.12411	        P1	
  85.75140	  34.94720	 426.27509	        P1	
  85.75140	 196.57800	 605.43418	        P1	
  87.01245	 249.72689	  77.73855	        P1	
  87.01245	 353.11233	 226.52302	        P1	
  87.01245	 558.42713	 553.95171	        P1	
  88.27350	   7.28068	 508.64707	        P1	
  89.53455	  57.51728	 162.68468	        P1	
  89.53455	 155.07820	 606.97866	        P1	
  88.27350	 163.08692	 510.70641	        P1	
  88.27350	 289.77053	 456.64978	        P1	
  89.53455	 299.23541	 347.50687	        P1	
  88.27350	 314.52481	 347.50687	        P1	
  88.27350	 490.71693	 578.66331	        P1	
  90.79560	 110.66612	 567.85198	        P1	
  90.79560	 132.50812	  59.71972	        P1	
  92.05665	 133.23620	 216.22649	        P1	
  92.05665	 206.04289	 310.95427	        P1	
  90.79560	 282.48989	 522.54734	        P1	
  90.79560	 299.96349	 466.94624	        P1	
  92.05665	 302.14769	 485.47994	        P1	
  92.05665	 356.02461	 599.25628	        P1	
  90.79560	 461.59429	  28.31535	        P1	
  90.79560	 477.61173	  90.60922	        P1	
  90.79560	 522.75189	 187.39627	        P1	
  90.79560	 535.85709	 553.43684	        P1	
  90.79560	 540.22549	 619.84926	        P1	
  92.05665	 558.42713	 325.36941	        P1	
  90.79560	 589.73401	 500.40989	        P1	
  92.05665	 596.28661	 383.02979	        P1	
  93.31770	 141.24492	 289.84649	        P1	
  94.57875	 270.11272	  98.33159	        P1	
  93.31770	 272.29692	  36.55259	        P1	
  93.31770	 273.75309	 466.94624	        P1	
  94.57875	 350.20009	 349.56614	        P1	
  94.57875	 373.49821	 321.25079	        P1	
  93.31770	 493.62921	  63.32347	        P1	
  93.31770	 544.59389	 224.46367	        P1	
  94.57875	 603.56729	 304.77637	        P1	
  95.83980	 579.54109	 341.84377	        P1	
  99.62295	  74.99088	 565.79264	        P1	
  99.62295	 166.72728	 348.02167	        P1	
  99.62295	 366.21753	 617.27518	        P1	
  98.36190	 396.06829	 267.70897	        P1	
  98.36190	 481.98013	  53.54182	        P1	
  98.36190	 592.64629	 471.57967	        P1	
 102.14505	 200.21832	 203.35589	        P1	
 100.88400	 230.06909	  22.13745	        P1	
 102.14505	 267.20049	 312.49875	        P1	
 100.88400	 285.40213	 411.86001	        P1	
 102.14505	 313.79673	 516.88431	        P1	
 102.14505	 353.11233	 288.30201	        P1	
 102.14505	 498.72569	 280.06477	        P1	
 104.66715	  56.06112	 147.75479	        P1	
 103.40610	 247.54269	 329.48797	        P1	
 103.40610	 265.01629	 510.19154	        P1	
 103.40610	 266.47241	 574.54468	        P1	
 104.66715	 332.72649	 607.49346	        P1	
 104.66715	 344.37553	 553.95171	        P1	
 104.66715	 401.16473	 611.09728	        P1	
 103.40610	 455.76973	 141.57689	        P1	
 104.66715	 475.42753	 399.50421	        P1	
 104.66715	 482.70821	 450.98669	        P1	
 105.92820	  42.22788	 570.42606	        P1	
 107.18925	  93.92060	 395.38559	        P1	
 105.92820	 174.73600	 458.70906	        P1	
 107.18925	 214.77969	 619.84926	        P1	
 105.92820	 222.78840	 327.42869	        P1	
 107.18925	 277.39341	 100.39087	        P1	
 107.18925	 338.55101	 457.16459	        P1	
 105.92820	 502.36601	 569.91126	        P1	
 105.92820	 564.97973	  28.83022	        P1	
 108.45030	  64.06988	 601.31556	        P1	
 108.45030	  77.17508	  70.01618	        P1	
 109.71135	  74.99088	 471.57967	        P1	
 108.45030	 117.94680	 617.78998	        P1	
 109.71135	 289.04249	 483.93547	        P1	
 109.71135	 338.55101	 186.88147	        P1	
 109.71135	 354.56849	 595.13766	        P1	
 112.23345	  96.83288	 541.08104	        P1	
 110.97240	 106.29772	 326.91389	        P1	
 110.97240	 126.68360	 345.96239	        P1	
 112.23345	 242.44621	 199.23727	        P1	
 112.23345	 388.05953	 251.23461	        P1	
 110.97240	 393.15601	 123.55800	        P1	
 110.97240	 435.38389	 212.10787	        P1	
 112.23345	 455.04169	 496.29127	        P1	
 113.49450	  21.84200	 106.56877	        P1	
 114.75555	 326.90193	 572.48541	        P1	
 113.49450	 441.20841	 407.74139	        P1	
 113.49450	 525.66413	 306.83571	        P1	
 117.27765	  28.39460	 426.27509	        P1	
 116.01660	  77.17508	 545.71447	        P1	
 116.01660	 317.43709	  65.38275	        P1	
 116.01660	 358.20881	  61.77900	        P1	
 116.01660	 414.99801	 501.95436	        P1	
 117.27765	 428.83129	 428.33437	        P1	
 117.27765	 469.60301	 432.45299	        P1	
 116.01660	 598.47081	 302.71709	        P1	
 118.53870	 120.85908	 201.29655	        P1	
 119.79975	 316.70901	 600.80076	        P1	
 119.79975	 500.18181	 526.66596	        P1	
 119.79975	 543.86581	 228.58229	        P1	
 118.53870	 560.61133	 462.82768	        P1	
 118.53870	 605.75149	 409.80067	        P1	
 122.32185	 174.00792	 611.09728	        P1	
 121.06080	 276.66532	 308.38019	        P1	
 121.06080	 387.33149	 392.81144	        P1	
 122.32185	 465.23461	 458.70906	        P1	
 124.84395	  56.06112	 209.53379	        P1	
 123.58290	 205.31480	  50.96767	        P1	
 123.58290	 340.73521	  24.71160	        P1	
 123.58290	 404.80509	 368.09984	        P1	
 123.58290	 576.62881	 234.76019	        P1	
 127.36605	  40.04368	 466.94624	        P1	
 126.10500	 177.64829	 368.09984	        P1	
 126.10500	 241.71812	 183.27772	        P1	
 127.36605	 249.72689	 287.78715	        P1	
 127.36605	 338.55101	 143.63617	        P1	
 127.36605	 347.28781	 433.99746	        P1	
 126.10500	 350.92813	 536.96248	        P1	
 127.36605	 385.14729	 466.94624	        P1	
 126.10500	 397.52441	 483.42066	        P1	
 126.10500	 423.73481	 481.87619	        P1	
 127.36605	 462.32233	 388.69289	        P1	
 126.10500	 506.73441	 199.23727	        P1	
 129.88815	   9.46488	 275.43135	        P1	
 129.88815	  50.23660	 531.29939	        P1	
 128.62710	  94.64868	 113.26148	        P1	
 129.88815	 160.90272	 288.30201	        P1	
 128.62710	 158.71852	 325.36941	        P1	
 129.88815	 388.05953	 388.69289	        P1	
 129.88815	 428.83129	 175.04047	        P1	
 128.62710	 470.33109	 397.44487	        P1	
 129.88815	 548.23421	 345.96239	        P1	
 132.41025	   2.18420	 372.21847	        P1	
 131.14920	  37.85948	 602.86004	        P1	
 131.14920	  59.70148	 403.62277	        P1	
 132.41025	 105.56968	 440.69017	        P1	
 132.41025	 153.62208	 391.26697	        P1	
 132.41025	 200.21832	  41.18602	        P1	
 131.14920	 241.71812	 313.01361	        P1	
 131.14920	 253.36721	 463.34249	        P1	
 131.14920	 329.08613	 493.71718	        P1	
 131.14920	 342.19133	 493.71718	        P1	
 132.41025	 348.74393	 296.02439	        P1	
 131.14920	 465.96269	 590.50424	        P1	
 132.41025	 478.33981	 520.48806	        P1	
 131.14920	 492.17309	  26.77088	        P1	
 132.41025	 568.62009	 378.91117	        P1	
 132.41025	 591.91821	 617.78998	        P1	
 134.93235	  95.37672	 343.90311	        P1	
 133.67130	 265.01629	 304.77637	        P1	
 133.67130	 281.03373	 246.60119	        P1	
 134.93235	 446.30489	  14.41508	        P1	
 134.93235	 489.98889	 306.32085	        P1	
 137.45445	  28.39460	 278.00549	        P1	
 137.45445	 125.95552	 591.01911	        P1	
 137.45445	 175.46409	 287.78715	        P1	
 136.19340	 336.36681	 366.04057	        P1	
 137.45445	 358.93689	  59.20485	        P1	
 136.19340	 572.26041	 383.02979	        P1	
 137.45445	 618.12861	 421.64166	        P1	
 138.71550	   1.45612	 166.28849	        P1	
 139.97655	   2.18420	 407.74139	        P1	
 139.97655	 191.48152	 560.12961	        P1	
 139.97655	 235.16552	 615.73070	        P1	
 138.71550	 301.41961	 518.94359	        P1	
 138.71550	 313.06869	 168.86258	        P1	
 138.71550	 387.33149	 477.75757	        P1	
 139.97655	 504.55021	 359.86267	        P1	
 139.97655	 530.76061	 390.75216	        P1	
 139.97655	 554.05873	 158.56612	        P1	
 138.71550	 576.62881	 154.44750	        P1	
 139.97655	 619.58473	 506.07298	        P1	
 141.23760	 214.05160	 358.31819	        P1	
 141.23760	 315.98093	  85.97579	        P1	
 142.49865	 469.60301	  18.53370	        P1	
 142.49865	 479.79593	 226.52302	        P1	
 142.49865	 488.53273	 506.07298	        P1	
 142.49865	 581.72529	 576.60396	        P1	
 142.49865	 586.09369	  59.20485	        P1	
 142.49865	 591.91821	 335.15107	        P1	
 143.75970	   8.73680	 321.25079	        P1	
 145.02075	  60.42952	 498.35061	        P1	
 145.02075	 115.76260	 191.51489	        P1	
 145.02075	 150.70980	 370.67399	        P1	
 145.02075	 194.39380	 569.91126	        P1	
 145.02075	 366.21753	 252.77909	        P1	
 145.02075	 379.32273	 121.49872	        P1	
 143.75970	 410.62961	 421.64166	        P1	
 145.02075	 552.60261	 545.19966	        P1	
 145.02075	 606.47953	  96.78712	        P1	
 147.54285	 223.51649	 298.59847	        P1	
 147.54285	 475.42753	 129.22109	        P1	
 147.54285	 599.19889	 446.86807	        P1	
 148.80390	  16.01748	   9.78165	        P1	
 148.80390	  58.24532	 516.88431	        P1	
 150.06495	  64.79792	  65.89762	        P1	
 148.80390	 119.40292	 147.75479	        P1	
 150.06495	 118.67488	 510.19154	        P1	
 150.06495	 143.42912	 319.19151	        P1	
 150.06495	 141.97300	 413.91929	        P1	
 148.80390	 270.84081	 556.01099	        P1	
 150.06495	 326.90193	 109.14292	        P1	
 150.06495	 363.30529	 188.94075	        P1	
 150.06495	 369.12981	 230.12677	        P1	
 150.06495	 382.23501	 135.91380	        P1	
 150.06495	 390.97181	 247.11599	        P1	
 148.80390	 397.52441	 112.74667	        P1	
 150.06495	 433.19969	 547.25894	        P1	
 148.80390	 447.03293	 282.12411	        P1	
 150.06495	 447.76101	 444.80879	        P1	
 150.06495	 453.58553	  55.08629	        P1	
 150.06495	 479.79593	 269.76831	        P1	
 148.80390	 546.05001	   0.00000	        P1	
 150.06495	 603.56729	  71.56065	        P1	
 152.58705	  61.88568	 151.87335	        P1	
 151.32600	  87.36800	 149.81407	        P1	
 152.58705	 124.49940	 532.84386	        P1	
 151.32600	 158.71852	 158.56612	        P1	
 151.32600	 253.36721	 267.19417	        P1	
 152.58705	 357.48073	 226.52302	        P1	
 151.32600	 433.92773	 603.37491	        P1	
 152.58705	 462.32233	 170.92192	        P1	
 151.32600	 493.62921	 234.76019	        P1	
 152.58705	 615.21633	 209.53379	        P1	
 155.10915	  88.09608	 491.65784	        P1	
 153.84810	 161.63080	 211.59307	        P1	
 155.10915	 251.18301	 335.15107	        P1	
 153.84810	 326.17389	  40.67115	        P1	
 155.10915	 367.67369	 164.22915	        P1	
 153.84810	 387.33149	 256.89765	        P1	
 155.10915	 580.26913	 450.47188	        P1	
 157.63125	   2.18420	 477.24276	        P1	
 157.63125	 111.39420	 271.82759	        P1	
 157.63125	 133.23620	 259.47179	        P1	
 157.63125	 150.70980	 222.40439	        P1	
 157.63125	 159.44660	 409.28586	        P1	
 157.63125	 160.90272	 481.36138	        P1	
 156.37020	 473.24333	  53.54182	        P1	
 156.37020	 476.15561	 296.53919	        P1	
 157.63125	 530.76061	  69.50137	        P1	
 160.15335	  54.60500	 582.26706	        P1	
 158.89230	  93.19252	  18.01890	        P1	
 158.89230	 112.12228	 273.88687	        P1	
 160.15335	 171.09569	 195.11865	        P1	
 158.89230	 176.19212	 214.16722	        P1	
 160.15335	 182.74472	 393.32631	        P1	
 160.15335	 335.63873	 442.74951	        P1	
 160.15335	 356.02461	 271.82759	        P1	
 158.89230	 382.96309	 133.33965	        P1	
 158.89230	 404.80509	 131.79518	        P1	
 160.15335	 424.46289	 559.61474	        P1	
 160.15335	 542.40969	 329.48797	        P1	
 158.89230	 547.50613	 467.46111	        P1	
 160.15335	 562.79553	  41.18602	        P1	
 161.41440	  20.38588	  76.19408	        P1	
 161.41440	  72.80668	 275.43135	        P1	
 162.67545	  91.00832	 516.88431	        P1	
 162.67545	 144.88528	  22.13745	        P1	
 161.41440	 294.13893	 277.49069	        P1	
 162.67545	 319.62129	 151.87335	        P1	
 162.67545	 338.55101	 327.42869	        P1	
 163.93650	  94.64868	 361.92194	        P1	
 165.19755	 123.04328	 150.32888	        P1	
 163.93650	 240.26201	 174.52567	        P1	
 165.19755	 305.05993	 351.62549	        P1	
 165.19755	 527.84833	 394.87079	        P1	
 166.45860	  11.64908	 397.44487	        P1	
 166.45860	 119.40292	 153.93269	        P1	
 166.45860	 165.99920	 117.38010	        P1	
 166.45860	 180.56052	 530.78458	        P1	
 167.71965	 206.04289	 584.32634	        P1	
 167.71965	 275.93729	 156.50678	        P1	
 166.45860	 288.31441	 210.04859	        P1	
 167.71965	 441.93649	 528.72524	        P1	
 168.98070	  40.77172	 146.21032	        P1	
 170.24175	 165.27112	 591.01911	        P1	
 168.98070	 246.08652	 387.14841	        P1	
 170.24175	 286.13021	 495.77646	        P1	
 168.98070	 301.41961	 613.15656	        P1	
 170.24175	 316.70901	 364.49609	        P1	
 170.24175	 332.72649	 335.66587	        P1	
 168.98070	 343.64749	 100.90568	        P1	
 170.24175	 420.09449	 306.32085	        P1	
 168.98070	 486.34853	 191.00009	        P1	
 171.50280	 117.94680	 525.12149	        P1	
 172.76385	 153.62208	 422.15647	        P1	
 171.50280	 436.84001	 372.21847	        P1	
 172.76385	 591.91821	  18.53370	        P1	
 171.50280	 589.73401	 444.80879	        P1	
 175.28595	  64.79792	 195.63352	        P1	
 175.28595	  70.62248	 570.42606	        P1	
 175.28595	 112.85032	 543.14038	        P1	
 174.02490	 192.20960	 562.18889	        P1	
 174.02490	 243.17429	 521.00287	        P1	
 175.28595	 262.83209	 304.77637	        P1	
 175.28595	 289.04249	 213.65235	        P1	
 175.28595	 302.14769	 429.87884	        P1	
 174.02490	 305.78801	 413.91929	        P1	
 175.28595	 344.37553	 450.47188	        P1	
 174.02490	 346.55973	 300.65781	        P1	
 175.28595	 484.16433	 345.44759	        P1	
 175.28595	 558.42713	 430.39371	        P1	
 174.02490	 586.82173	 566.30751	        P1	
 176.54700	 228.61292	 221.88959	        P1	
 177.80805	 255.55141	 438.63089	        P1	
 176.54700	 346.55973	 462.82768	        P1	
 176.54700	 381.50693	 425.76028	        P1	
 177.80805	 571.53233	  22.65232	        P1	
 177.80805	 609.39181	 613.15656	        P1	
 179.06910	  14.56132	 320.73599	        P1	
 180.33015	  64.79792	 405.68211	        P1	
 180.33015	  91.00832	 615.73070	        P1	
 179.06910	 116.49068	  90.09435	        P1	
 179.06910	 435.38389	 607.49346	        P1	
 180.33015	 494.35729	  40.67115	        P1	
 182.85225	  38.58752	 485.99481	        P1	
 181.59120	  65.52600	 526.66596	        P1	
 181.59120	  71.35052	 411.86001	        P1	
 182.85225	 143.42912	 258.95699	        P1	
 182.85225	 233.70941	  20.07817	        P1	
 182.85225	 262.83209	 261.53107	        P1	
 181.59120	 314.52481	 563.73336	        P1	
 181.59120	 321.80549	 415.97857	        P1	
 181.59120	 342.19133	 271.31279	        P1	
 181.59120	 378.59469	  15.95955	        P1	
 182.85225	 420.09449	 298.59847	        P1	
 182.85225	 488.53273	 170.92192	        P1	
 181.59120	 519.83961	 569.91126	        P1	
 185.37435	  40.04368	 533.35867	        P1	
 185.37435	  91.00832	 289.84649	        P1	
 185.37435	 115.76260	  32.43397	        P1	
 185.37435	 156.53432	 382.51499	        P1	
 185.37435	 169.63952	 572.48541	        P1	
 185.37435	 230.79712	 567.85198	        P1	
 184.11330	 281.03373	 251.23461	        P1	
 185.37435	 297.77929	 477.75757	        P1	
 185.37435	 307.97221	 458.70906	        P1	
 185.37435	 331.27033	 456.64978	        P1	
 184.11330	 348.01589	  15.95955	        P1	
 185.37435	 436.11193	 127.67662	        P1	
 185.37435	 459.41009	 162.68468	        P1	
 184.11330	 489.26081	 205.41517	        P1	
 184.11330	 541.68161	 254.83837	        P1	
 187.89645	  12.37712	 172.46639	        P1	
 187.89645	  16.74552	 524.60668	        P1	
 187.89645	  91.00832	 234.24539	        P1	
 187.89645	 159.44660	 358.31819	        P1	
 186.63540	 289.77053	 246.60119	        P1	
 187.89645	 310.88449	 125.61728	        P1	
 187.89645	 484.16433	 164.74402	        P1	
 187.89645	 510.37473	 370.15919	        P1	
 186.63540	 516.92733	 313.01361	        P1	
 187.89645	 517.65541	 366.04057	        P1	
 190.41855	 136.14848	 226.00815	        P1	
 190.41855	 137.60460	 236.30467	        P1	
 190.41855	 239.53392	  79.79789	        P1	
 190.41855	 398.25249	 213.65235	        P1	
 189.15750	 422.27869	 483.93547	        P1	
 190.41855	 529.30449	 368.09984	        P1	
 191.67960	  32.03492	 591.01911	        P1	
 192.94065	 149.25368	 582.78186	        P1	
 191.67960	 165.99920	 576.08916	        P1	
 192.94065	 233.70941	  80.31270	        P1	
 191.67960	 234.43749	 454.59044	        P1	
 191.67960	 246.08652	 141.57689	        P1	
 192.94065	 323.98969	 341.84377	        P1	
 191.67960	 403.34893	 518.42878	        P1	
 192.94065	 431.74353	 424.21581	        P1	
 191.67960	 457.22589	  15.95955	        P1	
 191.67960	 486.34853	 598.74148	        P1	
 195.46275	 141.97300	 352.14029	        P1	
 194.20170	 562.06749	 349.56614	        P1	
 194.20170	 583.90949	 398.98934	        P1	
 194.20170	 605.75149	 335.66587	        P1	
 194.20170	 615.94441	 545.19966	        P1	
 197.98485	  28.39460	 593.07838	        P1	
 196.72380	  94.64868	 429.87884	        P1	
 197.98485	 150.70980	  18.53370	        P1	
 196.72380	 228.61292	 370.15919	        P1	
 196.72380	 372.77013	 221.88959	        P1	
 197.98485	 514.74313	 357.80339	        P1	
 196.72380	 614.48830	 553.43684	        P1	
 199.24590	  58.24532	  30.37469	        P1	
 199.24590	 186.38509	 162.68468	        P1	
 199.24590	 321.80549	 348.02167	        P1	
 200.50695	 411.35769	 244.54185	        P1	
 203.02905	   8.00872	 343.90311	        P1	
 201.76800	   4.36840	 421.64166	        P1	
 203.02905	   8.00872	 611.09728	        P1	
 203.02905	  25.48232	 339.26969	        P1	
 203.02905	  35.67528	 158.05125	        P1	
 201.76800	 218.42000	 364.49609	        P1	
 201.76800	 470.33109	 609.03794	        P1	
 201.76800	 527.12029	 528.72524	        P1	
 205.55115	  42.95592	 541.59591	        P1	
 204.29010	 139.78880	 205.41517	        P1	
 205.55115	 281.76181	 433.99746	        P1	
 204.29010	 288.31441	 228.58229	        P1	
 204.29010	 410.62961	 432.45299	        P1	
 204.29010	 499.45373	  65.89762	        P1	
 205.55115	 578.81301	 389.20769	        P1	
 205.55115	 581.72529	 465.40177	        P1	
 208.07325	  85.18380	 228.58229	        P1	
 208.07325	 190.02540	 383.02979	        P1	
 208.07325	 258.46369	 465.40177	        P1	
 206.81220	 439.75229	 348.02167	        P1	
 208.07325	 562.79553	 566.30751	        P1	
 209.33430	 126.68360	  67.95690	        P1	
 209.33430	 148.52560	 160.62540	        P1	
 210.59535	 210.41129	 510.19154	        P1	
 209.33430	 301.41961	 488.05409	        P1	
 209.33430	 369.85789	 286.24267	        P1	
 209.33430	 393.15601	 506.58779	        P1	
 210.59535	 401.16473	  41.18602	        P1	
 210.59535	 418.63833	 469.00558	        P1	
 210.59535	 460.86621	 446.35326	        P1	
 209.33430	 471.78721	  75.67927	        P1	
 213.11745	  54.60500	 236.30467	        P1	
 211.85640	 209.68320	 222.40439	        P1	
 213.11745	 264.28821	 537.47729	        P1	
 211.85640	 318.89321	 240.93809	        P1	
 213.11745	 363.30529	 151.87335	        P1	
 211.85640	 369.85789	 133.33965	        P1	
 211.85640	 378.59469	 306.32085	        P1	
 211.85640	 380.05081	 308.89499	        P1	
 211.85640	 410.62961	 118.92457	        P1	
 211.85640	 579.54109	 355.74404	        P1	
 214.37850	  14.56132	 302.20229	        P1	
 215.63955	  29.85072	 516.88431	        P1	
 215.63955	  57.51728	 378.91117	        P1	
 214.37850	  96.10480	 545.19966	        P1	
 214.37850	 101.92932	 393.32631	        P1	
 214.37850	 136.87652	 221.88959	        P1	
 214.37850	 145.61332	 547.77381	        P1	
 215.63955	 153.62208	 453.04597	        P1	
 215.63955	 176.92020	 372.21847	        P1	
 214.37850	 372.77013	 469.00558	        P1	
 215.63955	 508.91861	 557.55546	        P1	
 215.63955	 538.04129	 113.26148	        P1	
 214.37850	 567.89201	 600.80076	        P1	
 216.90060	  85.91188	 527.18077	        P1	
 216.90060	 101.92932	 121.49872	        P1	
 216.90060	 164.54309	 436.05674	        P1	
 218.16165	 235.16552	  96.78712	        P1	
 218.16165	 278.84952	 419.58238	        P1	
 216.90060	 326.17389	 168.86258	        P1	
 218.16165	 431.74353	 388.69289	        P1	
 216.90060	 442.66453	 207.98932	        P1	
 216.90060	 497.99761	  55.60110	        P1	
 218.16165	 575.90073	 357.80339	        P1	
 220.68375	 571.53233	 214.16722	        P1	
 219.42270	 605.75149	  90.09435	        P1	
 223.20585	  12.37712	 362.43681	        P1	
 223.20585	 121.58712	 357.80339	        P1	
 223.20585	 143.42912	 584.84121	        P1	
 223.20585	 220.60420	 236.30467	        P1	
 221.94480	 266.47241	 582.26706	        P1	
 221.94480	 302.87573	  24.19679	        P1	
 221.94480	 318.89321	 389.20769	        P1	
 221.94480	 342.19133	 294.47991	        P1	
 223.20585	 423.00673	 245.05671	        P1	
 221.94480	 442.66453	  55.08629	        P1	
 223.20585	 506.00633	 240.42329	        P1	
 221.94480	 518.38349	  59.20485	        P1	
 223.20585	 520.56769	  40.67115	        P1	
 221.94480	 592.64629	 207.47445	        P1	
 224.46690	  42.22788	  22.13745	        P1	
 225.72795	 323.98969	 293.96505	        P1	
 225.72795	 335.63873	 269.76831	        P1	
 225.72795	 500.18181	 489.59856	        P1	
 224.46690	 519.83961	 142.09170	        P1	
 225.72795	 567.16393	 407.22658	        P1	
 226.98900	 110.66612	 133.85452	        P1	
 226.98900	 125.22748	 496.29127	        P1	
 228.25005	 172.55180	 341.32897	        P1	
 228.25005	 420.09449	 601.31556	        P1	
 228.25005	 479.79593	 506.07298	        P1	
 228.25005	 574.44461	 619.33446	        P1	
 229.51110	   2.91228	  59.20485	        P1	
 229.51110	  21.84200	 137.45827	        P1	
 230.77215	  38.58752	 320.73599	        P1	
 229.51110	 182.01669	  51.48248	        P1	
 229.51110	 192.20960	 353.68477	        P1	
 229.51110	 382.96309	 386.63354	        P1	
 229.51110	 562.06749	 100.90568	        P1	
 230.77215	 606.47953	 407.22658	        P1	
 233.29425	  96.83288	 145.69545	        P1	
 232.03320	 107.75388	   9.78165	        P1	
 232.03320	 110.66612	  18.01890	        P1	
 233.29425	 117.21872	 405.68211	        P1	
 232.03320	 120.85908	 417.52304	        P1	
 233.29425	 294.86701	   0.00000	        P1	
 233.29425	 300.69153	 356.25891	        P1	
 233.29425	 411.35769	 244.54185	        P1	
 233.29425	 561.33941	 347.50687	        P1	
 235.81635	   8.00872	 530.78458	        P1	
 235.81635	  88.09608	  83.91645	        P1	
 234.55530	 160.17469	 459.22387	        P1	
 235.81635	 214.77969	 615.21584	        P1	
 234.55530	 232.98132	 183.27772	        P1	
 235.81635	 299.23541	 452.53116	        P1	
 234.55530	 362.57721	 261.01627	        P1	
 235.81635	 389.51569	 292.42057	        P1	
 234.55530	 401.89281	 285.72787	        P1	
 234.55530	 550.41841	 315.07289	        P1	
 235.81635	 591.91821	 259.47179	        P1	
 237.07740	  18.92972	 455.10531	        P1	
 237.07740	  32.03492	 282.12411	        P1	
 238.33845	  64.79792	 331.54731	        P1	
 237.07740	 171.82372	 547.77381	        P1	
 238.33845	 204.58672	  48.90839	        P1	
 237.07740	 250.45492	 195.63352	        P1	
 237.07740	 320.34933	 512.25088	        P1	
 237.07740	 364.03333	 407.22658	        P1	
 237.07740	 406.26121	 135.91380	        P1	
 237.07740	 544.59389	 175.04047	        P1	
 238.33845	 605.02341	 526.66596	        P1	
 240.86055	  67.71020	 543.65519	        P1	
 239.59950	  82.99960	 358.31819	        P1	
 239.59950	 131.05200	 304.26157	        P1	
 239.59950	 164.54309	 453.04597	        P1	
 239.59950	 305.78801	 450.98669	        P1	
 240.86055	 379.32273	 116.86529	        P1	
 240.86055	 433.19969	 428.33437	        P1	
 240.86055	 478.33981	 512.76569	        P1	
 239.59950	 544.59389	 502.46917	        P1	
 240.86055	 587.54981	 563.73336	        P1	
 239.59950	 613.03213	 516.88431	        P1	
 242.12160	  14.56132	 141.57689	        P1	
 243.38265	  21.11392	 195.63352	        P1	
 242.12160	  46.59628	 473.12414	        P1	
 243.38265	 255.55141	 135.91380	        P1	
 243.38265	 329.81421	 247.11599	        P1	
 242.12160	 425.19093	 214.16722	        P1	
 242.12160	 449.94521	 267.19417	        P1	
 243.38265	 599.19889	 300.14295	        P1	
 245.90475	 144.88528	 454.59044	        P1	
 245.90475	 294.86701	 395.38559	        P1	
 244.64370	 320.34933	 351.62549	        P1	
 245.90475	 551.14649	 131.79518	        P1	
 247.16580	  81.54348	 596.68214	        P1	
 248.42685	  93.92060	   0.00000	        P1	
 247.16580	  99.01708	 590.50424	        P1	
 247.16580	 295.59509	 613.67136	        P1	
 248.42685	 356.02461	 284.18339	        P1	
 247.16580	 384.41921	 358.31819	        P1	
 248.42685	 399.70861	 284.18339	        P1	
 248.42685	 412.81381	  49.42320	        P1	
 247.16580	 477.61173	 234.24539	        P1	
 247.16580	 511.10281	 606.97866	        P1	
 250.94895	 236.62169	 374.27774	        P1	
 250.94895	 361.84913	 127.67662	        P1	
 250.94895	 546.77809	 504.01364	        P1	
 249.68790	 553.33069	 318.67665	        P1	
 250.94895	 593.37433	 164.74402	        P1	
 249.68790	 614.48830	 306.32085	        P1	
 252.21000	  43.68400	 142.09170	        P1	
 253.47105	 118.67488	 428.33437	        P1	
 252.21000	 198.03412	 129.22109	        P1	
 252.21000	 238.80589	 601.31556	        P1	
 252.21000	 262.10401	 415.46376	        P1	
 253.47105	 357.48073	 121.49872	        P1	
 253.47105	 377.86661	 259.47179	        P1	
 252.21000	 553.33069	 496.29127	        P1	
 255.99315	  70.62248	 490.11337	        P1	
 254.73210	 170.36760	 328.97317	        P1	
 254.73210	 177.64829	 386.63354	        P1	
 255.99315	 257.00752	 252.77909	        P1	
 254.73210	 276.66532	 411.86001	        P1	
 255.99315	 297.77929	  77.73855	        P1	
 254.73210	 366.94561	 415.46376	        P1	
 255.99315	 485.62049	  15.95955	        P1	
 255.99315	 494.35729	 119.43938	        P1	
 258.51525	  63.34180	 179.15910	        P1	
 257.25420	 218.42000	 593.07838	        P1	
 257.25420	 232.98132	 430.39371	        P1	
 258.51525	 389.51569	 281.60925	        P1	
 258.51525	 423.00673	  42.73049	        P1	
 258.51525	 568.62009	 300.14295	        P1	
 257.25420	 576.62881	 520.48806	        P1	
 257.25420	 599.92693	  48.90839	        P1	
 259.77630	  43.68400	 563.73336	        P1	
 259.77630	  72.80668	 460.76834	        P1	
 259.77630	 131.05200	 185.33700	        P1	
 259.77630	 161.63080	 131.28037	        P1	
 259.77630	 209.68320	 180.70357	        P1	
 261.03735	 262.83209	   8.23718	        P1	
 259.77630	 340.73521	 148.26960	        P1	
 259.77630	 445.57681	 582.26706	        P1	
 261.03735	 536.58513	 518.42878	        P1	
 259.77630	 540.22549	 547.25894	        P1	
 259.77630	 604.29533	 456.64978	        P1	
 259.77630	 611.57601	  67.95690	        P1	
 263.55945	  15.28940	  86.49060	        P1	
 263.55945	 176.92020	 378.39637	        P1	
 262.29840	 263.56012	 343.90311	        P1	
 263.55945	 267.20049	 317.13217	        P1	
 263.55945	 306.51609	 504.01364	        P1	
 263.55945	 332.72649	 139.51755	        P1	
 262.29840	 380.05081	  18.53370	        P1	
 262.29840	 426.64709	 335.66587	        P1	
 263.55945	 447.76101	 155.99197	        P1	
 262.29840	 594.10241	 129.73590	        P1	
 263.55945	 613.76021	 576.08916	        P1	
 266.08155	  91.00832	 574.02988	        P1	
 264.82050	 243.17429	 150.32888	        P1	
 266.08155	 335.63873	 325.36941	        P1	
 264.82050	 368.40173	 209.53379	        P1	
 266.08155	 404.07701	 118.92457	        P1	
 266.08155	 473.97141	 242.48257	        P1	
 266.08155	 506.00633	 475.18348	        P1	
 264.82050	 519.83961	 475.69829	        P1	
 268.60365	  89.55220	 131.28037	        P1	
 267.34260	 182.01669	 207.47445	        P1	
 268.60365	 222.06032	 586.38568	        P1	
 267.34260	 304.33189	 127.16175	        P1	
 268.60365	 427.37513	  78.25342	        P1	
 268.60365	 472.51529	  53.02695	        P1	
 269.86470	  14.56132	 123.04319	        P1	
 269.86470	 299.96349	 429.87884	        P1	
 271.12575	 335.63873	 288.30201	        P1	
 271.12575	 425.91901	 420.09719	        P1	
 269.86470	 473.24333	  16.47442	        P1	
 269.86470	 582.45333	  42.73049	        P1	
 269.86470	 598.47081	 514.31016	        P1	
 272.38680	 170.36760	 335.15107	        P1	
 272.38680	 371.31401	 545.19966	        P1	
 272.38680	 468.87493	 245.05671	        P1	
 273.64785	 552.60261	 259.47179	        P1	
 274.90890	  97.56092	 376.33709	        P1	
 274.90890	 103.38548	 181.21837	        P1	
 274.90890	 149.98172	  90.60922	        P1	
 276.16995	 283.21792	 265.13489	        P1	
 276.16995	 345.83169	 292.42057	        P1	
 274.90890	 407.71733	 597.19701	        P1	
 276.16995	 415.72609	 374.27774	        P1	
 276.16995	 450.67329	 188.94075	        P1	
 276.16995	 463.77849	 417.52304	        P1	
 276.16995	 571.53233	  35.00812	        P1	
 276.16995	 615.21633	 455.10531	        P1	
 278.69205	  54.60500	 210.04859	        P1	
 278.69205	  92.46448	 144.15098	        P1	
 278.69205	 144.88528	  88.54988	        P1	
 278.69205	 210.41129	  26.77088	        P1	
 277.43100	 238.80589	 539.53657	        P1	
 278.69205	 517.65541	 304.26157	        P1	
 278.69205	 543.86581	 481.87619	        P1	
 277.43100	 547.50613	 289.84649	        P1	
 278.69205	 593.37433	 387.14841	        P1	
 279.95310	   0.00000	 562.18889	        P1	
 281.21415	   6.55260	  20.07817	        P1	
 279.95310	 117.94680	 253.29389	        P1	
 281.21415	 165.27112	 357.80339	        P1	
 279.95310	 198.03412	 498.35061	        P1	
 279.95310	 253.36721	 296.53919	        P1	
 281.21415	 425.91901	 611.61208	        P1	
 279.95310	 509.64669	 164.22915	        P1	
 283.73625	  67.71020	  49.42320	        P1	
 282.47520	 158.71852	 104.50949	        P1	
 282.47520	 161.63080	 525.12149	        P1	
 282.47520	 199.49029	 250.71975	        P1	
 283.73625	 249.72689	  51.48248	        P1	
 282.47520	 313.06869	 596.68214	        P1	
 282.47520	 412.08573	  30.37469	        P1	
 286.25835	 109.93808	  22.13745	        P1	
 284.99730	 267.92852	  84.43132	        P1	
 284.99730	 305.78801	 617.78998	        P1	
 286.25835	 310.88449	  39.12668	        P1	
 284.99730	 368.40173	  35.00812	        P1	
 284.99730	 423.73481	 444.80879	        P1	
 284.99730	 442.66453	 492.17271	        P1	
 284.99730	 468.87493	 424.21581	        P1	
 286.25835	 500.18181	  55.60110	        P1	
 287.51940	  10.19292	 153.93269	        P1	
 287.51940	  27.66652	 164.74402	        P1	
 287.51940	 119.40292	 129.22109	        P1	
 288.78045	 140.51688	  28.31535	        P1	
 288.78045	 143.42912	 547.77381	        P1	
 287.51940	 232.98132	 456.64978	        P1	
 288.78045	 466.69073	 320.73599	        P1	
 287.51940	 546.05001	 168.34777	        P1	
 288.78045	 571.53233	 597.19701	        P1	
 291.30255	  57.51728	 114.80595	        P1	
 291.30255	  88.09608	 293.96505	        P1	
 291.30255	 162.35888	  90.09435	        P1	
 290.04150	 190.75349	   8.23718	        P1	
 290.04150	 200.94640	 105.02430	        P1	
 291.30255	 204.58672	 240.42329	        P1	
 291.30255	 297.77929	 354.19957	        P1	
 290.04150	 410.62961	 172.98120	        P1	
 290.04150	 447.03293	  22.65232	        P1	
 291.30255	 460.86621	 265.64969	        P1	
 290.04150	 463.05041	 378.39637	        P1	
 290.04150	 483.43629	 403.62277	        P1	
 290.04150	 534.40093	  55.08629	        P1	
 292.56360	  11.64908	 127.16175	        P1	
 293.82465	  25.48232	 345.44759	        P1	
 292.56360	  65.52600	 613.15656	        P1	
 293.82465	 240.99009	 269.25345	        P1	
 293.82465	 300.69153	 535.41801	        P1	
 292.56360	 364.03333	  84.43132	        P1	
 293.82465	 382.23501	 302.71709	        P1	
 292.56360	 559.15521	 599.25628	        P1	
 296.34675	   5.09648	 158.05125	        P1	
 295.08570	  32.03492	  10.29652	        P1	
 295.08570	  84.45572	 226.52302	        P1	
 295.08570	  93.19252	 160.11059	        P1	
 296.34675	 143.42912	 333.09179	        P1	
 295.08570	 186.38509	 224.46367	        P1	
 296.34675	 235.16552	 413.40448	        P1	
 296.34675	 302.14769	 226.00815	        P1	
 295.08570	 339.27909	 219.83025	        P1	
 295.08570	 375.68241	 154.44750	        P1	
 296.34675	 398.25249	 588.95976	        P1	
 295.08570	 512.55893	 153.93269	        P1	
 295.08570	 522.75189	 355.74404	        P1	
 295.08570	 524.20801	 483.42066	        P1	
 297.60780	   0.00000	 149.81407	        P1	
 297.60780	  49.50852	  53.54182	        P1	
 297.60780	 125.22748	  46.84905	        P1	
 298.86885	 143.42912	 215.71169	        P1	
 297.60780	 151.43788	  45.30458	        P1	
 298.86885	 165.27112	 123.04319	        P1	
 297.60780	 165.99920	 506.58779	        P1	
 297.60780	 180.56052	 615.73070	        P1	
 297.60780	 187.84120	 557.55546	        P1	
 298.86885	 195.84992	  90.60922	        P1	
 298.86885	 219.14809	 144.15098	        P1	
 298.86885	 224.97260	 191.51489	        P1	
 297.60780	 385.87533	 282.12411	        P1	
 298.86885	 417.18221	 532.84386	        P1	
 297.60780	 562.06749	  77.73855	        P1	
 297.60780	 566.43589	 205.92997	        P1	
 297.60780	 576.62881	 106.56877	        P1	
 301.39095	  13.83328	   8.23718	        P1	
 301.39095	 127.41168	 601.31556	        P1	
 300.12990	 262.10401	 261.01627	        P1	
 300.12990	 416.45413	 166.28849	        P1	
 300.12990	 496.54149	 502.46917	        P1	
 301.39095	 549.69033	 220.34512	        P1	
 301.39095	 574.44461	  12.35580	        P1	
 300.12990	 582.45333	  41.18602	        P1	
 303.91305	 200.21832	 368.61471	        P1	
 302.65200	 214.05160	 160.62540	        P1	
 303.91305	 310.88449	 292.42057	        P1	
 303.91305	 443.39261	 477.24276	        P1	
 302.65200	 543.13773	 277.49069	        P1	
 306.43515	  34.21912	 226.52302	        P1	
 305.17410	  71.35052	 104.50949	        P1	
 306.43515	 120.13100	  44.78977	        P1	
 306.43515	 200.21832	 493.71718	        P1	
 305.17410	 234.43749	 466.94624	        P1	
 306.43515	 259.91981	 149.81407	        P1	
 305.17410	 262.10401	 593.07838	        P1	
 306.43515	 278.84952	 407.22658	        P1	
 305.17410	 276.66532	 543.14038	        P1	
 306.43515	 340.00713	 178.64429	        P1	
 305.17410	 352.38429	 224.46367	        P1	
 305.17410	 416.45413	 560.12961	        P1	
 306.43515	 503.09409	 398.98934	        P1	
 305.17410	 516.92733	 140.03242	        P1	
 305.17410	 564.97973	 524.60668	        P1	
 306.43515	 600.65501	 341.32897	        P1	
 307.69620	  16.01748	 213.65235	        P1	
 307.69620	  16.01748	 508.64707	        P1	
 308.95725	  45.86820	 118.92457	        P1	
 308.95725	 144.88528	 181.21837	        P1	
 308.95725	 200.21832	 543.14038	        P1	
 308.95725	 264.28821	 605.43418	        P1	
 307.69620	 595.55853	 475.18348	        P1	
 308.95725	 600.65501	  61.77900	        P1	
 311.47935	  42.95592	 561.67408	        P1	
 311.47935	  51.69272	 411.86001	        P1	
 310.21830	 193.66572	 109.14292	        P1	
 310.21830	 266.47241	 562.18889	        P1	
 311.47935	 297.77929	 601.31556	        P1	
 311.47935	 313.79673	 586.38568	        P1	
 310.21830	 326.17389	 187.39627	        P1	
 311.47935	 323.98969	 318.67665	        P1	
 310.21830	 324.71773	 597.19701	        P1	
 310.21830	 387.33149	 576.60396	        P1	
 311.47935	 504.55021	  44.78977	        P1	
 314.00145	  22.57008	   8.23718	        P1	
 314.00145	  24.02620	 296.53919	        P1	
 314.00145	 235.16552	 300.65781	        P1	
 312.74040	 253.36721	 210.04859	        P1	
 314.00145	 264.28821	 112.74667	        P1	
 312.74040	 266.47241	  88.03507	        P1	
 312.74040	 497.99761	  55.60110	        P1	
 316.52355	  10.92100	 315.07289	        P1	
 315.26250	  69.89440	 271.82759	        P1	
 315.26250	 145.61332	 567.85198	        P1	
 315.26250	 365.48949	 224.46367	        P1	
 315.26250	 435.38389	 188.94075	        P1	
 315.26250	 500.90989	 570.42606	        P1	
 316.52355	 538.04129	 491.65784	        P1	
 316.52355	 562.79553	 178.64429	        P1	
 319.04565	  96.83288	 602.86004	        P1	
 317.78460	 110.66612	 394.87079	        P1	
 319.04565	 134.69232	 133.85452	        P1	
 319.04565	 169.63952	  18.01890	        P1	
 317.78460	 237.34972	 512.25088	        P1	
 319.04565	 319.62129	 471.57967	        P1	
 317.78460	 610.11989	 139.51755	        P1	
 321.56775	  47.32432	 479.81691	        P1	
 320.30670	  69.89440	 308.89499	        P1	
 320.30670	 179.10440	 191.51489	        P1	
 321.56775	 281.76181	 469.52039	        P1	
 320.30670	 308.70029	 287.78715	        P1	
 320.30670	 368.40173	 374.79261	        P1	
 321.56775	 372.04209	 249.17527	        P1	
 320.30670	 397.52441	 205.41517	        P1	
 321.56775	 424.46289	 504.01364	        P1	
 321.56775	 449.21713	 436.57161	        P1	
 320.30670	 479.06789	 323.31007	        P1	
 321.56775	 520.56769	 372.73327	        P1	
 321.56775	 580.26913	  18.01890	        P1	
 324.08985	  13.83328	 162.68468	        P1	
 324.08985	 140.51688	 156.50678	        P1	
 322.82880	 318.89321	  61.77900	        P1	
 324.08985	 449.21713	 444.29398	        P1	
 324.08985	 478.33981	 594.62286	        P1	
 325.35090	  13.10520	   6.17790	        P1	
 326.61195	  16.74552	 560.12961	        P1	
 325.35090	  32.03492	 351.62549	        P1	
 326.61195	 211.86740	 315.07289	        P1	
 325.35090	 311.61253	 203.35589	        P1	
 325.35090	 320.34933	 271.31279	        P1	
 326.61195	 341.46329	 145.69545	        P1	
 326.61195	 357.48073	 411.86001	        P1	
 325.35090	 362.57721	 253.29389	        P1	
 326.61195	 401.16473	 450.47188	        P1	
 326.61195	 469.60301	 180.70357	        P1	
 326.61195	 498.72569	 181.21837	        P1	
 325.35090	 531.48869	 602.86004	        P1	
 326.61195	 533.67289	 508.64707	        P1	
 326.61195	 580.26913	 444.29398	        P1	
 329.13405	   2.18420	 588.44496	        P1	
 327.87300	  32.03492	 214.16722	        P1	
 327.87300	  36.40332	 444.29398	        P1	
 329.13405	 128.86780	 211.59307	        P1	
 327.87300	 196.57800	 273.37207	        P1	
 329.13405	 358.93689	 331.03245	        P1	
 327.87300	 377.13853	 240.42329	        P1	
 327.87300	 387.33149	 570.42606	        P1	
 327.87300	 412.08573	 183.27772	        P1	
 331.65615	  77.90312	 393.32631	        P1	
 331.65615	 146.34140	 223.94887	        P1	
 331.65615	 388.05953	 258.95699	        P1	
 330.39510	 481.98013	   4.11862	        P1	
 330.39510	 613.03213	   5.66310	        P1	
 330.39510	 611.57601	 186.88147	        P1	
 334.17825	  67.71020	 186.88147	        P1	
 334.17825	  79.35928	  46.84905	        P1	
 332.91720	  96.10480	 619.33446	        P1	
 332.91720	 165.99920	 335.15107	        P1	
 334.17825	 326.90193	 584.84121	        P1	
 332.91720	 410.62961	 242.48257	        P1	
 332.91720	 425.19093	 561.67408	        P1	
 332.91720	 490.71693	 269.76831	        P1	
 332.91720	 502.36601	 471.06486	        P1	
 332.91720	 518.38349	 613.67136	        P1	
 332.91720	 556.24293	 326.91389	        P1	
 334.17825	 613.76021	 304.26157	        P1	
 336.70035	   0.72808	 602.86004	        P1	
 336.70035	  12.37712	 172.46639	        P1	
 335.43930	  10.19292	 591.01911	        P1	
 335.43930	  68.43828	 133.33965	        P1	
 336.70035	 150.70980	 155.99197	        P1	
 336.70035	 267.20049	  20.59298	        P1	
 335.43930	 289.77053	 265.13489	        P1	
 336.70035	 357.48073	 228.06749	        P1	
 336.70035	 561.33941	 341.32897	        P1	
 337.96140	  49.50852	 201.81142	        P1	
 339.22245	 236.62169	 423.70094	        P1	
 337.96140	 362.57721	 112.74667	        P1	
 337.96140	 516.92733	 209.53379	        P1	
 337.96140	 602.83921	 217.77097	        P1	
 340.48350	  30.57880	 483.42066	        P1	
 340.48350	  69.89440	 179.15910	        P1	
 340.48350	 165.99920	 333.60659	        P1	
 341.74455	 206.04289	  39.12668	        P1	
 341.74455	 214.77969	 256.89765	        P1	
 341.74455	 297.77929	 150.32888	        P1	
 341.74455	 306.51609	 570.42606	        P1	
 341.74455	 468.14689	 466.94624	        P1	
 340.48350	 589.73401	 556.01099	        P1	
 344.26665	  58.97340	  92.66850	        P1	
 344.26665	  89.55220	 327.42869	        P1	
 343.00560	  87.36800	 347.50687	        P1	
 343.00560	 117.94680	 495.77646	        P1	
 343.00560	 176.19212	 288.30201	        P1	
 343.00560	 192.20960	 273.37207	        P1	
 343.00560	 205.31480	 586.90048	        P1	
 343.00560	 253.36721	  38.61187	        P1	
 344.26665	 334.18261	 290.36129	        P1	
 343.00560	 353.84041	 155.99197	        P1	
 343.00560	 470.33109	 236.81947	        P1	
 344.26665	 491.44501	 191.51489	        P1	
 343.00560	 530.03253	 362.43681	        P1	
 346.78875	  58.97340	 543.65519	        P1	
 346.78875	 268.65661	 531.29939	        P1	
 346.78875	 508.91861	 199.23727	        P1	
 346.78875	 554.05873	 566.30751	        P1	
 346.78875	 556.97101	 322.79527	        P1	
 346.78875	 562.79553	 567.85198	        P1	
 345.52770	 564.97973	 104.50949	        P1	
 348.04980	  52.42080	 172.98120	        P1	
 348.04980	  56.78920	  81.85717	        P1	
 349.31085	 198.76220	  69.50137	        P1	
 349.31085	 200.21832	 308.38019	        P1	
 348.04980	 359.66493	 535.41801	        P1	
 348.04980	 532.94481	 580.72258	        P1	
 349.31085	 589.00593	  24.19679	        P1	
 348.04980	 586.82173	  47.36392	        P1	
 348.04980	 598.47081	 228.58229	        P1	
 351.83295	  93.92060	  74.13480	        P1	
 350.57190	 106.29772	 277.49069	        P1	
 350.57190	 112.12228	 615.21584	        P1	
 350.57190	 116.49068	 510.19154	        P1	
 351.83295	 179.83249	 485.47994	        P1	
 350.57190	 225.70069	 218.28577	        P1	
 350.57190	 326.17389	  53.02695	        P1	
 350.57190	 333.45453	 351.62549	        P1	
 351.83295	 417.18221	 518.94359	        P1	
 350.57190	 528.57641	 586.90048	        P1	
 353.09400	  64.06988	 176.58495	        P1	
 354.35505	  69.16632	 473.63901	        P1	
 353.09400	 116.49068	 483.93547	        P1	
 354.35505	 211.86740	 180.70357	        P1	
 353.09400	 244.63041	 125.10247	        P1	
 354.35505	 283.21792	 388.69289	        P1	
 354.35505	 287.58632	 214.16722	        P1	
 354.35505	 323.98969	 164.22915	        P1	
 353.09400	 359.66493	 275.94621	        P1	
 354.35505	 405.53313	 214.16722	        P1	
 354.35505	 441.93649	 415.97857	        P1	
 354.35505	 457.95393	   4.11862	        P1	
 354.35505	 497.26953	 258.95699	        P1	
 353.09400	 556.24293	 566.30751	        P1	
 354.35505	 599.19889	  63.83828	        P1	
 356.87715	  12.37712	  72.07552	        P1	
 355.61610	  34.94720	  24.71160	        P1	
 355.61610	  36.40332	 436.57161	        P1	
 355.61610	 206.77092	 191.00009	        P1	
 355.61610	 423.73481	 284.18339	        P1	
 356.87715	 466.69073	 195.63352	        P1	
 356.87715	 478.33981	 471.06486	        P1	
 356.87715	 498.72569	 559.61474	        P1	
 359.39925	  10.92100	 285.72787	        P1	
 358.13820	 253.36721	 562.18889	        P1	
 358.13820	 292.68281	 125.10247	        P1	
 359.39925	 358.93689	  28.31535	        P1	
 358.13820	 445.57681	 100.39087	        P1	
 358.13820	 465.96269	 528.72524	        P1	
 358.13820	 468.87493	 302.20229	        P1	
 359.39925	 471.05913	 586.38568	        P1	
 359.39925	 479.79593	 504.52851	        P1	
 359.39925	 507.46249	  45.30458	        P1	
 359.39925	 562.79553	 560.12961	        P1	
 360.66030	  29.12268	 108.62805	        P1	
 361.92135	  91.00832	  61.26419	        P1	
 361.92135	 130.32392	 135.39899	        P1	
 361.92135	 214.77969	 312.49875	        P1	
 360.66030	 308.70029	 436.05674	        P1	
 360.66030	 327.63001	 296.53919	        P1	
 360.66030	 518.38349	  28.31535	        P1	
 360.66030	 588.27789	 491.65784	        P1	
 360.66030	 608.66373	  55.08629	        P1	
 364.44345	 291.95473	 485.99481	        P1	
 363.18240	 305.78801	 463.34249	        P1	
 364.44345	 334.18261	  30.88950	        P1	
 363.18240	 457.22589	 255.35317	        P1	
 363.18240	 474.69949	  76.19408	        P1	
 363.18240	 541.68161	  81.85717	        P1	
 363.18240	 601.38309	 590.50424	        P1	
 363.18240	 615.94441	 403.10796	        P1	
 366.96555	   6.55260	 613.15656	        P1	
 366.96555	 169.63952	 388.69289	        P1	
 365.70450	 205.31480	 222.40439	        P1	
 366.96555	 344.37553	 493.71718	        P1	
 366.96555	 367.67369	 392.81144	        P1	
 366.96555	 519.11153	 220.34512	        P1	
 365.70450	 572.26041	 125.10247	        P1	
 369.48765	   6.55260	   1.54447	        P1	
 369.48765	  83.72768	 528.72524	        P1	
 369.48765	 109.93808	 417.52304	        P1	
 369.48765	 179.83249	 559.61474	        P1	
 369.48765	 257.00752	  84.43132	        P1	
 368.22660	 327.63001	 364.49609	        P1	
 369.48765	 503.09409	 341.84377	        P1	
 370.74870	  13.10520	 353.68477	        P1	
 372.00975	  31.30688	 304.77637	        P1	
 370.74870	  85.91188	 256.89765	        P1	
 372.00975	  88.09608	 335.66587	        P1	
 370.74870	 198.03412	 153.93269	        P1	
 370.74870	 215.50772	 252.77909	        P1	
 370.74870	 326.17389	  40.67115	        P1	
 370.74870	 366.94561	 174.52567	        P1	
 370.74870	 518.38349	 559.61474	        P1	
 373.27080	  71.35052	 257.41251	        P1	
 373.27080	 206.77092	 339.26969	        P1	
 374.53185	 259.91981	 327.42869	        P1	
 374.53185	 284.67409	 570.42606	        P1	
 373.27080	 396.06829	 293.96505	        P1	
 374.53185	 401.16473	 438.11608	        P1	
 373.27080	 579.54109	 446.86807	        P1	
 374.53185	 602.11113	  90.60922	        P1	
 375.79290	  69.89440	 432.45299	        P1	
 375.79290	 136.87652	 337.72521	        P1	
 377.05395	 147.79752	 234.24539	        P1	
 375.79290	 152.89400	 395.38559	        P1	
 377.05395	 179.83249	 366.55537	        P1	
 375.79290	 259.19172	   5.66310	        P1	
 375.79290	 281.03373	 183.27772	        P1	
 378.31500	 122.31520	 557.55546	        P1	
 378.31500	 129.59588	 366.55537	        P1	
 378.31500	 152.89400	 248.66047	        P1	
 379.57605	 204.58672	 152.38822	        P1	
 379.57605	 281.76181	  49.42320	        P1	
 378.31500	 350.92813	 123.04319	        P1	
 378.31500	 479.06789	 483.93547	        P1	
 379.57605	 517.65541	  44.78977	        P1	
 378.31500	 570.80429	 590.50424	        P1	
 382.09815	  24.02620	 285.72787	        P1	
 380.83710	  48.05240	   1.54447	        P1	
 382.09815	  57.51728	 504.01364	        P1	
 380.83710	  72.80668	  20.59298	        P1	
 382.09815	 166.72728	 201.29655	        P1	
 382.09815	 184.20089	 236.81947	        P1	
 382.09815	 303.60381	 420.09719	        P1	
 382.09815	 393.88409	 521.00287	        P1	
 382.09815	 437.56809	 385.08907	        P1	
 383.35920	 144.15720	 440.17536	        P1	
 384.62025	 214.77969	 232.18605	        P1	
 384.62025	 238.07781	 420.09719	        P1	
 384.62025	 364.76141	 117.38010	        P1	
 384.62025	 367.67369	 145.69545	        P1	
 383.35920	 423.73481	 619.33446	        P1	
 384.62025	 570.07621	 433.99746	        P1	
 384.62025	 575.90073	 350.08101	        P1	
 385.88130	 128.13972	 221.88959	        P1	
 387.14235	 182.74472	 469.00558	        P1	
 385.88130	 278.12149	  15.95955	        P1	
 387.14235	 277.39341	 155.99197	        P1	
 387.14235	 283.21792	 313.01361	        P1	
 387.14235	 361.84913	  67.44209	        P1	
 387.14235	 412.81381	 216.22649	        P1	
 385.88130	 553.33069	 293.96505	        P1	
 389.66445	  72.07860	  13.90027	        P1	
 388.40340	  71.35052	 572.48541	        P1	
 389.66445	 128.86780	  92.66850	        P1	
 388.40340	 407.71733	 448.92741	        P1	
 388.40340	 457.22589	 182.76285	        P1	
 389.66445	 495.81341	 475.69829	        P1	
 389.66445	 513.28701	 501.95436	        P1	
 388.40340	 617.40053	 245.05671	        P1	
 390.92550	 299.96349	  15.95955	        P1	
 392.18655	 334.18261	 111.20220	        P1	
 392.18655	 444.84873	 561.67408	        P1	
 392.18655	 459.41009	 454.59044	        P1	
 393.44760	  13.10520	 223.94887	        P1	
 393.44760	  33.49108	 145.69545	        P1	
 393.44760	  32.03492	 510.70641	        P1	
 393.44760	  62.61372	 442.74951	        P1	
 394.70865	 121.58712	 487.53928	        P1	
 393.44760	 157.26240	 494.23199	        P1	
 393.44760	 282.48989	 578.14844	        P1	
 393.44760	 361.12109	 465.40177	        P1	
 395.96970	 211.13932	 510.70641	        P1	
 395.96970	 589.73401	 105.02430	        P1	
 399.75285	  15.28940	 111.20220	        P1	
 398.49180	  78.63120	 296.53919	        P1	
 399.75285	 139.06072	 306.83571	        P1	
 398.49180	 167.45532	  53.54182	        P1	
 399.75285	 174.00792	   4.11862	        P1	
 398.49180	 248.99881	  12.35580	        P1	
 398.49180	 260.64789	 372.73327	        P1	
 399.75285	 271.56889	 193.57417	        P1	
 398.49180	 272.29692	 339.26969	        P1	
 398.49180	 385.87533	 382.51499	        P1	
 398.49180	 388.78761	 322.79527	        P1	
 398.49180	 458.68201	  61.77900	        P1	
 398.49180	 479.06789	 459.22387	        P1	
 401.01390	 190.75349	 108.62805	        P1	
 402.27495	 243.90232	   5.66310	        P1	
 401.01390	 292.68281	 433.99746	        P1	
 402.27495	 373.49821	  69.50137	        P1	
 402.27495	 390.97181	  80.31270	        P1	
 401.01390	 432.47161	 446.35326	        P1	
 402.27495	 570.07621	 378.39637	        P1	
 403.53600	  29.12268	 380.45564	        P1	
 404.79705	  51.69272	 555.49618	        P1	
 403.53600	 115.03452	 135.39899	        P1	
 403.53600	 125.22748	 292.42057	        P1	
 404.79705	 169.63952	 333.09179	        P1	
 403.53600	 215.50772	 535.41801	        P1	
 403.53600	 299.96349	 201.29655	        P1	
 403.53600	 369.85789	 609.03794	        P1	
 404.79705	 418.63833	 574.02988	        P1	
 403.53600	 429.55933	 413.40448	        P1	
 404.79705	 471.05913	 282.12411	        P1	
 403.53600	 495.08533	  59.71972	        P1	
 403.53600	 515.47121	  80.31270	        P1	
 404.79705	 522.02381	 273.37207	        P1	
 407.31915	 195.84992	 289.84649	        P1	
 407.31915	 433.19969	  96.27225	        P1	
 407.31915	 457.95393	 195.63352	        P1	
 406.05810	 496.54149	 454.59044	        P1	
 409.84125	  79.35928	  59.20485	        P1	
 408.58020	  78.63120	 403.10796	        P1	
 408.58020	  87.36800	  55.60110	        P1	
 408.58020	 144.15720	 123.55800	        P1	
 409.84125	 197.30609	 595.13766	        P1	
 409.84125	 223.51649	 168.86258	        P1	
 409.84125	 395.34021	 123.55800	        P1	
 408.58020	 514.01509	  71.56065	        P1	
 409.84125	 605.02341	 111.20220	        P1	
 412.36335	   8.00872	  65.89762	        P1	
 412.36335	 139.06072	 438.11608	        P1	
 411.10230	 151.43788	 343.38825	        P1	
 412.36335	 258.46369	 459.22387	        P1	
 411.10230	 313.06869	  14.41508	        P1	
 411.10230	 380.05081	 568.36679	        P1	
 413.62440	   0.00000	  74.13480	        P1	
 414.88545	 198.76220	  55.60110	        P1	
 413.62440	 259.19172	 419.58238	        P1	
 413.62440	 330.54229	 415.97857	        P1	
 413.62440	 575.17269	  77.73855	        P1	
 417.40755	  15.28940	 556.01099	        P1	
 416.14650	  99.01708	 164.22915	        P1	
 416.14650	 189.29732	 228.06749	        P1	
 416.14650	 195.12189	 440.69017	        P1	
 417.40755	 249.72689	 137.97308	        P1	
 417.40755	 257.00752	 405.68211	        P1	
 416.14650	 297.05121	  80.31270	        P1	
 416.14650	 315.98093	  92.15369	        P1	
 416.14650	 365.48949	 164.22915	        P1	
 417.40755	 395.34021	 210.04859	        P1	
 416.14650	 486.34853	 611.09728	        P1	
 417.40755	 523.47993	 294.47991	        P1	
 418.66860	  96.10480	 569.91126	        P1	
 419.92965	 131.78008	 170.40705	        P1	
 418.66860	 265.01629	 491.65784	        P1	
 418.66860	 397.52441	 580.72258	        P1	
 419.92965	 463.77849	  70.01618	        P1	
 418.66860	 490.71693	 189.45562	        P1	
 419.92965	 523.47993	 238.87881	        P1	
 418.66860	 553.33069	 263.07555	        P1	
 421.19070	  53.87692	 380.97051	        P1	
 422.45175	  98.28900	 512.76569	        P1	
 421.19070	 171.82372	 257.41251	        P1	
 422.45175	 222.06032	 207.98932	        P1	
 422.45175	 322.53353	 399.50421	        P1	
 422.45175	 409.90153	 245.05671	        P1	
 423.71280	 138.33268	 516.36944	        P1	
 423.71280	 267.92852	 448.92741	        P1	
 423.71280	 289.77053	 115.32082	        P1	
 424.97385	 312.34061	  94.21297	        P1	
 424.97385	 379.32273	 258.95699	        P1	
 424.97385	 466.69073	 388.69289	        P1	
 424.97385	 481.25209	 471.57967	        P1	
 423.71280	 532.94481	 105.02430	        P1	
 424.97385	 551.14649	 205.92997	        P1	
 426.23490	   2.91228	  20.59298	        P1	
 426.23490	  20.38588	  76.19408	        P1	
 426.23490	  26.21040	 457.16459	        P1	
 426.23490	 133.96428	  82.37198	        P1	
 427.49595	 171.09569	 534.90314	        P1	
 427.49595	 236.62169	   9.78165	        P1	
 426.23490	 364.03333	  36.55259	        P1	
 427.49595	 366.21753	 543.14038	        P1	
 426.23490	 397.52441	 290.36129	        P1	
 427.49595	 478.33981	  44.78977	        P1	
 426.23490	 531.48869	 571.97054	        P1	
 427.49595	 546.77809	 224.46367	        P1	
 428.75700	  56.78920	 166.80330	        P1	
 430.01805	  60.42952	 283.66859	        P1	
 428.75700	  66.98212	 203.35589	        P1	
 430.01805	 117.21872	 529.24011	        P1	
 428.75700	 132.50812	 388.69289	        P1	
 428.75700	 320.34933	 271.31279	        P1	
 428.75700	 350.92813	  90.60922	        P1	
 428.75700	 349.47201	 265.64969	        P1	
 430.01805	 385.14729	 280.06477	        P1	
 430.01805	 449.21713	 413.40448	        P1	
 430.01805	 529.30449	  28.31535	        P1	
 431.27910	  32.03492	 424.21581	        P1	
 432.54015	  73.53472	 603.37491	        P1	
 431.27910	  90.28028	 454.59044	        P1	
 432.54015	 111.39420	 551.37756	        P1	
 431.27910	 123.77132	 129.22109	        P1	
 432.54015	 160.90272	 252.77909	        P1	
 431.27910	 160.17469	 368.09984	        P1	
 431.27910	 438.29613	 450.47188	        P1	
 431.27910	 451.40133	 475.18348	        P1	
 432.54015	 567.16393	  48.90839	        P1	
 432.54015	 591.91821	 390.75216	        P1	
 433.80120	  53.87692	 598.74148	        P1	
 435.06225	  96.83288	 423.70094	        P1	
 435.06225	 120.13100	 483.42066	        P1	
 435.06225	 210.41129	 448.41254	        P1	
 435.06225	 284.67409	  20.59298	        P1	
 435.06225	 289.04249	 230.64157	        P1	
 435.06225	 328.35809	 213.65235	        P1	
 435.06225	 335.63873	 325.36941	        P1	
 433.80120	 369.85789	 188.94075	        P1	
 435.06225	 423.00673	 172.46639	        P1	
 433.80120	 457.22589	  26.77088	        P1	
 435.06225	 455.04169	 312.49875	        P1	
 435.06225	 456.49781	 440.17536	        P1	
 433.80120	 486.34853	 387.14841	        P1	
 433.80120	 525.66413	 320.73599	        P1	
 433.80120	 575.17269	 386.63354	        P1	
 437.58435	  53.14888	 584.32634	        P1	
 436.32330	  68.43828	 415.97857	        P1	
 437.58435	 147.79752	 133.85452	        P1	
 436.32330	 193.66572	 215.71169	        P1	
 436.32330	 199.49029	 459.22387	        P1	
 436.32330	 243.17429	 102.45015	        P1	
 437.58435	 259.91981	  44.78977	        P1	
 436.32330	 289.77053	 413.40448	        P1	
 436.32330	 292.68281	 526.66596	        P1	
 436.32330	 431.01549	 615.21584	        P1	
 437.58435	 517.65541	 383.02979	        P1	
 436.32330	 531.48869	  65.38275	        P1	
 437.58435	 584.63753	 580.20778	        P1	
 437.58435	 590.46209	 496.29127	        P1	
 437.58435	 615.21633	 265.13489	        P1	
 438.84540	 372.77013	 436.57161	        P1	
 438.84540	 375.68241	 345.96239	        P1	
 438.84540	 417.91029	 145.69545	        P1	
 440.10645	 449.21713	 319.19151	        P1	
 440.10645	 559.88329	 446.86807	        P1	
 438.84540	 573.71653	 325.36941	        P1	
 441.36750	  58.24532	 337.72521	        P1	
 442.62855	 127.41168	 250.71975	        P1	
 442.62855	 155.07820	 339.78449	        P1	
 441.36750	 473.24333	 296.02439	        P1	
 445.15065	 101.20128	 584.32634	        P1	
 445.15065	 175.46409	 114.80595	        P1	
 443.88960	 248.99881	 383.02979	        P1	
 445.15065	 462.32233	 567.85198	        P1	
 445.15065	 495.81341	  92.66850	        P1	
 443.88960	 544.59389	 151.87335	        P1	
 447.67274	  15.28940	 352.14029	        P1	
 447.67274	 156.53432	 586.38568	        P1	
 447.67274	 178.37632	 450.47188	        P1	
 447.67274	 204.58672	 226.52302	        P1	
 446.41170	 253.36721	 179.15910	        P1	
 447.67274	 267.20049	 613.67136	        P1	
 447.67274	 423.00673	 146.21032	        P1	
 447.67274	 443.39261	  88.03507	        P1	
 447.67274	 488.53273	 617.27518	        P1	
 446.41170	 499.45373	  85.97579	        P1	
 450.19484	  29.85072	 473.63901	        P1	
 450.19484	  83.72768	  22.13745	        P1	
 448.93379	 106.29772	 405.68211	        P1	
 450.19484	 111.39420	 352.14029	        P1	
 450.19484	 229.34101	  75.67927	        P1	
 448.93379	 237.34972	 269.76831	        P1	
 448.93379	 353.84041	 149.81407	        P1	
 448.93379	 448.48909	 571.97054	        P1	
 448.93379	 493.62921	  32.43397	        P1	
 451.45589	  84.45572	 313.01361	        P1	
 452.71694	  91.00832	 140.03242	        P1	
 452.71694	 157.99048	 471.57967	        P1	
 451.45589	 238.80589	 584.32634	        P1	
 452.71694	 258.46369	 120.98385	        P1	
 452.71694	 271.56889	 442.23464	        P1	
 452.71694	 284.67409	 261.53107	        P1	
 451.45589	 318.89321	 359.86267	        P1	
 452.71694	 351.65621	 236.30467	        P1	
 452.71694	 408.44541	  30.88950	        P1	
 452.71694	 507.46249	 263.07555	        P1	
 451.45589	 546.05001	   0.00000	        P1	
 451.45589	 547.50613	 269.76831	        P1	
 451.45589	 617.40053	 592.56358	        P1	
 455.23904	 131.78008	 601.31556	        P1	
 455.23904	 185.65700	  92.66850	        P1	
 453.97799	 436.84001	 512.76569	        P1	
 453.97799	 474.69949	 584.32634	        P1	
 455.23904	 564.25169	 218.28577	        P1	
 455.23904	 602.11113	 611.09728	        P1	
 457.76114	 207.49900	 588.44496	        P1	
 456.50009	 270.84081	 432.45299	        P1	
 456.50009	 305.78801	 574.54468	        P1	
 457.76114	 494.35729	   9.78165	        P1	
 456.50009	 541.68161	 308.89499	        P1	
 456.50009	 560.61133	  67.44209	        P1	
 459.02219	  65.52600	  88.03507	        P1	
 460.28324	 185.65700	 166.80330	        P1	
 460.28324	 214.77969	 403.62277	        P1	
 460.28324	 242.44621	   1.54447	        P1	
 459.02219	 330.54229	 218.28577	        P1	
 459.02219	 336.36681	 100.39087	        P1	
 460.28324	 383.69113	 516.88431	        P1	
 459.02219	 480.52401	  63.32347	        P1	
 459.02219	 560.61133	 541.59591	        P1	
 461.54429	 103.38548	 287.78715	        P1	
 462.80534	 162.35888	  45.30458	        P1	
 461.54429	 177.64829	 292.42057	        P1	
 462.80534	 184.20089	 205.92997	        P1	
 462.80534	 217.69192	 561.67408	        P1	
 461.54429	 305.78801	 193.05937	        P1	
 461.54429	 314.52481	 446.35326	        P1	
 461.54429	 336.36681	 216.22649	        P1	
 461.54429	 366.94561	 457.16459	        P1	
 461.54429	 543.13773	 380.97051	        P1	
 461.54429	 583.90949	 607.49346	        P1	
 464.06639	 131.05200	 162.16987	        P1	
 464.06639	 148.52560	  81.85717	        P1	
 465.32744	 156.53432	 306.83571	        P1	
 464.06639	 238.80589	 355.74404	        P1	
 465.32744	 252.63912	 407.22658	        P1	
 464.06639	 583.90949	 422.15647	        P1	
 467.84954	 141.97300	  55.60110	        P1	
 466.58849	 167.45532	 129.22109	        P1	
 466.58849	 195.12189	 613.67136	        P1	
 466.58849	 285.40213	  59.71972	        P1	
 467.84954	 310.88449	  71.56065	        P1	
 467.84954	 342.91941	 586.90048	        P1	
 467.84954	 379.32273	 333.09179	        P1	
 467.84954	 390.97181	 236.30467	        P1	
 467.84954	 434.65581	 240.93809	        P1	
 467.84954	 479.79593	 461.28321	        P1	
 466.58849	 522.75189	 250.71975	        P1	
 466.58849	 566.43589	 584.32634	        P1	
 467.84954	 580.26913	 376.33709	        P1	
 469.11059	  29.12268	 423.70094	        P1	
 469.11059	 129.59588	 255.35317	        P1	
 469.11059	 177.64829	 533.35867	        P1	
 469.11059	 275.20921	 253.29389	        P1	
 469.11059	 275.20921	 261.01627	        P1	
 470.37164	 386.60341	 457.16459	        P1	
 469.11059	 435.38389	  53.02695	        P1	
 470.37164	 527.84833	 431.93818	        P1	
 470.37164	 549.69033	 234.24539	        P1	
 472.89374	   6.55260	  50.96767	        P1	
 472.89374	 117.21872	 337.72521	        P1	
 472.89374	 141.97300	 168.34777	        P1	
 471.63269	 422.27869	  45.30458	        P1	
 471.63269	 548.96229	 162.68468	        P1	
 474.15479	  58.24532	 541.59591	        P1	
 474.15479	 244.63041	 464.88696	        P1	
 475.41584	 309.42833	  48.90839	        P1	
 475.41584	 348.74393	 523.06221	        P1	
 474.15479	 356.75269	  51.48248	        P1	
 475.41584	 370.58593	 387.14841	        P1	
 474.15479	 413.54189	 176.58495	        P1	
 474.15479	 442.66453	 442.74951	        P1	
 475.41584	 443.39261	 489.59856	        P1	
 474.15479	 477.61173	 306.83571	        P1	
 476.67689	  33.49108	 619.84926	        P1	
 476.67689	  46.59628	 286.24267	        P1	
 477.93794	  86.63992	  65.89762	        P1	
 476.67689	 110.66612	 393.32631	        P1	
 476.67689	 267.92852	 467.46111	        P1	
 477.93794	 334.18261	 464.88696	        P1	
 480.46004	  13.83328	 267.70897	        P1	
 479.19899	  36.40332	 102.96502	        P1	
 479.19899	 104.84160	 333.60659	        P1	
 479.19899	 122.31520	 452.53116	        P1	
 480.46004	 157.99048	 139.51755	        P1	
 480.46004	 337.09489	  70.01618	        P1	
 480.46004	 370.58593	 380.97051	        P1	
 480.46004	 421.55061	 203.87069	        P1	
 479.19899	 591.19013	 450.47188	        P1	
 480.46004	 593.37433	 529.24011	        P1	
 481.72109	   1.45612	 220.34512	        P1	
 482.98214	  32.76300	  49.42320	        P1	
 481.72109	 131.05200	 322.79527	        P1	
 482.98214	 257.00752	 289.84649	        P1	
 481.72109	 321.80549	 205.92997	        P1	
 482.98214	 430.28741	 594.62286	        P1	
 482.98214	 449.21713	 401.04869	        P1	
 481.72109	 553.33069	 473.12414	        P1	
 484.24319	  40.77172	 603.37491	        P1	
 485.50424	 395.34021	   6.17790	        P1	
 485.50424	 616.67249	 533.35867	        P1	
 486.76529	 212.59549	 516.36944	        P1	
 488.02634	 251.18301	 545.19966	        P1	
 488.02634	 258.46369	 596.68214	        P1	
 488.02634	 294.86701	 230.12677	        P1	
 488.02634	 303.60381	 401.56349	        P1	
 486.76529	 432.47161	  57.14557	        P1	
 486.76529	 524.20801	 304.26157	        P1	
 488.02634	 589.00593	 401.04869	        P1	
 490.54844	  50.23660	 594.62286	        P1	
 490.54844	  57.51728	 551.89236	        P1	
 489.28739	 324.71773	 357.80339	        P1	
 490.54844	 337.09489	 207.47445	        P1	
 490.54844	 423.00673	 221.88959	        P1	
 490.54844	 500.18181	 358.31819	        P1	
 490.54844	 616.67249	 226.00815	        P1	
 493.07054	   8.00872	 343.90311	        P1	
 493.07054	  18.20168	  26.77088	        P1	
 493.07054	 275.93729	 348.02167	        P1	
 491.80949	 362.57721	 500.40989	        P1	
 491.80949	 532.94481	 166.80330	        P1	
 494.33159	  33.49108	 300.14295	        P1	
 494.33159	 270.84081	  50.96767	        P1	
 494.33159	 452.85749	 582.78186	        P1	
 494.33159	 468.87493	 469.00558	        P1	
 494.33159	 535.85709	 460.76834	        P1	
 495.59264	 574.44461	 210.04859	        P1	
 498.11474	 109.93808	 422.15647	        P1	
 498.11474	 134.69232	  73.61999	        P1	
 498.11474	 156.53432	 209.53379	        P1	
 498.11474	 201.67449	 582.78186	        P1	
 498.11474	 222.06032	 424.21581	        P1	
 496.85369	 230.06909	 318.67665	        P1	
 498.11474	 290.49861	 291.90577	        P1	
 498.11474	 312.34061	 512.76569	        P1	
 498.11474	 377.86661	 580.72258	        P1	
 496.85369	 385.87533	 592.56358	        P1	
 496.85369	 413.54189	 139.51755	        P1	
 496.85369	 422.27869	 380.45564	        P1	
 496.85369	 477.61173	 393.32631	        P1	
 496.85369	 576.62881	 315.07289	        P1	
 499.37579	  30.57880	 228.58229	        P1	
 500.63684	  89.55220	 131.28037	        P1	
 500.63684	 217.69192	 455.10531	        P1	
 499.37579	 390.24373	 203.35589	        P1	
 500.63684	 506.00633	 547.77381	        P1	
 499.37579	 502.36601	 588.44496	        P1	
 500.63684	 613.76021	 617.78998	        P1	
 501.89789	 240.26201	 514.31016	        P1	
 503.15894	 606.47953	 238.87881	        P1	
 504.41999	 384.41921	 228.58229	        P1	
 504.41999	 401.89281	 384.57426	        P1	
 504.41999	 493.62921	 574.54468	        P1	
 505.68104	 567.16393	  35.00812	        P1	
 506.94209	 272.29692	  92.15369	        P1	
 506.94209	 334.91069	 409.80067	        P1	
 506.94209	 382.96309	 212.10787	        P1	
 506.94209	 406.26121	 407.74139	        P1	
 506.94209	 442.66453	 363.98129	        P1	
 506.94209	 525.66413	 215.71169	        P1	
 510.72524	 107.02580	 366.04057	        P1	
 510.72524	 163.81500	 112.74667	        P1	
 509.46419	 170.36760	 137.45827	        P1	
 509.46419	 180.56052	 535.41801	        P1	
 510.72524	 208.95512	 300.65781	        P1	
 509.46419	 253.36721	 420.09719	        P1	
 510.72524	 305.05993	 450.47188	        P1	
 509.46419	 368.40173	 504.52851	        P1	
 509.46419	 384.41921	 426.27509	        P1	
 509.46419	 525.66413	 592.56358	        P1	
 511.98629	  32.03492	 597.19701	        P1	
 511.98629	  59.70148	 292.42057	        P1	
 513.24734	 152.16592	 561.67408	        P1	
 513.24734	 166.72728	 360.37747	        P1	
 511.98629	 318.89321	 518.94359	        P1	
 513.24734	 396.79633	 592.56358	        P1	
 513.24734	 540.95353	  22.65232	        P1	
 511.98629	 557.69909	 397.44487	        P1	
 513.24734	 593.37433	 257.41251	        P1	
 513.24734	 603.56729	 310.95427	        P1	
 515.76944	 252.63912	 252.77909	        P1	
 515.76944	 303.60381	 500.40989	        P1	
 515.76944	 358.93689	 232.18605	        P1	
 514.50839	 509.64669	 182.76285	        P1	
 515.76944	 517.65541	 600.80076	        P1	
 514.50839	 595.55853	 481.36138	        P1	
 518.29154	  21.11392	 411.86001	        P1	
 518.29154	 114.30648	  96.27225	        P1	
 517.03049	 129.59588	 317.13217	        P1	
 518.29154	 155.07820	 131.28037	        P1	
 517.03049	 247.54269	 539.53657	        P1	
 517.03049	 385.87533	 504.52851	        P1	
 517.03049	 457.22589	 403.62277	        P1	
 518.29154	 546.77809	 102.45015	        P1	
 520.81364	   3.64032	 574.02988	        P1	
 519.55259	  74.26280	 242.48257	        P1	
 520.81364	  82.27152	  53.54182	        P1	
 520.81364	  85.18380	 199.23727	        P1	
 519.55259	 190.75349	 380.45564	        P1	
 519.55259	 192.20960	 464.88696	        P1	
 520.81364	 271.56889	  76.19408	        P1	
 520.81364	 294.86701	 495.77646	        P1	
 520.81364	 337.09489	 226.00815	        P1	
 519.55259	 390.24373	 152.38822	        P1	
 519.55259	 460.13813	 574.02988	        P1	
 520.81364	 466.69073	 116.86529	        P1	
 520.81364	 475.42753	  59.71972	        P1	
 523.33574	  40.04368	 355.74404	        P1	
 522.07469	 225.70069	  63.83828	        P1	
 523.33574	 248.27072	 448.92741	        P1	
 522.07469	 278.12149	 230.64157	        P1	
 523.33574	 348.74393	  18.01890	        P1	
 523.33574	 389.51569	 162.68468	        P1	
 523.33574	 392.42793	 308.38019	        P1	
 522.07469	 445.57681	 290.36129	        P1	
 522.07469	 532.94481	 389.20769	        P1	
 522.07469	 560.61133	  67.44209	        P1	
 523.33574	 600.65501	  43.24530	        P1	
 525.85784	 227.88489	 292.42057	        P1	
 524.59679	 361.12109	 539.53657	        P1	
 525.85784	 392.42793	 170.92192	        P1	
 525.85784	 434.65581	 100.39087	        P1	
 524.59679	 572.26041	 248.66047	        P1	
 528.37994	  42.95592	 207.98932	        P1	
 528.37994	  66.25408	  76.19408	        P1	
 528.37994	  99.74512	   5.66310	        P1	
 527.11889	 133.96428	 368.09984	        P1	
 528.37994	 150.70980	 149.81407	        P1	
 527.11889	 269.38469	 354.19957	        P1	
 528.37994	 283.21792	 516.88431	        P1	
 528.37994	 491.44501	 339.78449	        P1	
 527.11889	 495.08533	 251.23461	        P1	
 527.11889	 618.85670	 156.50678	        P1	
 530.90204	 102.65740	 500.40989	        P1	
 530.90204	 150.70980	 520.48806	        P1	
 530.90204	 198.76220	 203.87069	        P1	
 530.90204	 275.93729	 504.01364	        P1	
 529.64099	 329.08613	 469.00558	        P1	
 533.42414	  41.49980	 512.76569	        P1	
 533.42414	 270.11272	 343.90311	        P1	
 532.16309	 289.77053	 393.32631	        P1	
 533.42414	 300.69153	 584.84121	        P1	
 533.42414	 370.58593	 467.46111	        P1	
 533.42414	 408.44541	  12.35580	        P1	
 532.16309	 445.57681	  57.14557	        P1	
 532.16309	 445.57681	 469.52039	        P1	
 532.16309	 448.48909	 485.47994	        P1	
 532.16309	 470.33109	 477.75757	        P1	
 533.42414	 495.81341	 450.98669	        P1	
 532.16309	 547.50613	 350.08101	        P1	
 534.68519	 190.75349	   8.23718	        P1	
 534.68519	 318.89321	 446.35326	        P1	
 534.68519	 353.84041	 203.87069	        P1	
 535.94624	 487.07661	 586.90048	        P1	
 535.94624	 492.90113	 135.39899	        P1	
 538.46834	  29.85072	 567.85198	        P1	
 537.20729	 289.77053	 419.58238	        P1	
 538.46834	 522.02381	 586.90048	        P1	
 540.99044	  16.74552	 135.39899	        P1	
 540.99044	 109.93808	  22.13745	        P1	
 540.99044	 192.93769	 508.64707	        P1	
 540.99044	 328.35809	 343.38825	        P1	
 540.99044	 332.72649	 360.37747	        P1	
 540.99044	 481.25209	 164.22915	        P1	
 539.72939	 492.17309	 398.98934	        P1	
 540.99044	 522.02381	 617.78998	        P1	
 539.72939	 575.17269	  32.94878	        P1	
 543.51254	  58.97340	  24.71160	        P1	
 543.51254	  99.74512	 308.38019	        P1	
 543.51254	 150.70980	 501.95436	        P1	
 542.25149	 195.12189	 304.77637	        P1	
 542.25149	 275.20921	 125.10247	        P1	
 542.25149	 278.12149	 250.71975	        P1	
 542.25149	 336.36681	   7.72237	        P1	
 542.25149	 349.47201	 253.29389	        P1	
 542.25149	 404.80509	  46.84905	        P1	
 542.25149	 525.66413	 351.62549	        P1	
 543.51254	 536.58513	 189.45562	        P1	
 546.03464	  42.95592	 524.60668	        P1	
 546.03464	  69.16632	 393.32631	        P1	
 544.77359	  77.17508	 570.42606	        P1	
 546.03464	 350.20009	 471.57967	        P1	
 546.03464	 546.77809	 312.49875	        P1	
 546.03464	 558.42713	 258.95699	        P1	
 548.55674	  37.13140	 228.58229	        P1	
 548.55674	  58.97340	 191.51489	        P1	
 547.29569	  75.71892	  16.47442	        P1	
 548.55674	 112.85032	 615.73070	        P1	
 548.55674	 232.25329	 392.81144	        P1	
 547.29569	 304.33189	 195.11865	        P1	
 548.55674	 344.37553	 467.46111	        P1	
 548.55674	 545.32193	 418.03791	        P1	
 547.29569	 605.75149	 213.65235	        P1	
 551.07884	   5.09648	 516.36944	        P1	
 549.81779	  30.57880	 230.12677	        P1	
 551.07884	  99.74512	 473.63901	        P1	
 551.07884	 111.39420	 556.01099	        P1	
 551.07884	 114.30648	 516.36944	        P1	
 549.81779	 160.17469	  34.49325	        P1	
 549.81779	 173.27989	 244.54185	        P1	
 549.81779	 225.70069	  63.83828	        P1	
 549.81779	 281.03373	 296.02439	        P1	
 551.07884	 462.32233	 425.76028	        P1	
 553.60094	  99.74512	 207.98932	        P1	
 553.60094	 107.02580	 512.76569	        P1	
 552.33989	 187.84120	 185.33700	        P1	
 552.33989	 250.45492	 257.41251	        P1	
 552.33989	 317.43709	 158.05125	        P1	
 553.60094	 457.95393	 469.00558	        P1	
 552.33989	 525.66413	 611.09728	        P1	
 556.12304	  48.78048	 417.52304	        P1	
 556.12304	 123.04328	 287.78715	        P1	
 556.12304	 139.06072	 356.25891	        P1	
 556.12304	 217.69192	 547.77381	        P1	
 556.12304	 353.11233	  41.18602	        P1	
 554.86199	 451.40133	 146.21032	        P1	
 554.86199	 473.24333	 147.75479	        P1	
 556.12304	 539.49741	 568.36679	        P1	
 557.38409	 106.29772	 141.57689	        P1	
 557.38409	 138.33268	 329.48797	        P1	
 557.38409	 151.43788	  34.49325	        P1	
 558.64514	 181.28860	 316.61737	        P1	
 558.64514	 179.83249	 442.23464	        P1	
 557.38409	 331.99841	 339.78449	        P1	
 558.64514	 545.32193	 436.57161	        P1	
 558.64514	 552.60261	 525.12149	        P1	
 558.64514	 575.90073	 238.87881	        P1	
 558.64514	 615.21633	 510.70641	        P1	
 559.90619	 152.89400	 174.52567	        P1	
 561.16724	 210.41129	 232.18605	        P1	
 561.16724	 286.13021	 315.07289	        P1	
 559.90619	 318.89321	 537.47729	        P1	
 561.16724	 390.97181	 100.39087	        P1	
 561.16724	 421.55061	 234.76019	        P1	
 561.16724	 452.12941	 396.93006	        P1	
 559.90619	 468.87493	 345.44759	        P1	
 561.16724	 498.72569	 521.00287	        P1	
 563.68934	 157.99048	 564.24816	        P1	
 563.68934	 293.41089	 440.69017	        P1	
 562.42829	 340.73521	  49.42320	        P1	
 563.68934	 393.88409	 564.24816	        P1	
 563.68934	 520.56769	 607.49346	        P1	
 563.68934	 551.14649	  45.30458	        P1	
 562.42829	 563.52361	  75.67927	        P1	
 562.42829	 583.90949	 145.69545	        P1	
 562.42829	 589.73401	 372.21847	        P1	
 563.68934	 594.83049	 187.39627	        P1	
 563.68934	 607.93569	 195.11865	        P1	
 564.95039	 179.10440	 438.63089	        P1	
 566.21144	 208.95512	 485.99481	        P1	
 566.21144	 452.12941	 185.33700	        P1	
 564.95039	 499.45373	 518.42878	        P1	
 566.21144	 516.19929	 409.80067	        P1	
 568.73354	  74.99088	 151.87335	        P1	
 568.73354	 118.67488	 293.96505	        P1	
 568.73354	 306.51609	 188.94075	        P1	
 568.73354	 350.20009	 602.86004	        P1	
 567.47249	 361.12109	 261.53107	        P1	
 568.73354	 468.14689	 335.66587	        P1	
 567.47249	 588.27789	  40.67115	        P1	
 569.99459	  23.29812	 110.68739	        P1	
 569.99459	 109.21000	 228.58229	        P1	
 569.99459	 129.59588	  53.02695	        P1	
 571.25564	 230.79712	 444.29398	        P1	
 569.99459	 237.34972	 183.27772	        P1	
 569.99459	 267.92852	 382.51499	        P1	
 569.99459	 454.31361	 131.28037	        P1	
 571.25564	 475.42753	 536.96248	        P1	
 569.99459	 532.94481	 556.01099	        P1	
 572.51669	  18.92972	 146.21032	        P1	
 573.77774	  83.72768	 547.25894	        P1	
 572.51669	 103.38548	 411.34514	        P1	
 572.51669	 208.22709	 331.03245	        P1	
 573.77774	 302.14769	 144.15098	        P1	
 573.77774	 322.53353	 430.39371	        P1	
 573.77774	 344.37553	 524.60668	        P1	
 575.03879	  14.56132	 104.50949	        P1	
 575.03879	 171.82372	 462.82768	        P1	
 576.29984	 187.11312	 178.64429	        P1	
 576.29984	 187.11312	 436.57161	        P1	
 575.03879	 262.10401	  43.24530	        P1	
 576.29984	 495.81341	 427.81956	        P1	
 575.03879	 591.19013	 456.64978	        P1	
 577.56089	 132.50812	 504.52851	        P1	
 577.56089	 155.80628	   8.23718	        P1	
 578.82194	 208.95512	 283.66859	        P1	
 577.56089	 248.99881	 378.39637	        P1	
 577.56089	 289.77053	 376.33709	        P1	
 578.82194	 538.04129	 434.51227	        P1	
 577.56089	 614.48830	 582.78186	        P1	
 580.08299	  33.49108	 125.61728	        P1	
 580.08299	 133.96428	 595.13766	        P1	
 581.34404	 203.13060	 278.00549	        P1	
 581.34404	 255.55141	  12.35580	        P1	
 580.08299	 530.03253	 448.92741	        P1	
 582.60509	 144.15720	 407.74139	        P1	
 583.86614	 206.04289	 564.24816	        P1	
 583.86614	 211.86740	 440.17536	        P1	
 583.86614	 268.65661	 569.91126	        P1	
 583.86614	 326.90193	 258.95699	        P1	
 582.60509	 371.31401	 137.45827	        P1	
 583.86614	 374.95433	 152.38822	        P1	
 582.60509	 401.89281	 500.40989	        P1	
 583.86614	 506.00633	  96.78712	        P1	
 583.86614	 529.30449	 133.33965	        P1	
 585.12719	  33.49108	  34.49325	        P1	
 585.12719	 158.71852	 584.84121	        P1	
 585.12719	 361.12109	 391.26697	        P1	
 586.38824	 466.69073	  28.83022	        P1	
 586.38824	 548.23421	 105.02430	        P1	
 588.91034	 157.99048	 181.21837	        P1	
 588.91034	 194.39380	 143.63617	        P1	
 587.64929	 297.05121	 576.08916	        P1	
 588.91034	 335.63873	 333.09179	        P1	
 587.64929	 404.80509	 496.29127	        P1	
 588.91034	 423.00673	  98.33159	        P1	
 587.64929	 422.27869	 133.33965	        P1	
 588.91034	 476.88369	 516.36944	        P1	
 587.64929	 521.29573	 345.44759	        P1	
 588.91034	 552.60261	 345.96239	        P1	
 588.91034	 574.44461	 129.73590	        P1	
 588.91034	 574.44461	 483.42066	        P1	
 591.43244	   0.72808	 378.91117	        P1	
 591.43244	 157.99048	 527.18077	        P1	
 590.17139	 218.42000	 137.45827	        P1	
 591.43244	 230.79712	 220.34512	        P1	
 590.17139	 348.01589	 287.78715	        P1	
 590.17139	 416.45413	 300.65781	        P1	
 591.43244	 444.84873	 578.66331	        P1	
 590.17139	 461.59429	 312.49875	        P1	
 590.17139	 575.17269	 502.46917	        P1	
 591.43244	 615.21633	  85.97579	        P1	
 593.95454	  56.06112	 430.39371	        P1	
 592.69349	  80.08732	 450.47188	        P1	
 592.69349	 122.31520	 155.99197	        P1	
 593.95454	 134.69232	 350.08101	        P1	
 592.69349	 135.42040	  81.85717	        P1	
 593.95454	 156.53432	 436.57161	        P1	
 593.95454	 342.91941	 240.93809	        P1	
 592.69349	 451.40133	 419.58238	        P1	
 596.47664	 240.99009	 213.65235	        P1	
 596.47664	 278.84952	 424.21581	        P1	
 596.47664	 354.56849	 205.92997	        P1	
 596.47664	 444.84873	 393.32631	        P1	
 596.47664	 524.93609	 578.14844	        P1	
 596.47664	 567.16393	 469.00558	        P1	
 598.99874	  45.86820	 111.20220	        P1	
 597.73769	 109.21000	 376.85189	        P1	
 598.99874	 192.93769	 164.22915	        P1	
 597.73769	 198.03412	 536.96248	        P1	
 597.73769	 365.48949	 446.86807	        P1	
 598.99874	 484.16433	 351.62549	        P1	
 600.25979	  21.84200	 370.67399	        P1	
 601.52084	  64.79792	 418.03791	        P1	
 600.25979	 136.87652	 598.74148	        P1	
 600.25979	 180.56052	 258.95699	        P1	
 600.25979	 365.48949	  20.59298	        P1	
 601.52084	 363.30529	 164.22915	        P1	
 601.52084	 367.67369	 360.37747	        P1	
 600.25979	 381.50693	  84.43132	        P1	
 600.25979	 473.24333	 523.06221	        P1	
 602.78189	 115.03452	  79.79789	        P1	
 602.78189	 292.68281	 557.55546	        P1	
 602.78189	 340.73521	 600.80076	        P1	
 604.04294	 395.34021	  44.78977	        P1	
 602.78189	 518.38349	 329.48797	        P1	
 602.78189	 531.48869	 415.97857	        P1	
 604.04294	 572.98849	 496.29127	        P1	
 602.78189	 614.48830	 300.14295	        P1	
 605.30399	  20.38588	  53.02695	        P1	
 605.30399	 278.12149	 602.86004	        P1	
 605.30399	 294.13893	 234.24539	        P1	
 606.56504	 356.02461	 253.29389	        P1	
 606.56504	 399.70861	 186.88147	        P1	
 606.56504	 485.62049	 596.68214	        P1	
 609.08714	   6.55260	 316.61737	        P1	
 607.82609	  59.70148	 545.71447	        P1	
 609.08714	  92.46448	 615.21584	        P1	
 609.08714	 137.60460	 199.23727	        P1	
 609.08714	 147.79752	 368.61471	        P1	
 607.82609	 148.52560	   6.17790	        P1	
 607.82609	 250.45492	  36.55259	        P1	
 609.08714	 265.74432	 258.95699	        P1	
 607.82609	 273.75309	 521.00287	        P1	
 609.08714	 350.20009	 269.25345	        P1	
 609.08714	 399.70861	 543.65519	        P1	
 609.08714	 405.53313	  90.60922	        P1	
 607.82609	 540.22549	 348.02167	        P1	
 609.08714	 548.23421	 296.53919	        P1	
 611.60924	  96.83288	 193.57417	        P1	
 610.34819	 211.13932	  96.78712	        P1	
 611.60924	 294.86701	 358.31819	        P1	
 610.34819	 393.15601	 197.69279	        P1	
 610.34819	 484.89241	  18.53370	        P1	
 611.60924	 535.12901	 594.62286	        P1	
 612.87029	   2.91228	 219.83025	        P1	
 614.13134	   5.09648	 164.22915	        P1	
 614.13134	  21.11392	 592.56358	        P1	
 614.13134	 208.95512	 289.84649	        P1	
 614.13134	 259.91981	 413.91929	        P1	
 614.13134	 366.21753	 102.96502	        P1	
 612.87029	 551.87453	 523.06221	        P1	
 615.39239	  27.66652	 394.87079	        P1	
 616.65344	 136.14848	  70.01618	        P1	
 616.65344	 168.18340	 545.19966	        P1	
 615.39239	 294.13893	 530.78458	        P1	
 616.65344	 313.79673	 343.90311	        P1	
 616.65344	 360.39301	  67.95690	        P1	
 615.39239	 384.41921	 322.79527	        P1	
 616.65344	 548.23421	 236.30467	        P1	
 616.65344	 565.70781	 569.91126	        P1	
 616.65344	 564.25169	 602.86004	        P1	
 616.65344	 577.35689	  53.02695	        P1	
 617.91449	 115.03452	 530.78458	        P1	
 617.91449	 214.05160	 160.62540	        P1	
 617.91449	 225.70069	  51.48248	        P1	
 619.17554	 281.76181	 617.78998	        P1	
 617.91449	 313.06869	 497.83574	        P1	
 619.17554	 332.72649	 415.97857	        P1	
 617.91449	 477.61173	 306.83571	        P1	
 619.17554	 491.44501	  81.85717	        P1	
 617.91449	 594.10241	 512.76569	        P1	
