2177.00000	   0.00000	   0.00000	   0.00000	
   0.00000	  45.14012	 306.83571	        P1	
   0.00000	 109.21000	 185.33700	        P1	
   0.00000	 165.99920	 378.39637	        P1	
   1.26105	 214.77969	 502.46917	        P1	
   0.00000	 246.08652	 345.44759	        P1	
   1.26105	 246.81461	 494.23199	        P1	
   0.00000	 368.40173	 282.12411	        P1	
   1.26105	 418.63833	 493.71718	        P1	
   0.00000	 460.13813	 388.69289	        P1	
   0.00000	 476.15561	 520.48806	        P1	
   1.26105	 546.77809	  15.95955	        P1	
   2.52210	  53.87692	 289.84649	        P1	
   3.78315	 305.05993	  30.37469	        P1	
   3.78315	 478.33981	 296.53919	        P1	
   3.78315	 498.72569	  88.54988	        P1	
   2.52210	 502.36601	 261.01627	        P1	
   3.78315	 513.28701	 234.76019	        P1	
   2.52210	 617.40053	 288.30201	        P1	
   2.52210	 617.40053	 319.19151	        P1	
   5.04420	  97.56092	 214.16722	        P1	
   6.30525	 262.83209	 479.30204	        P1	
   5.04420	 318.89321	  61.77900	        P1	
   6.30525	 325.44581	 606.97866	        P1	
   6.30525	 372.04209	 448.41254	        P1	
   5.04420	 474.69949	 354.19957	        P1	
   5.04420	 610.11989	  46.84905	        P1	
   7.56630	   1.45612	 405.68211	        P1	
   7.56630	 142.70108	 348.02167	        P1	
   7.56630	 330.54229	 477.75757	        P1	
   7.56630	 394.61213	 345.44759	        P1	
   7.56630	 428.10321	 488.05409	        P1	
   7.56630	 486.34853	 578.66331	        P1	
   8.82735	 567.16393	 411.86001	        P1	
   8.82735	 580.26913	 123.04319	        P1	
  10.08840	 288.31441	  92.66850	        P1	
  10.08840	 301.41961	 420.09719	        P1	
  11.34945	 334.18261	 438.63089	        P1	
  11.34945	 390.97181	 477.24276	        P1	
  10.08840	 391.69989	 584.32634	        P1	
  10.08840	 500.90989	 403.62277	        P1	
  13.87155	  32.76300	 475.69829	        P1	
  12.61050	 106.29772	 541.59591	        P1	
  13.87155	 160.90272	 604.91938	        P1	
  12.61050	 275.20921	  18.53370	        P1	
  12.61050	 278.12149	 440.69017	        P1	
  12.61050	 324.71773	 271.31279	        P1	
  13.87155	 373.49821	 230.12677	        P1	
  12.61050	 384.41921	 458.70906	        P1	
  13.87155	 545.32193	   5.66310	        P1	
  16.39365	  48.78048	  82.37198	        P1	
  16.39365	 111.39420	 197.69279	        P1	
  15.13260	 122.31520	  88.03507	        P1	
  15.13260	 133.96428	 613.67136	        P1	
  15.13260	 393.15601	 267.19417	        P1	
  15.13260	 428.10321	 444.80879	        P1	
  16.39365	 536.58513	 524.60668	        P1	
  16.39365	 589.00593	 481.36138	        P1	
  18.91575	  77.90312	 553.95171	        P1	
  18.91575	 433.19969	   9.78165	        P1	
  18.91575	 439.02421	  18.53370	        P1	
  17.65470	 516.92733	 493.71718	        P1	
  21.43785	  38.58752	 555.49618	        P1	
  20.17680	  64.06988	 477.75757	        P1	
  21.43785	 117.21872	 178.64429	        P1	
  21.43785	 176.92020	  80.31270	        P1	
  20.17680	 253.36721	 347.50687	        P1	
  21.43785	 306.51609	 392.81144	        P1	
  20.17680	 401.89281	  57.14557	        P1	
  21.43785	 456.49781	 125.10247	        P1	
  21.43785	 506.00633	 566.30751	        P1	
  21.43785	 513.28701	 105.02430	        P1	
  20.17680	 515.47121	 464.88696	        P1	
  22.69890	   2.91228	 281.60925	        P1	
  22.69890	 139.78880	 112.74667	        P1	
  23.95995	 169.63952	  42.73049	        P1	
  23.95995	 265.74432	 271.31279	        P1	
  23.95995	 340.00713	 492.17271	        P1	
  22.69890	 608.66373	 214.16722	        P1	
  25.22100	 104.84160	 508.13226	        P1	
  26.48205	 117.21872	 580.20778	        P1	
  25.22100	 187.84120	 475.69829	        P1	
  25.22100	 263.56012	 121.49872	        P1	
  25.22100	 262.10401	 366.04057	        P1	
  25.22100	 307.24413	  16.47442	        P1	
  26.48205	 475.42753	 401.04869	        P1	
  25.22100	 560.61133	 553.95171	        P1	
  26.48205	 570.07621	 143.63617	        P1	
  27.74310	  16.01748	 409.80067	        P1	
  27.74310	  29.12268	 107.08358	        P1	
  29.00415	  34.21912	 617.27518	        P1	
  29.00415	 169.63952	 597.19701	        P1	
  29.00415	 166.72728	 602.86004	        P1	
  29.00415	 198.76220	  26.25607	        P1	
  29.00415	 240.99009	 337.21035	        P1	
  29.00415	 268.65661	 562.18889	        P1	
  27.74310	 414.99801	 600.80076	        P1	
  29.00415	 465.23461	  69.50137	        P1	
  29.00415	 481.25209	 522.54734	        P1	
  29.00415	 497.26953	 351.62549	        P1	
  29.00415	 571.53233	 343.90311	        P1	
  30.26520	 273.75309	 107.08358	        P1	
  30.26520	 285.40213	 609.55280	        P1	
  31.52625	 353.11233	 203.35589	        P1	
  30.26520	 407.71733	  78.25342	        P1	
  31.52625	 453.58553	 456.64978	        P1	
  30.26520	 556.24293	 399.50421	        P1	
  32.78730	  68.43828	  40.67115	        P1	
  34.04835	 121.58712	 345.44759	        P1	
  32.78730	 208.22709	  70.01618	        P1	
  32.78730	 260.64789	 551.89236	        P1	
  32.78730	 294.13893	 456.64978	        P1	
  32.78730	 307.24413	 561.67408	        P1	
  32.78730	 479.06789	 571.97054	        P1	
  32.78730	 567.89201	 501.95436	        P1	
  35.30940	  58.24532	  78.25342	        P1	
  35.30940	 116.49068	  83.91645	        P1	
  35.30940	 196.57800	 569.91126	        P1	
  35.30940	 348.01589	 324.85455	        P1	
  35.30940	 352.38429	 298.59847	        P1	
  36.57045	 354.56849	 415.97857	        P1	
  35.30940	 476.15561	 526.66596	        P1	
  35.30940	 595.55853	 215.71169	        P1	
  36.57045	 610.84793	 498.35061	        P1	
  37.83150	  39.31560	 203.87069	        P1	
  37.83150	 112.12228	  39.12668	        P1	
  39.09255	 120.13100	 537.47729	        P1	
  37.83150	 301.41961	   7.72237	        P1	
  39.09255	 459.41009	 324.85455	        P1	
  37.83150	 496.54149	 386.63354	        P1	
  37.83150	 509.64669	 162.68468	        P1	
  40.35360	  10.19292	 234.24539	        P1	
  40.35360	  87.36800	 261.01627	        P1	
  40.35360	 190.75349	 195.11865	        P1	
  41.61465	 210.41129	 255.35317	        P1	
  41.61465	 236.62169	  40.67115	        P1	
  41.61465	 275.93729	 113.26148	        P1	
  40.35360	 304.33189	 181.21837	        P1	
  41.61465	 347.28781	  32.43397	        P1	
  40.35360	 404.80509	 398.98934	        P1	
  40.35360	 419.36641	 230.12677	        P1	
  40.35360	 431.01549	  57.66038	        P1	
  41.61465	 507.46249	 584.32634	        P1	
  41.61465	 524.93609	 361.92194	        P1	
  42.87570	  49.50852	 597.19701	        P1	
  44.13675	  58.97340	 588.44496	        P1	
  42.87570	  69.89440	 413.91929	        P1	
  42.87570	 123.77132	 363.98129	        P1	
  42.87570	 135.42040	 240.93809	        P1	
  44.13675	 443.39261	 403.10796	        P1	
  44.13675	 511.83089	 533.35867	        P1	
  45.39780	   7.28068	 380.45564	        P1	
  46.65885	  31.30688	 304.77637	        P1	
  45.39780	 144.15720	  94.21297	        P1	
  46.65885	 227.88489	 329.48797	        P1	
  45.39780	 262.10401	 574.54468	        P1	
  46.65885	 267.20049	  15.95955	        P1	
  46.65885	 478.33981	 168.34777	        P1	
  45.39780	 519.83961	 278.00549	        P1	
  46.65885	 545.32193	  85.97579	        P1	
  46.65885	 615.21633	 456.64978	        P1	
  47.91990	 128.13972	  28.83022	        P1	
  47.91990	 225.70069	 595.13766	        P1	
  49.18095	 259.91981	 321.25079	        P1	
  49.18095	 264.28821	 438.63089	        P1	
  47.91990	 294.13893	 362.43681	        P1	
  49.18095	 441.93649	 378.91117	        P1	
  47.91990	 613.03213	 265.13489	        P1	
  50.44200	  94.64868	 256.89765	        P1	
  50.44200	 103.38548	  96.27225	        P1	
  50.44200	 144.15720	 327.42869	        P1	
  51.70305	 156.53432	 535.41801	        P1	
  50.44200	 203.85869	 306.32085	        P1	
  51.70305	 208.95512	 164.74402	        P1	
  50.44200	 460.13813	  28.83022	        P1	
  50.44200	 479.06789	 224.46367	        P1	
  54.22515	  42.95592	 516.88431	        P1	
  54.22515	  60.42952	 411.86001	        P1	
  54.22515	  83.72768	  20.59298	        P1	
  54.22515	  85.18380	 471.06486	        P1	
  52.96410	 110.66612	  42.73049	        P1	
  54.22515	 181.28860	 433.99746	        P1	
  54.22515	 258.46369	 226.00815	        P1	
  54.22515	 341.46329	 263.07555	        P1	
  54.22515	 406.98929	 181.21837	        P1	
  52.96410	 417.91029	  94.72778	        P1	
  52.96410	 441.20841	 383.02979	        P1	
  52.96410	 582.45333	 382.51499	        P1	
  52.96410	 601.38309	 343.38825	        P1	
  55.48620	  58.24532	 257.41251	        P1	
  56.74725	 123.04328	 193.57417	        P1	
  55.48620	 187.84120	 420.09719	        P1	
  55.48620	 304.33189	  94.72778	        P1	
  55.48620	 365.48949	 504.01364	        P1	
  56.74725	 446.30489	 442.23464	        P1	
  56.74725	 488.53273	 251.23461	        P1	
  56.74725	 506.00633	 604.91938	        P1	
  56.74725	 517.65541	 230.12677	        P1	
  56.74725	 589.00593	 201.81142	        P1	
  59.26935	  51.69272	 393.32631	        P1	
  58.00830	  56.78920	 557.55546	        P1	
  59.26935	 136.14848	  90.09435	        P1	
  58.00830	 266.47241	 457.16459	        P1	
  58.00830	 356.75269	 355.74404	        P1	
  59.26935	 538.04129	  88.54988	        P1	
  60.53040	  29.12268	 335.66587	        P1	
  60.53040	  61.15760	 389.20769	        P1	
  61.79145	 179.83249	 249.17527	        P1	
  61.79145	 230.79712	 393.32631	        P1	
  60.53040	 246.08652	  35.00812	        P1	
  60.53040	 445.57681	 366.04057	        P1	
  60.53040	 500.90989	 471.57967	        P1	
  60.53040	 521.29573	 547.77381	        P1	
  60.53040	 563.52361	 296.53919	        P1	
  64.31355	  63.34180	  55.60110	        P1	
  63.05250	  88.82412	  61.26419	        P1	
  63.05250	 218.42000	 489.59856	        P1	
  63.05250	 286.85829	  53.02695	        P1	
  64.31355	 356.02461	 537.47729	        P1	
  64.31355	 366.21753	  59.71972	        P1	
  63.05250	 483.43629	 114.80595	        P1	
  64.31355	 504.55021	 407.74139	        P1	
  63.05250	 515.47121	  57.14557	        P1	
  63.05250	 516.92733	 350.08101	        P1	
  64.31355	 590.46209	 164.22915	        P1	
  65.57460	  66.98212	 152.38822	        P1	
  66.83565	 115.76260	 328.97317	        P1	
  66.83565	 182.74472	   5.66310	        P1	
  65.57460	 246.08652	 152.38822	        P1	
  66.83565	 294.86701	 179.15910	        P1	
  65.57460	 444.12069	 547.25894	        P1	
  65.57460	 461.59429	 508.64707	        P1	
  65.57460	 500.90989	   3.60375	        P1	
  66.83565	 540.95353	 313.01361	        P1	
  69.35775	  61.88568	 508.64707	        P1	
  68.09670	 171.82372	 363.98129	        P1	
  68.09670	 257.73561	  20.07817	        P1	
  69.35775	 284.67409	  20.59298	        P1	
  68.09670	 398.98053	  24.19679	        P1	
  68.09670	 560.61133	 245.05671	        P1	
  70.61880	  56.78920	  37.06740	        P1	
  71.87985	 377.86661	 475.69829	        P1	
  70.61880	 460.13813	 493.71718	        P1	
  70.61880	 547.50613	 529.24011	        P1	
  70.61880	 582.45333	 467.46111	        P1	
  73.14090	   1.45612	  78.25342	        P1	
  74.40195	  42.95592	   4.11862	        P1	
  73.14090	 107.75388	 218.28577	        P1	
  74.40195	 217.69192	 195.63352	        P1	
  73.14090	 435.38389	 366.55537	        P1	
  74.40195	 583.18141	 475.69829	        P1	
  75.66300	 115.03452	 195.63352	        P1	
  75.66300	 116.49068	 224.46367	        P1	
  75.66300	 142.70108	 137.97308	        P1	
  75.66300	 144.15720	 556.01099	        P1	
  76.92405	 160.90272	 479.81691	        P1	
  76.92405	 194.39380	  80.31270	        P1	
  76.92405	 203.13060	 452.53116	        P1	
  76.92405	 596.28661	 506.58779	        P1	
  76.92405	 618.12861	 383.02979	        P1	
  79.44615	  21.11392	 444.29398	        P1	
  79.44615	  53.14888	 570.42606	        P1	
  79.44615	  57.51728	 230.64157	        P1	
  78.18510	 205.31480	 112.74667	        P1	
  78.18510	 211.13932	 586.38568	        P1	
  78.18510	 361.12109	  53.02695	        P1	
  78.18510	 404.80509	 230.64157	        P1	
  79.44615	 404.07701	 452.53116	        P1	
  78.18510	 493.62921	 327.42869	        P1	
  80.70720	  21.84200	  63.32347	        P1	
  80.70720	 128.13972	 376.33709	        P1	
  81.96825	 226.42872	 481.36138	        P1	
  80.70720	 230.06909	   8.23718	        P1	
  80.70720	 292.68281	 401.56349	        P1	
  80.70720	 294.13893	 499.89508	        P1	
  81.96825	 318.16513	 469.00558	        P1	
  81.96825	 411.35769	 422.15647	        P1	
  80.70720	 589.73401	 569.91126	        P1	
  81.96825	 603.56729	  51.48248	        P1	
  84.49035	  85.18380	 372.21847	        P1	
  84.49035	 277.39341	 403.10796	        P1	
  83.22930	 364.03333	 263.59041	        P1	
  83.22930	 410.62961	 242.48257	        P1	
  83.22930	 464.50653	 401.04869	        P1	
  84.49035	 491.44501	 193.05937	        P1	
  83.22930	 579.54109	 145.69545	        P1	
  83.22930	 588.27789	 453.04597	        P1	
  83.22930	 591.19013	 574.02988	        P1	
  85.75140	 168.91149	 619.84926	        P1	
  85.75140	 463.05041	 242.48257	        P1	
  85.75140	 518.38349	 312.49875	        P1	
  89.53455	   5.09648	 199.75207	        P1	
  89.53455	  69.16632	 140.03242	        P1	
  88.27350	 163.08692	 425.76028	        P1	
  89.53455	 182.74472	 153.93269	        P1	
  88.27350	 320.34933	 246.60119	        P1	
  89.53455	 396.79633	 339.26969	        P1	
  92.05665	  91.00832	 123.04319	        P1	
  92.05665	 114.30648	 125.61728	        P1	
  92.05665	 174.00792	  42.73049	        P1	
  92.05665	 271.56889	 465.40177	        P1	
  92.05665	 430.28741	 335.15107	        P1	
  92.05665	 495.81341	 457.16459	        P1	
  92.05665	 556.97101	 339.78449	        P1	
  94.57875	  18.20168	 558.07026	        P1	
  94.57875	  42.95592	 245.05671	        P1	
  94.57875	 271.56889	 521.00287	        P1	
  94.57875	 395.34021	 168.34777	        P1	
  94.57875	 443.39261	 278.00549	        P1	
  93.31770	 534.40093	 438.11608	        P1	
  94.57875	 551.14649	 366.55537	        P1	
  93.31770	 563.52361	 191.51489	        P1	
  97.10085	   2.18420	 501.95436	        P1	
  95.83980	  32.03492	 382.51499	        P1	
  95.83980	 125.22748	 250.71975	        P1	
  95.83980	 305.78801	  55.60110	        P1	
  95.83980	 394.61213	 269.76831	        P1	
  95.83980	 428.10321	 582.26706	        P1	
  95.83980	 470.33109	 522.54734	        P1	
  97.10085	 482.70821	 203.87069	        P1	
  95.83980	 505.27829	   8.23718	        P1	
  97.10085	 510.37473	 251.23461	        P1	
  98.36190	  11.64908	 607.49346	        P1	
  99.62295	  29.85072	  73.61999	        P1	
  98.36190	  34.94720	 242.48257	        P1	
  98.36190	  66.98212	 265.13489	        P1	
  98.36190	  91.73640	 316.61737	        P1	
  98.36190	 193.66572	 350.08101	        P1	
  98.36190	 438.29613	 257.41251	        P1	
  99.62295	 472.51529	 269.25345	        P1	
 102.14505	  41.49980	 230.12677	        P1	
 102.14505	 268.65661	  63.32347	        P1	
 100.88400	 291.22669	 341.84377	        P1	
 102.14505	 372.04209	 409.80067	        P1	
 102.14505	 489.98889	 485.47994	        P1	
 100.88400	 500.90989	 156.50678	        P1	
 100.88400	 599.92693	 300.65781	        P1	
 102.14505	 609.39181	 383.02979	        P1	
 104.66715	  66.25408	  96.27225	        P1	
 104.66715	 273.02501	 539.02176	        P1	
 104.66715	 347.28781	 304.26157	        P1	
 104.66715	 428.83129	 440.69017	        P1	
 103.40610	 484.89241	 149.81407	        P1	
 104.66715	 527.84833	 370.15919	        P1	
 104.66715	 615.21633	   4.11862	        P1	
 107.18925	 203.13060	 396.93006	        P1	
 105.92820	 288.31441	 500.40989	        P1	
 107.18925	 385.14729	 218.28577	        P1	
 105.92820	 468.87493	 516.88431	        P1	
 108.45030	  11.64908	 496.29127	        P1	
 109.71135	  16.74552	 399.50421	        P1	
 109.71135	  25.48232	  59.71972	        P1	
 109.71135	  70.62248	 361.92194	        P1	
 108.45030	 104.84160	  55.60110	        P1	
 108.45030	 149.98172	 109.14292	        P1	
 109.71135	 153.62208	 232.18605	        P1	
 108.45030	 164.54309	 564.24816	        P1	
 109.71135	 168.18340	 100.39087	        P1	
 109.71135	 252.63912	 314.55809	        P1	
 109.71135	 262.83209	 372.73327	        P1	
 109.71135	 309.42833	 345.44759	        P1	
 108.45030	 326.17389	 601.31556	        P1	
 108.45030	 547.50613	 591.01911	        P1	
 110.97240	  71.35052	 555.49618	        P1	
 112.23345	 354.56849	 298.59847	        P1	
 112.23345	 440.48033	 214.16722	        P1	
 110.97240	 447.03293	  72.07552	        P1	
 110.97240	 447.03293	 473.63901	        P1	
 110.97240	 476.15561	 155.99197	        P1	
 114.75555	  50.23660	 401.56349	        P1	
 114.75555	 117.21872	 461.28321	        P1	
 113.49450	 145.61332	 399.50421	        P1	
 114.75555	 399.70861	  67.95690	        P1	
 114.75555	 489.98889	 619.84926	        P1	
 114.75555	 546.77809	 502.46917	        P1	
 114.75555	 558.42713	 294.47991	        P1	
 114.75555	 564.25169	  65.38275	        P1	
 117.27765	   0.72808	 588.95976	        P1	
 116.01660	  65.52600	 117.38010	        P1	
 117.27765	 115.76260	 426.27509	        P1	
 117.27765	 219.14809	 497.83574	        P1	
 117.27765	 294.86701	 335.15107	        P1	
 117.27765	 325.44581	 203.87069	        P1	
 116.01660	 377.13853	  36.55259	        P1	
 116.01660	 479.06789	 193.57417	        P1	
 116.01660	 543.13773	  85.97579	        P1	
 118.53870	  13.10520	  86.49060	        P1	
 119.79975	  40.04368	  46.84905	        P1	
 119.79975	  44.41208	   3.60375	        P1	
 119.79975	  54.60500	 322.79527	        P1	
 118.53870	 117.94680	  37.06740	        P1	
 118.53870	 117.94680	 304.26157	        P1	
 118.53870	 214.05160	 347.50687	        P1	
 118.53870	 222.78840	 298.08367	        P1	
 119.79975	 236.62169	  94.72778	        P1	
 119.79975	 270.11272	  42.73049	        P1	
 119.79975	 271.56889	 588.95976	        P1	
 118.53870	 384.41921	 155.99197	        P1	
 119.79975	 485.62049	 440.69017	        P1	
 121.06080	 122.31520	 545.19966	        P1	
 122.32185	 137.60460	 415.46376	        P1	
 121.06080	 174.73600	 210.04859	        P1	
 122.32185	 337.09489	 261.53107	        P1	
 122.32185	 530.76061	 105.02430	        P1	
 122.32185	 539.49741	 420.09719	        P1	
 124.84395	  32.76300	 438.63089	        P1	
 124.84395	 321.07741	 223.94887	        P1	
 123.58290	 515.47121	 457.16459	        P1	
 127.36605	 217.69192	 343.90311	        P1	
 126.10500	 359.66493	 197.17799	        P1	
 126.10500	 397.52441	 211.59307	        P1	
 126.10500	 422.27869	 120.98385	        P1	
 127.36605	 462.32233	 191.00009	        P1	
 126.10500	 476.15561	 273.37207	        P1	
 126.10500	 479.06789	 534.90314	        P1	
 127.36605	 556.97101	 333.60659	        P1	
 126.10500	 611.57601	  88.03507	        P1	
 128.62710	  14.56132	  98.33159	        P1	
 128.62710	  75.71892	 351.62549	        P1	
 129.88815	  88.09608	 156.50678	        P1	
 128.62710	 164.54309	 415.97857	        P1	
 128.62710	 282.48989	 139.51755	        P1	
 128.62710	 288.31441	 390.75216	        P1	
 129.88815	 312.34061	 372.21847	        P1	
 128.62710	 404.80509	 534.90314	        P1	
 128.62710	 461.59429	 263.07555	        P1	
 129.88815	 489.98889	 422.15647	        P1	
 129.88815	 536.58513	 265.13489	        P1	
 128.62710	 570.80429	 175.04047	        P1	
 131.14920	 107.75388	  28.31535	        P1	
 132.41025	 140.51688	 417.52304	        P1	
 131.14920	 180.56052	 263.59041	        P1	
 131.14920	 234.43749	 405.16724	        P1	
 131.14920	 243.17429	  26.77088	        P1	
 132.41025	 322.53353	 121.49872	        P1	
 131.14920	 334.91069	 343.38825	        P1	
 132.41025	 460.86621	  20.07817	        P1	
 131.14920	 540.22549	 398.98934	        P1	
 132.41025	 548.23421	 210.04859	        P1	
 131.14920	 576.62881	  49.42320	        P1	
 131.14920	 589.73401	 477.24276	        P1	
 133.67130	  80.08732	 388.69289	        P1	
 134.93235	 104.11352	 418.03791	        P1	
 134.93235	 114.30648	  15.95955	        P1	
 134.93235	 296.32313	  30.37469	        P1	
 134.93235	 370.58593	 296.02439	        P1	
 133.67130	 409.17349	 218.28577	        P1	
 134.93235	 411.35769	 479.30204	        P1	
 133.67130	 435.38389	  14.41508	        P1	
 134.93235	 478.33981	 593.07838	        P1	
 136.19340	   5.82452	 411.86001	        P1	
 137.45445	  47.32432	 615.73070	        P1	
 137.45445	 117.21872	 201.81142	        P1	
 137.45445	 136.14848	 205.92997	        P1	
 137.45445	 206.04289	 374.27774	        P1	
 137.45445	 271.56889	 331.03245	        P1	
 137.45445	 278.84952	  53.54182	        P1	
 137.45445	 358.93689	 436.05674	        P1	
 136.19340	 414.99801	 347.50687	        P1	
 137.45445	 424.46289	 164.22915	        P1	
 137.45445	 471.05913	 586.38568	        P1	
 137.45445	 587.54981	 481.87619	        P1	
 137.45445	 600.65501	 321.25079	        P1	
 138.71550	  39.31560	 469.52039	        P1	
 138.71550	 128.13972	 246.60119	        P1	
 138.71550	 480.52401	 494.23199	        P1	
 138.71550	 530.03253	 547.77381	        P1	
 139.97655	 583.18141	 137.45827	        P1	
 138.71550	 607.20761	 253.29389	        P1	
 141.23760	  29.12268	 366.55537	        P1	
 141.23760	  49.50852	 413.40448	        P1	
 141.23760	  53.87692	 265.13489	        P1	
 142.49865	 112.85032	 405.68211	        P1	
 141.23760	 120.85908	 417.52304	        P1	
 141.23760	 135.42040	 117.38010	        P1	
 142.49865	 296.32313	 380.97051	        P1	
 141.23760	 391.69989	 397.44487	        P1	
 142.49865	 434.65581	 563.73336	        P1	
 141.23760	 449.94521	 117.38010	        P1	
 142.49865	 542.40969	 570.42606	        P1	
 142.49865	 574.44461	 495.77646	        P1	
 143.75970	  71.35052	 615.73070	        P1	
 143.75970	  82.99960	 129.73590	        P1	
 145.02075	 127.41168	 502.46917	        P1	
 145.02075	 133.23620	   0.00000	        P1	
 143.75970	 152.89400	 520.48806	        P1	
 145.02075	 172.55180	 421.64166	        P1	
 143.75970	 270.84081	 580.72258	        P1	
 143.75970	 349.47201	 469.52039	        P1	
 143.75970	 390.24373	 467.46111	        P1	
 143.75970	 514.01509	 188.94075	        P1	
 143.75970	 544.59389	 218.28577	        P1	
 146.28180	  82.99960	 285.72787	        P1	
 146.28180	 133.96428	 460.76834	        P1	
 147.54285	 156.53432	  79.79789	        P1	
 147.54285	 252.63912	 129.22109	        P1	
 147.54285	 281.76181	 471.06486	        P1	
 147.54285	 305.05993	 498.35061	        P1	
 147.54285	 326.90193	 475.18348	        P1	
 146.28180	 330.54229	 442.23464	        P1	
 147.54285	 441.93649	 292.42057	        P1	
 147.54285	 587.54981	 395.38559	        P1	
 150.06495	   2.18420	  94.21297	        P1	
 150.06495	  63.34180	 440.17536	        P1	
 148.80390	  75.71892	 388.69289	        P1	
 148.80390	  93.19252	 431.93818	        P1	
 148.80390	 135.42040	 457.16459	        P1	
 148.80390	 225.70069	 226.00815	        P1	
 148.80390	 365.48949	 304.77637	        P1	
 148.80390	 387.33149	 343.38825	        P1	
 148.80390	 404.80509	 267.70897	        P1	
 150.06495	 500.18181	 383.02979	        P1	
 151.32600	 113.57840	  24.71160	        P1	
 151.32600	 171.82372	  53.54182	        P1	
 151.32600	 349.47201	 248.66047	        P1	
 152.58705	 508.91861	 440.17536	        P1	
 152.58705	 552.60261	 588.44496	        P1	
 153.84810	  29.12268	   2.05928	        P1	
 153.84810	 122.31520	 197.69279	        P1	
 153.84810	 234.43749	 366.55537	        P1	
 153.84810	 273.75309	 551.89236	        P1	
 155.10915	 382.23501	  24.71160	        P1	
 153.84810	 403.34893	 146.21032	        P1	
 155.10915	 405.53313	 277.49069	        P1	
 155.10915	 427.37513	 475.18348	        P1	
 153.84810	 484.89241	 210.04859	        P1	
 155.10915	 523.47993	 197.17799	        P1	
 156.37020	 157.26240	 259.47179	        P1	
 157.63125	 176.92020	 211.59307	        P1	
 157.63125	 376.41049	 287.78715	        P1	
 157.63125	 383.69113	 450.47188	        P1	
 157.63125	 408.44541	 339.78449	        P1	
 157.63125	 436.11193	 510.70641	        P1	
 156.37020	 444.12069	 213.65235	        P1	
 157.63125	 507.46249	 238.36395	        P1	
 158.89230	  23.29812	 498.35061	        P1	
 160.15335	  34.21912	 277.49069	        P1	
 160.15335	 109.93808	  26.77088	        P1	
 160.15335	 318.16513	 536.96248	        P1	
 158.89230	 368.40173	 207.98932	        P1	
 160.15335	 370.58593	 214.16722	        P1	
 158.89230	 422.27869	 193.57417	        P1	
 160.15335	 440.48033	 127.67662	        P1	
 158.89230	 500.90989	 545.71447	        P1	
 162.67545	  88.09608	 267.70897	        P1	
 161.41440	 163.08692	  96.78712	        P1	
 162.67545	 220.60420	  38.61187	        P1	
 161.41440	 266.47241	 106.56877	        P1	
 162.67545	 417.18221	 302.71709	        P1	
 161.41440	 449.94521	 118.92457	        P1	
 161.41440	 458.68201	 389.20769	        P1	
 162.67545	 472.51529	 175.04047	        P1	
 162.67545	 519.11153	 499.89508	        P1	
 161.41440	 607.20761	 593.07838	        P1	
 163.93650	 125.22748	 527.18077	        P1	
 165.19755	 267.20049	 107.08358	        P1	
 165.19755	 275.93729	  82.37198	        P1	
 163.93650	 442.66453	  98.33159	        P1	
 165.19755	 446.30489	 422.15647	        P1	
 165.19755	 479.79593	 524.60668	        P1	
 167.71965	 210.41129	 201.29655	        P1	
 167.71965	 293.41089	  71.56065	        P1	
 166.45860	 333.45453	 436.57161	        P1	
 166.45860	 366.94561	 242.48257	        P1	
 166.45860	 377.13853	 591.01911	        P1	
 167.71965	 476.88369	  53.02695	        P1	
 167.71965	 542.40969	 397.44487	        P1	
 168.98070	  62.61372	 473.63901	        P1	
 168.98070	  75.71892	 146.21032	        P1	
 170.24175	 127.41168	 212.10787	        P1	
 168.98070	 163.08692	 413.40448	        P1	
 170.24175	 181.28860	 557.55546	        P1	
 170.24175	 184.20089	 324.85455	        P1	
 170.24175	 289.04249	 465.40177	        P1	
 170.24175	 313.79673	 275.94621	        P1	
 168.98070	 311.61253	 473.63901	        P1	
 170.24175	 420.09449	 471.57967	        P1	
 170.24175	 491.44501	 199.23727	        P1	
 170.24175	 556.97101	 296.53919	        P1	
 171.50280	   2.91228	 510.19154	        P1	
 171.50280	  37.85948	 133.33965	        P1	
 172.76385	  41.49980	 242.48257	        P1	
 171.50280	 391.69989	  90.09435	        P1	
 171.50280	 413.54189	 440.69017	        P1	
 171.50280	 468.87493	 314.55809	        P1	
 171.50280	 479.06789	  39.12668	        P1	
 174.02490	  45.14012	 524.60668	        P1	
 174.02490	  82.99960	   1.54447	        P1	
 175.28595	  95.37672	 592.56358	        P1	
 175.28595	 255.55141	 123.55800	        P1	
 175.28595	 290.49861	 304.26157	        P1	
 174.02490	 323.26161	 390.75216	        P1	
 174.02490	 334.91069	 570.42606	        P1	
 175.28595	 420.09449	 559.61474	        P1	
 174.02490	 452.85749	 473.12414	        P1	
 174.02490	 540.22549	 312.49875	        P1	
 174.02490	 602.83921	 155.99197	        P1	
 177.80805	   8.00872	 597.19701	        P1	
 176.54700	  42.22788	 514.82497	        P1	
 177.80805	 200.21832	 609.55280	        P1	
 176.54700	 246.08652	 512.25088	        P1	
 177.80805	 267.20049	 502.46917	        P1	
 176.54700	 447.03293	  11.84100	        P1	
 179.06910	 126.68360	 495.77646	        P1	
 180.33015	 313.79673	 424.21581	        P1	
 179.06910	 378.59469	 230.64157	        P1	
 179.06910	 524.20801	 279.54997	        P1	
 179.06910	 557.69909	 275.43135	        P1	
 182.85225	   0.72808	 119.43938	        P1	
 182.85225	  72.07860	 298.08367	        P1	
 182.85225	 191.48152	 574.02988	        P1	
 181.59120	 272.29692	 541.59591	        P1	
 182.85225	 385.14729	 541.08104	        P1	
 182.85225	 418.63833	 201.81142	        P1	
 185.37435	  32.76300	 606.97866	        P1	
 184.11330	 276.66532	 547.77381	        P1	
 185.37435	 357.48073	 578.66331	        P1	
 184.11330	 556.24293	 207.98932	        P1	
 186.63540	  55.33308	  82.37198	        P1	
 187.89645	 303.60381	 321.25079	        P1	
 186.63540	 377.13853	 362.43681	        P1	
 187.89645	 449.21713	 282.12411	        P1	
 186.63540	 476.15561	 432.45299	        P1	
 186.63540	 528.57641	 162.16987	        P1	
 186.63540	 540.22549	 207.47445	        P1	
 186.63540	 582.45333	  42.73049	        P1	
 186.63540	 586.82173	 541.59591	        P1	
 186.63540	 611.57601	 135.91380	        P1	
 189.15750	   4.36840	 372.21847	        P1	
 189.15750	 164.54309	 374.27774	        P1	
 190.41855	 187.11312	 234.24539	        P1	
 190.41855	 232.25329	 292.42057	        P1	
 189.15750	 311.61253	 541.59591	        P1	
 190.41855	 379.32273	 615.73070	        P1	
 189.15750	 458.68201	 135.91380	        P1	
 190.41855	 472.51529	 521.00287	        P1	
 189.15750	 534.40093	 127.67662	        P1	
 190.41855	 559.88329	 280.06477	        P1	
 189.15750	 591.19013	 586.38568	        P1	
 192.94065	  85.18380	 415.46376	        P1	
 191.67960	  93.19252	 388.69289	        P1	
 192.94065	 176.92020	 378.39637	        P1	
 192.94065	 305.05993	 394.87079	        P1	
 192.94065	 590.46209	 527.18077	        P1	
 194.20170	 161.63080	 118.92457	        P1	
 194.20170	 182.01669	  51.48248	        P1	
 195.46275	 321.07741	 464.88696	        P1	
 194.20170	 463.05041	 514.31016	        P1	
 197.98485	  80.81540	 261.01627	        P1	
 196.72380	 211.13932	 561.67408	        P1	
 197.98485	 219.14809	  46.84905	        P1	
 196.72380	 301.41961	 617.78998	        P1	
 196.72380	 330.54229	 324.85455	        P1	
 196.72380	 525.66413	 164.74402	        P1	
 200.50695	 111.39420	 562.18889	        P1	
 200.50695	 159.44660	  63.32347	        P1	
 200.50695	 350.20009	  39.12668	        P1	
 200.50695	 358.93689	 236.81947	        P1	
 199.24590	 374.22629	 541.08104	        P1	
 200.50695	 395.34021	 316.61737	        P1	
 199.24590	 535.85709	 306.32085	        P1	
 200.50695	 580.26913	 110.68739	        P1	
 201.76800	  40.77172	  41.18602	        P1	
 203.02905	 211.86740	 457.16459	        P1	
 201.76800	 214.05160	 228.58229	        P1	
 201.76800	 288.31441	 593.07838	        P1	
 203.02905	 351.65621	   0.00000	        P1	
 203.02905	 395.34021	 347.50687	        P1	
 201.76800	 468.87493	 123.04319	        P1	
 203.02905	 609.39181	 372.21847	        P1	
 204.29010	  55.33308	 275.43135	        P1	
 204.29010	  74.26280	 477.24276	        P1	
 204.29010	 321.80549	 250.71975	        P1	
 204.29010	 329.08613	 129.22109	        P1	
 204.29010	 343.64749	 281.60925	        P1	
 205.55115	 446.30489	 440.69017	        P1	
 204.29010	 464.50653	 475.18348	        P1	
 204.29010	 502.36601	 203.87069	        P1	
 204.29010	 506.73441	 236.30467	        P1	
 208.07325	   8.00872	 436.57161	        P1	
 208.07325	  24.02620	 310.43947	        P1	
 206.81220	 109.21000	 593.07838	        P1	
 208.07325	 171.09569	 392.81144	        P1	
 206.81220	 205.31480	 205.41517	        P1	
 208.07325	 239.53392	 592.56358	        P1	
 206.81220	 396.06829	 477.75757	        P1	
 206.81220	 438.29613	 510.70641	        P1	
 210.59535	  82.27152	 234.24539	        P1	
 209.33430	  94.64868	 201.29655	        P1	
 209.33430	 136.87652	 158.56612	        P1	
 210.59535	 143.42912	 146.21032	        P1	
 209.33430	 180.56052	 362.43681	        P1	
 209.33430	 235.89361	 191.51489	        P1	
 209.33430	 246.08652	 431.93818	        P1	
 210.59535	 356.02461	  57.14557	        P1	
 209.33430	 412.08573	 146.21032	        P1	
 209.33430	 419.36641	 520.48806	        P1	
 210.59535	 527.84833	 221.88959	        P1	
 213.11745	 149.25368	 392.81144	        P1	
 213.11745	 277.39341	 395.38559	        P1	
 211.85640	 295.59509	 108.62805	        P1	
 211.85640	 336.36681	 446.35326	        P1	
 213.11745	 412.81381	 203.87069	        P1	
 213.11745	 462.32233	 424.21581	        P1	
 211.85640	 463.05041	 197.69279	        P1	
 211.85640	 495.08533	 370.15919	        P1	
 213.11745	 543.86581	 457.16459	        P1	
 211.85640	 615.94441	  43.24530	        P1	
 215.63955	   9.46488	 491.65784	        P1	
 214.37850	  55.33308	 496.29127	        P1	
 214.37850	 133.96428	  53.02695	        P1	
 214.37850	 180.56052	 425.76028	        P1	
 215.63955	 216.23580	 383.02979	        P1	
 215.63955	 227.88489	 335.66587	        P1	
 214.37850	 231.52521	 403.10796	        P1	
 215.63955	 457.95393	 153.93269	        P1	
 214.37850	 556.24293	 129.22109	        P1	
 215.63955	 565.70781	 440.17536	        P1	
 215.63955	 587.54981	 328.97317	        P1	
 214.37850	 602.83921	 322.79527	        P1	
 216.90060	  71.35052	 401.04869	        P1	
 216.90060	 177.64829	 434.51227	        P1	
 218.16165	 232.25329	 125.61728	        P1	
 216.90060	 250.45492	 485.99481	        P1	
 216.90060	 346.55973	 368.61471	        P1	
 218.16165	 436.11193	  41.18602	        P1	
 218.16165	 506.00633	 442.74951	        P1	
 220.68375	  19.65780	   1.54447	        P1	
 220.68375	  28.39460	 549.83309	        P1	
 219.42270	  97.56092	 604.91938	        P1	
 220.68375	 111.39420	  26.25607	        P1	
 219.42270	 262.10401	 384.57426	        P1	
 219.42270	 321.80549	 181.21837	        P1	
 220.68375	 341.46329	  59.20485	        P1	
 220.68375	 412.81381	 520.48806	        P1	
 219.42270	 429.55933	 282.12411	        P1	
 220.68375	 597.74273	 615.73070	        P1	
 220.68375	 605.02341	  24.71160	        P1	
 221.94480	  88.82412	 115.32082	        P1	
 221.94480	 260.64789	 448.41254	        P1	
 221.94480	 429.55933	 350.08101	        P1	
 221.94480	 538.76933	 221.88959	        P1	
 221.94480	 546.05001	 261.01627	        P1	
 224.46690	 248.99881	 179.15910	        P1	
 225.72795	 302.14769	 329.48797	        P1	
 225.72795	 312.34061	 180.70357	        P1	
 224.46690	 423.73481	 278.00549	        P1	
 226.98900	  56.78920	 358.31819	        P1	
 228.25005	  61.88568	 224.46367	        P1	
 226.98900	 125.22748	 386.63354	        P1	
 226.98900	 326.17389	 434.51227	        P1	
 226.98900	 361.12109	 125.61728	        P1	
 228.25005	 376.41049	 267.70897	        P1	
 226.98900	 401.89281	 321.25079	        P1	
 226.98900	 420.82253	 127.67662	        P1	
 226.98900	 495.08533	 104.50949	        P1	
 226.98900	 534.40093	 455.10531	        P1	
 228.25005	 559.88329	 466.94624	        P1	
 229.51110	  40.77172	 308.38019	        P1	
 230.77215	  42.95592	 541.59591	        P1	
 230.77215	 108.48192	 479.81691	        P1	
 229.51110	 177.64829	 392.81144	        P1	
 230.77215	 208.95512	 191.00009	        P1	
 229.51110	 219.87612	 411.86001	        P1	
 230.77215	 252.63912	   4.11862	        P1	
 229.51110	 285.40213	 405.68211	        P1	
 230.77215	 294.86701	 316.61737	        P1	
 230.77215	 379.32273	 158.56612	        P1	
 230.77215	 580.26913	  78.25342	        P1	
 232.03320	  37.85948	 607.49346	        P1	
 232.03320	 110.66612	 104.50949	        P1	
 233.29425	 136.14848	 168.86258	        P1	
 233.29425	 174.00792	 275.94621	        P1	
 232.03320	 225.70069	 263.07555	        P1	
 232.03320	 247.54269	 446.86807	        P1	
 233.29425	 345.83169	 392.81144	        P1	
 232.03320	 429.55933	 553.95171	        P1	
 232.03320	 486.34853	 252.77909	        P1	
 233.29425	 552.60261	 613.15656	        P1	
 234.55530	   1.45612	 462.82768	        P1	
 234.55530	  53.87692	 109.14292	        P1	
 234.55530	  90.28028	 212.10787	        P1	
 235.81635	  91.00832	 541.59591	        P1	
 234.55530	  99.01708	 409.80067	        P1	
 235.81635	 290.49861	 216.22649	        P1	
 235.81635	 297.77929	  71.56065	        P1	
 235.81635	 299.23541	 613.15656	        P1	
 235.81635	 424.46289	 108.62805	        P1	
 234.55530	 496.54149	  82.37198	        P1	
 234.55530	 557.69909	 102.45015	        P1	
 237.07740	 247.54269	 286.24267	        P1	
 238.33845	 275.93729	 236.81947	        P1	
 237.07740	 299.96349	 158.05125	        P1	
 238.33845	 326.90193	 479.81691	        P1	
 237.07740	 352.38429	 205.92997	        P1	
 238.33845	 385.14729	 298.59847	        P1	
 238.33845	 421.55061	  49.42320	        P1	
 237.07740	 436.84001	 593.07838	        P1	
 238.33845	 532.21673	 258.95699	        P1	
 238.33845	 533.67289	 306.32085	        P1	
 239.59950	 259.19172	  42.73049	        P1	
 240.86055	 389.51569	 570.42606	        P1	
 239.59950	 409.17349	 250.71975	        P1	
 239.59950	 452.85749	 428.33437	        P1	
 239.59950	 490.71693	 258.95699	        P1	
 240.86055	 529.30449	  53.02695	        P1	
 239.59950	 551.87453	 455.10531	        P1	
 239.59950	 611.57601	 271.82759	        P1	
 242.12160	  56.78920	 390.75216	        P1	
 243.38265	  83.72768	 250.71975	        P1	
 242.12160	 187.84120	 440.17536	        P1	
 242.12160	 234.43749	 491.65784	        P1	
 243.38265	 307.97221	  61.77900	        P1	
 243.38265	 325.44581	 376.85189	        P1	
 243.38265	 373.49821	 172.98120	        P1	
 242.12160	 419.36641	  24.71160	        P1	
 243.38265	 562.79553	 436.57161	        P1	
 242.12160	 567.89201	  20.07817	        P1	
 243.38265	 619.58473	 393.32631	        P1	
 244.64370	  59.70148	 405.16724	        P1	
 245.90475	 134.69232	 418.03791	        P1	
 244.64370	 216.96389	  96.27225	        P1	
 245.90475	 258.46369	 559.61474	        P1	
 245.90475	 262.83209	 236.81947	        P1	
 245.90475	 296.32313	 510.70641	        P1	
 244.64370	 467.41881	 464.88696	        P1	
 244.64370	 614.48830	 107.08358	        P1	
 247.16580	 101.92932	  41.18602	        P1	
 247.16580	 154.35012	 325.36941	        P1	
 248.42685	 246.81461	 389.20769	        P1	
 247.16580	 388.78761	 284.18339	        P1	
 247.16580	 397.52441	 154.44750	        P1	
 247.16580	 416.45413	 394.87079	        P1	
 247.16580	 445.57681	  13.90027	        P1	
 248.42685	 511.83089	  53.02695	        P1	
 247.16580	 518.38349	 341.84377	        P1	
 249.68790	  53.87692	 566.30751	        P1	
 250.94895	 251.18301	 186.88147	        P1	
 249.68790	 295.59509	 188.94075	        P1	
 249.68790	 314.52481	 532.84386	        P1	
 249.68790	 381.50693	 567.85198	        P1	
 250.94895	 420.09449	 502.46917	        P1	
 250.94895	 481.25209	 465.40177	        P1	
 249.68790	 534.40093	  42.73049	        P1	
 250.94895	 543.86581	 390.75216	        P1	
 249.68790	 580.99721	 574.54468	        P1	
 250.94895	 596.28661	 341.32897	        P1	
 252.21000	 275.20921	 143.63617	        P1	
 253.47105	 382.23501	 316.61737	        P1	
 252.21000	 483.43629	 521.00287	        P1	
 253.47105	 488.53273	 177.09982	        P1	
 252.21000	 527.12029	 453.04597	        P1	
 253.47105	 594.83049	 156.50678	        P1	
 254.73210	  11.64908	 453.04597	        P1	
 254.73210	  72.80668	 485.47994	        P1	
 255.99315	 160.90272	 115.32082	        P1	
 254.73210	 163.08692	 388.69289	        P1	
 254.73210	 184.92892	 609.55280	        P1	
 254.73210	 203.85869	 380.45564	        P1	
 254.73210	 237.34972	 331.54731	        P1	
 254.73210	 253.36721	 525.12149	        P1	
 254.73210	 431.01549	  22.13745	        P1	
 255.99315	 433.19969	 213.65235	        P1	
 254.73210	 441.20841	 407.74139	        P1	
 255.99315	 460.86621	 199.23727	        P1	
 255.99315	 559.88329	 230.64157	        P1	
 254.73210	 607.20761	 285.72787	        P1	
 258.51525	   9.46488	 534.90314	        P1	
 257.25420	  65.52600	 174.52567	        P1	
 257.25420	  85.91188	 570.42606	        P1	
 257.25420	 115.03452	 228.06749	        P1	
 257.25420	 132.50812	 189.45562	        P1	
 257.25420	 161.63080	 298.08367	        P1	
 258.51525	 246.81461	   6.17790	        P1	
 257.25420	 286.85829	  40.67115	        P1	
 257.25420	 307.24413	  48.90839	        P1	
 257.25420	 519.83961	  37.06740	        P1	
 258.51525	 597.74273	 529.24011	        P1	
 261.03735	  10.92100	 261.01627	        P1	
 261.03735	  77.90312	 574.02988	        P1	
 261.03735	 360.39301	 580.72258	        P1	
 261.03735	 385.14729	 310.95427	        P1	
 261.03735	 492.90113	 442.74951	        P1	
 263.55945	 197.30609	 113.26148	        P1	
 263.55945	 274.48112	 129.22109	        P1	
 263.55945	 379.32273	 438.11608	        P1	
 262.29840	 433.92773	 226.52302	        P1	
 263.55945	 471.05913	  90.60922	        P1	
 262.29840	 476.15561	  61.77900	        P1	
 262.29840	 570.80429	 361.92194	        P1	
 266.08155	  16.74552	 189.45562	        P1	
 264.82050	  78.63120	 539.02176	        P1	
 264.82050	 556.24293	 331.54731	        P1	
 264.82050	 560.61133	 380.97051	        P1	
 267.34260	  59.70148	  94.72778	        P1	
 267.34260	  75.71892	 481.36138	        P1	
 267.34260	 100.47320	 105.02430	        P1	
 268.60365	 111.39420	 100.39087	        P1	
 267.34260	 131.05200	 341.32897	        P1	
 268.60365	 232.25329	 286.24267	        P1	
 268.60365	 296.32313	 319.19151	        P1	
 268.60365	 303.60381	 117.38010	        P1	
 268.60365	 319.62129	 175.04047	        P1	
 268.60365	 481.25209	 293.96505	        P1	
 268.60365	 513.28701	 111.20220	        P1	
 268.60365	 600.65501	 254.83837	        P1	
 269.86470	  61.15760	 372.21847	        P1	
 271.12575	  83.72768	 508.64707	        P1	
 271.12575	 201.67449	 343.38825	        P1	
 269.86470	 294.13893	 401.04869	        P1	
 271.12575	 520.56769	 392.81144	        P1	
 271.12575	 590.46209	 483.93547	        P1	
 269.86470	 618.85670	 496.29127	        P1	
 273.64785	  19.65780	 396.93006	        P1	
 273.64785	  19.65780	 471.06486	        P1	
 272.38680	  24.75428	  20.59298	        P1	
 272.38680	  21.84200	  69.50137	        P1	
 272.38680	 190.75349	  46.84905	        P1	
 272.38680	 414.99801	 500.40989	        P1	
 272.38680	 480.52401	 488.05409	        P1	
 272.38680	 572.26041	  32.43397	        P1	
 274.90890	  42.22788	 156.50678	        P1	
 276.16995	 118.67488	 514.82497	        P1	
 274.90890	 232.98132	 530.78458	        P1	
 274.90890	 256.27949	 293.96505	        P1	
 276.16995	 262.83209	 491.65784	        P1	
 276.16995	 273.02501	  67.95690	        P1	
 276.16995	 329.81421	  43.24530	        P1	
 274.90890	 361.12109	 348.02167	        P1	
 274.90890	 483.43629	 485.47994	        P1	
 276.16995	 492.90113	 549.31828	        P1	
 276.16995	 507.46249	 565.79264	        P1	
 276.16995	 542.40969	 527.18077	        P1	
 278.69205	   3.64032	 411.86001	        P1	
 277.43100	  24.75428	 491.65784	        P1	
 278.69205	  92.46448	 205.92997	        P1	
 277.43100	 109.21000	 273.37207	        P1	
 277.43100	 125.22748	 218.28577	        P1	
 278.69205	 213.32352	  36.55259	        P1	
 278.69205	 306.51609	 490.11337	        P1	
 277.43100	 346.55973	  65.89762	        P1	
 277.43100	 387.33149	 207.47445	        P1	
 278.69205	 460.86621	 310.43947	        P1	
 279.95310	 109.21000	 366.04057	        P1	
 279.95310	 225.70069	 256.89765	        P1	
 281.21415	 242.44621	 359.86267	        P1	
 279.95310	 382.96309	 162.68468	        P1	
 281.21415	 392.42793	 553.95171	        P1	
 279.95310	 429.55933	 524.60668	        P1	
 281.21415	 479.79593	 115.32082	        P1	
 279.95310	 481.98013	 578.66331	        P1	
 279.95310	 514.01509	 224.46367	        P1	
 279.95310	 541.68161	  30.88950	        P1	
 281.21415	 587.54981	 279.54997	        P1	
 281.21415	 616.67249	   3.60375	        P1	
 282.47520	  16.01748	 442.23464	        P1	
 282.47520	  62.61372	 257.41251	        P1	
 282.47520	  85.91188	 127.16175	        P1	
 283.73625	 134.69232	 609.55280	        P1	
 283.73625	 332.72649	 176.58495	        P1	
 282.47520	 419.36641	 481.87619	        P1	
 283.73625	 513.28701	  37.06740	        P1	
 286.25835	  19.65780	 600.80076	        P1	
 284.99730	  42.22788	 521.00287	        P1	
 286.25835	  66.25408	 423.70094	        P1	
 286.25835	  74.99088	 250.71975	        P1	
 286.25835	  86.63992	 399.50421	        P1	
 286.25835	  85.18380	 401.56349	        P1	
 284.99730	 129.59588	 249.17527	        P1	
 284.99730	 165.99920	 488.05409	        P1	
 284.99730	 182.01669	  77.73855	        P1	
 284.99730	 369.85789	  53.02695	        P1	
 286.25835	 488.53273	 115.32082	        P1	
 286.25835	 500.18181	 562.18889	        P1	
 284.99730	 602.83921	 308.89499	        P1	
 288.78045	  25.48232	  78.25342	        P1	
 287.51940	 173.27989	  65.38275	        P1	
 288.78045	 278.84952	  65.89762	        P1	
 287.51940	 305.78801	 345.96239	        P1	
 288.78045	 358.93689	 392.81144	        P1	
 287.51940	 420.82253	 282.12411	        P1	
 288.78045	 465.23461	 407.74139	        P1	
 287.51940	 481.98013	 320.73599	        P1	
 288.78045	 481.25209	 483.93547	        P1	
 288.78045	 523.47993	 357.80339	        P1	
 287.51940	 541.68161	 551.37756	        P1	
 290.04150	 180.56052	 258.95699	        P1	
 290.04150	 321.80549	 477.75757	        P1	
 290.04150	 331.99841	 285.72787	        P1	
 291.30255	 459.41009	 323.31007	        P1	
 291.30255	 542.40969	 337.21035	        P1	
 293.82465	  83.72768	 238.36395	        P1	
 293.82465	 147.79752	 337.72521	        P1	
 293.82465	 200.21832	 438.11608	        P1	
 292.56360	 234.43749	 207.47445	        P1	
 293.82465	 408.44541	 458.70906	        P1	
 292.56360	 528.57641	 125.10247	        P1	
 292.56360	 562.06749	 510.19154	        P1	
 292.56360	 569.34813	 257.41251	        P1	
 296.34675	 128.86780	  20.07817	        P1	
 296.34675	 385.14729	 521.00287	        P1	
 296.34675	 452.12941	 396.93006	        P1	
 295.08570	 492.17309	 286.24267	        P1	
 295.08570	 492.17309	 380.45564	        P1	
 296.34675	 580.26913	 553.95171	        P1	
 295.08570	 610.11989	 559.61474	        P1	
 297.60780	 149.98172	 153.93269	        P1	
 298.86885	 203.13060	 433.99746	        P1	
 297.60780	 218.42000	 569.91126	        P1	
 297.60780	 237.34972	 487.53928	        P1	
 298.86885	 326.90193	 430.39371	        P1	
 298.86885	 514.74313	 535.41801	        P1	
 298.86885	 522.02381	   7.72237	        P1	
 298.86885	 527.84833	 407.22658	        P1	
 297.60780	 563.52361	  63.32347	        P1	
 301.39095	  92.46448	  70.01618	        P1	
 301.39095	 319.62129	 244.54185	        P1	
 301.39095	 340.00713	 584.84121	        P1	
 300.12990	 401.89281	  18.53370	        P1	
 301.39095	 404.07701	  44.78977	        P1	
 300.12990	 420.82253	 252.77909	        P1	
 300.12990	 540.22549	  45.30458	        P1	
 303.91305	 159.44660	  94.21297	        P1	
 303.91305	 201.67449	 436.05674	        P1	
 302.65200	 346.55973	 475.18348	        P1	
 302.65200	 380.05081	 556.01099	        P1	
 303.91305	 405.53313	 615.73070	        P1	
 303.91305	 463.77849	 324.85455	        P1	
 302.65200	 490.71693	 288.30201	        P1	
 302.65200	 495.08533	 387.14841	        P1	
 305.17410	  78.63120	 446.35326	        P1	
 305.17410	 120.85908	 256.89765	        P1	
 306.43515	 312.34061	 383.02979	        P1	
 306.43515	 353.11233	  48.90839	        P1	
 305.17410	 413.54189	 263.07555	        P1	
 305.17410	 412.08573	 586.38568	        P1	
 306.43515	 580.26913	 456.64978	        P1	
 308.95725	  16.74552	 407.22658	        P1	
 307.69620	  32.03492	 498.35061	        P1	
 308.95725	  50.23660	 223.94887	        P1	
 307.69620	 227.15681	 569.91126	        P1	
 307.69620	 259.19172	 183.27772	        P1	
 310.21830	  56.78920	 469.52039	        P1	
 311.47935	 211.86740	 210.04859	        P1	
 310.21830	 355.29653	 393.32631	        P1	
 310.21830	 484.89241	  74.13480	        P1	
 311.47935	 498.72569	 213.65235	        P1	
 311.47935	 559.88329	 354.19957	        P1	
 311.47935	 584.63753	 294.47991	        P1	
 314.00145	  54.60500	 353.68477	        P1	
 312.74040	  59.70148	 312.49875	        P1	
 312.74040	  87.36800	 358.31819	        P1	
 312.74040	 110.66612	 456.64978	        P1	
 314.00145	 133.23620	 321.25079	        P1	
 312.74040	 152.89400	 415.46376	        P1	
 312.74040	 182.01669	 578.14844	        P1	
 314.00145	 268.65661	  75.67927	        P1	
 314.00145	 271.56889	 590.50424	        P1	
 314.00145	 389.51569	 460.76834	        P1	
 312.74040	 413.54189	 502.46917	        P1	
 314.00145	 498.72569	 490.11337	        P1	
 314.00145	 504.55021	 426.27509	        P1	
 314.00145	 545.32193	 617.27518	        P1	
 312.74040	 559.15521	 403.10796	        P1	
 312.74040	 585.36561	 242.48257	        P1	
 315.26250	  68.43828	 127.16175	        P1	
 315.26250	 165.99920	   0.00000	        P1	
 316.52355	 174.00792	 135.39899	        P1	
 315.26250	 195.12189	 547.25894	        P1	
 316.52355	 251.18301	 247.11599	        P1	
 316.52355	 268.65661	 341.32897	        P1	
 315.26250	 452.85749	 391.26697	        P1	
 315.26250	 505.27829	 571.97054	        P1	
 316.52355	 542.40969	 168.86258	        P1	
 315.26250	 597.01469	 459.22387	        P1	
 317.78460	  45.14012	 413.40448	        P1	
 319.04565	 136.14848	 479.30204	        P1	
 317.78460	 160.17469	 386.63354	        P1	
 319.04565	 293.41089	  40.67115	        P1	
 319.04565	 296.32313	 133.85452	        P1	
 317.78460	 301.41961	 421.64166	        P1	
 317.78460	 465.96269	 434.51227	        P1	
 319.04565	 532.21673	  47.36392	        P1	
 320.30670	  53.87692	 561.67408	        P1	
 320.30670	  62.61372	 461.28321	        P1	
 320.30670	  68.43828	 267.70897	        P1	
 320.30670	  81.54348	 527.18077	        P1	
 321.56775	 134.69232	 518.42878	        P1	
 321.56775	 179.83249	 230.64157	        P1	
 320.30670	 263.56012	 518.42878	        P1	
 321.56775	 420.09449	 595.13766	        P1	
 321.56775	 427.37513	 450.47188	        P1	
 321.56775	 603.56729	 324.85455	        P1	
 322.82880	  36.40332	  41.18602	        P1	
 324.08985	 134.69232	 591.01911	        P1	
 324.08985	 213.32352	 326.91389	        P1	
 322.82880	 215.50772	 431.93818	        P1	
 324.08985	 246.81461	 532.84386	        P1	
 322.82880	 313.06869	  90.09435	        P1	
 324.08985	 364.76141	 366.04057	        P1	
 322.82880	 377.13853	 313.01361	        P1	
 324.08985	 404.07701	 582.26706	        P1	
 322.82880	 419.36641	 186.88147	        P1	
 324.08985	 423.00673	 252.77909	        P1	
 324.08985	 425.91901	  44.78977	        P1	
 324.08985	 444.84873	 183.27772	        P1	
 326.61195	  69.16632	 549.31828	        P1	
 326.61195	 192.93769	 601.31556	        P1	
 325.35090	 428.10321	 415.46376	        P1	
 325.35090	 528.57641	  94.21297	        P1	
 326.61195	 562.79553	 430.39371	        P1	
 325.35090	 595.55853	 228.06749	        P1	
 329.13405	  45.86820	 383.02979	        P1	
 329.13405	  53.14888	 609.03794	        P1	
 327.87300	  99.01708	 188.94075	        P1	
 329.13405	 131.78008	  15.95955	        P1	
 329.13405	 206.04289	 428.33437	        P1	
 329.13405	 210.41129	 275.43135	        P1	
 327.87300	 224.24452	 135.39899	        P1	
 327.87300	 490.71693	 282.12411	        P1	
 330.39510	  84.45572	 475.18348	        P1	
 330.39510	 110.66612	 350.08101	        P1	
 331.65615	 120.13100	 532.84386	        P1	
 330.39510	 158.71852	 240.42329	        P1	
 331.65615	 166.72728	 428.33437	        P1	
 330.39510	 342.19133	 380.97051	        P1	
 330.39510	 353.84041	 562.18889	        P1	
 331.65615	 396.79633	 343.90311	        P1	
 330.39510	 413.54189	 275.43135	        P1	
 332.91720	  21.84200	 477.24276	        P1	
 334.17825	 104.11352	 510.70641	        P1	
 332.91720	 218.42000	 489.59856	        P1	
 334.17825	 291.95473	 510.70641	        P1	
 334.17825	 473.97141	 444.80879	        P1	
 332.91720	 531.48869	 534.90314	        P1	
 334.17825	 536.58513	  35.00812	        P1	
 334.17825	 559.88329	  65.38275	        P1	
 336.70035	 104.11352	 289.84649	        P1	
 336.70035	 112.85032	 455.10531	        P1	
 335.43930	 113.57840	 335.15107	        P1	
 335.43930	 128.13972	 450.47188	        P1	
 336.70035	 168.18340	 100.39087	        P1	
 335.43930	 240.26201	 495.77646	        P1	
 335.43930	 348.01589	 218.28577	        P1	
 336.70035	 383.69113	 343.90311	        P1	
 336.70035	 440.48033	 492.17271	        P1	
 336.70035	 463.77849	  88.54988	        P1	
 336.70035	 513.28701	 421.64166	        P1	
 335.43930	 597.01469	 175.04047	        P1	
 339.22245	  16.74552	 121.49872	        P1	
 339.22245	  66.25408	 219.83025	        P1	
 339.22245	 107.02580	 273.37207	        P1	
 337.96140	 345.10361	 483.42066	        P1	
 339.22245	 379.32273	 337.72521	        P1	
 337.96140	 461.59429	 219.83025	        P1	
 339.22245	 485.62049	 195.11865	        P1	
 337.96140	 502.36601	 100.39087	        P1	
 337.96140	 585.36561	 606.97866	        P1	
 341.74455	  10.92100	 265.64969	        P1	
 341.74455	  77.90312	 277.49069	        P1	
 340.48350	 154.35012	  41.18602	        P1	
 341.74455	 220.60420	  43.24530	        P1	
 341.74455	 278.84952	 232.70091	        P1	
 341.74455	 318.16513	 553.95171	        P1	
 340.48350	 591.19013	 450.47188	        P1	
 340.48350	 605.75149	 374.27774	        P1	
 343.00560	  46.59628	 131.79518	        P1	
 343.00560	  62.61372	 510.70641	        P1	
 344.26665	  70.62248	  94.72778	        P1	
 343.00560	 193.66572	 177.09982	        P1	
 343.00560	 221.33229	 360.37747	        P1	
 344.26665	 356.02461	 211.59307	        P1	
 343.00560	 391.69989	 361.92194	        P1	
 344.26665	 444.84873	 320.73599	        P1	
 343.00560	 511.10281	 285.72787	        P1	
 344.26665	 530.76061	 390.75216	        P1	
 344.26665	 565.70781	  81.85717	        P1	
 343.00560	 604.29533	  96.78712	        P1	
 345.52770	  14.56132	 215.71169	        P1	
 345.52770	  65.52600	 298.08367	        P1	
 345.52770	  69.89440	 290.36129	        P1	
 345.52770	 238.80589	 108.62805	        P1	
 346.78875	 332.72649	 107.08358	        P1	
 345.52770	 333.45453	 345.44759	        P1	
 346.78875	 389.51569	 372.73327	        P1	
 346.78875	 418.63833	 300.65781	        P1	
 346.78875	 491.44501	 352.14029	        P1	
 348.04980	  56.78920	 450.98669	        P1	
 349.31085	 130.32392	 591.01911	        P1	
 349.31085	 131.78008	 127.16175	        P1	
 349.31085	 163.81500	 186.88147	        P1	
 349.31085	 219.14809	 195.11865	        P1	
 348.04980	 356.75269	 230.64157	        P1	
 348.04980	 452.85749	 212.10787	        P1	
 348.04980	 534.40093	 184.82219	        P1	
 348.04980	 550.41841	  18.53370	        P1	
 348.04980	 570.80429	 366.55537	        P1	
 348.04980	 575.17269	  34.49325	        P1	
 348.04980	 586.82173	 258.95699	        P1	
 350.57190	  11.64908	 391.26697	        P1	
 350.57190	 155.80628	 281.60925	        P1	
 350.57190	 187.84120	 261.01627	        P1	
 351.83295	 195.84992	 197.17799	        P1	
 351.83295	 194.39380	 234.76019	        P1	
 350.57190	 221.33229	 372.73327	        P1	
 351.83295	 257.00752	 313.01361	        P1	
 351.83295	 261.37592	 382.51499	        P1	
 350.57190	 278.12149	  71.56065	        P1	
 350.57190	 276.66532	 413.40448	        P1	
 350.57190	 431.01549	 182.76285	        P1	
 351.83295	 506.00633	 604.91938	        P1	
 354.35505	  16.74552	 146.21032	        P1	
 354.35505	  31.30688	 483.93547	        P1	
 353.09400	 116.49068	 175.04047	        P1	
 353.09400	 212.59549	 601.31556	        P1	
 354.35505	 367.67369	 510.19154	        P1	
 354.35505	 399.70861	 273.37207	        P1	
 354.35505	 430.28741	 298.08367	        P1	
 356.87715	   3.64032	 226.52302	        P1	
 356.87715	  82.27152	 115.32082	        P1	
 356.87715	 188.56929	 522.54734	        P1	
 355.61610	 317.43709	 250.71975	        P1	
 355.61610	 326.17389	 107.08358	        P1	
 355.61610	 330.54229	  26.77088	        P1	
 356.87715	 351.65621	 384.57426	        P1	
 355.61610	 416.45413	 308.38019	        P1	
 356.87715	 421.55061	 271.82759	        P1	
 356.87715	 423.00673	 399.50421	        P1	
 356.87715	 424.46289	 609.03794	        P1	
 355.61610	 559.15521	 240.93809	        P1	
 355.61610	 588.27789	 386.63354	        P1	
 358.13820	  82.99960	 242.48257	        P1	
 358.13820	 129.59588	 170.40705	        P1	
 359.39925	 150.70980	 526.66596	        P1	
 358.13820	 227.15681	  61.77900	        P1	
 358.13820	 232.98132	 407.22658	        P1	
 358.13820	 464.50653	 380.97051	        P1	
 358.13820	 497.99761	 265.64969	        P1	
 358.13820	 547.50613	 209.53379	        P1	
 358.13820	 615.94441	 495.77646	        P1	
 361.92135	  13.83328	 372.73327	        P1	
 360.66030	 135.42040	 279.54997	        P1	
 360.66030	 186.38509	 479.30204	        P1	
 360.66030	 234.43749	 125.61728	        P1	
 360.66030	 234.43749	 354.19957	        P1	
 360.66030	 508.19053	 135.39899	        P1	
 364.44345	  54.60500	 259.47179	        P1	
 363.18240	  59.70148	 354.19957	        P1	
 363.18240	 170.36760	 316.61737	        P1	
 364.44345	 195.84992	 518.42878	        P1	
 364.44345	 281.76181	 457.16459	        P1	
 364.44345	 293.41089	 108.62805	        P1	
 363.18240	 438.29613	 339.26969	        P1	
 363.18240	 479.06789	 570.42606	        P1	
 364.44345	 584.63753	 357.80339	        P1	
 364.44345	 587.54981	  69.50137	        P1	
 365.70450	   4.36840	 452.53116	        P1	
 365.70450	  65.52600	  24.71160	        P1	
 365.70450	 157.26240	 335.15107	        P1	
 366.96555	 235.16552	 456.64978	        P1	
 365.70450	 283.94601	 433.99746	        P1	
 365.70450	 289.77053	 499.89508	        P1	
 366.96555	 364.76141	 148.26960	        P1	
 365.70450	 502.36601	 477.24276	        P1	
 365.70450	 509.64669	 578.14844	        P1	
 365.70450	 543.13773	 277.49069	        P1	
 366.96555	 559.88329	  40.67115	        P1	
 369.48765	  16.74552	 345.44759	        P1	
 369.48765	 275.93729	  57.66038	        P1	
 368.22660	 468.87493	 572.48541	        P1	
 368.22660	 566.43589	 144.15098	        P1	
 372.00975	 262.83209	 471.57967	        P1	
 372.00975	 334.18261	 576.08916	        P1	
 370.74870	 350.92813	 380.97051	        P1	
 372.00975	 444.84873	 251.23461	        P1	
 372.00975	 571.53233	 129.22109	        P1	
 373.27080	  17.47360	   0.00000	        P1	
 373.27080	 161.63080	 339.78449	        P1	
 373.27080	 388.78761	  69.50137	        P1	
 375.79290	  10.19292	 399.50421	        P1	
 377.05395	  57.51728	  94.72778	        P1	
 375.79290	 125.22748	 397.44487	        P1	
 375.79290	 294.13893	 436.57161	        P1	
 375.79290	 320.34933	 325.36941	        P1	
 377.05395	 325.44581	 216.22649	        P1	
 375.79290	 368.40173	 116.86529	        P1	
 377.05395	 423.00673	 240.42329	        P1	
 377.05395	 589.00593	  22.65232	        P1	
 377.05395	 610.84793	 376.33709	        P1	
 378.31500	  20.38588	 193.57417	        P1	
 379.57605	  98.28900	 483.42066	        P1	
 379.57605	 115.76260	 284.18339	        P1	
 378.31500	 136.87652	 450.47188	        P1	
 379.57605	 143.42912	 604.91938	        P1	
 379.57605	 204.58672	 195.63352	        P1	
 378.31500	 209.68320	 341.32897	        P1	
 379.57605	 255.55141	 296.53919	        P1	
 379.57605	 325.44581	 273.37207	        P1	
 379.57605	 479.79593	 178.64429	        P1	
 378.31500	 508.19053	 140.03242	        P1	
 379.57605	 548.23421	  88.03507	        P1	
 380.83710	   1.45612	 127.67662	        P1	
 382.09815	  21.11392	 425.76028	        P1	
 380.83710	 122.31520	 537.47729	        P1	
 380.83710	 133.96428	   8.23718	        P1	
 382.09815	 175.46409	  77.73855	        P1	
 382.09815	 273.02501	 125.10247	        P1	
 382.09815	 374.95433	 362.43681	        P1	
 382.09815	 524.93609	 609.03794	        P1	
 382.09815	 568.62009	   9.78165	        P1	
 382.09815	 570.07621	 248.66047	        P1	
 382.09815	 568.62009	 590.50424	        P1	
 384.62025	   6.55260	 193.05937	        P1	
 384.62025	  44.41208	 187.39627	        P1	
 383.35920	  59.70148	 559.61474	        P1	
 383.35920	  65.52600	 179.15910	        P1	
 383.35920	  68.43828	 318.67665	        P1	
 383.35920	  71.35052	 506.07298	        P1	
 384.62025	  82.27152	 462.82768	        P1	
 383.35920	 263.56012	 302.20229	        P1	
 383.35920	 278.12149	 292.42057	        P1	
 383.35920	 292.68281	  63.32347	        P1	
 384.62025	 350.20009	 275.43135	        P1	
 383.35920	 489.26081	  38.61187	        P1	
 387.14235	  37.13140	 506.58779	        P1	
 385.88130	  66.98212	 197.17799	        P1	
 387.14235	  73.53472	 609.55280	        P1	
 387.14235	 115.76260	 500.40989	        P1	
 387.14235	 194.39380	 605.43418	        P1	
 387.14235	 252.63912	 265.13489	        P1	
 387.14235	 257.00752	 263.59041	        P1	
 387.14235	 277.39341	 304.26157	        P1	
 387.14235	 284.67409	 348.02167	        P1	
 385.88130	 321.80549	 224.46367	        P1	
 385.88130	 326.17389	 354.19957	        P1	
 385.88130	 345.10361	 549.83309	        P1	
 387.14235	 372.04209	 224.46367	        P1	
 387.14235	 411.35769	 286.24267	        P1	
 387.14235	 609.39181	 135.91380	        P1	
 388.40340	   8.73680	 123.55800	        P1	
 389.66445	  16.74552	 382.51499	        P1	
 388.40340	 104.84160	 129.73590	        P1	
 389.66445	 136.14848	 168.86258	        P1	
 388.40340	 182.01669	 102.45015	        P1	
 389.66445	 195.84992	 430.39371	        P1	
 388.40340	 206.77092	 455.10531	        P1	
 389.66445	 238.07781	 551.37756	        P1	
 389.66445	 275.93729	  32.94878	        P1	
 389.66445	 284.67409	 249.17527	        P1	
 388.40340	 468.87493	 271.31279	        P1	
 389.66445	 484.16433	 413.40448	        P1	
 389.66445	 522.02381	 199.23727	        P1	
 389.66445	 546.77809	 300.14295	        P1	
 392.18655	 277.39341	 273.37207	        P1	
 392.18655	 402.62089	 329.48797	        P1	
 392.18655	 420.09449	  53.02695	        P1	
 392.18655	 447.76101	   7.72237	        P1	
 394.70865	  60.42952	 523.06221	        P1	
 394.70865	 101.20128	  46.84905	        P1	
 394.70865	 162.35888	 559.61474	        P1	
 394.70865	 204.58672	 598.74148	        P1	
 393.44760	 230.06909	  94.72778	        P1	
 393.44760	 283.94601	 261.01627	        P1	
 393.44760	 288.31441	 310.43947	        P1	
 393.44760	 297.05121	 296.53919	        P1	
 394.70865	 405.53313	 146.21032	        P1	
 393.44760	 467.41881	 180.70357	        P1	
 394.70865	 510.37473	 363.98129	        P1	
 394.70865	 524.93609	 502.46917	        P1	
 397.23075	 115.76260	 142.09170	        P1	
 397.23075	 118.67488	 609.03794	        P1	
 397.23075	 184.20089	 170.40705	        P1	
 397.23075	 191.48152	 313.01361	        P1	
 395.96970	 310.15641	   1.54447	        P1	
 395.96970	 329.08613	 469.00558	        P1	
 395.96970	 349.47201	 106.56877	        P1	
 397.23075	 411.35769	  59.20485	        P1	
 395.96970	 410.62961	 199.23727	        P1	
 397.23075	 446.30489	 440.69017	        P1	
 397.23075	 487.07661	 427.81956	        P1	
 397.23075	 516.19929	 127.16175	        P1	
 399.75285	  10.92100	   7.72237	        P1	
 399.75285	 207.49900	 310.43947	        P1	
 398.49180	 238.80589	 108.62805	        P1	
 399.75285	 238.07781	 162.16987	        P1	
 398.49180	 251.91109	 609.03794	        P1	
 398.49180	 433.92773	 591.01911	        P1	
 398.49180	 479.06789	 360.37747	        P1	
 398.49180	 580.99721	 143.63617	        P1	
 401.01390	  16.01748	 539.53657	        P1	
 402.27495	 101.20128	  83.91645	        P1	
 401.01390	 139.78880	   6.17790	        P1	
 401.01390	 192.20960	 376.85189	        P1	
 402.27495	 261.37592	 252.77909	        P1	
 401.01390	 345.10361	 433.99746	        P1	
 401.01390	 364.03333	 240.42329	        P1	
 401.01390	 375.68241	 125.10247	        P1	
 401.01390	 454.31361	 172.98120	        P1	
 401.01390	 511.10281	 520.48806	        P1	
 401.01390	 535.85709	  59.20485	        P1	
 404.79705	  61.88568	 411.34514	        P1	
 403.53600	 113.57840	 574.54468	        P1	
 404.79705	 120.13100	 376.85189	        P1	
 403.53600	 218.42000	 520.48806	        P1	
 404.79705	 258.46369	  88.54988	        P1	
 403.53600	 428.10321	  67.95690	        P1	
 406.05810	 219.87612	 425.76028	        P1	
 406.05810	 247.54269	 565.79264	        P1	
 406.05810	 250.45492	 116.86529	        P1	
 406.05810	 265.01629	 434.51227	        P1	
 407.31915	 271.56889	 460.76834	        P1	
 406.05810	 304.33189	 144.15098	        P1	
 406.05810	 343.64749	 151.87335	        P1	
 407.31915	 350.20009	 471.57967	        P1	
 406.05810	 447.03293	 388.69289	        P1	
 406.05810	 521.29573	 320.73599	        P1	
 407.31915	 577.35689	 609.03794	        P1	
 408.58020	   4.36840	 501.95436	        P1	
 409.84125	   9.46488	 255.35317	        P1	
 409.84125	 168.18340	 310.43947	        P1	
 409.84125	 192.93769	 590.50424	        P1	
 409.84125	 274.48112	  73.61999	        P1	
 408.58020	 311.61253	 300.65781	        P1	
 409.84125	 361.84913	  41.18602	        P1	
 409.84125	 363.30529	  39.12668	        P1	
 409.84125	 379.32273	 363.98129	        P1	
 408.58020	 393.15601	 463.34249	        P1	
 409.84125	 414.26993	 424.21581	        P1	
 409.84125	 441.93649	 392.81144	        P1	
 409.84125	 447.76101	 384.57426	        P1	
 409.84125	 482.70821	 105.02430	        P1	
 409.84125	 571.53233	 104.50949	        P1	
 411.10230	  33.49108	 405.16724	        P1	
 411.10230	  61.15760	 366.04057	        P1	
 411.10230	 246.08652	 510.70641	        P1	
 412.36335	 283.21792	 325.36941	        P1	
 412.36335	 372.04209	 465.40177	        P1	
 412.36335	 390.97181	 580.72258	        P1	
 412.36335	 402.62089	 300.14295	        P1	
 411.10230	 414.99801	 160.62540	        P1	
 412.36335	 466.69073	 160.11059	        P1	
 411.10230	 514.01509	 559.61474	        P1	
 412.36335	 600.65501	 562.18889	        P1	
 413.62440	  21.84200	 179.15910	        P1	
 414.88545	  29.85072	 487.53928	        P1	
 414.88545	  32.76300	 463.34249	        P1	
 414.88545	  66.25408	 348.02167	        P1	
 414.88545	  74.99088	 317.13217	        P1	
 413.62440	  82.99960	 378.39637	        P1	
 413.62440	 155.80628	 114.80595	        P1	
 413.62440	 200.94640	 203.87069	        P1	
 413.62440	 221.33229	 137.97308	        P1	
 414.88545	 255.55141	 254.83837	        P1	
 414.88545	 267.20049	  51.48248	        P1	
 414.88545	 307.97221	 154.44750	        P1	
 414.88545	 353.11233	  24.19679	        P1	
 413.62440	 445.57681	  12.35580	        P1	
 414.88545	 543.86581	 216.22649	        P1	
 413.62440	 582.45333	  61.26419	        P1	
 414.88545	 589.00593	 387.14841	        P1	
 413.62440	 591.19013	  41.18602	        P1	
 417.40755	  22.57008	 286.24267	        P1	
 417.40755	 101.20128	 175.04047	        P1	
 416.14650	 196.57800	 253.29389	        P1	
 416.14650	 202.40252	  53.54182	        P1	
 417.40755	 203.13060	 599.25628	        P1	
 417.40755	 245.35849	 218.28577	        P1	
 416.14650	 253.36721	 216.22649	        P1	
 417.40755	 315.25289	 578.14844	        P1	
 416.14650	 348.01589	 261.53107	        P1	
 417.40755	 345.83169	 491.65784	        P1	
 417.40755	 539.49741	 569.91126	        P1	
 417.40755	 619.58473	 195.63352	        P1	
 418.66860	  27.66652	  85.97579	        P1	
 418.66860	  62.61372	  22.65232	        P1	
 419.92965	 121.58712	 116.86529	        P1	
 422.45175	 131.78008	 497.83574	        P1	
 421.19070	 200.94640	 273.37207	        P1	
 422.45175	 357.48073	 444.29398	        P1	
 421.19070	 390.24373	 431.93818	        P1	
 421.19070	 410.62961	 284.18339	        P1	
 422.45175	 421.55061	 489.59856	        P1	
 422.45175	 484.16433	 572.48541	        P1	
 422.45175	 519.11153	 609.55280	        P1	
 423.71280	 145.61332	 438.11608	        P1	
 424.97385	 146.34140	 508.13226	        P1	
 423.71280	 205.31480	 463.34249	        P1	
 424.97385	 278.84952	 313.01361	        P1	
 423.71280	 327.63001	 304.26157	        P1	
 424.97385	 463.77849	 595.13766	        P1	
 423.71280	 476.15561	 520.48806	        P1	
 424.97385	 570.07621	 118.92457	        P1	
 423.71280	 598.47081	 142.09170	        P1	
 426.23490	   2.91228	  76.19408	        P1	
 427.49595	 172.55180	 446.35326	        P1	
 426.23490	 182.01669	 212.10787	        P1	
 427.49595	 370.58593	  78.25342	        P1	
 427.49595	 440.48033	 325.36941	        P1	
 426.23490	 447.03293	 164.74402	        P1	
 427.49595	 485.62049	 545.71447	        P1	
 428.75700	  72.80668	 188.94075	        P1	
 428.75700	  82.99960	 230.12677	        P1	
 428.75700	 160.17469	   8.23718	        P1	
 428.75700	 203.85869	 429.87884	        P1	
 430.01805	 238.07781	 193.05937	        P1	
 430.01805	 503.09409	 558.07026	        P1	
 428.75700	 592.64629	  88.54988	        P1	
 430.01805	 603.56729	 164.22915	        P1	
 432.54015	  28.39460	 234.76019	        P1	
 432.54015	  41.49980	  50.96767	        P1	
 432.54015	  45.86820	 185.33700	        P1	
 431.27910	  74.26280	 543.65519	        P1	
 431.27910	 190.75349	  32.94878	        P1	
 432.54015	 219.14809	 429.87884	        P1	
 432.54015	 238.07781	 261.01627	        P1	
 431.27910	 259.19172	  84.43132	        P1	
 431.27910	 289.77053	 598.74148	        P1	
 432.54015	 443.39261	 364.49609	        P1	
 431.27910	 457.22589	 337.21035	        P1	
 431.27910	 503.82213	 363.98129	        P1	
 432.54015	 511.83089	 293.96505	        P1	
 435.06225	  47.32432	 574.02988	        P1	
 435.06225	 112.85032	 461.28321	        P1	
 433.80120	 257.73561	 450.98669	        P1	
 435.06225	 385.14729	 337.21035	        P1	
 433.80120	 557.69909	 508.64707	        P1	
 435.06225	 607.93569	 454.59044	        P1	
 437.58435	  15.28940	  20.07817	        P1	
 436.32330	  27.66652	 164.74402	        P1	
 436.32330	 133.96428	  32.94878	        P1	
 436.32330	 177.64829	 588.95976	        P1	
 437.58435	 203.13060	  81.85717	        P1	
 436.32330	 250.45492	 345.44759	        P1	
 437.58435	 274.48112	 240.42329	        P1	
 436.32330	 323.26161	 613.15656	        P1	
 436.32330	 362.57721	 304.26157	        P1	
 436.32330	 396.06829	 590.50424	        P1	
 437.58435	 404.07701	 427.81956	        P1	
 436.32330	 508.19053	 541.59591	        P1	
 436.32330	 514.01509	 397.44487	        P1	
 440.10645	  83.72768	 343.38825	        P1	
 438.84540	 167.45532	 617.27518	        P1	
 438.84540	 285.40213	 567.85198	        P1	
 440.10645	 345.83169	 374.27774	        P1	
 438.84540	 506.73441	  37.06740	        P1	
 440.10645	 586.09369	  77.73855	        P1	
 441.36750	  90.28028	  22.13745	        P1	
 442.62855	 168.18340	  24.71160	        P1	
 441.36750	 257.73561	 185.33700	        P1	
 441.36750	 457.22589	  96.27225	        P1	
 441.36750	 598.47081	  13.90027	        P1	
 442.62855	 613.76021	 149.81407	        P1	
 445.15065	  95.37672	 203.35589	        P1	
 443.88960	 126.68360	 111.20220	        P1	
 443.88960	 136.87652	 388.69289	        P1	
 443.88960	 170.36760	 290.36129	        P1	
 445.15065	 178.37632	 598.74148	        P1	
 443.88960	 193.66572	 345.44759	        P1	
 443.88960	 209.68320	 118.92457	        P1	
 443.88960	 250.45492	 363.98129	        P1	
 445.15065	 264.28821	 142.09170	        P1	
 445.15065	 300.69153	 485.99481	        P1	
 445.15065	 335.63873	 516.88431	        P1	
 445.15065	 340.00713	 461.28321	        P1	
 445.15065	 347.28781	 339.78449	        P1	
 445.15065	 439.02421	 154.44750	        P1	
 443.88960	 436.84001	 174.52567	        P1	
 445.15065	 501.63793	  47.36392	        P1	
 443.88960	 509.64669	 168.86258	        P1	
 446.41170	   1.45612	  36.55259	        P1	
 446.41170	 120.85908	 226.00815	        P1	
 447.67274	 124.49940	  94.21297	        P1	
 446.41170	 158.71852	 405.68211	        P1	
 447.67274	 213.32352	 265.13489	        P1	
 446.41170	 272.29692	  73.61999	        P1	
 447.67274	 290.49861	 389.20769	        P1	
 447.67274	 332.72649	 564.24816	        P1	
 447.67274	 380.77889	  76.19408	        P1	
 446.41170	 403.34893	  11.84100	        P1	
 446.41170	 477.61173	  30.37469	        P1	
 447.67274	 481.25209	 428.33437	        P1	
 447.67274	 605.02341	 481.87619	        P1	
 450.19484	   0.72808	 571.97054	        P1	
 450.19484	  16.74552	 152.38822	        P1	
 448.93379	  33.49108	 287.78715	        P1	
 450.19484	  85.18380	  61.77900	        P1	
 450.19484	  86.63992	 177.09982	        P1	
 450.19484	 117.21872	 467.46111	        P1	
 448.93379	 148.52560	  80.31270	        P1	
 448.93379	 177.64829	   8.23718	        P1	
 448.93379	 209.68320	 179.15910	        P1	
 448.93379	 310.15641	 155.99197	        P1	
 450.19484	 325.44581	 123.55800	        P1	
 448.93379	 329.08613	 197.17799	        P1	
 450.19484	 385.14729	 219.83025	        P1	
 450.19484	 452.12941	 223.94887	        P1	
 448.93379	 556.24293	 153.93269	        P1	
 448.93379	 575.17269	 244.54185	        P1	
 451.45589	   7.28068	 502.46917	        P1	
 451.45589	  26.21040	 211.59307	        P1	
 451.45589	  34.94720	  44.78977	        P1	
 452.71694	  57.51728	  53.02695	        P1	
 452.71694	 109.93808	 108.62805	        P1	
 452.71694	 204.58672	 102.96502	        P1	
 451.45589	 203.85869	 318.67665	        P1	
 452.71694	 274.48112	 240.42329	        P1	
 452.71694	 342.91941	 525.12149	        P1	
 451.45589	 428.10321	 185.33700	        P1	
 451.45589	 550.41841	 180.70357	        P1	
 452.71694	 612.30409	 230.64157	        P1	
 455.23904	  21.11392	 214.16722	        P1	
 453.97799	  88.82412	 523.06221	        P1	
 455.23904	 181.28860	 512.76569	        P1	
 453.97799	 186.38509	 349.56614	        P1	
 453.97799	 224.24452	 424.21581	        P1	
 453.97799	 263.56012	 368.61471	        P1	
 455.23904	 424.46289	 423.70094	        P1	
 453.97799	 495.08533	 617.27518	        P1	
 457.76114	  53.14888	 287.78715	        P1	
 456.50009	 317.43709	 434.51227	        P1	
 456.50009	 492.17309	 619.84926	        P1	
 456.50009	 503.82213	 333.09179	        P1	
 457.76114	 510.37473	  96.78712	        P1	
 457.76114	 519.11153	 450.47188	        P1	
 456.50009	 594.10241	 211.59307	        P1	
 460.28324	  13.83328	 335.66587	        P1	
 460.28324	 123.04328	 300.14295	        P1	
 460.28324	 156.53432	 399.50421	        P1	
 459.02219	 270.84081	 154.44750	        P1	
 460.28324	 275.93729	 521.00287	        P1	
 460.28324	 513.28701	 105.02430	        P1	
 460.28324	 548.23421	 599.25628	        P1	
 462.80534	  69.16632	 387.14841	        P1	
 462.80534	  89.55220	 372.21847	        P1	
 461.54429	 100.47320	 606.97866	        P1	
 462.80534	 120.13100	  49.42320	        P1	
 461.54429	 187.84120	 549.83309	        P1	
 461.54429	 253.36721	 432.45299	        P1	
 462.80534	 305.05993	 263.59041	        P1	
 461.54429	 318.89321	 285.72787	        P1	
 462.80534	 472.51529	 232.18605	        P1	
 461.54429	 489.26081	 316.61737	        P1	
 461.54429	 495.08533	 275.94621	        P1	
 461.54429	 541.68161	 452.53116	        P1	
 464.06639	  71.35052	  96.78712	        P1	
 464.06639	  80.08732	 246.60119	        P1	
 464.06639	 158.71852	 170.92192	        P1	
 464.06639	 168.91149	 385.08907	        P1	
 465.32744	 255.55141	 606.97866	        P1	
 464.06639	 359.66493	 289.84649	        P1	
 464.06639	 416.45413	  22.65232	        P1	
 465.32744	 415.72609	 255.35317	        P1	
 464.06639	 521.29573	 380.97051	        P1	
 465.32744	 554.05873	 351.62549	        P1	
 466.58849	  94.64868	 256.89765	        P1	
 467.84954	  96.83288	 497.83574	        P1	
 467.84954	 214.77969	 497.83574	        P1	
 466.58849	 315.98093	 529.24011	        P1	
 466.58849	 384.41921	 316.61737	        P1	
 469.11059	 174.73600	 525.12149	        P1	
 469.11059	 279.57761	 471.06486	        P1	
 469.11059	 285.40213	 289.84649	        P1	
 470.37164	 345.83169	 139.51755	        P1	
 470.37164	 423.00673	  36.55259	        P1	
 470.37164	 551.14649	 187.39627	        P1	
 470.37164	 561.33941	 551.37756	        P1	
 469.11059	 597.01469	 300.14295	        P1	
 472.89374	  19.65780	 389.20769	        P1	
 471.63269	  29.12268	 355.74404	        P1	
 471.63269	  77.17508	 293.96505	        P1	
 472.89374	 156.53432	 524.60668	        P1	
 472.89374	 220.60420	 240.93809	        P1	
 471.63269	 259.19172	 448.92741	        P1	
 472.89374	 334.18261	 403.10796	        P1	
 472.89374	 396.79633	 133.85452	        P1	
 472.89374	 469.60301	 211.59307	        P1	
 472.89374	 526.39221	 444.80879	        P1	
 475.41584	  57.51728	 411.34514	        P1	
 474.15479	  62.61372	 207.98932	        P1	
 475.41584	 105.56968	 522.54734	        P1	
 475.41584	 124.49940	 211.59307	        P1	
 475.41584	 200.21832	 529.24011	        P1	
 475.41584	 222.06032	 189.45562	        P1	
 474.15479	 304.33189	 213.65235	        P1	
 475.41584	 321.07741	 106.56877	        P1	
 474.15479	 457.22589	  59.20485	        P1	
 474.15479	 457.22589	 471.57967	        P1	
 475.41584	 478.33981	  92.66850	        P1	
 474.15479	 531.48869	 374.27774	        P1	
 474.15479	 543.13773	 246.60119	        P1	
 474.15479	 548.96229	 187.39627	        P1	
 475.41584	 578.81301	 211.59307	        P1	
 475.41584	 607.93569	   2.05928	        P1	
 477.93794	 181.28860	 328.97317	        P1	
 476.67689	 212.59549	 205.92997	        P1	
 476.67689	 308.70029	 354.19957	        P1	
 476.67689	 447.03293	 431.93818	        P1	
 477.93794	 529.30449	 403.62277	        P1	
 476.67689	 601.38309	 528.72524	        P1	
 480.46004	 143.42912	  11.84100	        P1	
 480.46004	 152.16592	  28.83022	        P1	
 479.19899	 170.36760	 532.84386	        P1	
 479.19899	 350.92813	  48.90839	        P1	
 479.19899	 400.43669	 590.50424	        P1	
 479.19899	 429.55933	  11.84100	        P1	
 482.98214	  32.76300	 518.94359	        P1	
 482.98214	 109.93808	 182.76285	        P1	
 481.72109	 171.82372	 572.48541	        P1	
 482.98214	 208.95512	 152.38822	        P1	
 481.72109	 311.61253	 481.36138	        P1	
 482.98214	 457.95393	 598.74148	        P1	
 481.72109	 615.94441	 420.09719	        P1	
 484.24319	  84.45572	 345.44759	        P1	
 485.50424	 166.72728	 422.15647	        P1	
 485.50424	 239.53392	 146.21032	        P1	
 484.24319	 397.52441	 205.41517	        P1	
 485.50424	 411.35769	 615.21584	        P1	
 484.24319	 425.19093	 141.57689	        P1	
 484.24319	 474.69949	  34.49325	        P1	
 484.24319	 601.38309	 613.67136	        P1	
 488.02634	 140.51688	 137.97308	        P1	
 488.02634	 141.97300	 193.05937	        P1	
 488.02634	 224.97260	 352.14029	        P1	
 486.76529	 224.24452	 442.74951	        P1	
 486.76529	 231.52521	 376.85189	        P1	
 486.76529	 234.43749	 473.12414	        P1	
 486.76529	 243.17429	 236.81947	        P1	
 488.02634	 306.51609	  34.49325	        P1	
 488.02634	 338.55101	 135.91380	        P1	
 488.02634	 367.67369	 459.22387	        P1	
 488.02634	 414.26993	 424.21581	        P1	
 486.76529	 429.55933	 164.74402	        P1	
 486.76529	 465.96269	  57.66038	        P1	
 486.76529	 464.50653	 282.12411	        P1	
 486.76529	 570.80429	 442.23464	        P1	
 490.54844	  38.58752	  11.84100	        P1	
 489.28739	  46.59628	 613.67136	        P1	
 489.28739	 219.87612	 362.43681	        P1	
 490.54844	 319.62129	  57.66038	        P1	
 490.54844	 338.55101	 240.93809	        P1	
 489.28739	 380.05081	 247.11599	        P1	
 489.28739	 416.45413	 524.60668	        P1	
 490.54844	 453.58553	 289.84649	        P1	
 490.54844	 519.11153	 444.29398	        P1	
 489.28739	 546.05001	 273.37207	        P1	
 491.80949	  40.77172	 164.74402	        P1	
 491.80949	  48.05240	 193.05937	        P1	
 493.07054	  69.16632	 506.07298	        P1	
 491.80949	 149.98172	 461.28321	        P1	
 491.80949	 349.47201	 199.23727	        P1	
 491.80949	 423.73481	 594.62286	        P1	
 493.07054	 440.48033	 277.49069	        P1	
 491.80949	 442.66453	 337.72521	        P1	
 493.07054	 520.56769	 541.08104	        P1	
 491.80949	 525.66413	  73.61999	        P1	
 493.07054	 538.04129	 273.88687	        P1	
 493.07054	 575.90073	 481.36138	        P1	
 495.59264	 187.11312	 172.46639	        P1	
 495.59264	 233.70941	 335.15107	        P1	
 494.33159	 241.71812	   5.66310	        P1	
 495.59264	 248.27072	 604.91938	        P1	
 495.59264	 265.74432	 510.70641	        P1	
 495.59264	 424.46289	 534.90314	        P1	
 494.33159	 445.57681	 440.17536	        P1	
 494.33159	 572.26041	 316.61737	        P1	
 498.11474	  63.34180	 532.84386	        P1	
 496.85369	 100.47320	 512.76569	        P1	
 498.11474	 187.11312	  98.33159	        P1	
 498.11474	 302.14769	 541.08104	        P1	
 496.85369	 317.43709	 269.25345	        P1	
 498.11474	 344.37553	 140.03242	        P1	
 496.85369	 369.85789	 547.25894	        P1	
 496.85369	 378.59469	 428.33437	        P1	
 498.11474	 476.88369	 385.08907	        P1	
 496.85369	 575.17269	 422.15647	        P1	
 498.11474	 602.11113	 183.27772	        P1	
 498.11474	 612.30409	  82.37198	        P1	
 498.11474	 615.21633	 356.25891	        P1	
 499.37579	  33.49108	 120.98385	        P1	
 499.37579	  45.14012	 337.72521	        P1	
 499.37579	  61.15760	 100.39087	        P1	
 499.37579	 374.22629	 405.16724	        P1	
 500.63684	 373.49821	 582.26706	        P1	
 499.37579	 550.41841	 149.81407	        P1	
 503.15894	  21.11392	 331.54731	        P1	
 501.89789	  84.45572	 201.81142	        P1	
 503.15894	 101.20128	 349.56614	        P1	
 503.15894	 141.97300	  67.95690	        P1	
 501.89789	 241.71812	 584.84121	        P1	
 501.89789	 333.45453	 252.77909	        P1	
 501.89789	 350.92813	  35.00812	        P1	
 503.15894	 433.19969	 355.74404	        P1	
 503.15894	 459.41009	 218.28577	        P1	
 505.68104	  99.74512	  96.78712	        P1	
 505.68104	 184.20089	 331.03245	        P1	
 504.41999	 230.06909	  83.91645	        P1	
 504.41999	 358.20881	 118.92457	        P1	
 505.68104	 428.83129	 324.85455	        P1	
 504.41999	 463.05041	  13.90027	        P1	
 505.68104	 463.77849	 434.51227	        P1	
 504.41999	 495.08533	 394.87079	        P1	
 505.68104	 548.23421	  30.88950	        P1	
 508.20314	  25.48232	 584.84121	        P1	
 506.94209	  43.68400	 378.39637	        P1	
 508.20314	  74.99088	 127.16175	        P1	
 506.94209	 170.36760	  12.35580	        P1	
 508.20314	 201.67449	 102.45015	        P1	
 508.20314	 238.07781	 531.29939	        P1	
 506.94209	 481.98013	 146.21032	        P1	
 508.20314	 494.35729	 226.00815	        P1	
 506.94209	 505.27829	 497.83574	        P1	
 506.94209	 534.40093	 469.00558	        P1	
 508.20314	 567.16393	 351.62549	        P1	
 510.72524	  80.81540	 216.22649	        P1	
 510.72524	 326.90193	 450.47188	        P1	
 509.46419	 323.26161	 537.47729	        P1	
 509.46419	 502.36601	 539.02176	        P1	
 509.46419	 546.05001	 599.25628	        P1	
 513.24734	 131.78008	 372.73327	        P1	
 511.98629	 160.17469	 280.06477	        P1	
 511.98629	 361.12109	 547.25894	        P1	
 511.98629	 382.96309	  90.09435	        P1	
 511.98629	 380.05081	 199.23727	        P1	
 513.24734	 404.07701	 588.44496	        P1	
 513.24734	 446.30489	  53.02695	        P1	
 511.98629	 583.90949	 584.32634	        P1	
 513.24734	 619.58473	 123.04319	        P1	
 515.76944	   0.72808	 601.31556	        P1	
 515.76944	  21.11392	 567.85198	        P1	
 514.50839	  34.94720	  75.67927	        P1	
 515.76944	  51.69272	  36.55259	        P1	
 514.50839	 238.80589	  15.95955	        P1	
 515.76944	 265.74432	 308.38019	        P1	
 515.76944	 427.37513	 574.02988	        P1	
 515.76944	 468.14689	 442.23464	        P1	
 515.76944	 506.00633	 424.21581	        P1	
 518.29154	  24.02620	 438.63089	        P1	
 517.03049	  74.26280	 240.93809	        P1	
 517.03049	  85.91188	 238.36395	        P1	
 518.29154	 236.62169	  32.94878	        P1	
 518.29154	 313.79673	 543.14038	        P1	
 518.29154	 364.76141	  49.42320	        P1	
 517.03049	 425.19093	 368.61471	        P1	
 517.03049	 444.12069	 553.43684	        P1	
 518.29154	 450.67329	 144.15098	        P1	
 518.29154	 462.32233	 510.70641	        P1	
 518.29154	 554.05873	 362.43681	        P1	
 518.29154	 605.02341	 532.84386	        P1	
 518.29154	 613.76021	 395.38559	        P1	
 520.81364	  10.92100	 253.29389	        P1	
 520.81364	 117.21872	 567.85198	        P1	
 520.81364	 130.32392	  85.97579	        P1	
 519.55259	 263.56012	 487.53928	        P1	
 519.55259	 291.22669	 533.35867	        P1	
 520.81364	 291.95473	 547.77381	        P1	
 520.81364	 328.35809	 120.98385	        P1	
 520.81364	 459.41009	 477.75757	        P1	
 519.55259	 512.55893	 578.66331	        P1	
 520.81364	 606.47953	 504.52851	        P1	
 520.81364	 619.58473	 191.00009	        P1	
 523.33574	   2.18420	 469.52039	        P1	
 523.33574	  44.41208	 212.10787	        P1	
 523.33574	  61.88568	 423.70094	        P1	
 523.33574	 120.13100	 111.20220	        P1	
 522.07469	 131.05200	 315.07289	        P1	
 523.33574	 141.97300	 222.40439	        P1	
 523.33574	 280.30569	 527.18077	        P1	
 522.07469	 407.71733	 271.31279	        P1	
 523.33574	 434.65581	 279.54997	        P1	
 522.07469	 492.17309	 368.09984	        P1	
 522.07469	 578.08493	  84.43132	        P1	
 524.59679	 116.49068	 310.95427	        P1	
 525.85784	 315.25289	  39.12668	        P1	
 525.85784	 367.67369	 471.57967	        P1	
 524.59679	 455.76973	 263.59041	        P1	
 524.59679	 457.22589	 337.21035	        P1	
 527.11889	 171.82372	 257.41251	        P1	
 528.37994	 195.84992	 102.96502	        P1	
 528.37994	 197.30609	  57.66038	        P1	
 527.11889	 250.45492	  79.79789	        P1	
 528.37994	 267.20049	 232.18605	        P1	
 527.11889	 299.96349	 428.33437	        P1	
 527.11889	 455.76973	 393.32631	        P1	
 527.11889	 499.45373	 172.46639	        P1	
 528.37994	 538.04129	 164.22915	        P1	
 528.37994	 559.88329	 601.31556	        P1	
 527.11889	 570.80429	 273.88687	        P1	
 528.37994	 572.98849	 483.93547	        P1	
 529.64099	  96.10480	   7.72237	        P1	
 530.90204	 128.86780	  80.31270	        P1	
 530.90204	 175.46409	 195.11865	        P1	
 529.64099	 345.10361	 586.90048	        P1	
 530.90204	 431.74353	 357.80339	        P1	
 530.90204	 549.69033	 530.78458	        P1	
 530.90204	 568.62009	 108.62805	        P1	
 533.42414	   5.09648	  32.94878	        P1	
 533.42414	  12.37712	 189.45562	        P1	
 533.42414	  85.18380	 588.44496	        P1	
 533.42414	 107.02580	 586.90048	        P1	
 533.42414	 127.41168	 269.25345	        P1	
 532.16309	 152.89400	 506.58779	        P1	
 533.42414	 264.28821	 111.20220	        P1	
 533.42414	 491.44501	 228.58229	        P1	
 534.68519	  80.08732	 450.47188	        P1	
 534.68519	  87.36800	 605.43418	        P1	
 535.94624	 105.56968	 193.57417	        P1	
 534.68519	 132.50812	 591.01911	        P1	
 534.68519	 145.61332	 226.52302	        P1	
 535.94624	 144.88528	 466.94624	        P1	
 535.94624	 169.63952	 271.31279	        P1	
 535.94624	 216.23580	 551.37756	        P1	
 535.94624	 261.37592	 388.69289	        P1	
 534.68519	 286.85829	 496.29127	        P1	
 534.68519	 404.80509	 533.35867	        P1	
 534.68519	 557.69909	 226.00815	        P1	
 535.94624	 587.54981	 396.93006	        P1	
 537.20729	 267.92852	 141.57689	        P1	
 538.46834	 296.32313	   4.11862	        P1	
 537.20729	 352.38429	 317.13217	        P1	
 538.46834	 424.46289	 287.78715	        P1	
 538.46834	 476.88369	 187.39627	        P1	
 537.20729	 582.45333	 362.43681	        P1	
 540.99044	  44.41208	 460.76834	        P1	
 540.99044	  60.42952	 158.56612	        P1	
 540.99044	  77.90312	 183.27772	        P1	
 540.99044	 163.81500	 203.87069	        P1	
 539.72939	 184.92892	 214.16722	        P1	
 539.72939	 215.50772	 178.64429	        P1	
 540.99044	 329.81421	 205.41517	        P1	
 540.99044	 332.72649	 255.35317	        P1	
 540.99044	 405.53313	 492.17271	        P1	
 539.72939	 429.55933	 282.12411	        P1	
 540.99044	 444.84873	 393.32631	        P1	
 540.99044	 619.58473	 467.46111	        P1	
 542.25149	  39.31560	 444.80879	        P1	
 543.51254	 165.27112	 469.00558	        P1	
 542.25149	 270.84081	 174.52567	        P1	
 543.51254	 290.49861	 302.71709	        P1	
 543.51254	 303.60381	 378.39637	        P1	
 543.51254	 574.44461	 267.19417	        P1	
 546.03464	  26.93848	 287.78715	        P1	
 546.03464	  38.58752	 598.74148	        P1	
 544.77359	 171.82372	 382.51499	        P1	
 546.03464	 296.32313	 536.96248	        P1	
 544.77359	 372.77013	  65.89762	        P1	
 544.77359	 454.31361	 296.53919	        P1	
 544.77359	 474.69949	   9.78165	        P1	
 544.77359	 497.99761	 185.33700	        P1	
 544.77359	 506.73441	  67.95690	        P1	
 546.03464	 577.35689	 429.87884	        P1	
 544.77359	 583.90949	 188.94075	        P1	
 548.55674	 178.37632	 183.27772	        P1	
 548.55674	 240.99009	 619.84926	        P1	
 548.55674	 305.05993	 536.96248	        P1	
 547.29569	 313.06869	 335.66587	        P1	
 547.29569	 337.82293	 506.07298	        P1	
 548.55674	 370.58593	  98.33159	        P1	
 548.55674	 412.81381	 464.88696	        P1	
 548.55674	 501.63793	 350.08101	        P1	
 547.29569	 503.82213	 207.98932	        P1	
 551.07884	  24.02620	 539.02176	        P1	
 551.07884	 101.20128	 539.53657	        P1	
 551.07884	 191.48152	 362.43681	        P1	
 551.07884	 305.05993	 240.42329	        P1	
 551.07884	 405.53313	 197.17799	        P1	
 551.07884	 500.18181	 432.45299	        P1	
 549.81779	 615.94441	 426.27509	        P1	
 552.33989	  13.10520	 518.94359	        P1	
 552.33989	  71.35052	 308.38019	        P1	
 552.33989	  75.71892	 368.61471	        P1	
 553.60094	 175.46409	 170.40705	        P1	
 553.60094	 175.46409	 516.36944	        P1	
 552.33989	 327.63001	 112.74667	        P1	
 552.33989	 377.13853	 506.07298	        P1	
 552.33989	 378.59469	 595.13766	        P1	
 552.33989	 413.54189	 349.56614	        P1	
 553.60094	 501.63793	 442.74951	        P1	
 552.33989	 509.64669	  51.48248	        P1	
 553.60094	 590.46209	 102.45015	        P1	
 554.86199	  34.94720	  88.03507	        P1	
 556.12304	  38.58752	 189.45562	        P1	
 556.12304	  44.41208	 113.26148	        P1	
 556.12304	 174.00792	 135.39899	        P1	
 554.86199	 199.49029	 473.12414	        P1	
 554.86199	 200.94640	  44.78977	        P1	
 554.86199	 247.54269	 255.35317	        P1	
 554.86199	 374.22629	 485.47994	        P1	
 554.86199	 417.91029	 502.46917	        P1	
 554.86199	 524.20801	 168.34777	        P1	
 556.12304	 571.53233	 345.44759	        P1	
 556.12304	 584.63753	 201.81142	        P1	
 554.86199	 592.64629	 244.54185	        P1	
 558.64514	  25.48232	 407.22658	        P1	
 557.38409	 141.24492	 455.10531	        P1	
 557.38409	 227.15681	 450.98669	        P1	
 557.38409	 288.31441	   6.17790	        P1	
 558.64514	 299.23541	  26.25607	        P1	
 557.38409	 304.33189	 527.18077	        P1	
 557.38409	 311.61253	 543.14038	        P1	
 558.64514	 433.19969	 471.57967	        P1	
 558.64514	 452.12941	 105.02430	        P1	
 558.64514	 586.09369	 459.22387	        P1	
 559.90619	  26.21040	 186.88147	        P1	
 559.90619	  50.96468	 477.75757	        P1	
 559.90619	  75.71892	 152.38822	        P1	
 559.90619	 132.50812	 560.12961	        P1	
 559.90619	 186.38509	 570.42606	        P1	
 559.90619	 250.45492	 203.35589	        P1	
 559.90619	 339.27909	 613.67136	        P1	
 559.90619	 518.38349	 306.32085	        P1	
 559.90619	 543.13773	 529.24011	        P1	
 563.68934	   6.55260	 415.46376	        P1	
 562.42829	  72.80668	 232.18605	        P1	
 562.42829	  81.54348	 576.60396	        P1	
 562.42829	 173.27989	 539.53657	        P1	
 563.68934	 242.44621	 191.51489	        P1	
 562.42829	 247.54269	 434.51227	        P1	
 562.42829	 308.70029	 609.03794	        P1	
 562.42829	 535.85709	 292.42057	        P1	
 564.95039	   5.82452	 104.50949	        P1	
 566.21144	  26.93848	 453.04597	        P1	
 566.21144	  54.60500	 569.91126	        P1	
 564.95039	  88.82412	 553.95171	        P1	
 564.95039	 228.61292	  36.55259	        P1	
 564.95039	 346.55973	 177.09982	        P1	
 566.21144	 396.79633	 382.51499	        P1	
 567.47249	   4.36840	 186.88147	        P1	
 567.47249	  29.12268	 355.74404	        P1	
 568.73354	  56.06112	  79.79789	        P1	
 568.73354	 169.63952	 512.25088	        P1	
 568.73354	 240.99009	 571.97054	        P1	
 567.47249	 269.38469	 131.79518	        P1	
 567.47249	 358.20881	 327.42869	        P1	
 568.73354	 366.21753	  16.47442	        P1	
 568.73354	 431.74353	 238.87881	        P1	
 567.47249	 451.40133	 331.54731	        P1	
 568.73354	 482.70821	  20.07817	        P1	
 568.73354	 498.72569	 201.29655	        P1	
 569.99459	 241.71812	 611.09728	        P1	
 571.25564	 420.09449	 341.84377	        P1	
 569.99459	 490.71693	 234.24539	        P1	
 569.99459	 615.94441	 563.73336	        P1	
 572.51669	 292.68281	  63.32347	        P1	
 573.77774	 323.98969	 361.92194	        P1	
 573.77774	 344.37553	 485.99481	        P1	
 573.77774	 552.60261	  69.50137	        P1	
 575.03879	   4.36840	 254.83837	        P1	
 576.29984	  16.74552	 289.84649	        P1	
 575.03879	  46.59628	 391.26697	        P1	
 576.29984	 118.67488	 323.31007	        P1	
 576.29984	 131.78008	 219.83025	        P1	
 576.29984	 140.51688	  39.12668	        P1	
 575.03879	 147.06948	 120.98385	        P1	
 576.29984	 179.83249	 137.97308	        P1	
 575.03879	 346.55973	 431.93818	        P1	
 575.03879	 519.83961	 234.76019	        P1	
 575.03879	 556.24293	  98.33159	        P1	
 578.82194	  22.57008	 516.36944	        P1	
 577.56089	  77.17508	 422.15647	        P1	
 578.82194	 175.46409	 551.89236	        P1	
 577.56089	 240.26201	 247.11599	        P1	
 577.56089	 390.24373	 407.22658	        P1	
 577.56089	 452.85749	 164.22915	        P1	
 577.56089	 479.06789	 201.29655	        P1	
 578.82194	 545.32193	 166.28849	        P1	
 578.82194	 572.98849	 368.09984	        P1	
 581.34404	  53.14888	 298.59847	        P1	
 581.34404	 305.05993	 506.07298	        P1	
 581.34404	 323.98969	 446.86807	        P1	
 580.08299	 412.08573	 357.80339	        P1	
 581.34404	 455.04169	 615.21584	        P1	
 581.34404	 570.07621	  75.67927	        P1	
 581.34404	 607.93569	 219.83025	        P1	
 582.60509	  27.66652	 448.92741	        P1	
 583.86614	 274.48112	 617.27518	        P1	
 583.86614	 319.62129	 168.86258	        P1	
 583.86614	 329.81421	 240.93809	        P1	
 583.86614	 449.21713	 572.48541	        P1	
 582.60509	 551.87453	 183.27772	        P1	
 585.12719	  59.70148	 466.94624	        P1	
 586.38824	 181.28860	 278.00549	        P1	
 585.12719	 182.01669	 422.15647	        P1	
 585.12719	 184.92892	 436.57161	        P1	
 586.38824	 238.07781	 366.04057	        P1	
 586.38824	 353.11233	 419.58238	        P1	
 585.12719	 355.29653	 300.65781	        P1	
 585.12719	 445.57681	  49.42320	        P1	
 585.12719	 615.94441	 514.31016	        P1	
 587.64929	 241.71812	  42.73049	        P1	
 588.91034	 373.49821	 514.31016	        P1	
 587.64929	 512.55893	 221.88959	        P1	
 587.64929	 530.03253	 487.53928	        P1	
 588.91034	 602.11113	 121.49872	        P1	
 588.91034	 602.11113	 555.49618	        P1	
 590.17139	 359.66493	 221.88959	        P1	
 591.43244	 421.55061	 588.44496	        P1	
 591.43244	 472.51529	 366.55537	        P1	
 590.17139	 515.47121	 613.15656	        P1	
 590.17139	 524.20801	 426.27509	        P1	
 592.69349	 100.47320	  88.03507	        P1	
 593.95454	 107.02580	  38.61187	        P1	
 592.69349	 122.31520	 143.63617	        P1	
 592.69349	 133.96428	 230.64157	        P1	
 593.95454	 137.60460	 341.32897	        P1	
 592.69349	 138.33268	 391.26697	        P1	
 592.69349	 452.85749	 281.60925	        P1	
 596.47664	  53.14888	 170.40705	        P1	
 595.21559	 103.38548	   3.60375	        P1	
 595.21559	 131.05200	 339.78449	        P1	
 596.47664	 293.41089	 232.18605	        P1	
 596.47664	 562.79553	  35.00812	        P1	
 596.47664	 575.90073	 506.07298	        P1	
 597.73769	 218.42000	 364.49609	        P1	
 597.73769	 406.26121	 518.94359	        P1	
 597.73769	 595.55853	 512.25088	        P1	
 598.99874	 619.58473	  84.43132	        P1	
 601.52084	 190.02540	 557.55546	        P1	
 601.52084	 257.00752	 306.83571	        P1	
 600.25979	 273.75309	  71.56065	        P1	
 600.25979	 403.34893	  84.43132	        P1	
 600.25979	 403.34893	 492.17271	        P1	
 600.25979	 492.17309	 267.70897	        P1	
 601.52084	 568.62009	 269.25345	        P1	
 604.04294	   5.09648	 280.06477	        P1	
 602.78189	 256.27949	 236.81947	        P1	
 604.04294	 287.58632	 258.95699	        P1	
 602.78189	 394.61213	 578.66331	        P1	
 604.04294	 424.46289	 454.59044	        P1	
 602.78189	 588.27789	 473.12414	        P1	
 605.30399	  96.10480	 106.56877	        P1	
 605.30399	 260.64789	  32.94878	        P1	
 605.30399	 267.92852	 549.31828	        P1	
 605.30399	 307.24413	 584.84121	        P1	
 606.56504	 423.00673	 146.21032	        P1	
 606.56504	 511.83089	  88.54988	        P1	
 607.82609	  14.56132	 481.36138	        P1	
 607.82609	  65.52600	   1.54447	        P1	
 607.82609	  65.52600	 421.64166	        P1	
 609.08714	 309.42833	 362.43681	        P1	
 609.08714	 325.44581	 335.15107	        P1	
 609.08714	 402.62089	 454.59044	        P1	
 607.82609	 585.36561	  92.66850	        P1	
 611.60924	  91.00832	 586.38568	        P1	
 610.34819	 269.38469	 527.18077	        P1	
 610.34819	 343.64749	 224.46367	        P1	
 610.34819	 345.10361	 582.26706	        P1	
 610.34819	 394.61213	 399.50421	        P1	
 610.34819	 564.97973	 597.19701	        P1	
 610.34819	 578.08493	 455.10531	        P1	
 610.34819	 583.90949	  26.77088	        P1	
 611.60924	 599.19889	 341.84377	        P1	
 614.13134	  31.30688	 409.80067	        P1	
 612.87029	 112.12228	 158.05125	        P1	
 614.13134	 254.09529	 170.40705	        P1	
 612.87029	 279.57761	  69.50137	        P1	
 614.13134	 305.05993	 479.81691	        P1	
 612.87029	 349.47201	 543.65519	        P1	
 615.39239	 183.47280	 267.19417	        P1	
 615.39239	 260.64789	 158.05125	        P1	
 616.65344	 300.69153	 407.22658	        P1	
 616.65344	 307.97221	 376.85189	        P1	
 615.39239	 516.92733	 296.02439	        P1	
 615.39239	 559.15521	   0.00000	        P1	
 615.39239	 610.11989	 324.85455	        P1	
 617.91449	  10.19292	 394.87079	        P1	
 619.17554	  74.99088	   3.60375	        P1	
 617.91449	 203.85869	 372.73327	        P1	
 617.91449	 343.64749	 331.03245	        P1	
 619.17554	 361.84913	 566.30751	        P1	
 617.91449	 364.03333	 357.80339	        P1	
 619.17554	 389.51569	  88.54988	        P1	
 619.17554	 453.58553	 232.70091	        P1	
 617.91449	 481.98013	 380.97051	        P1	
 619.17554	 513.28701	 389.20769	        P1	
 617.91449	 525.66413	 475.18348	        P1	
 617.91449	 541.68161	 619.33446	        P1	
 619.17554	 610.84793	 127.67662	        P1	
