2117.00000	   0.00000	   0.00000	   0.00000	
   1.26105	  66.25408	 490.11337	        P1	
   0.00000	 155.80628	 465.40177	        P1	
   0.00000	 262.10401	 248.66047	        P1	
   1.26105	 415.72609	 595.13766	        P1	
   0.00000	 435.38389	 483.93547	        P1	
   1.26105	 546.77809	 423.70094	        P1	
   1.26105	 561.33941	 574.54468	        P1	
   0.00000	 583.90949	 298.59847	        P1	
   3.78315	  51.69272	 553.95171	        P1	
   3.78315	  56.06112	 296.02439	        P1	
   2.52210	  82.99960	 376.85189	        P1	
   3.78315	 141.97300	  80.31270	        P1	
   2.52210	 246.08652	 387.14841	        P1	
   2.52210	 299.96349	  82.37198	        P1	
   2.52210	 308.70029	 398.98934	        P1	
   2.52210	 358.20881	  81.85717	        P1	
   3.78315	 471.05913	 469.00558	        P1	
   2.52210	 470.33109	 545.71447	        P1	
   3.78315	 476.88369	 553.43684	        P1	
   2.52210	 512.55893	  67.44209	        P1	
   6.30525	  63.34180	  69.50137	        P1	
   6.30525	  73.53472	  98.33159	        P1	
   6.30525	 159.44660	  92.66850	        P1	
   5.04420	 167.45532	   4.11862	        P1	
   5.04420	 232.98132	   5.66310	        P1	
   6.30525	 316.70901	 148.26960	        P1	
   6.30525	 334.18261	 619.33446	        P1	
   6.30525	 353.11233	  30.37469	        P1	
   6.30525	 383.69113	  30.37469	        P1	
   6.30525	 393.88409	 415.97857	        P1	
   5.04420	 495.08533	 524.60668	        P1	
   5.04420	 576.62881	  26.25607	        P1	
   8.82735	  96.83288	 590.50424	        P1	
   7.56630	 348.01589	 300.14295	        P1	
   7.56630	 416.45413	  28.83022	        P1	
  11.34945	   6.55260	  63.32347	        P1	
  11.34945	 440.48033	 289.84649	        P1	
  10.08840	 538.76933	 357.80339	        P1	
  10.08840	 567.89201	 117.38010	        P1	
  12.61050	  69.89440	  24.71160	        P1	
  13.87155	  85.18380	 166.80330	        P1	
  12.61050	 112.12228	 100.90568	        P1	
  12.61050	 123.77132	 370.15919	        P1	
  12.61050	 275.20921	  44.78977	        P1	
  13.87155	 335.63873	 469.00558	        P1	
  13.87155	 356.02461	  50.96767	        P1	
  13.87155	 357.48073	 251.23461	        P1	
  13.87155	 358.93689	 368.09984	        P1	
  12.61050	 497.99761	 298.08367	        P1	
  12.61050	 578.08493	 572.48541	        P1	
  15.13260	  62.61372	 487.53928	        P1	
  16.39365	  85.18380	  50.96767	        P1	
  15.13260	 155.80628	 483.93547	        P1	
  15.13260	 165.99920	 279.54997	        P1	
  15.13260	 262.10401	 556.01099	        P1	
  15.13260	 298.50733	  92.15369	        P1	
  16.39365	 437.56809	 428.33437	        P1	
  16.39365	 472.51529	  57.66038	        P1	
  15.13260	 521.29573	 444.29398	        P1	
  18.91575	 159.44660	 600.80076	        P1	
  17.65470	 176.19212	 549.31828	        P1	
  18.91575	 239.53392	   4.11862	        P1	
  17.65470	 297.05121	 193.05937	        P1	
  17.65470	 431.01549	 120.98385	        P1	
  17.65470	 471.78721	 234.76019	        P1	
  18.91575	 599.19889	 397.44487	        P1	
  20.17680	  21.84200	 409.28586	        P1	
  20.17680	  36.40332	 541.59591	        P1	
  21.43785	 206.04289	 300.14295	        P1	
  20.17680	 221.33229	  83.91645	        P1	
  20.17680	 263.56012	 363.98129	        P1	
  21.43785	 396.79633	 442.74951	        P1	
  21.43785	 527.84833	 424.21581	        P1	
  20.17680	 554.78681	 290.36129	        P1	
  20.17680	 575.17269	 199.75207	        P1	
  23.95995	  40.04368	 139.51755	        P1	
  23.95995	  50.23660	 333.60659	        P1	
  22.69890	 235.89361	  74.13480	        P1	
  23.95995	 273.02501	 298.08367	        P1	
  22.69890	 276.66532	 158.56612	        P1	
  22.69890	 575.17269	 119.43938	        P1	
  25.22100	  45.14012	 308.38019	        P1	
  25.22100	 147.06948	 170.40705	        P1	
  26.48205	 163.81500	 291.90577	        P1	
  25.22100	 212.59549	 502.46917	        P1	
  25.22100	 218.42000	 574.54468	        P1	
  25.22100	 235.89361	 135.91380	        P1	
  26.48205	 236.62169	 609.03794	        P1	
  26.48205	 364.76141	 409.28586	        P1	
  26.48205	 570.07621	  80.31270	        P1	
  25.22100	 572.26041	 506.58779	        P1	
  25.22100	 599.92693	 170.92192	        P1	
  27.74310	  23.29812	 201.81142	        P1	
  27.74310	 154.35012	   5.66310	        P1	
  27.74310	 202.40252	 510.70641	        P1	
  29.00415	 216.23580	 328.97317	        P1	
  29.00415	 287.58632	 109.14292	        P1	
  29.00415	 318.16513	 197.17799	        P1	
  27.74310	 350.92813	 294.47991	        P1	
  29.00415	 409.90153	 413.40448	        P1	
  27.74310	 447.03293	 455.10531	        P1	
  29.00415	 526.39221	  88.03507	        P1	
  29.00415	 558.42713	  42.73049	        P1	
  29.00415	 596.28661	 495.77646	        P1	
  29.00415	 596.28661	 520.48806	        P1	
  31.52625	 155.07820	 304.26157	        P1	
  31.52625	 165.27112	 481.36138	        P1	
  30.26520	 216.96389	  39.12668	        P1	
  31.52625	 224.97260	 291.90577	        P1	
  31.52625	 287.58632	 455.10531	        P1	
  31.52625	 306.51609	 195.11865	        P1	
  30.26520	 432.47161	 518.94359	        P1	
  31.52625	 516.19929	  46.84905	        P1	
  31.52625	 577.35689	 238.36395	        P1	
  34.04835	 140.51688	 107.08358	        P1	
  32.78730	 151.43788	 434.51227	        P1	
  34.04835	 232.25329	 199.75207	        P1	
  34.04835	 424.46289	 528.72524	        P1	
  32.78730	 519.83961	  86.49060	        P1	
  35.30940	 128.13972	 438.11608	        P1	
  35.30940	 174.73600	 174.52567	        P1	
  35.30940	 235.89361	  55.60110	        P1	
  35.30940	 307.24413	 580.20778	        P1	
  35.30940	 343.64749	 267.70897	        P1	
  35.30940	 375.68241	 143.63617	        P1	
  35.30940	 393.15601	 520.48806	        P1	
  36.57045	 471.05913	  98.33159	        P1	
  35.30940	 544.59389	 609.03794	        P1	
  39.09255	 172.55180	 580.72258	        P1	
  37.83150	 179.10440	 347.50687	        P1	
  39.09255	 293.41089	  65.38275	        P1	
  37.83150	 358.20881	 174.52567	        P1	
  37.83150	 525.66413	 195.63352	        P1	
  39.09255	 587.54981	 265.64969	        P1	
  39.09255	 605.02341	 556.01099	        P1	
  41.61465	 174.00792	 455.10531	        P1	
  40.35360	 199.49029	 485.47994	        P1	
  40.35360	 295.59509	 392.81144	        P1	
  41.61465	 293.41089	 428.33437	        P1	
  40.35360	 547.50613	 110.68739	        P1	
  40.35360	 601.38309	 158.05125	        P1	
  44.13675	 102.65740	 148.26960	        P1	
  42.87570	 228.61292	 357.80339	        P1	
  42.87570	 320.34933	 469.00558	        P1	
  42.87570	 353.84041	  13.90027	        P1	
  44.13675	 389.51569	 553.43684	        P1	
  44.13675	 578.81301	 415.46376	        P1	
  42.87570	 599.92693	 401.04869	        P1	
  45.39780	  46.59628	 386.63354	        P1	
  45.39780	  88.82412	 339.26969	        P1	
  46.65885	 213.32352	 584.84121	        P1	
  46.65885	 325.44581	 617.78998	        P1	
  46.65885	 345.83169	 170.40705	        P1	
  45.39780	 460.13813	 221.88959	        P1	
  46.65885	 468.14689	  96.27225	        P1	
  45.39780	 518.38349	 409.80067	        P1	
  46.65885	 567.16393	 306.83571	        P1	
  47.91990	 106.29772	 485.99481	        P1	
  47.91990	 477.61173	 147.75479	        P1	
  49.18095	 482.70821	 520.48806	        P1	
  47.91990	 516.92733	 506.07298	        P1	
  49.18095	 549.69033	  73.61999	        P1	
  49.18095	 549.69033	 189.45562	        P1	
  47.91990	 572.26041	 562.18889	        P1	
  49.18095	 581.72529	 547.25894	        P1	
  47.91990	 597.01469	  26.77088	        P1	
  49.18095	 594.83049	 403.62277	        P1	
  51.70305	  53.14888	 473.12414	        P1	
  50.44200	  61.15760	 112.74667	        P1	
  51.70305	  85.18380	 179.15910	        P1	
  50.44200	  84.45572	 275.94621	        P1	
  50.44200	 152.89400	 131.28037	        P1	
  50.44200	 160.17469	  15.95955	        P1	
  50.44200	 186.38509	 528.72524	        P1	
  50.44200	 205.31480	 191.51489	        P1	
  50.44200	 237.34972	 586.38568	        P1	
  51.70305	 335.63873	 345.44759	        P1	
  50.44200	 563.52361	 569.91126	        P1	
  50.44200	 607.20761	 327.42869	        P1	
  52.96410	  49.50852	 283.66859	        P1	
  52.96410	 112.12228	  51.48248	        P1	
  54.22515	 124.49940	 580.72258	        P1	
  52.96410	 149.98172	  41.18602	        P1	
  52.96410	 192.20960	   7.72237	        P1	
  54.22515	 198.76220	 551.37756	        P1	
  52.96410	 228.61292	 258.95699	        P1	
  52.96410	 241.71812	 479.81691	        P1	
  52.96410	 256.27949	 392.81144	        P1	
  52.96410	 272.29692	 518.42878	        P1	
  52.96410	 439.75229	 521.00287	        P1	
  54.22515	 517.65541	 526.66596	        P1	
  54.22515	 590.46209	 565.79264	        P1	
  55.48620	 152.89400	  86.49060	        P1	
  55.48620	 155.80628	 479.30204	        P1	
  56.74725	 433.19969	  90.09435	        P1	
  59.26935	 112.85032	 271.31279	        P1	
  59.26935	 109.93808	 318.67665	        P1	
  59.26935	 259.91981	 211.59307	        P1	
  59.26935	 312.34061	 315.07289	        P1	
  58.00830	 318.89321	 279.54997	        P1	
  58.00830	 390.24373	  35.00812	        P1	
  58.00830	 419.36641	 494.23199	        P1	
  58.00830	 468.87493	 178.64429	        P1	
  58.00830	 499.45373	 302.20229	        P1	
  59.26935	 567.16393	 499.89508	        P1	
  60.53040	  56.78920	 185.33700	        P1	
  61.79145	  58.97340	 605.43418	        P1	
  61.79145	 109.93808	 306.32085	        P1	
  61.79145	 171.09569	 539.53657	        P1	
  60.53040	 183.47280	  67.95690	        P1	
  61.79145	 220.60420	 172.98120	        P1	
  61.79145	 424.46289	 607.49346	        P1	
  60.53040	 429.55933	 380.97051	        P1	
  60.53040	 451.40133	 325.36941	        P1	
  60.53040	 601.38309	 465.40177	        P1	
  63.05250	 115.03452	 121.49872	        P1	
  64.31355	 340.00713	 487.53928	        P1	
  64.31355	 382.23501	 228.58229	        P1	
  64.31355	 593.37433	 201.81142	        P1	
  63.05250	 597.01469	 298.59847	        P1	
  64.31355	 605.02341	 210.04859	        P1	
  65.57460	 182.01669	 354.19957	        P1	
  65.57460	 314.52481	 166.80330	        P1	
  66.83565	 372.04209	 212.10787	        P1	
  65.57460	 454.31361	 328.97317	        P1	
  66.83565	 471.05913	   5.66310	        P1	
  66.83565	 542.40969	  40.67115	        P1	
  68.09670	  97.56092	  10.29652	        P1	
  69.35775	 140.51688	  96.27225	        P1	
  69.35775	 149.25368	  70.01618	        P1	
  69.35775	 178.37632	  59.71972	        P1	
  68.09670	 219.87612	 141.57689	        P1	
  68.09670	 232.98132	 288.30201	        P1	
  68.09670	 263.56012	 252.77909	        P1	
  68.09670	 438.29613	 319.19151	        P1	
  69.35775	 475.42753	 141.57689	        P1	
  69.35775	 495.81341	  13.90027	        P1	
  68.09670	 514.01509	 578.14844	        P1	
  69.35775	 565.70781	 475.69829	        P1	
  69.35775	 574.44461	  26.25607	        P1	
  69.35775	 584.63753	 518.42878	        P1	
  70.61880	  61.15760	  63.32347	        P1	
  71.87985	  79.35928	  71.56065	        P1	
  70.61880	 171.82372	  55.08629	        P1	
  70.61880	 218.42000	 160.62540	        P1	
  70.61880	 414.99801	 390.75216	        P1	
  71.87985	 423.00673	 234.24539	        P1	
  71.87985	 460.86621	 230.12677	        P1	
  74.40195	  74.99088	 428.33437	        P1	
  73.14090	  84.45572	  53.54182	        P1	
  74.40195	 165.27112	 617.27518	        P1	
  73.14090	 232.98132	 363.98129	        P1	
  74.40195	 264.28821	 335.15107	        P1	
  73.14090	 353.84041	  98.84640	        P1	
  74.40195	 389.51569	 559.61474	        P1	
  74.40195	 514.74313	 357.80339	        P1	
  74.40195	 616.67249	 317.13217	        P1	
  76.92405	   6.55260	 556.01099	        P1	
  76.92405	  22.57008	 181.21837	        P1	
  76.92405	  64.79792	 170.92192	        P1	
  76.92405	 146.34140	 501.95436	        P1	
  76.92405	 194.39380	 549.83309	        P1	
  76.92405	 353.11233	 289.84649	        P1	
  75.66300	 349.47201	 384.57426	        P1	
  76.92405	 383.69113	 257.41251	        P1	
  75.66300	 410.62961	 205.41517	        P1	
  75.66300	 506.73441	 617.78998	        P1	
  76.92405	 589.00593	  41.18602	        P1	
  78.18510	  10.19292	  65.89762	        P1	
  78.18510	  26.21040	 352.14029	        P1	
  78.18510	  33.49108	   3.60375	        P1	
  78.18510	 119.40292	 467.46111	        P1	
  79.44615	 194.39380	 217.77097	        P1	
  78.18510	 311.61253	 530.78458	        P1	
  79.44615	 316.70901	 278.00549	        P1	
  79.44615	 475.42753	  59.71972	        P1	
  80.70720	 113.57840	 111.20220	        P1	
  80.70720	 183.47280	 254.83837	        P1	
  81.96825	 363.30529	 300.14295	        P1	
  80.70720	 381.50693	 343.90311	        P1	
  80.70720	 384.41921	 123.55800	        P1	
  80.70720	 448.48909	 596.68214	        P1	
  80.70720	 451.40133	 246.60119	        P1	
  81.96825	 500.18181	 335.15107	        P1	
  81.96825	 511.83089	 236.81947	        P1	
  81.96825	 618.12861	 105.02430	        P1	
  80.70720	 617.40053	 598.74148	        P1	
  83.22930	  13.10520	 594.62286	        P1	
  83.22930	 170.36760	 118.92457	        P1	
  83.22930	 208.22709	 423.70094	        P1	
  83.22930	 259.19172	 518.42878	        P1	
  83.22930	 267.92852	  11.84100	        P1	
  83.22930	 324.71773	 394.87079	        P1	
  84.49035	 335.63873	 419.58238	        P1	
  84.49035	 393.88409	 144.15098	        P1	
  84.49035	 492.90113	 294.47991	        P1	
  83.22930	 495.08533	 530.78458	        P1	
  83.22930	 617.40053	 493.71718	        P1	
  87.01245	  47.32432	 164.74402	        P1	
  87.01245	  99.74512	 221.88959	        P1	
  85.75140	 107.75388	 145.69545	        P1	
  85.75140	 318.89321	 370.67399	        P1	
  87.01245	 450.67329	 442.23464	        P1	
  87.01245	 510.37473	 510.70641	        P1	
  87.01245	 581.72529	 619.84926	        P1	
  87.01245	 596.28661	 278.00549	        P1	
  85.75140	 601.38309	  94.72778	        P1	
  89.53455	  61.88568	 522.54734	        P1	
  88.27350	 145.61332	  24.19679	        P1	
  88.27350	 165.99920	 384.57426	        P1	
  88.27350	 329.08613	 269.76831	        P1	
  89.53455	 535.12901	 308.89499	        P1	
  88.27350	 551.87453	 419.58238	        P1	
  92.05665	 141.97300	 549.83309	        P1	
  92.05665	 236.62169	 392.81144	        P1	
  92.05665	 313.79673	 152.38822	        P1	
  90.79560	 320.34933	  78.25342	        P1	
  93.31770	  69.89440	  50.96767	        P1	
  93.31770	  90.28028	  15.95955	        P1	
  94.57875	 347.28781	  86.49060	        P1	
  94.57875	 437.56809	 440.69017	        P1	
  94.57875	 529.30449	 454.59044	        P1	
  93.31770	 534.40093	 479.81691	        P1	
  93.31770	 597.01469	  71.56065	        P1	
  97.10085	   3.64032	 121.49872	        P1	
  95.83980	  74.26280	 296.53919	        P1	
  95.83980	 106.29772	 516.88431	        P1	
  95.83980	 282.48989	   2.05928	        P1	
  97.10085	 329.81421	 106.56877	        P1	
  95.83980	 365.48949	 366.55537	        P1	
  95.83980	 480.52401	 376.85189	        P1	
  95.83980	 516.92733	 201.81142	        P1	
  95.83980	 525.66413	   4.11862	        P1	
  99.62295	  24.02620	   6.17790	        P1	
  99.62295	 127.41168	 348.02167	        P1	
  98.36190	 171.82372	 401.04869	        P1	
  99.62295	 238.07781	 261.01627	        P1	
  99.62295	 238.07781	 285.72787	        P1	
  99.62295	 307.97221	 525.12149	        P1	
  99.62295	 338.55101	 186.88147	        P1	
  98.36190	 487.80469	 318.67665	        P1	
  99.62295	 609.39181	 223.94887	        P1	
  99.62295	 615.21633	 578.66331	        P1	
  99.62295	 616.67249	 423.70094	        P1	
 102.14505	  13.83328	 224.46367	        P1	
 100.88400	  87.36800	  61.77900	        P1	
 102.14505	 307.97221	 514.31016	        P1	
 100.88400	 336.36681	 129.73590	        P1	
 100.88400	 425.19093	 578.66331	        P1	
 102.14505	 471.05913	  90.60922	        P1	
 102.14505	 583.18141	 619.33446	        P1	
 104.66715	 238.07781	 100.39087	        P1	
 104.66715	 310.88449	 162.68468	        P1	
 104.66715	 418.63833	 541.59591	        P1	
 104.66715	 428.83129	 454.59044	        P1	
 104.66715	 446.30489	 372.73327	        P1	
 103.40610	 479.06789	 385.08907	        P1	
 103.40610	 490.71693	 246.60119	        P1	
 103.40610	 602.83921	  12.35580	        P1	
 104.66715	 607.93569	 107.08358	        P1	
 105.92820	 163.08692	 158.56612	        P1	
 107.18925	 309.42833	  53.54182	        P1	
 107.18925	 484.16433	 215.71169	        P1	
 107.18925	 587.54981	 162.16987	        P1	
 109.71135	 174.00792	 177.09982	        P1	
 109.71135	 340.00713	 547.77381	        P1	
 108.45030	 390.24373	 436.57161	        P1	
 109.71135	 417.18221	  98.84640	        P1	
 108.45030	 474.69949	 460.76834	        P1	
 108.45030	 537.31321	 606.97866	        P1	
 109.71135	 554.05873	 424.21581	        P1	
 112.23345	   0.72808	 335.66587	        P1	
 112.23345	  15.28940	 401.56349	        P1	
 112.23345	  67.71020	 112.74667	        P1	
 112.23345	 219.14809	 331.03245	        P1	
 110.97240	 240.26201	 376.85189	        P1	
 112.23345	 248.27072	 116.86529	        P1	
 112.23345	 548.23421	 551.37756	        P1	
 114.75555	  74.99088	 323.31007	        P1	
 113.49450	  91.73640	 557.55546	        P1	
 114.75555	 123.04328	 120.98385	        P1	
 113.49450	 269.38469	  77.73855	        P1	
 114.75555	 278.84952	 368.61471	        P1	
 113.49450	 282.48989	  94.72778	        P1	
 114.75555	 328.35809	 293.96505	        P1	
 113.49450	 337.82293	 214.16722	        P1	
 114.75555	 360.39301	 265.64969	        P1	
 114.75555	 377.86661	 316.61737	        P1	
 114.75555	 398.25249	 582.78186	        P1	
 113.49450	 551.87453	 339.26969	        P1	
 114.75555	 559.88329	 188.94075	        P1	
 114.75555	 562.79553	 388.69289	        P1	
 113.49450	 579.54109	 558.07026	        P1	
 117.27765	  74.99088	 534.90314	        P1	
 117.27765	 182.74472	  28.83022	        P1	
 117.27765	 478.33981	  26.25607	        P1	
 117.27765	 599.19889	 374.27774	        P1	
 118.53870	   0.00000	 427.81956	        P1	
 118.53870	 198.03412	 387.14841	        P1	
 119.79975	 227.88489	   2.05928	        P1	
 118.53870	 235.89361	 193.05937	        P1	
 118.53870	 393.15601	 179.15910	        P1	
 118.53870	 547.50613	 289.84649	        P1	
 118.53870	 550.41841	  67.95690	        P1	
 121.06080	  16.01748	 403.62277	        P1	
 121.06080	 200.94640	 495.77646	        P1	
 122.32185	 239.53392	  61.26419	        P1	
 122.32185	 332.72649	 244.54185	        P1	
 121.06080	 364.03333	 536.96248	        P1	
 122.32185	 390.97181	  94.21297	        P1	
 122.32185	 389.51569	 213.65235	        P1	
 122.32185	 393.88409	 337.21035	        P1	
 121.06080	 528.57641	 364.49609	        P1	
 123.58290	  53.87692	 345.44759	        P1	
 123.58290	 120.85908	 267.70897	        P1	
 123.58290	 136.87652	 382.51499	        P1	
 124.84395	 144.88528	 541.08104	        P1	
 124.84395	 149.25368	 609.03794	        P1	
 124.84395	 160.90272	 456.64978	        P1	
 123.58290	 170.36760	 557.55546	        P1	
 124.84395	 176.92020	 508.13226	        P1	
 124.84395	 401.16473	 580.20778	        P1	
 123.58290	 448.48909	 496.29127	        P1	
 124.84395	 591.91821	 240.93809	        P1	
 126.10500	   2.91228	 335.66587	        P1	
 127.36605	  80.81540	  80.31270	        P1	
 127.36605	 115.76260	 444.80879	        P1	
 127.36605	 123.04328	 131.79518	        P1	
 126.10500	 131.05200	 611.61208	        P1	
 126.10500	 283.94601	 304.26157	        P1	
 126.10500	 356.75269	 423.70094	        P1	
 127.36605	 398.25249	 193.57417	        P1	
 126.10500	 442.66453	 516.88431	        P1	
 127.36605	 447.76101	 488.05409	        P1	
 126.10500	 479.06789	 170.40705	        P1	
 127.36605	 578.81301	 211.59307	        P1	
 128.62710	 113.57840	 574.54468	        P1	
 128.62710	 144.15720	 105.02430	        P1	
 128.62710	 214.05160	 440.17536	        P1	
 128.62710	 313.06869	 176.58495	        P1	
 128.62710	 353.84041	 593.07838	        P1	
 128.62710	 407.71733	 499.89508	        P1	
 129.88815	 484.16433	  10.29652	        P1	
 132.41025	 299.23541	 261.01627	        P1	
 131.14920	 324.71773	 351.62549	        P1	
 132.41025	 353.11233	 146.21032	        P1	
 131.14920	 387.33149	 236.81947	        P1	
 131.14920	 404.80509	 466.94624	        P1	
 131.14920	 489.26081	 333.60659	        P1	
 132.41025	 495.81341	 117.38010	        P1	
 131.14920	 524.20801	  37.06740	        P1	
 131.14920	 534.40093	 140.03242	        P1	
 132.41025	 539.49741	 353.68477	        P1	
 134.93235	   5.09648	 397.44487	        P1	
 134.93235	  26.93848	 397.44487	        P1	
 133.67130	  90.28028	 436.05674	        P1	
 134.93235	 257.00752	 288.30201	        P1	
 134.93235	 412.81381	 489.59856	        P1	
 134.93235	 471.05913	  72.07552	        P1	
 133.67130	 493.62921	 149.81407	        P1	
 134.93235	 581.72529	 354.19957	        P1	
 136.19340	  18.92972	 561.67408	        P1	
 136.19340	  24.75428	 403.62277	        P1	
 137.45445	  86.63992	 493.71718	        P1	
 137.45445	 254.09529	  20.59298	        P1	
 137.45445	 328.35809	   3.60375	        P1	
 137.45445	 348.74393	 121.49872	        P1	
 136.19340	 371.31401	  13.90027	        P1	
 137.45445	 494.35729	 502.46917	        P1	
 139.97655	  29.85072	 543.14038	        P1	
 139.97655	  38.58752	 294.47991	        P1	
 139.97655	  77.90312	 170.92192	        P1	
 138.71550	  90.28028	 331.03245	        P1	
 139.97655	 242.44621	 593.07838	        P1	
 139.97655	 356.02461	 613.15656	        P1	
 138.71550	 361.12109	 588.95976	        P1	
 139.97655	 376.41049	  20.59298	        P1	
 139.97655	 379.32273	 615.73070	        P1	
 139.97655	 543.86581	 228.58229	        P1	
 141.23760	  62.61372	 320.73599	        P1	
 141.23760	  72.80668	 236.81947	        P1	
 142.49865	 118.67488	 521.00287	        P1	
 141.23760	 177.64829	 249.17527	        P1	
 142.49865	 182.74472	  84.43132	        P1	
 141.23760	 199.49029	 423.70094	        P1	
 141.23760	 422.27869	 156.50678	        P1	
 142.49865	 427.37513	 536.96248	        P1	
 141.23760	 543.13773	 393.32631	        P1	
 141.23760	 594.10241	 174.52567	        P1	
 143.75970	 216.96389	 108.62805	        P1	
 143.75970	 281.03373	 220.34512	        P1	
 143.75970	 320.34933	  10.29652	        P1	
 143.75970	 355.29653	 393.32631	        P1	
 143.75970	 483.43629	  32.94878	        P1	
 143.75970	 575.17269	 119.43938	        P1	
 147.54285	   3.64032	 487.53928	        P1	
 146.28180	  33.49108	 244.54185	        P1	
 146.28180	  99.01708	 590.50424	        P1	
 147.54285	 289.04249	  28.31535	        P1	
 146.28180	 412.08573	 444.29398	        P1	
 147.54285	 504.55021	 143.63617	        P1	
 150.06495	  41.49980	   7.72237	        P1	
 148.80390	  39.31560	 458.70906	        P1	
 148.80390	 200.94640	 557.55546	        P1	
 148.80390	 228.61292	 351.62549	        P1	
 148.80390	 304.33189	  82.37198	        P1	
 148.80390	 463.05041	 267.19417	        P1	
 150.06495	 510.37473	 499.89508	        P1	
 151.32600	   5.82452	 461.28321	        P1	
 152.58705	   6.55260	 495.77646	        P1	
 151.32600	  87.36800	 310.43947	        P1	
 151.32600	 193.66572	  42.73049	        P1	
 152.58705	 265.74432	  41.18602	        P1	
 152.58705	 299.23541	 389.20769	        P1	
 152.58705	 363.30529	 348.02167	        P1	
 151.32600	 396.06829	 158.05125	        P1	
 152.58705	 516.19929	  15.95955	        P1	
 151.32600	 556.24293	 164.74402	        P1	
 155.10915	  41.49980	 321.25079	        P1	
 155.10915	 210.41129	 541.08104	        P1	
 155.10915	 248.27072	 467.46111	        P1	
 153.84810	 348.01589	 250.71975	        P1	
 155.10915	 428.83129	 613.67136	        P1	
 155.10915	 460.86621	 142.09170	        P1	
 156.37020	 451.40133	  35.00812	        P1	
 156.37020	 548.96229	 137.97308	        P1	
 157.63125	 613.76021	 217.77097	        P1	
 160.15335	   3.64032	 221.88959	        P1	
 158.89230	  59.70148	 349.56614	        P1	
 158.89230	 404.80509	 145.69545	        P1	
 160.15335	 433.19969	 584.32634	        P1	
 158.89230	 444.12069	 244.54185	        P1	
 160.15335	 545.32193	 469.00558	        P1	
 158.89230	 546.05001	 174.52567	        P1	
 161.41440	  16.01748	 415.97857	        P1	
 162.67545	 201.67449	  26.77088	        P1	
 162.67545	 312.34061	   1.54447	        P1	
 162.67545	 356.02461	 168.34777	        P1	
 162.67545	 613.76021	 112.74667	        P1	
 162.67545	 615.21633	 566.30751	        P1	
 165.19755	  29.85072	 183.27772	        P1	
 163.93650	  62.61372	 275.94621	        P1	
 165.19755	 245.35849	 613.67136	        P1	
 165.19755	 261.37592	 535.41801	        P1	
 163.93650	 350.92813	 121.49872	        P1	
 163.93650	 438.29613	 524.60668	        P1	
 163.93650	 442.66453	 492.17271	        P1	
 163.93650	 572.26041	 500.40989	        P1	
 167.71965	 299.23541	  67.95690	        P1	
 167.71965	 328.35809	 391.26697	        P1	
 167.71965	 356.02461	   1.54447	        P1	
 166.45860	 483.43629	 343.38825	        P1	
 167.71965	 510.37473	 535.41801	        P1	
 166.45860	 547.50613	 302.20229	        P1	
 166.45860	 608.66373	 523.06221	        P1	
 170.24175	  10.92100	 508.13226	        P1	
 170.24175	  73.53472	 516.88431	        P1	
 170.24175	  86.63992	 418.03791	        P1	
 170.24175	 166.72728	 324.85455	        P1	
 170.24175	 200.21832	 133.85452	        P1	
 170.24175	 388.05953	 158.56612	        P1	
 170.24175	 440.48033	 492.17271	        P1	
 170.24175	 473.97141	 390.75216	        P1	
 171.50280	 173.27989	 386.63354	        P1	
 171.50280	 313.06869	 230.64157	        P1	
 172.76385	 310.88449	 466.94624	        P1	
 172.76385	 341.46329	 436.05674	        P1	
 171.50280	 362.57721	 242.48257	        P1	
 172.76385	 431.74353	  18.01890	        P1	
 171.50280	 442.66453	 164.74402	        P1	
 172.76385	 498.72569	 522.54734	        P1	
 171.50280	 516.92733	  36.55259	        P1	
 171.50280	 602.83921	 186.88147	        P1	
 172.76385	 618.12861	 611.61208	        P1	
 175.28595	  86.63992	 411.86001	        P1	
 175.28595	 192.93769	 428.33437	        P1	
 174.02490	 254.82332	 431.93818	        P1	
 175.28595	 318.16513	 191.00009	        P1	
 175.28595	 322.53353	 146.21032	        P1	
 174.02490	 331.99841	 205.41517	        P1	
 174.02490	 394.61213	 438.11608	        P1	
 174.02490	 467.41881	  57.14557	        P1	
 175.28595	 487.07661	 180.70357	        P1	
 175.28595	 543.86581	 236.30467	        P1	
 175.28595	 589.00593	 333.09179	        P1	
 177.80805	   2.18420	 174.52567	        P1	
 177.80805	 105.56968	 615.21584	        P1	
 176.54700	 148.52560	  98.84640	        P1	
 177.80805	 168.18340	 370.67399	        P1	
 176.54700	 184.92892	 127.67662	        P1	
 177.80805	 184.20089	 349.56614	        P1	
 176.54700	 189.29732	 430.39371	        P1	
 176.54700	 199.49029	 440.69017	        P1	
 176.54700	 253.36721	 142.09170	        P1	
 177.80805	 264.28821	 450.98669	        P1	
 177.80805	 389.51569	 372.73327	        P1	
 176.54700	 484.89241	 247.11599	        P1	
 177.80805	 559.88329	 250.71975	        P1	
 176.54700	 580.99721	 111.20220	        P1	
 176.54700	 586.82173	 530.78458	        P1	
 179.06910	  48.05240	 322.79527	        P1	
 179.06910	  56.78920	 506.58779	        P1	
 179.06910	  91.73640	   7.72237	        P1	
 180.33015	 144.88528	 440.69017	        P1	
 180.33015	 216.23580	 322.79527	        P1	
 179.06910	 234.43749	 175.04047	        P1	
 180.33015	 290.49861	 403.10796	        P1	
 180.33015	 341.46329	 354.19957	        P1	
 180.33015	 389.51569	 175.04047	        P1	
 180.33015	 444.84873	 164.74402	        P1	
 179.06910	 506.73441	 520.48806	        P1	
 179.06910	 527.12029	  14.41508	        P1	
 181.59120	 149.98172	 158.56612	        P1	
 181.59120	 148.52560	 599.25628	        P1	
 182.85225	 172.55180	  26.25607	        P1	
 181.59120	 286.85829	  70.01618	        P1	
 181.59120	 283.94601	 433.99746	        P1	
 181.59120	 353.84041	 557.55546	        P1	
 181.59120	 540.22549	 100.90568	        P1	
 182.85225	 583.18141	 501.95436	        P1	
 185.37435	  19.65780	 199.23727	        P1	
 185.37435	 229.34101	 267.19417	        P1	
 186.63540	  14.56132	 121.49872	        P1	
 186.63540	 224.24452	 572.48541	        P1	
 186.63540	 256.27949	  65.38275	        P1	
 187.89645	 258.46369	 595.13766	        P1	
 187.89645	 297.77929	 436.05674	        P1	
 187.89645	 383.69113	  16.47442	        P1	
 186.63540	 496.54149	 534.90314	        P1	
 189.15750	 254.82332	 455.10531	        P1	
 189.15750	 285.40213	 232.70091	        P1	
 189.15750	 313.06869	 335.66587	        P1	
 189.15750	 563.52361	 285.72787	        P1	
 189.15750	 566.43589	 417.52304	        P1	
 190.41855	 586.09369	 349.56614	        P1	
 191.67960	  82.99960	 395.38559	        P1	
 192.94065	 290.49861	 310.43947	        P1	
 192.94065	 439.02421	 291.90577	        P1	
 192.94065	 602.11113	 436.57161	        P1	
 195.46275	  60.42952	 444.29398	        P1	
 194.20170	 103.38548	 570.42606	        P1	
 194.20170	 113.57840	 174.52567	        P1	
 194.20170	 179.10440	 593.07838	        P1	
 195.46275	 187.11312	 387.14841	        P1	
 194.20170	 206.77092	  55.08629	        P1	
 195.46275	 318.16513	 374.79261	        P1	
 195.46275	 538.04129	 298.59847	        P1	
 194.20170	 578.08493	 584.84121	        P1	
 197.98485	  40.04368	 576.60396	        P1	
 197.98485	  80.81540	 335.15107	        P1	
 196.72380	 311.61253	 296.02439	        P1	
 196.72380	 380.05081	 304.26157	        P1	
 196.72380	 425.19093	 523.06221	        P1	
 196.72380	 547.50613	   4.11862	        P1	
 197.98485	 591.91821	 222.40439	        P1	
 200.50695	 117.21872	 129.22109	        P1	
 199.24590	 117.94680	 617.78998	        P1	
 199.24590	 147.06948	 360.37747	        P1	
 200.50695	 286.13021	 586.90048	        P1	
 200.50695	 329.81421	 302.71709	        P1	
 199.24590	 419.36641	  13.90027	        P1	
 200.50695	 535.12901	 576.08916	        P1	
 199.24590	 618.85670	 551.89236	        P1	
 203.02905	   0.72808	 324.85455	        P1	
 201.76800	   7.28068	 324.85455	        P1	
 203.02905	  54.60500	 512.76569	        P1	
 201.76800	  59.70148	 528.72524	        P1	
 201.76800	  81.54348	 244.54185	        P1	
 203.02905	  85.18380	 197.69279	        P1	
 201.76800	 161.63080	 457.16459	        P1	
 201.76800	 291.22669	 609.03794	        P1	
 201.76800	 330.54229	 551.89236	        P1	
 203.02905	 440.48033	 374.79261	        P1	
 201.76800	 487.80469	 473.12414	        P1	
 204.29010	  96.10480	 518.94359	        P1	
 205.55115	 204.58672	 240.42329	        P1	
 205.55115	 290.49861	  32.43397	        P1	
 204.29010	 305.78801	 395.38559	        P1	
 204.29010	 315.98093	 518.42878	        P1	
 204.29010	 447.03293	 580.20778	        P1	
 205.55115	 492.90113	 102.96502	        P1	
 205.55115	 607.93569	  46.84905	        P1	
 206.81220	  21.84200	 172.98120	        P1	
 208.07325	  45.86820	 518.94359	        P1	
 208.07325	  63.34180	  30.88950	        P1	
 208.07325	 105.56968	 590.50424	        P1	
 206.81220	 125.22748	 473.12414	        P1	
 208.07325	 210.41129	 181.21837	        P1	
 206.81220	 282.48989	 571.97054	        P1	
 208.07325	 380.77889	  96.27225	        P1	
 206.81220	 470.33109	 590.50424	        P1	
 206.81220	 479.06789	 429.87884	        P1	
 206.81220	 516.92733	 277.49069	        P1	
 209.33430	   1.45612	 246.60119	        P1	
 210.59535	  98.28900	 304.26157	        P1	
 209.33430	 237.34972	  61.26419	        P1	
 210.59535	 309.42833	 153.93269	        P1	
 209.33430	 359.66493	 370.15919	        P1	
 209.33430	 377.13853	  85.97579	        P1	
 210.59535	 417.18221	 217.77097	        P1	
 209.33430	 515.47121	 458.70906	        P1	
 210.59535	 520.56769	 539.53657	        P1	
 211.85640	  50.96468	 504.01364	        P1	
 213.11745	 109.93808	 545.71447	        P1	
 213.11745	 203.13060	 378.39637	        P1	
 213.11745	 246.81461	 433.99746	        P1	
 213.11745	 379.32273	 357.80339	        P1	
 213.11745	 583.18141	 265.64969	        P1	
 214.37850	  39.31560	 599.25628	        P1	
 215.63955	  67.71020	 135.91380	        P1	
 214.37850	 214.05160	  55.60110	        P1	
 214.37850	 218.42000	 284.18339	        P1	
 214.37850	 218.42000	 551.37756	        P1	
 214.37850	 304.33189	 615.21584	        P1	
 214.37850	 369.85789	 267.70897	        P1	
 215.63955	 385.14729	  40.67115	        P1	
 215.63955	 390.97181	 129.73590	        P1	
 214.37850	 535.85709	 471.57967	        P1	
 214.37850	 589.73401	   6.17790	        P1	
 218.16165	 157.99048	 527.18077	        P1	
 216.90060	 243.17429	 527.18077	        P1	
 216.90060	 257.73561	 304.26157	        P1	
 218.16165	 307.97221	  67.95690	        P1	
 218.16165	 425.91901	 112.74667	        P1	
 216.90060	 489.26081	 415.46376	        P1	
 218.16165	 548.23421	 520.48806	        P1	
 216.90060	 564.97973	 220.34512	        P1	
 220.68375	  50.23660	 539.02176	        P1	
 220.68375	 258.46369	 361.92194	        P1	
 219.42270	 353.84041	   1.54447	        P1	
 219.42270	 372.77013	 141.57689	        P1	
 220.68375	 441.93649	 232.18605	        P1	
 219.42270	 457.22589	 405.16724	        P1	
 220.68375	 539.49741	 376.85189	        P1	
 223.20585	 181.28860	 549.83309	        P1	
 221.94480	 289.77053	 506.07298	        P1	
 223.20585	 316.70901	 569.91126	        P1	
 223.20585	 344.37553	 197.17799	        P1	
 223.20585	 369.12981	 265.64969	        P1	
 223.20585	 453.58553	 164.74402	        P1	
 221.94480	 455.76973	 265.13489	        P1	
 221.94480	 467.41881	 112.74667	        P1	
 221.94480	 570.80429	 422.15647	        P1	
 224.46690	  24.75428	 298.59847	        P1	
 224.46690	  48.05240	 240.93809	        P1	
 224.46690	  56.78920	   7.72237	        P1	
 224.46690	  71.35052	 228.06749	        P1	
 225.72795	 118.67488	  32.94878	        P1	
 224.46690	 132.50812	 146.21032	        P1	
 224.46690	 262.10401	  92.66850	        P1	
 224.46690	 298.50733	 487.53928	        P1	
 224.46690	 396.06829	 403.62277	        P1	
 224.46690	 431.01549	 553.43684	        P1	
 224.46690	 618.85670	  15.95955	        P1	
 228.25005	  41.49980	 236.30467	        P1	
 228.25005	  48.78048	 466.94624	        P1	
 226.98900	  65.52600	 415.46376	        P1	
 226.98900	  74.26280	  88.03507	        P1	
 228.25005	 172.55180	 335.15107	        P1	
 226.98900	 186.38509	 335.66587	        P1	
 228.25005	 220.60420	  69.50137	        P1	
 228.25005	 383.69113	 226.52302	        P1	
 228.25005	 395.34021	 106.56877	        P1	
 228.25005	 421.55061	 556.01099	        P1	
 226.98900	 544.59389	 199.75207	        P1	
 230.77215	  18.20168	 343.38825	        P1	
 230.77215	  88.09608	 242.99737	        P1	
 230.77215	 117.21872	 195.63352	        P1	
 230.77215	 146.34140	 359.86267	        P1	
 229.51110	 320.34933	 413.40448	        P1	
 233.29425	   0.72808	 343.38825	        P1	
 233.29425	  73.53472	  48.90839	        P1	
 233.29425	  74.99088	 564.24816	        P1	
 233.29425	 118.67488	 236.81947	        P1	
 232.03320	 120.85908	 502.46917	        P1	
 233.29425	 149.25368	  26.77088	        P1	
 233.29425	 264.28821	 211.59307	        P1	
 233.29425	 340.00713	 325.36941	        P1	
 232.03320	 388.78761	 401.56349	        P1	
 233.29425	 421.55061	 421.64166	        P1	
 232.03320	 420.82253	 492.17271	        P1	
 232.03320	 438.29613	 203.35589	        P1	
 232.03320	 595.55853	 104.50949	        P1	
 234.55530	   8.73680	 469.52039	        P1	
 234.55530	  85.91188	 565.79264	        P1	
 234.55530	  97.56092	 481.36138	        P1	
 235.81635	 125.95552	  92.15369	        P1	
 234.55530	 263.56012	 362.43681	        P1	
 234.55530	 329.08613	 127.67662	        P1	
 234.55530	 468.87493	 456.64978	        P1	
 235.81635	 468.14689	 545.71447	        P1	
 234.55530	 467.41881	 549.83309	        P1	
 234.55530	 479.06789	 446.86807	        P1	
 234.55530	 499.45373	 467.46111	        P1	
 235.81635	 578.81301	 149.81407	        P1	
 238.33845	  77.90312	  90.60922	        P1	
 238.33845	 117.21872	 339.26969	        P1	
 238.33845	 281.76181	 432.45299	        P1	
 238.33845	 290.49861	 475.69829	        P1	
 237.07740	 441.20841	 440.17536	        P1	
 237.07740	 454.31361	 203.87069	        P1	
 238.33845	 564.25169	 107.08358	        P1	
 238.33845	 590.46209	 236.81947	        P1	
 239.59950	   5.82452	 325.36941	        P1	
 240.86055	  47.32432	  92.15369	        P1	
 239.59950	 147.06948	 576.60396	        P1	
 240.86055	 240.99009	 553.43684	        P1	
 239.59950	 259.19172	 424.21581	        P1	
 240.86055	 338.55101	 160.62540	        P1	
 239.59950	 358.20881	 594.62286	        P1	
 240.86055	 374.95433	 263.59041	        P1	
 240.86055	 399.70861	 574.54468	        P1	
 239.59950	 416.45413	 343.90311	        P1	
 240.86055	 439.02421	  88.03507	        P1	
 243.38265	  89.55220	 463.34249	        P1	
 242.12160	 141.24492	  35.00812	        P1	
 242.12160	 154.35012	 418.03791	        P1	
 242.12160	 176.19212	  92.15369	        P1	
 243.38265	 223.51649	  20.59298	        P1	
 243.38265	 235.16552	 529.24011	        P1	
 242.12160	 467.41881	 619.33446	        P1	
 243.38265	 507.46249	  28.31535	        P1	
 242.12160	 506.73441	 413.91929	        P1	
 242.12160	 535.85709	 343.38825	        P1	
 243.38265	 575.90073	 566.30751	        P1	
 242.12160	 618.85670	 120.98385	        P1	
 244.64370	  66.98212	 536.96248	        P1	
 245.90475	 222.06032	 191.00009	        P1	
 245.90475	 222.06032	 473.63901	        P1	
 244.64370	 343.64749	 244.54185	        P1	
 244.64370	 356.75269	 250.71975	        P1	
 244.64370	 358.20881	 106.56877	        P1	
 244.64370	 380.05081	 321.25079	        P1	
 244.64370	 412.08573	 448.92741	        P1	
 245.90475	 482.70821	 302.71709	        P1	
 245.90475	 497.26953	 479.81691	        P1	
 244.64370	 544.59389	 348.02167	        P1	
 248.42685	  28.39460	  20.07817	        P1	
 248.42685	  31.30688	 571.97054	        P1	
 247.16580	  69.89440	 118.92457	        P1	
 247.16580	  74.26280	 100.39087	        P1	
 247.16580	 218.42000	 364.49609	        P1	
 248.42685	 252.63912	 380.97051	        P1	
 247.16580	 289.77053	 586.38568	        P1	
 247.16580	 396.06829	 570.42606	        P1	
 247.16580	 460.13813	 455.10531	        P1	
 248.42685	 500.18181	 372.21847	        P1	
 247.16580	 564.97973	 578.66331	        P1	
 247.16580	 615.94441	 290.36129	        P1	
 249.68790	  85.91188	 436.05674	        P1	
 250.94895	 155.07820	 407.74139	        P1	
 250.94895	 159.44660	 613.15656	        P1	
 249.68790	 238.80589	 337.21035	        P1	
 250.94895	 274.48112	  24.19679	        P1	
 250.94895	 398.25249	 397.44487	        P1	
 249.68790	 477.61173	 578.66331	        P1	
 250.94895	 524.93609	 329.48797	        P1	
 250.94895	 580.26913	  18.01890	        P1	
 253.47105	  16.74552	 363.98129	        P1	
 252.21000	  18.92972	 405.68211	        P1	
 253.47105	  91.00832	 553.95171	        P1	
 253.47105	 111.39420	 413.91929	        P1	
 252.21000	 151.43788	 238.36395	        P1	
 253.47105	 162.35888	  40.67115	        P1	
 253.47105	 270.11272	 289.84649	        P1	
 253.47105	 360.39301	  13.90027	        P1	
 253.47105	 377.86661	 179.15910	        P1	
 253.47105	 482.70821	  98.84640	        P1	
 252.21000	 528.57641	 545.19966	        P1	
 254.73210	  66.98212	   5.66310	        P1	
 255.99315	 162.35888	 218.28577	        P1	
 254.73210	 238.80589	 491.65784	        P1	
 254.73210	 281.03373	 325.36941	        P1	
 254.73210	 313.06869	 459.22387	        P1	
 255.99315	 370.58593	 203.35589	        P1	
 254.73210	 420.82253	 228.06749	        P1	
 255.99315	 427.37513	 296.02439	        P1	
 255.99315	 440.48033	 288.30201	        P1	
 255.99315	 482.70821	 254.83837	        P1	
 255.99315	 527.84833	 543.14038	        P1	
 254.73210	 534.40093	 376.33709	        P1	
 257.25420	  91.73640	 569.91126	        P1	
 257.25420	 103.38548	 201.29655	        P1	
 258.51525	 159.44660	 125.10247	        P1	
 257.25420	 190.75349	 337.21035	        P1	
 257.25420	 196.57800	 475.69829	        P1	
 258.51525	 233.70941	 253.29389	        P1	
 258.51525	 261.37592	 288.30201	        P1	
 257.25420	 490.71693	 592.56358	        P1	
 258.51525	 606.47953	  84.43132	        P1	
 261.03735	 125.95552	 376.33709	        P1	
 259.77630	 135.42040	 539.02176	        P1	
 259.77630	 291.22669	 460.76834	        P1	
 263.55945	  32.76300	 143.63617	        P1	
 262.29840	 158.71852	 350.08101	        P1	
 263.55945	 239.53392	  53.54182	        P1	
 263.55945	 406.98929	 516.36944	        P1	
 263.55945	 414.26993	  78.25342	        P1	
 263.55945	 450.67329	 459.22387	        P1	
 264.82050	  10.19292	  78.25342	        P1	
 266.08155	  28.39460	 137.45827	        P1	
 264.82050	  82.99960	   6.17790	        P1	
 266.08155	 124.49940	 458.70906	        P1	
 264.82050	 247.54269	 446.86807	        P1	
 264.82050	 362.57721	 378.39637	        P1	
 264.82050	 425.19093	  98.33159	        P1	
 266.08155	 481.25209	 139.51755	        P1	
 264.82050	 522.75189	 162.68468	        P1	
 266.08155	 520.56769	 286.24267	        P1	
 264.82050	 551.87453	 431.93818	        P1	
 264.82050	 607.20761	 432.45299	        P1	
 268.60365	  53.14888	 378.91117	        P1	
 267.34260	 112.12228	 318.67665	        P1	
 267.34260	 129.59588	 619.84926	        P1	
 268.60365	 139.06072	 405.68211	        P1	
 267.34260	 152.89400	 291.90577	        P1	
 267.34260	 215.50772	 197.17799	        P1	
 268.60365	 444.84873	 110.68739	        P1	
 268.60365	 489.98889	 442.23464	        P1	
 267.34260	 512.55893	 141.57689	        P1	
 268.60365	 535.12901	 588.44496	        P1	
 267.34260	 617.40053	 357.80339	        P1	
 269.86470	   7.28068	 133.33965	        P1	
 269.86470	  39.31560	 216.22649	        P1	
 271.12575	 108.48192	 265.13489	        P1	
 271.12575	 280.30569	 331.03245	        P1	
 271.12575	 296.32313	 399.50421	        P1	
 271.12575	 329.81421	 543.65519	        P1	
 271.12575	 347.28781	 322.79527	        P1	
 271.12575	 399.70861	 308.89499	        P1	
 271.12575	 510.37473	  65.89762	        P1	
 271.12575	 513.28701	 353.68477	        P1	
 271.12575	 587.54981	 580.72258	        P1	
 273.64785	  31.30688	 417.52304	        P1	
 273.64785	 262.83209	 151.87335	        P1	
 272.38680	 487.80469	 533.35867	        P1	
 272.38680	 525.66413	 574.02988	        P1	
 276.16995	  57.51728	 398.98934	        P1	
 276.16995	  83.72768	 292.42057	        P1	
 274.90890	 426.64709	 483.93547	        P1	
 274.90890	 508.19053	 164.74402	        P1	
 276.16995	 535.12901	 265.64969	        P1	
 278.69205	  25.48232	 123.04319	        P1	
 277.43100	 110.66612	 135.39899	        P1	
 278.69205	 203.13060	  98.84640	        P1	
 277.43100	 285.40213	 512.25088	        P1	
 277.43100	 304.33189	 521.00287	        P1	
 277.43100	 358.20881	 341.32897	        P1	
 278.69205	 376.41049	 361.92194	        P1	
 278.69205	 434.65581	   7.72237	        P1	
 278.69205	 520.56769	 256.89765	        P1	
 277.43100	 551.87453	 184.82219	        P1	
 277.43100	 588.27789	 207.47445	        P1	
 277.43100	 608.66373	 448.92741	        P1	
 279.95310	 139.78880	 458.70906	        P1	
 281.21415	 242.44621	 409.28586	        P1	
 281.21415	 291.95473	 535.41801	        P1	
 281.21415	 344.37553	 102.96502	        P1	
 281.21415	 388.05953	 523.06221	        P1	
 279.95310	 438.29613	  36.55259	        P1	
 281.21415	 444.84873	 553.95171	        P1	
 279.95310	 458.68201	 568.36679	        P1	
 281.21415	 473.97141	 341.32897	        P1	
 281.21415	 527.84833	 448.92741	        P1	
 281.21415	 535.12901	 179.15910	        P1	
 279.95310	 563.52361	 444.80879	        P1	
 279.95310	 611.57601	  92.66850	        P1	
 282.47520	  50.96468	 343.38825	        P1	
 282.47520	 262.10401	 265.64969	        P1	
 283.73625	 268.65661	 512.76569	        P1	
 283.73625	 358.93689	 133.33965	        P1	
 284.99730	  37.85948	 275.43135	        P1	
 284.99730	 212.59549	 158.05125	        P1	
 284.99730	 286.85829	 354.19957	        P1	
 286.25835	 318.16513	 306.83571	        P1	
 284.99730	 429.55933	 455.10531	        P1	
 286.25835	 436.11193	 177.09982	        P1	
 286.25835	 478.33981	  24.71160	        P1	
 284.99730	 486.34853	 207.98932	        P1	
 284.99730	 604.29533	 512.25088	        P1	
 287.51940	 234.43749	  90.09435	        P1	
 287.51940	 320.34933	 516.88431	        P1	
 287.51940	 337.82293	 499.89508	        P1	
 288.78045	 340.00713	 504.52851	        P1	
 287.51940	 377.13853	 115.32082	        P1	
 287.51940	 423.73481	 518.94359	        P1	
 288.78045	 455.04169	 368.09984	        P1	
 288.78045	 479.79593	  11.84100	        P1	
 288.78045	 514.74313	 153.93269	        P1	
 287.51940	 548.96229	 348.02167	        P1	
 288.78045	 587.54981	 389.20769	        P1	
 290.04150	  14.56132	 469.00558	        P1	
 291.30255	  37.13140	 543.65519	        P1	
 290.04150	 132.50812	 123.04319	        P1	
 290.04150	 149.98172	 374.79261	        P1	
 290.04150	 334.91069	  15.95955	        P1	
 290.04150	 355.29653	 133.85452	        P1	
 291.30255	 447.76101	 525.12149	        P1	
 291.30255	 463.77849	 224.46367	        P1	
 290.04150	 598.47081	  49.42320	        P1	
 290.04150	 607.20761	 446.35326	        P1	
 292.56360	 115.03452	 197.17799	        P1	
 292.56360	 208.22709	 329.48797	        P1	
 292.56360	 314.52481	 501.95436	        P1	
 293.82465	 455.04169	 428.33437	        P1	
 292.56360	 471.78721	 494.23199	        P1	
 292.56360	 484.89241	 352.14029	        P1	
 293.82465	 503.09409	 218.28577	        P1	
 292.56360	 592.64629	 473.12414	        P1	
 295.08570	 199.49029	 483.93547	        P1	
 295.08570	 228.61292	 566.30751	        P1	
 295.08570	 283.94601	 556.01099	        P1	
 295.08570	 444.12069	 541.08104	        P1	
 296.34675	 513.28701	 180.70357	        P1	
 298.86885	  63.34180	 383.02979	        P1	
 297.60780	 148.52560	 236.30467	        P1	
 297.60780	 171.82372	  48.90839	        P1	
 297.60780	 433.92773	 314.55809	        P1	
 297.60780	 436.84001	 142.09170	        P1	
 298.86885	 456.49781	  67.95690	        P1	
 301.39095	  47.32432	 481.36138	        P1	
 300.12990	 190.75349	  82.37198	        P1	
 301.39095	 248.27072	 319.19151	        P1	
 300.12990	 365.48949	  82.37198	        P1	
 300.12990	 474.69949	  40.67115	        P1	
 300.12990	 503.82213	 195.63352	        P1	
 301.39095	 526.39221	 358.31819	        P1	
 301.39095	 526.39221	 489.59856	        P1	
 301.39095	 546.77809	 107.08358	        P1	
 300.12990	 575.17269	 570.42606	        P1	
 300.12990	 580.99721	 358.31819	        P1	
 303.91305	 105.56968	 176.58495	        P1	
 303.91305	 117.21872	 306.83571	        P1	
 303.91305	 275.93729	 553.43684	        P1	
 302.65200	 356.75269	 113.26148	        P1	
 302.65200	 382.96309	 485.47994	        P1	
 302.65200	 393.15601	 501.95436	        P1	
 303.91305	 436.11193	 195.63352	        P1	
 303.91305	 545.32193	  10.29652	        P1	
 305.17410	  45.14012	 424.21581	        P1	
 306.43515	 108.48192	 277.49069	        P1	
 306.43515	 586.09369	 238.36395	        P1	
 308.95725	  41.49980	 261.01627	        P1	
 307.69620	  42.22788	 281.60925	        P1	
 307.69620	 101.92932	 320.73599	        P1	
 308.95725	 153.62208	 459.22387	        P1	
 308.95725	 160.90272	 617.27518	        P1	
 308.95725	 291.95473	 566.30751	        P1	
 307.69620	 371.31401	 160.62540	        P1	
 308.95725	 412.81381	 574.54468	        P1	
 307.69620	 514.01509	 261.53107	        P1	
 307.69620	 521.29573	 393.32631	        P1	
 308.95725	 609.39181	  32.43397	        P1	
 310.21830	  23.29812	 271.31279	        P1	
 310.21830	  72.80668	 521.00287	        P1	
 311.47935	  92.46448	 100.90568	        P1	
 311.47935	 201.67449	 454.59044	        P1	
 310.21830	 281.03373	 469.00558	        P1	
 310.21830	 433.92773	 431.93818	        P1	
 311.47935	 491.44501	 606.97866	        P1	
 311.47935	 510.37473	 473.63901	        P1	
 310.21830	 515.47121	 520.48806	        P1	
 311.47935	 530.76061	  26.25607	        P1	
 310.21830	 617.40053	 561.67408	        P1	
 314.00145	  79.35928	  39.12668	        P1	
 314.00145	  93.92060	 446.35326	        P1	
 314.00145	  93.92060	 525.12149	        P1	
 314.00145	 379.32273	  73.61999	        P1	
 314.00145	 409.90153	  22.65232	        P1	
 314.00145	 425.91901	 211.59307	        P1	
 314.00145	 606.47953	  48.90839	        P1	
 315.26250	 103.38548	 397.44487	        P1	
 315.26250	 189.29732	  84.43132	        P1	
 316.52355	 204.58672	 461.28321	        P1	
 315.26250	 225.70069	  20.59298	        P1	
 315.26250	 235.89361	 341.32897	        P1	
 316.52355	 281.76181	  38.61187	        P1	
 316.52355	 299.23541	 413.91929	        P1	
 316.52355	 315.25289	 590.50424	        P1	
 315.26250	 346.55973	 580.20778	        P1	
 315.26250	 444.12069	 133.33965	        P1	
 316.52355	 462.32233	  79.79789	        P1	
 316.52355	 468.14689	 193.57417	        P1	
 316.52355	 594.83049	 521.00287	        P1	
 319.04565	  77.90312	 232.70091	        P1	
 319.04565	 252.63912	 362.43681	        P1	
 317.78460	 260.64789	 522.54734	        P1	
 319.04565	 273.02501	  37.06740	        P1	
 317.78460	 308.70029	 415.97857	        P1	
 317.78460	 327.63001	 240.93809	        P1	
 317.78460	 378.59469	 156.50678	        P1	
 317.78460	 432.47161	 358.31819	        P1	
 319.04565	 443.39261	 520.48806	        P1	
 317.78460	 445.57681	 160.62540	        P1	
 319.04565	 618.12861	 358.31819	        P1	
 321.56775	  99.74512	 263.59041	        P1	
 320.30670	 350.92813	 246.60119	        P1	
 321.56775	 385.14729	 465.40177	        P1	
 320.30670	 404.80509	 588.95976	        P1	
 321.56775	 408.44541	 574.54468	        P1	
 321.56775	 523.47993	 411.86001	        P1	
 321.56775	 618.12861	  49.42320	        P1	
 322.82880	 104.84160	 210.04859	        P1	
 324.08985	 155.07820	 347.50687	        P1	
 322.82880	 163.08692	 561.67408	        P1	
 322.82880	 173.27989	 423.70094	        P1	
 322.82880	 208.22709	 588.95976	        P1	
 322.82880	 269.38469	   2.05928	        P1	
 324.08985	 345.83169	 522.54734	        P1	
 322.82880	 356.75269	  14.41508	        P1	
 324.08985	 369.12981	  38.61187	        P1	
 322.82880	 372.77013	 238.87881	        P1	
 324.08985	 398.25249	 541.08104	        P1	
 324.08985	 412.81381	  13.90027	        P1	
 322.82880	 420.82253	 388.69289	        P1	
 324.08985	 489.98889	  26.77088	        P1	
 324.08985	 538.04129	 368.09984	        P1	
 324.08985	 549.69033	 314.55809	        P1	
 325.35090	  52.42080	 512.76569	        P1	
 326.61195	 434.65581	 278.00549	        P1	
 325.35090	 569.34813	 158.56612	        P1	
 326.61195	 578.81301	 211.59307	        P1	
 326.61195	 581.72529	 619.84926	        P1	
 326.61195	 613.76021	 512.76569	        P1	
 327.87300	  11.64908	 261.53107	        P1	
 327.87300	  52.42080	 617.78998	        P1	
 327.87300	 103.38548	 368.09984	        P1	
 327.87300	 115.03452	 448.92741	        P1	
 329.13405	 302.14769	 521.00287	        P1	
 327.87300	 575.17269	 378.91117	        P1	
 327.87300	 591.19013	 413.40448	        P1	
 330.39510	  77.17508	 619.84926	        P1	
 330.39510	 131.05200	 446.35326	        P1	
 330.39510	 160.17469	 570.42606	        P1	
 331.65615	 450.67329	 471.57967	        P1	
 330.39510	 490.71693	  73.61999	        P1	
 330.39510	 490.71693	 288.30201	        P1	
 331.65615	 529.30449	  28.31535	        P1	
 334.17825	  10.92100	 401.56349	        P1	
 332.91720	 157.26240	 290.36129	        P1	
 332.91720	 167.45532	 172.46639	        P1	
 334.17825	 246.81461	 501.95436	        P1	
 334.17825	 313.79673	 603.37491	        P1	
 332.91720	 359.66493	 374.79261	        P1	
 334.17825	 396.79633	 436.57161	        P1	
 332.91720	 438.29613	 288.30201	        P1	
 332.91720	 465.96269	 232.18605	        P1	
 334.17825	 501.63793	 462.82768	        P1	
 334.17825	 529.30449	 508.64707	        P1	
 335.43930	  75.71892	  92.15369	        P1	
 335.43930	 117.94680	 543.65519	        P1	
 336.70035	 174.00792	  72.07552	        P1	
 336.70035	 223.51649	 261.53107	        P1	
 335.43930	 228.61292	 146.21032	        P1	
 336.70035	 309.42833	 424.21581	        P1	
 335.43930	 375.68241	 199.23727	        P1	
 335.43930	 420.82253	 203.35589	        P1	
 336.70035	 462.32233	 166.28849	        P1	
 335.43930	 481.98013	 245.05671	        P1	
 335.43930	 514.01509	 250.71975	        P1	
 336.70035	 562.79553	 246.60119	        P1	
 337.96140	  13.10520	 142.09170	        P1	
 337.96140	  71.35052	 418.03791	        P1	
 339.22245	  86.63992	  98.33159	        P1	
 339.22245	 191.48152	 121.49872	        P1	
 339.22245	 232.25329	 125.61728	        P1	
 337.96140	 313.06869	 564.24816	        P1	
 339.22245	 377.86661	 440.17536	        P1	
 337.96140	 420.82253	 104.50949	        P1	
 337.96140	 473.24333	 275.94621	        P1	
 337.96140	 543.13773	 109.14292	        P1	
 339.22245	 559.88329	 175.04047	        P1	
 340.48350	  27.66652	 481.36138	        P1	
 340.48350	  39.31560	 463.34249	        P1	
 341.74455	 141.97300	 106.56877	        P1	
 340.48350	 206.77092	 269.76831	        P1	
 341.74455	 213.32352	 289.84649	        P1	
 341.74455	 325.44581	 216.22649	        P1	
 341.74455	 545.32193	 363.98129	        P1	
 341.74455	 584.63753	 393.32631	        P1	
 343.00560	 139.78880	 488.05409	        P1	
 344.26665	 334.18261	 222.40439	        P1	
 343.00560	 438.29613	 203.35589	        P1	
 345.52770	  46.59628	 323.31007	        P1	
 346.78875	  77.90312	 209.53379	        P1	
 345.52770	 126.68360	 464.88696	        P1	
 346.78875	 210.41129	   9.78165	        P1	
 345.52770	 352.38429	 238.36395	        P1	
 345.52770	 445.57681	  13.90027	        P1	
 346.78875	 603.56729	 547.25894	        P1	
 349.31085	 211.86740	 166.80330	        P1	
 349.31085	 242.44621	 457.16459	        P1	
 349.31085	 252.63912	 140.03242	        P1	
 348.04980	 254.82332	 116.86529	        P1	
 349.31085	 290.49861	  32.43397	        P1	
 349.31085	 348.74393	 209.53379	        P1	
 348.04980	 381.50693	 240.42329	        P1	
 349.31085	 444.84873	 438.11608	        P1	
 349.31085	 481.25209	 199.75207	        P1	
 350.57190	  20.38588	 310.95427	        P1	
 351.83295	  69.16632	 269.76831	        P1	
 350.57190	 311.61253	 473.63901	        P1	
 351.83295	 342.91941	 415.46376	        P1	
 350.57190	 394.61213	 493.71718	        P1	
 350.57190	 497.99761	 197.69279	        P1	
 350.57190	 505.27829	  15.95955	        P1	
 351.83295	 554.05873	 543.14038	        P1	
 351.83295	 556.97101	 131.28037	        P1	
 351.83295	 589.00593	 469.00558	        P1	
 354.35505	  12.37712	 263.59041	        P1	
 353.09400	  53.87692	 258.95699	        P1	
 354.35505	  67.71020	 409.28586	        P1	
 354.35505	  93.92060	 327.42869	        P1	
 353.09400	 353.84041	 217.77097	        P1	
 354.35505	 465.23461	 111.20220	        P1	
 355.61610	  10.19292	 387.14841	        P1	
 356.87715	 111.39420	 148.26960	        P1	
 356.87715	 150.70980	 471.06486	        P1	
 356.87715	 201.67449	 230.64157	        P1	
 356.87715	 274.48112	 368.61471	        P1	
 355.61610	 413.54189	 578.14844	        P1	
 355.61610	 428.10321	 477.24276	        P1	
 355.61610	 441.20841	 569.91126	        P1	
 359.39925	  29.85072	 166.28849	        P1	
 359.39925	  96.83288	 261.53107	        P1	
 358.13820	 104.84160	 310.43947	        P1	
 359.39925	 219.14809	 588.95976	        P1	
 358.13820	 265.01629	 378.91117	        P1	
 359.39925	 482.70821	 384.57426	        P1	
 358.13820	 497.99761	 290.36129	        P1	
 359.39925	 501.63793	 333.09179	        P1	
 360.66030	  64.06988	 490.11337	        P1	
 361.92135	 104.11352	 197.17799	        P1	
 361.92135	 111.39420	 135.91380	        P1	
 361.92135	 211.86740	  30.88950	        P1	
 361.92135	 299.23541	 407.74139	        P1	
 360.66030	 302.87573	  10.29652	        P1	
 360.66030	 401.89281	 551.37756	        P1	
 360.66030	 449.94521	 339.78449	        P1	
 360.66030	 594.10241	 217.77097	        P1	
 360.66030	 607.20761	 211.59307	        P1	
 363.18240	  26.21040	 471.06486	        P1	
 363.18240	 155.80628	 175.04047	        P1	
 364.44345	 162.35888	 317.13217	        P1	
 364.44345	 200.21832	 467.46111	        P1	
 364.44345	 243.90232	 178.64429	        P1	
 364.44345	 281.76181	 172.98120	        P1	
 363.18240	 394.61213	 228.06749	        P1	
 363.18240	 554.78681	 366.04057	        P1	
 363.18240	 562.06749	 422.15647	        P1	
 366.96555	  93.92060	 514.31016	        P1	
 365.70450	 190.75349	 242.99737	        P1	
 366.96555	 252.63912	 481.36138	        P1	
 365.70450	 256.27949	  26.77088	        P1	
 365.70450	 253.36721	 261.01627	        P1	
 365.70450	 270.84081	 278.00549	        P1	
 365.70450	 380.05081	  81.85717	        P1	
 365.70450	 428.10321	 248.66047	        P1	
 366.96555	 466.69073	 146.21032	        P1	
 365.70450	 511.10281	 551.37756	        P1	
 365.70450	 602.83921	 106.56877	        P1	
 368.22660	   8.73680	  63.32347	        P1	
 369.48765	 194.39380	 166.80330	        P1	
 368.22660	 196.57800	 149.81407	        P1	
 368.22660	 215.50772	 561.67408	        P1	
 369.48765	 226.42872	  59.71972	        P1	
 369.48765	 223.51649	  90.09435	        P1	
 368.22660	 292.68281	 525.12149	        P1	
 369.48765	 322.53353	 549.31828	        P1	
 368.22660	 356.75269	 133.33965	        P1	
 368.22660	 508.19053	 141.57689	        P1	
 368.22660	 597.01469	 318.67665	        P1	
 368.22660	 607.20761	 339.78449	        P1	
 370.74870	 135.42040	 149.81407	        P1	
 372.00975	 174.00792	 467.46111	        P1	
 370.74870	 177.64829	 293.96505	        P1	
 370.74870	 260.64789	 534.90314	        P1	
 372.00975	 273.02501	 378.39637	        P1	
 372.00975	 340.00713	  96.78712	        P1	
 370.74870	 406.26121	 359.86267	        P1	
 370.74870	 412.08573	 195.63352	        P1	
 370.74870	 487.80469	 479.30204	        P1	
 372.00975	 507.46249	 199.75207	        P1	
 373.27080	  62.61372	 586.38568	        P1	
 374.53185	 195.84992	 604.91938	        P1	
 373.27080	 313.06869	  63.83828	        P1	
 374.53185	 315.25289	  20.59298	        P1	
 374.53185	 360.39301	 390.75216	        P1	
 373.27080	 361.12109	 405.16724	        P1	
 377.05395	  86.63992	 153.93269	        P1	
 377.05395	 121.58712	 382.51499	        P1	
 375.79290	 135.42040	 378.39637	        P1	
 375.79290	 170.36760	 259.47179	        P1	
 377.05395	 322.53353	 164.74402	        P1	
 375.79290	 429.55933	 282.12411	        P1	
 377.05395	 508.91861	 378.39637	        P1	
 379.57605	  92.46448	 304.77637	        P1	
 378.31500	 198.03412	 166.28849	        P1	
 379.57605	 265.74432	 127.67662	        P1	
 378.31500	 279.57761	 142.09170	        P1	
 379.57605	 322.53353	 572.48541	        P1	
 378.31500	 404.80509	 114.80595	        P1	
 379.57605	 473.97141	 364.49609	        P1	
 382.09815	  69.16632	 411.86001	        P1	
 380.83710	 151.43788	 139.51755	        P1	
 382.09815	 160.90272	 617.27518	        P1	
 380.83710	 179.10440	  69.50137	        P1	
 380.83710	 396.06829	 453.04597	        P1	
 382.09815	 468.14689	 158.05125	        P1	
 384.62025	  50.23660	 105.02430	        P1	
 383.35920	 112.12228	 615.21584	        P1	
 383.35920	 222.78840	 568.36679	        P1	
 383.35920	 355.29653	 584.84121	        P1	
 383.35920	 467.41881	 304.26157	        P1	
 383.35920	 474.69949	  45.30458	        P1	
 384.62025	 497.26953	 493.71718	        P1	
 384.62025	 513.28701	 248.66047	        P1	
 383.35920	 538.76933	 141.57689	        P1	
 384.62025	 546.77809	 521.00287	        P1	
 383.35920	 564.97973	 376.33709	        P1	
 385.88130	   8.73680	 310.43947	        P1	
 385.88130	  48.05240	 617.78998	        P1	
 387.14235	 184.20089	  22.13745	        P1	
 387.14235	 404.07701	 353.68477	        P1	
 387.14235	 427.37513	 339.26969	        P1	
 387.14235	 456.49781	 160.62540	        P1	
 387.14235	 500.18181	 383.02979	        P1	
 387.14235	 503.09409	 267.70897	        P1	
 385.88130	 508.19053	 240.42329	        P1	
 385.88130	 543.13773	 604.91938	        P1	
 387.14235	 552.60261	 217.77097	        P1	
 387.14235	 571.53233	 146.21032	        P1	
 387.14235	 578.81301	  98.84640	        P1	
 387.14235	 591.91821	 514.31016	        P1	
 389.66445	  76.44700	 593.07838	        P1	
 388.40340	 141.24492	 109.14292	        P1	
 389.66445	 192.93769	 226.00815	        P1	
 389.66445	 216.23580	 333.60659	        P1	
 388.40340	 544.59389	   2.05928	        P1	
 389.66445	 599.19889	  20.59298	        P1	
 389.66445	 610.84793	 102.96502	        P1	
 390.92550	  17.47360	 296.53919	        P1	
 392.18655	  38.58752	 530.78458	        P1	
 392.18655	 224.97260	 396.93006	        P1	
 390.92550	 333.45453	 240.42329	        P1	
 392.18655	 449.21713	  48.90839	        P1	
 393.44760	  18.92972	 228.06749	        P1	
 393.44760	 176.19212	  30.37469	        P1	
 394.70865	 194.39380	 267.19417	        P1	
 393.44760	 198.03412	 456.64978	        P1	
 393.44760	 205.31480	  30.88950	        P1	
 394.70865	 229.34101	 549.83309	        P1	
 394.70865	 287.58632	 314.55809	        P1	
 394.70865	 290.49861	 216.22649	        P1	
 394.70865	 437.56809	 107.08358	        P1	
 394.70865	 439.02421	 341.32897	        P1	
 393.44760	 604.29533	 498.35061	        P1	
 397.23075	  47.32432	  59.71972	        P1	
 395.96970	  50.96468	 564.24816	        P1	
 395.96970	  82.99960	 240.93809	        P1	
 397.23075	 137.60460	 407.74139	        P1	
 397.23075	 198.76220	 594.62286	        P1	
 395.96970	 206.77092	 407.22658	        P1	
 397.23075	 229.34101	 210.04859	        P1	
 395.96970	 250.45492	 123.04319	        P1	
 397.23075	 331.27033	 467.46111	        P1	
 397.23075	 382.23501	 240.93809	        P1	
 395.96970	 398.98053	 246.60119	        P1	
 395.96970	 426.64709	 372.73327	        P1	
 395.96970	 522.75189	 479.30204	        P1	
 395.96970	 599.92693	 177.09982	        P1	
 398.49180	  21.84200	 600.80076	        P1	
 399.75285	 102.65740	 494.23199	        P1	
 399.75285	 121.58712	 541.59591	        P1	
 399.75285	 216.23580	 539.02176	        P1	
 399.75285	 305.05993	 203.35589	        P1	
 398.49180	 307.24413	 302.20229	        P1	
 398.49180	 336.36681	 481.87619	        P1	
 398.49180	 384.41921	 211.59307	        P1	
 398.49180	 484.89241	 396.93006	        P1	
 398.49180	 576.62881	 537.47729	        P1	
 398.49180	 605.75149	 199.75207	        P1	
 401.01390	 382.96309	 378.91117	        P1	
 402.27495	 487.07661	 421.64166	        P1	
 402.27495	 552.60261	 606.97866	        P1	
 403.53600	  69.89440	 389.20769	        P1	
 404.79705	  80.81540	  30.88950	        P1	
 404.79705	  82.27152	 172.46639	        P1	
 404.79705	 150.70980	 333.60659	        P1	
 404.79705	 290.49861	 613.15656	        P1	
 404.79705	 306.51609	 405.16724	        P1	
 404.79705	 334.18261	  38.61187	        P1	
 403.53600	 618.85670	 514.82497	        P1	
 406.05810	  36.40332	 567.85198	        P1	
 406.05810	 263.56012	 370.15919	        P1	
 407.31915	 364.76141	 427.81956	        P1	
 406.05810	 400.43669	 324.85455	        P1	
 406.05810	 563.52361	 203.87069	        P1	
 409.84125	  98.28900	  26.25607	        P1	
 409.84125	 108.48192	 574.02988	        P1	
 408.58020	 161.63080	 568.36679	        P1	
 409.84125	 194.39380	 291.90577	        P1	
 408.58020	 218.42000	 333.60659	        P1	
 408.58020	 297.05121	 129.73590	        P1	
 408.58020	 414.99801	 234.76019	        P1	
 412.36335	  56.06112	 228.06749	        P1	
 411.10230	 133.96428	 398.98934	        P1	
 412.36335	 172.55180	 327.42869	        P1	
 412.36335	 281.76181	  30.88950	        P1	
 411.10230	 314.52481	 137.45827	        P1	
 412.36335	 357.48073	 617.27518	        P1	
 412.36335	 366.21753	 580.20778	        P1	
 412.36335	 471.05913	  47.36392	        P1	
 411.10230	 470.33109	 386.63354	        P1	
 411.10230	 487.80469	 553.43684	        P1	
 411.10230	 527.12029	 125.61728	        P1	
 412.36335	 526.39221	 230.12677	        P1	
 414.88545	  80.81540	 335.15107	        P1	
 413.62440	 129.59588	 391.26697	        P1	
 414.88545	 197.30609	 238.36395	        P1	
 414.88545	 216.23580	 261.01627	        P1	
 413.62440	 221.33229	 133.33965	        P1	
 413.62440	 244.63041	  43.24530	        P1	
 413.62440	 346.55973	 586.38568	        P1	
 413.62440	 476.15561	 518.94359	        P1	
 414.88545	 500.18181	 543.65519	        P1	
 416.14650	  84.45572	 567.85198	        P1	
 416.14650	 120.85908	 158.05125	        P1	
 416.14650	 158.71852	 115.32082	        P1	
 417.40755	 273.02501	 450.98669	        P1	
 416.14650	 288.31441	 464.88696	        P1	
 417.40755	 315.25289	  76.19408	        P1	
 417.40755	 341.46329	 460.76834	        P1	
 416.14650	 391.69989	 133.33965	        P1	
 416.14650	 514.01509	 335.66587	        P1	
 419.92965	  28.39460	 613.15656	        P1	
 419.92965	  73.53472	 603.37491	        P1	
 419.92965	 197.30609	  94.72778	        P1	
 418.66860	 270.84081	  98.84640	        P1	
 419.92965	 357.48073	  85.97579	        P1	
 418.66860	 369.85789	 378.91117	        P1	
 418.66860	 391.69989	 212.10787	        P1	
 419.92965	 485.62049	  20.59298	        P1	
 418.66860	 602.83921	 106.56877	        P1	
 421.19070	  43.68400	 117.38010	        P1	
 421.19070	 147.06948	   9.78165	        P1	
 422.45175	 178.37632	 170.92192	        P1	
 422.45175	 195.84992	 214.16722	        P1	
 422.45175	 356.02461	 407.74139	        P1	
 421.19070	 368.40173	  73.61999	        P1	
 421.19070	 394.61213	 487.53928	        P1	
 421.19070	 412.08573	 195.63352	        P1	
 423.71280	  32.03492	 226.52302	        P1	
 424.97385	  72.07860	 539.02176	        P1	
 424.97385	 136.14848	 100.90568	        P1	
 424.97385	 203.13060	 352.14029	        P1	
 424.97385	 379.32273	 252.77909	        P1	
 423.71280	 390.24373	 283.66859	        P1	
 424.97385	 398.25249	   2.05928	        P1	
 426.23490	  26.21040	 514.31016	        P1	
 426.23490	  80.08732	 461.28321	        P1	
 426.23490	 428.10321	 508.13226	        P1	
 426.23490	 441.20841	 426.27509	        P1	
 427.49595	 460.86621	 197.69279	        P1	
 428.75700	 115.03452	 245.05671	        P1	
 428.75700	 177.64829	 275.43135	        P1	
 430.01805	 181.28860	 457.16459	        P1	
 430.01805	 302.14769	 409.80067	        P1	
 428.75700	 307.24413	 475.18348	        P1	
 430.01805	 331.27033	 524.60668	        P1	
 428.75700	 371.31401	 253.29389	        P1	
 428.75700	 396.06829	 392.81144	        P1	
 430.01805	 398.25249	 571.97054	        P1	
 428.75700	 525.66413	 133.85452	        P1	
 428.75700	 535.85709	 348.02167	        P1	
 428.75700	 557.69909	 318.67665	        P1	
 428.75700	 575.17269	  53.02695	        P1	
 431.27910	 167.45532	 146.21032	        P1	
 432.54015	 169.63952	 560.12961	        P1	
 432.54015	 281.76181	 383.02979	        P1	
 432.54015	 405.53313	 399.50421	        P1	
 432.54015	 523.47993	 572.48541	        P1	
 432.54015	 554.05873	 263.59041	        P1	
 435.06225	 101.20128	 510.19154	        P1	
 433.80120	 192.20960	 247.11599	        P1	
 433.80120	 275.20921	 432.45299	        P1	
 433.80120	 282.48989	 504.01364	        P1	
 435.06225	 421.55061	 242.48257	        P1	
 435.06225	 612.30409	  34.49325	        P1	
 437.58435	   5.09648	 522.54734	        P1	
 437.58435	  66.25408	 280.06477	        P1	
 436.32330	 101.92932	 405.68211	        P1	
 436.32330	 167.45532	 245.05671	        P1	
 437.58435	 185.65700	  43.24530	        P1	
 437.58435	 289.04249	 409.80067	        P1	
 436.32330	 546.05001	 111.20220	        P1	
 437.58435	 549.69033	 567.85198	        P1	
 437.58435	 593.37433	 288.30201	        P1	
 440.10645	  13.83328	 188.94075	        P1	
 440.10645	  72.07860	 203.87069	        P1	
 438.84540	 109.21000	 605.43418	        P1	
 440.10645	 141.97300	 236.30467	        P1	
 440.10645	 168.18340	 316.61737	        P1	
 440.10645	 325.44581	 506.58779	        P1	
 438.84540	 346.55973	 221.88959	        P1	
 440.10645	 361.84913	  61.26419	        P1	
 440.10645	 389.51569	 442.23464	        P1	
 438.84540	 436.84001	 193.05937	        P1	
 440.10645	 449.21713	 597.19701	        P1	
 440.10645	 536.58513	  85.97579	        P1	
 440.10645	 549.69033	 183.27772	        P1	
 442.62855	  24.02620	 500.40989	        P1	
 442.62855	 101.20128	 466.94624	        P1	
 442.62855	 421.55061	 265.64969	        P1	
 442.62855	 473.97141	  12.35580	        P1	
 441.36750	 525.66413	 424.21581	        P1	
 443.88960	  14.56132	 115.32082	        P1	
 445.15065	  38.58752	 221.88959	        P1	
 445.15065	  42.95592	 512.25088	        P1	
 443.88960	  81.54348	 300.14295	        P1	
 443.88960	 163.08692	 617.27518	        P1	
 443.88960	 165.99920	 582.26706	        P1	
 445.15065	 238.07781	 619.33446	        P1	
 445.15065	 294.86701	  63.32347	        P1	
 443.88960	 305.78801	 316.61737	        P1	
 445.15065	 535.12901	 106.56877	        P1	
 445.15065	 533.67289	 477.75757	        P1	
 443.88960	 540.22549	 442.23464	        P1	
 445.15065	 610.84793	 313.01361	        P1	
 445.15065	 612.30409	 324.85455	        P1	
 446.41170	  53.87692	 356.25891	        P1	
 447.67274	  61.88568	 613.67136	        P1	
 447.67274	  67.71020	 582.26706	        P1	
 447.67274	 127.41168	 473.12414	        P1	
 447.67274	 286.13021	 261.01627	        P1	
 447.67274	 293.41089	 609.03794	        P1	
 447.67274	 389.51569	   8.23718	        P1	
 447.67274	 516.19929	 619.84926	        P1	
 447.67274	 543.86581	 426.27509	        P1	
 446.41170	 594.10241	 506.58779	        P1	
 447.67274	 602.11113	 413.40448	        P1	
 450.19484	 204.58672	 499.89508	        P1	
 450.19484	 208.95512	 183.27772	        P1	
 450.19484	 424.46289	  15.95955	        P1	
 450.19484	 618.12861	 508.13226	        P1	
 451.45589	  71.35052	  53.54182	        P1	
 451.45589	 193.66572	 597.19701	        P1	
 451.45589	 251.91109	 491.65784	        P1	
 451.45589	 262.10401	 543.65519	        P1	
 451.45589	 272.29692	 444.29398	        P1	
 451.45589	 292.68281	 228.58229	        P1	
 452.71694	 465.23461	 401.56349	        P1	
 452.71694	 469.60301	 549.83309	        P1	
 451.45589	 547.50613	 492.17271	        P1	
 453.97799	  21.84200	 481.87619	        P1	
 453.97799	  26.21040	 413.91929	        P1	
 453.97799	  34.94720	 279.54997	        P1	
 455.23904	 107.02580	 481.87619	        P1	
 453.97799	 334.91069	  63.83828	        P1	
 453.97799	 556.24293	 574.02988	        P1	
 455.23904	 596.28661	 549.83309	        P1	
 453.97799	 617.40053	 405.68211	        P1	
 456.50009	 187.84120	 514.31016	        P1	
 457.76114	 240.99009	 434.51227	        P1	
 456.50009	 525.66413	 561.67408	        P1	
 460.28324	 290.49861	 284.18339	        P1	
 459.02219	 294.13893	 380.97051	        P1	
 459.02219	 301.41961	 512.76569	        P1	
 460.28324	 536.58513	 320.73599	        P1	
 461.54429	  82.99960	 154.44750	        P1	
 461.54429	  93.19252	 467.46111	        P1	
 462.80534	 191.48152	 345.44759	        P1	
 462.80534	 262.83209	 131.79518	        P1	
 462.80534	 414.26993	 252.77909	        P1	
 462.80534	 418.63833	 566.30751	        P1	
 462.80534	 431.74353	 258.95699	        P1	
 462.80534	 506.00633	 350.08101	        P1	
 464.06639	  26.21040	 137.45827	        P1	
 464.06639	  62.61372	 110.68739	        P1	
 465.32744	 206.04289	 565.79264	        P1	
 464.06639	 292.68281	 384.57426	        P1	
 465.32744	 325.44581	  86.49060	        P1	
 464.06639	 334.91069	 343.38825	        P1	
 465.32744	 344.37553	 363.98129	        P1	
 464.06639	 425.19093	 592.56358	        P1	
 465.32744	 452.12941	 112.74667	        P1	
 464.06639	 495.08533	 320.73599	        P1	
 465.32744	 556.97101	 327.42869	        P1	
 466.58849	 202.40252	 506.07298	        P1	
 466.58849	 225.70069	 417.52304	        P1	
 466.58849	 414.99801	 383.02979	        P1	
 466.58849	 449.94521	  61.77900	        P1	
 467.84954	 450.67329	 201.29655	        P1	
 467.84954	 469.60301	 471.06486	        P1	
 466.58849	 497.99761	 236.30467	        P1	
 467.84954	 558.42713	  92.15369	        P1	
 469.11059	  87.36800	 179.15910	        P1	
 470.37164	 153.62208	 596.68214	        P1	
 469.11059	 163.08692	 393.32631	        P1	
 469.11059	 283.94601	 512.76569	        P1	
 470.37164	 323.98969	 559.61474	        P1	
 469.11059	 403.34893	  35.00812	        P1	
 470.37164	 417.18221	 203.87069	        P1	
 469.11059	 438.29613	  78.25342	        P1	
 470.37164	 487.07661	 148.26960	        P1	
 471.63269	  36.40332	 147.75479	        P1	
 471.63269	 104.84160	 539.02176	        P1	
 471.63269	 180.56052	 399.50421	        P1	
 472.89374	 220.60420	  98.84640	        P1	
 471.63269	 259.19172	 611.09728	        P1	
 471.63269	 468.87493	  41.18602	        P1	
 475.41584	   6.55260	 617.78998	        P1	
 474.15479	  30.57880	 155.99197	        P1	
 474.15479	 232.98132	  22.65232	        P1	
 474.15479	 471.78721	 390.75216	        P1	
 475.41584	 554.05873	 110.68739	        P1	
 475.41584	 574.44461	 432.45299	        P1	
 476.67689	  14.56132	 388.69289	        P1	
 477.93794	  25.48232	 388.69289	        P1	
 477.93794	 418.63833	 411.86001	        P1	
 476.67689	 451.40133	 152.38822	        P1	
 476.67689	 468.87493	 129.22109	        P1	
 476.67689	 506.73441	 543.65519	        P1	
 476.67689	 548.96229	 619.84926	        P1	
 476.67689	 576.62881	 166.80330	        P1	
 480.46004	 229.34101	 321.25079	        P1	
 479.19899	 288.31441	   6.17790	        P1	
 480.46004	 322.53353	 499.89508	        P1	
 480.46004	 345.83169	 541.08104	        P1	
 480.46004	 456.49781	 600.80076	        P1	
 480.46004	 567.16393	 296.02439	        P1	
 481.72109	   7.28068	 368.09984	        P1	
 481.72109	 133.96428	 547.25894	        P1	
 481.72109	 331.99841	 532.84386	        P1	
 481.72109	 339.27909	   3.60375	        P1	
 481.72109	 380.05081	 481.87619	        P1	
 481.72109	 452.85749	 397.44487	        P1	
 481.72109	 537.31321	 563.73336	        P1	
 482.98214	 552.60261	 273.37207	        P1	
 481.72109	 611.57601	 495.77646	        P1	
 485.50424	 181.28860	 291.90577	        P1	
 485.50424	 533.67289	 162.68468	        P1	
 485.50424	 565.70781	  67.95690	        P1	
 486.76529	   4.36840	 117.38010	        P1	
 488.02634	  25.48232	 294.47991	        P1	
 486.76529	  62.61372	 586.38568	        P1	
 486.76529	 158.71852	 123.04319	        P1	
 486.76529	 203.85869	 442.23464	        P1	
 486.76529	 243.17429	 201.29655	        P1	
 488.02634	 268.65661	  94.21297	        P1	
 488.02634	 401.16473	 431.93818	        P1	
 488.02634	 476.88369	 324.85455	        P1	
 488.02634	 520.56769	 378.91117	        P1	
 486.76529	 521.29573	 461.28321	        P1	
 486.76529	 570.80429	 571.97054	        P1	
 486.76529	 583.90949	 102.45015	        P1	
 490.54844	  26.93848	 516.36944	        P1	
 490.54844	 232.25329	 378.91117	        P1	
 489.28739	 468.87493	 376.33709	        P1	
 489.28739	 511.10281	 415.46376	        P1	
 490.54844	 526.39221	 593.07838	        P1	
 489.28739	 538.76933	 461.28321	        P1	
 490.54844	 543.86581	 557.55546	        P1	
 491.80949	  52.42080	  30.88950	        P1	
 493.07054	  60.42952	 201.81142	        P1	
 491.80949	 154.35012	 438.11608	        P1	
 491.80949	 368.40173	 506.07298	        P1	
 491.80949	 438.29613	 479.81691	        P1	
 493.07054	 495.81341	 222.40439	        P1	
 491.80949	 516.92733	 110.68739	        P1	
 495.59264	 105.56968	 428.33437	        P1	
 494.33159	 318.89321	 191.51489	        P1	
 495.59264	 440.48033	 177.09982	        P1	
 495.59264	 520.56769	 483.93547	        P1	
 494.33159	 548.96229	 263.07555	        P1	
 494.33159	 559.15521	 403.10796	        P1	
 495.59264	 565.70781	 129.73590	        P1	
 495.59264	 584.63753	 399.50421	        P1	
 494.33159	 611.57601	  55.60110	        P1	
 494.33159	 618.85670	 483.93547	        P1	
 498.11474	   3.64032	 455.10531	        P1	
 498.11474	  21.11392	 578.66331	        P1	
 496.85369	  99.01708	 137.97308	        P1	
 496.85369	 275.20921	 162.16987	        P1	
 498.11474	 294.86701	 593.07838	        P1	
 498.11474	 310.88449	 219.83025	        P1	
 498.11474	 398.25249	 372.73327	        P1	
 496.85369	 455.76973	  79.79789	        P1	
 498.11474	 489.98889	  45.30458	        P1	
 496.85369	 495.08533	  30.37469	        P1	
 498.11474	 551.14649	 102.45015	        P1	
 496.85369	 608.66373	 493.71718	        P1	
 500.63684	   9.46488	 249.17527	        P1	
 500.63684	 184.20089	 310.95427	        P1	
 500.63684	 216.23580	 370.67399	        P1	
 499.37579	 282.48989	 541.08104	        P1	
 499.37579	 372.77013	 469.00558	        P1	
 499.37579	 468.87493	 135.39899	        P1	
 499.37579	 483.43629	 440.69017	        P1	
 499.37579	 605.75149	 429.87884	        P1	
 503.15894	  13.83328	 522.54734	        P1	
 501.89789	  55.33308	  34.49325	        P1	
 503.15894	 102.65740	 396.93006	        P1	
 503.15894	 107.02580	  69.50137	        P1	
 503.15894	 118.67488	 434.51227	        P1	
 501.89789	 138.33268	  94.72778	        P1	
 501.89789	 209.68320	  98.84640	        P1	
 503.15894	 374.95433	 567.85198	        P1	
 501.89789	 378.59469	 256.89765	        P1	
 503.15894	 389.51569	 199.75207	        P1	
 503.15894	 430.28741	 298.08367	        P1	
 503.15894	 431.74353	 535.41801	        P1	
 503.15894	 578.81301	 290.36129	        P1	
 505.68104	  88.09608	  96.27225	        P1	
 504.41999	 135.42040	 291.90577	        P1	
 505.68104	 248.27072	 302.20229	        P1	
 504.41999	 248.99881	 271.82759	        P1	
 505.68104	 322.53353	 164.74402	        P1	
 505.68104	 399.70861	 155.99197	        P1	
 504.41999	 598.47081	 549.83309	        P1	
 508.20314	  77.90312	 339.26969	        P1	
 508.20314	 133.23620	 353.68477	        P1	
 506.94209	 155.80628	 510.19154	        P1	
 508.20314	 195.84992	  36.55259	        P1	
 508.20314	 249.72689	 521.00287	        P1	
 506.94209	 253.36721	 549.83309	        P1	
 506.94209	 273.75309	 102.45015	        P1	
 506.94209	 275.20921	 526.66596	        P1	
 508.20314	 316.70901	 106.56877	        P1	
 506.94209	 444.12069	 471.57967	        P1	
 508.20314	 452.12941	 427.81956	        P1	
 508.20314	 589.00593	 345.44759	        P1	
 508.20314	 597.74273	  96.78712	        P1	
 510.72524	  22.57008	 368.09984	        P1	
 510.72524	  74.99088	 571.97054	        P1	
 510.72524	 143.42912	 418.03791	        P1	
 509.46419	 186.38509	 539.53657	        P1	
 509.46419	 215.50772	 263.59041	        P1	
 510.72524	 286.13021	 333.60659	        P1	
 510.72524	 388.05953	 442.74951	        P1	
 509.46419	 532.94481	 125.10247	        P1	
 510.72524	 583.18141	 556.01099	        P1	
 509.46419	 601.38309	 181.21837	        P1	
 513.24734	  10.92100	 586.90048	        P1	
 511.98629	  21.84200	 240.93809	        P1	
 513.24734	  57.51728	  46.84905	        P1	
 513.24734	 150.70980	 427.81956	        P1	
 513.24734	 222.06032	 302.20229	        P1	
 511.98629	 235.89361	  67.95690	        P1	
 513.24734	 248.27072	 289.84649	        P1	
 511.98629	 327.63001	  80.31270	        P1	
 511.98629	 375.68241	 230.12677	        P1	
 513.24734	 398.25249	  39.12668	        P1	
 513.24734	 600.65501	 606.97866	        P1	
 515.76944	   9.46488	 133.33965	        P1	
 514.50839	 135.42040	 316.61737	        P1	
 514.50839	 321.80549	 386.63354	        P1	
 515.76944	 337.09489	 485.47994	        P1	
 515.76944	 408.44541	 261.01627	        P1	
 515.76944	 504.55021	 148.26960	        P1	
 515.76944	 529.30449	   9.78165	        P1	
 514.50839	 576.62881	 514.31016	        P1	
 517.03049	  62.61372	 487.53928	        P1	
 517.03049	 387.33149	 584.32634	        P1	
 517.03049	 429.55933	 388.69289	        P1	
 518.29154	 472.51529	 473.12414	        P1	
 517.03049	 535.85709	 527.18077	        P1	
 520.81364	  51.69272	  90.60922	        P1	
 519.55259	  82.99960	 525.12149	        P1	
 519.55259	 158.71852	 411.86001	        P1	
 520.81364	 242.44621	  55.60110	        P1	
 520.81364	 251.18301	 458.70906	        P1	
 520.81364	 258.46369	 205.92997	        P1	
 520.81364	 267.20049	 293.96505	        P1	
 519.55259	 356.75269	 533.35867	        P1	
 520.81364	 389.51569	 553.43684	        P1	
 519.55259	 396.06829	 391.26697	        P1	
 520.81364	 439.02421	 210.04859	        P1	
 520.81364	 444.84873	  30.37469	        P1	
 519.55259	 479.06789	 372.73327	        P1	
 519.55259	 586.82173	 350.08101	        P1	
 519.55259	 598.47081	 452.53116	        P1	
 523.33574	  76.44700	 191.51489	        P1	
 523.33574	 136.14848	  90.09435	        P1	
 522.07469	 323.26161	 557.55546	        P1	
 523.33574	 369.12981	 174.52567	        P1	
 522.07469	 375.68241	 440.17536	        P1	
 523.33574	 481.25209	 158.05125	        P1	
 522.07469	 604.29533	 370.15919	        P1	
 525.85784	  15.28940	 352.14029	        P1	
 525.85784	 171.09569	 205.92997	        P1	
 524.59679	 329.08613	 467.46111	        P1	
 524.59679	 460.13813	  85.97579	        P1	
 525.85784	 516.19929	 477.75757	        P1	
 524.59679	 573.71653	 425.76028	        P1	
 524.59679	 599.92693	  78.25342	        P1	
 528.37994	 230.79712	 183.27772	        P1	
 527.11889	 298.50733	 234.24539	        P1	
 528.37994	 434.65581	 271.82759	        P1	
 528.37994	 452.12941	 228.58229	        P1	
 527.11889	 560.61133	   4.11862	        P1	
 527.11889	 608.66373	 277.49069	        P1	
 530.90204	 123.04328	  88.54988	        P1	
 529.64099	 196.57800	  37.06740	        P1	
 530.90204	 265.74432	 591.01911	        P1	
 530.90204	 287.58632	   5.66310	        P1	
 530.90204	 606.47953	 357.80339	        P1	
 533.42414	  67.71020	 259.47179	        P1	
 533.42414	 124.49940	  80.31270	        P1	
 532.16309	 141.24492	 170.92192	        P1	
 533.42414	 198.76220	 135.91380	        P1	
 532.16309	 273.75309	  94.72778	        P1	
 533.42414	 363.30529	 181.21837	        P1	
 533.42414	 392.42793	 584.84121	        P1	
 533.42414	 453.58553	 104.50949	        P1	
 533.42414	 459.41009	 341.84377	        P1	
 533.42414	 565.70781	 315.07289	        P1	
 533.42414	 580.26913	  78.25342	        P1	
 534.68519	  21.84200	 396.93006	        P1	
 534.68519	 180.56052	 135.39899	        P1	
 535.94624	 214.77969	 514.82497	        P1	
 534.68519	 235.89361	  75.67927	        P1	
 534.68519	 429.55933	 302.20229	        P1	
 535.94624	 452.12941	 352.14029	        P1	
 534.68519	 588.27789	 417.52304	        P1	
 537.20729	  30.57880	 420.09719	        P1	
 538.46834	  69.16632	 598.74148	        P1	
 537.20729	  72.80668	 386.63354	        P1	
 537.20729	 163.08692	   5.66310	        P1	
 537.20729	 241.71812	 363.98129	        P1	
 538.46834	 373.49821	 390.75216	        P1	
 538.46834	 471.05913	 288.30201	        P1	
 537.20729	 502.36601	 401.56349	        P1	
 538.46834	 503.09409	 528.72524	        P1	
 539.72939	  85.91188	 392.81144	        P1	
 540.99044	 150.70980	 464.88696	        P1	
 539.72939	 218.42000	 179.15910	        P1	
 539.72939	 222.78840	 401.56349	        P1	
 540.99044	 251.18301	 155.99197	        P1	
 539.72939	 294.13893	 115.32082	        P1	
 540.99044	 479.79593	 104.50949	        P1	
 543.51254	 294.86701	 395.38559	        P1	
 542.25149	 313.06869	 490.11337	        P1	
 542.25149	 503.82213	 357.80339	        P1	
 543.51254	 581.72529	 565.79264	        P1	
 544.77359	 126.68360	 273.37207	        P1	
 546.03464	 175.46409	 199.75207	        P1	
 544.77359	 318.89321	 440.17536	        P1	
 546.03464	 344.37553	 135.39899	        P1	
 546.03464	 421.55061	 586.90048	        P1	
 546.03464	 459.41009	 545.71447	        P1	
 544.77359	 479.06789	 224.46367	        P1	
 546.03464	 554.05873	  84.43132	        P1	
 544.77359	 588.27789	 230.64157	        P1	
 546.03464	 619.58473	 561.67408	        P1	
 547.29569	  75.71892	 170.92192	        P1	
 548.55674	  83.72768	 213.65235	        P1	
 548.55674	 146.34140	 160.62540	        P1	
 547.29569	 177.64829	  53.02695	        P1	
 548.55674	 195.84992	 116.86529	        P1	
 547.29569	 254.82332	  73.61999	        P1	
 548.55674	 270.11272	   4.11862	        P1	
 547.29569	 270.84081	 444.80879	        P1	
 547.29569	 457.22589	 465.40177	        P1	
 548.55674	 471.05913	 313.01361	        P1	
 548.55674	 526.39221	 600.80076	        P1	
 548.55674	 529.30449	 310.95427	        P1	
 549.81779	  26.21040	 481.87619	        P1	
 551.07884	  58.97340	 568.36679	        P1	
 551.07884	  66.25408	 281.60925	        P1	
 549.81779	  69.89440	 582.26706	        P1	
 549.81779	 160.17469	 323.31007	        P1	
 549.81779	 361.12109	 459.22387	        P1	
 551.07884	 404.07701	 203.87069	        P1	
 551.07884	 450.67329	 150.32888	        P1	
 549.81779	 500.90989	 329.48797	        P1	
 553.60094	 107.02580	  20.07817	        P1	
 553.60094	 203.13060	 216.22649	        P1	
 553.60094	 230.79712	 326.91389	        P1	
 552.33989	 260.64789	 125.61728	        P1	
 553.60094	 340.00713	 617.27518	        P1	
 552.33989	 345.10361	 199.23727	        P1	
 552.33989	 350.92813	 462.82768	        P1	
 552.33989	 391.69989	 119.43938	        P1	
 553.60094	 559.88329	  71.56065	        P1	
 554.86199	  40.77172	 337.72521	        P1	
 556.12304	 294.86701	  13.90027	        P1	
 556.12304	 380.77889	 150.32888	        P1	
 554.86199	 448.48909	 596.68214	        P1	
 554.86199	 522.75189	 595.13766	        P1	
 554.86199	 530.03253	 110.68739	        P1	
 557.38409	  32.03492	 343.90311	        P1	
 557.38409	 113.57840	 446.35326	        P1	
 557.38409	 136.87652	 370.15919	        P1	
 558.64514	 140.51688	 522.54734	        P1	
 557.38409	 148.52560	  94.21297	        P1	
 558.64514	 246.81461	 236.30467	        P1	
 558.64514	 251.18301	 520.48806	        P1	
 558.64514	 289.04249	 158.05125	        P1	
 558.64514	 427.37513	 214.16722	        P1	
 557.38409	 449.94521	 148.26960	        P1	
 557.38409	 554.78681	 488.05409	        P1	
 557.38409	 582.45333	 469.00558	        P1	
 559.90619	  18.92972	 407.22658	        P1	
 559.90619	  46.59628	 168.86258	        P1	
 559.90619	 222.78840	 199.23727	        P1	
 561.16724	 255.55141	 606.97866	        P1	
 559.90619	 262.10401	 512.76569	        P1	
 559.90619	 276.66532	 467.46111	        P1	
 559.90619	 286.85829	 436.05674	        P1	
 561.16724	 379.32273	 257.41251	        P1	
 561.16724	 398.25249	 497.83574	        P1	
 559.90619	 515.47121	 112.74667	        P1	
 561.16724	 556.97101	  80.31270	        P1	
 559.90619	 564.97973	 197.17799	        P1	
 563.68934	  89.55220	  13.90027	        P1	
 562.42829	  97.56092	 220.34512	        P1	
 562.42829	 138.33268	 145.69545	        P1	
 562.42829	 154.35012	   4.11862	        P1	
 562.42829	 195.12189	 127.16175	        P1	
 562.42829	 310.15641	 619.33446	        P1	
 562.42829	 337.82293	 283.66859	        P1	
 563.68934	 498.72569	 182.76285	        P1	
 563.68934	 561.33941	 160.62540	        P1	
 566.21144	  13.83328	 293.96505	        P1	
 564.95039	 171.82372	 603.37491	        P1	
 566.21144	 220.60420	 471.06486	        P1	
 566.21144	 227.88489	 483.93547	        P1	
 566.21144	 280.30569	 175.04047	        P1	
 564.95039	 297.05121	 240.93809	        P1	
 566.21144	 350.20009	  65.38275	        P1	
 566.21144	 370.58593	 164.74402	        P1	
 568.73354	  24.02620	 240.93809	        P1	
 568.73354	  44.41208	  39.12668	        P1	
 567.47249	 177.64829	 510.19154	        P1	
 568.73354	 175.46409	 539.53657	        P1	
 567.47249	 202.40252	 160.11059	        P1	
 567.47249	 483.43629	 127.16175	        P1	
 567.47249	 486.34853	 140.03242	        P1	
 567.47249	 497.99761	 506.58779	        P1	
 567.47249	 519.83961	 112.74667	        P1	
 568.73354	 538.04129	 576.60396	        P1	
 571.25564	  67.71020	 605.43418	        P1	
 569.99459	 157.26240	 230.12677	        P1	
 571.25564	 248.27072	 561.67408	        P1	
 569.99459	 496.54149	 343.38825	        P1	
 569.99459	 516.92733	  35.00812	        P1	
 573.77774	  47.32432	 282.12411	        P1	
 572.51669	  49.50852	 411.86001	        P1	
 572.51669	 123.77132	 333.09179	        P1	
 572.51669	 165.99920	 105.02430	        P1	
 573.77774	 192.93769	 256.89765	        P1	
 573.77774	 274.48112	  55.08629	        P1	
 572.51669	 285.40213	 296.02439	        P1	
 572.51669	 330.54229	 207.47445	        P1	
 573.77774	 482.70821	  32.43397	        P1	
 573.77774	 510.37473	 399.50421	        P1	
 572.51669	 528.57641	 259.47179	        P1	
 575.03879	  62.61372	 536.96248	        P1	
 576.29984	 277.39341	 254.83837	        P1	
 575.03879	 407.71733	 405.68211	        P1	
 575.03879	 534.40093	 368.61471	        P1	
 575.03879	 572.26041	 143.63617	        P1	
 577.56089	  39.31560	  12.35580	        P1	
 577.56089	 103.38548	 403.62277	        P1	
 578.82194	 107.02580	 273.37207	        P1	
 577.56089	 135.42040	 193.05937	        P1	
 577.56089	 157.26240	 155.99197	        P1	
 577.56089	 250.45492	 591.01911	        P1	
 578.82194	 331.27033	 516.88431	        P1	
 578.82194	 351.65621	  94.21297	        P1	
 577.56089	 483.43629	 466.94624	        P1	
 578.82194	 487.07661	 316.61737	        P1	
 581.34404	 257.00752	  85.97579	        P1	
 581.34404	 412.81381	 403.10796	        P1	
 580.08299	 442.66453	 339.26969	        P1	
 581.34404	 498.72569	 564.24816	        P1	
 582.60509	 129.59588	 242.99737	        P1	
 583.86614	 191.48152	 277.49069	        P1	
 583.86614	 280.30569	 238.36395	        P1	
 582.60509	 288.31441	 316.61737	        P1	
 582.60509	 310.15641	 191.51489	        P1	
 583.86614	 350.20009	 286.24267	        P1	
 583.86614	 444.84873	 209.53379	        P1	
 582.60509	 490.71693	 228.06749	        P1	
 583.86614	 510.37473	 146.21032	        P1	
 586.38824	   8.00872	 578.66331	        P1	
 585.12719	  33.49108	 391.26697	        P1	
 585.12719	  56.78920	 228.58229	        P1	
 585.12719	  91.73640	  75.67927	        P1	
 585.12719	 163.08692	 430.39371	        P1	
 586.38824	 248.27072	 339.26969	        P1	
 586.38824	 293.41089	 318.67665	        P1	
 585.12719	 308.70029	 374.27774	        P1	
 586.38824	 374.95433	 109.14292	        P1	
 586.38824	 469.60301	  24.71160	        P1	
 586.38824	 476.88369	 423.70094	        P1	
 586.38824	 489.98889	 514.82497	        P1	
 587.64929	 116.49068	 570.42606	        P1	
 588.91034	 197.30609	 224.46367	        P1	
 588.91034	 249.72689	 372.73327	        P1	
 588.91034	 280.30569	 590.50424	        P1	
 587.64929	 302.87573	 592.56358	        P1	
 587.64929	 425.19093	 160.11059	        P1	
 587.64929	 522.75189	  83.91645	        P1	
 587.64929	 575.17269	 496.29127	        P1	
 588.91034	 584.63753	 170.92192	        P1	
 591.43244	   2.18420	 370.67399	        P1	
 590.17139	   4.36840	  63.32347	        P1	
 591.43244	   5.09648	 609.03794	        P1	
 590.17139	  96.10480	 494.23199	        P1	
 591.43244	 261.37592	 172.46639	        P1	
 590.17139	 385.87533	  41.18602	        P1	
 590.17139	 445.57681	 396.93006	        P1	
 590.17139	 471.78721	 149.81407	        P1	
 590.17139	 556.24293	 325.36941	        P1	
 593.95454	  40.04368	  65.38275	        P1	
 593.95454	 437.56809	 521.00287	        P1	
 593.95454	 484.16433	 578.66331	        P1	
 593.95454	 564.25169	 374.27774	        P1	
 593.95454	 571.53233	 493.71718	        P1	
 595.21559	  27.66652	  59.71972	        P1	
 596.47664	  31.30688	  39.12668	        P1	
 595.21559	  32.03492	 376.33709	        P1	
 596.47664	  86.63992	 536.96248	        P1	
 596.47664	 254.09529	 131.79518	        P1	
 595.21559	 334.91069	  53.02695	        P1	
 596.47664	 374.95433	 265.13489	        P1	
 595.21559	 406.26121	 271.82759	        P1	
 595.21559	 506.73441	 112.74667	        P1	
 597.73769	  24.75428	 490.11337	        P1	
 597.73769	 371.31401	 619.33446	        P1	
 597.73769	 525.66413	 215.71169	        P1	
 598.99874	 577.35689	 114.80595	        P1	
 598.99874	 587.54981	 290.36129	        P1	
 600.25979	  49.50852	 351.62549	        P1	
 600.25979	 103.38548	  28.31535	        P1	
 601.52084	 133.23620	 166.80330	        P1	
 600.25979	 148.52560	 203.87069	        P1	
 600.25979	 165.99920	 568.36679	        P1	
 600.25979	 371.31401	  61.77900	        P1	
 600.25979	 401.89281	 501.95436	        P1	
 600.25979	 527.12029	 558.07026	        P1	
 600.25979	 560.61133	 529.24011	        P1	
 602.78189	  37.85948	 293.96505	        P1	
 604.04294	  54.60500	 111.20220	        P1	
 604.04294	 159.44660	 539.02176	        P1	
 604.04294	 201.67449	 446.86807	        P1	
 602.78189	 219.87612	 399.50421	        P1	
 602.78189	 317.43709	 378.91117	        P1	
 602.78189	 349.47201	 112.74667	        P1	
 604.04294	 350.20009	 125.61728	        P1	
 602.78189	 352.38429	 510.19154	        P1	
 602.78189	 385.87533	 436.57161	        P1	
 604.04294	 396.79633	 133.85452	        P1	
 604.04294	 399.70861	 327.42869	        P1	
 604.04294	 586.09369	  45.30458	        P1	
 605.30399	 301.41961	 210.04859	        P1	
 605.30399	 359.66493	 469.00558	        P1	
 606.56504	 392.42793	 102.96502	        P1	
 606.56504	 526.39221	 421.64166	        P1	
 605.30399	 528.57641	 562.18889	        P1	
 605.30399	 589.73401	 211.59307	        P1	
 605.30399	 595.55853	 121.49872	        P1	
 609.08714	  32.76300	 335.15107	        P1	
 607.82609	  87.36800	   6.17790	        P1	
 607.82609	 120.85908	 176.58495	        P1	
 609.08714	 208.95512	 110.68739	        P1	
 607.82609	 349.47201	 359.86267	        P1	
 609.08714	 356.02461	 562.18889	        P1	
 609.08714	 396.79633	 201.81142	        P1	
 609.08714	 443.39261	 162.16987	        P1	
 607.82609	 499.45373	 536.96248	        P1	
 607.82609	 524.20801	  37.06740	        P1	
 607.82609	 579.54109	  20.59298	        P1	
 609.08714	 587.54981	 450.98669	        P1	
 611.60924	  29.85072	 257.41251	        P1	
 610.34819	 149.98172	 294.47991	        P1	
 611.60924	 222.06032	 436.57161	        P1	
 611.60924	 334.18261	 302.71709	        P1	
 611.60924	 356.02461	  50.96767	        P1	
 610.34819	 435.38389	 522.54734	        P1	
 611.60924	 574.44461	  26.25607	        P1	
 610.34819	 611.57601	 556.01099	        P1	
 612.87029	  77.17508	 510.19154	        P1	
 612.87029	  88.82412	   4.11862	        P1	
 614.13134	 133.23620	 415.46376	        P1	
 614.13134	 224.97260	 395.38559	        P1	
 614.13134	 265.74432	 308.38019	        P1	
 614.13134	 357.48073	 191.00009	        P1	
 614.13134	 504.55021	 265.64969	        P1	
 612.87029	 522.75189	 398.98934	        P1	
 612.87029	 588.27789	 442.23464	        P1	
 614.13134	 593.37433	  65.89762	        P1	
 614.13134	 609.39181	   0.00000	        P1	
 615.39239	  13.10520	 253.29389	        P1	
 615.39239	  77.17508	 539.53657	        P1	
 616.65344	  89.55220	  55.60110	        P1	
 616.65344	 157.99048	 348.02167	        P1	
 616.65344	 270.11272	 362.43681	        P1	
 616.65344	 415.72609	  70.01618	        P1	
 617.91449	  13.10520	 168.34777	        P1	
 619.17554	  31.30688	 304.77637	        P1	
 617.91449	  40.77172	  42.73049	        P1	
 617.91449	 189.29732	 401.04869	        P1	
 619.17554	 223.51649	 145.69545	        P1	
 617.91449	 289.77053	 170.92192	        P1	
 617.91449	 313.06869	 349.56614	        P1	
 617.91449	 331.99841	 605.43418	        P1	
 617.91449	 369.85789	 417.52304	        P1	
 617.91449	 410.62961	 285.72787	        P1	
 619.17554	 420.09449	 139.51755	        P1	
 617.91449	 499.45373	 257.41251	        P1	
 617.91449	 522.75189	 261.53107	        P1	
 619.17554	 615.21633	 207.98932	        P1	
 619.17554	 613.76021	 359.86267	        P1	
